3.6224591544623728 -2.401210783623759
12.166912036182728 0.5674147547482249
2.843933978699164 -1.7775462632004926
3.664364375144948 -3.186617531796606
5.646626400423674 0.36985475460405504
2.3885792290372003 -0.15139496255327317
5.0753144917437805 -1.302768538189123
4.237903966481655 -1.7225517864428888
12.829399406530275 0.4463726214669809
10.587449392231132 0.23306304721347984
5.0332498750727925 -1.4561383555637306
16.810856732668988 0.4619586722808592
4.784810040272804 -1.1170592582740693
11.022827682471261 0.42964644941777463
5.648020903901198 -1.1178281289021106
12.80350257591691 0.9888058676830085
17.85127744399602 1.581271027786411
4.117850881615357 -1.211914684791585
2.026999927165618 -2.0188931128653276
5.132046251052259 2.0024922074018097
8.388103606601264 -0.6671723707025231
1.323461992829977 -0.6119287531803685
1.8229024997072132 -2.292172645550132
19.142621794149175 -1.107150267926929
18.75825892982501 -0.37102951134156065
7.423691542333037 -1.039621869999096
0.6724564518945562 -1.1620781186268394
11.323649831077235 0.16583582588892973
3.454363383299112 -2.943788836923616
19.58311948058641 1.0232023402285466
8.332229683836843 -0.5378006874456052
13.68449653012476 0.48474922596195186
19.354141352620847 -1.2595634792521975
2.215617407078337 -2.1139726575039055
3.2791073103251938 -3.1825971778456372
6.290125705192013 -1.0493398848190392
8.758492138966227 -8.5222125723532
9.34455083662552 1.2187351254993803
2.6117478711601683 -2.2476131455127866
13.90022267767162 2.4964257427918857
12.102662599109095 -1.0441959672057886
7.1954322226946985 -0.04341267316405676
7.151230069240281 -0.7331518912977318
3.5995733502256666 1.4568063042866133
10.610569010529204 2.221471890944646
13.17426057033502 1.5393622763372972
10.809626245863793 -7.935437197736206
8.403381374331753 1.4852791036162734
0.6695146086211062 -1.0545852137529699
8.550534875057778 -0.02751417048657407
18.367321705243583 -0.2084595332183594
17.318114653510108 0.23982793556255147
15.319078281663373 0.5366687004831028
2.59755309282348 -2.177965796670535
8.508239276540452 -0.5161552276399276
9.030420345436891 -0.39350395650905395
16.875427024577476 1.022640186549263
15.564837740282638 2.2336574644927243
1.121648199649919 1.7271628567147477
2.5167104102718705 -1.1070273350978594
16.864074907326888 0.2909007200668706
18.501724369549382 -0.11720834918546474
5.047014187750027 -0.3582549643443844
15.706533165947492 0.7672135344291409
14.747897031950602 1.0218773967113801
9.059021074812026 2.7483159947609064
2.7600643479455917 -2.454626791346504
15.531345790624155 3.8238920990514793
5.4408431197144465 2.1953915313652796
2.229189962998112 -0.505340770192409
7.961193879870166 2.009938346630897
9.243233867862816 0.4680881023174923
7.774121614778999 2.8899327613192365
2.5925893185756506 -1.4121860374560604
19.409863213024977 0.0862483093594118
2.1289267597385466 0.029814943384826598
7.259174153331963 -0.39752785523672374
12.910446314179255 3.9433822635908644
0.12854276280762633 2.8509040108239807
6.43111821675525 0.11124079624782293
4.892341774366847 -2.5263036895538633
7.083834810414575 0.6764289142453335
5.817165800897718 -0.041676045338918444
7.934648366698722 2.5553619741242635
7.334272522753253 -0.3479487044926469
1.1713950377644566 -0.8527447227197882
5.266859508865121 0.8752153191861958
18.464068497587988 0.7074506791920161
1.8178716653235687 -1.6412012275318424
19.79934673973211 3.344344655573957
17.231051197019973 1.345693717629313
2.5555760540129633 0.46392136147769486
9.348711430656449 -0.29136929896145614
8.871682677463705 0.9016885299240657
19.743817534864434 -0.7847580210568175
12.103758734002975 2.7119398170056384
1.4771521792374511 -0.1985708870352289
9.028231646272324 -0.2689584569538008
10.405288783431308 1.2231568196860207
18.702667599498216 -0.15829598008356194
9.937160908217855 -0.011449075928927577
0.8873231161803978 -0.534680030340399
18.54055562103843 0.18597231716799098
8.042325262295789 0.026134157550873047
3.824327218763462 -3.2603752058865445
9.291894447207474 0.11926247407498113
6.655254921708161 -1.6771665071728845
1.8127965952515954 -4.453072863022254
5.741068003673453 2.369623817593411
12.578925600060924 0.4361548522849332
3.837907267201313 -2.0408932033977676
0.8108035960452364 -1.0007327885745272
2.518584496910842 -2.6770225340118863
0.3914407627384903 -4.2212882748612985
5.598661988425548 2.213492047751241
4.49846525586561 -2.8305640437085446
6.766772879760717 -1.2879141406089836
7.138932566455754 -1.620900290038998
2.591642919949142 0.4982576850339648
11.568929424512884 -9.096876317810242
6.214651009913686 -1.1869241749912198
1.5577868450513142 -2.470769149485794
0.9187785842679888 0.9452148793139494
1.577800356860421 -1.2507221982991428
1.7460511407501154 -1.2968140617269546
1.7929943456069957 -4.309848684082271
6.375152381538128 -1.7509426083342554
18.064223830709018 0.37197186453315256
1.1619231312254183 -1.181424314142253
14.2014654732902 -8.381301093991793
10.50143901928977 0.5743522164746394
5.205297523550588 -7.15104316223494
7.549443860637022 -1.216010843961489
6.763015165062415 -2.982839933100766
4.904540805682543 -1.5211866449352303
9.347873952467049 0.004828788437565665
10.046755711997154 0.141092395853958
7.832639101810546 -0.4506352230278974
3.9788451703440817 -2.928281978752366
12.994190870915052 0.5868996412387906
7.156876423792674 0.22827438420420443
18.019156063019807 -7.616117354485179
0.4546600471874183 0.2602173472032463
11.839273333524728 0.2211842740318469
11.718931185050813 3.374872023774312
2.371086695754968 -6.978363187854282
3.8733928485372333 -0.11463647257745874
13.491461992007887 0.6864320802590724
9.922727735586724 -0.29134510929165486
5.913085117117014 -4.303124827524574
1.4268302113064915 -0.9041224106190248
4.765626949060265 -2.673402106752989
13.726049898813011 1.2343979591918448
8.426053058975738 -1.1056189483417471
0.8419579809367754 1.1454265736083535
6.646641767229609 -0.3131575811668972
5.3676463026980885 1.2635936628808049
7.829101396724515 -1.0089045326132517
5.0266607286040434 -2.101796973824163
7.14181486691739 1.002064390413064
2.748641686907392 -2.0963569198791965
13.255656390382194 0.5975133864277827
7.492101748418683 -0.06302419783537558
15.160418618008787 0.4904508851290093
0.6154868137752293 -0.6275433410458312
10.577594835900232 0.13689133472308704
17.923692308500556 2.7306031983562886
0.9532059328369756 -0.11891341101602654
3.1111646390470087 -3.287572189049657
10.252024884871243 -8.974718377845003
2.2673787311534683 -1.3226298987814946
7.89716952391648 -0.12274741556708291
19.73092228186616 -0.3401902977135356
1.3043043095477802 0.4293260762876963
9.164162779759577 1.4541248734466303
1.7607295936861638 -0.863052766879649
1.196943393690593 -0.741287385984083
16.29389995050314 0.7143684237317871
2.3594839269756673 -2.2185904798380496
15.931055484768617 0.4745236554318896
6.372092446403536 -1.465144093165225
2.712189740702202 -2.0585316833710916
8.578331943657004 -0.4485469102972303
1.6217580792875437 -1.1388994769663794
13.771804282133932 0.9462014141818367
18.117534075808056 -0.15440675724317687
4.136894644266127 -1.2900292672523133
18.813281783531203 -6.223595466205944
15.448718570713055 1.358076867201068
4.425033363827753 -2.32916251929971
11.800058500991804 3.1092599412483723
16.676402104646105 -9.353498913302385
2.451930428463332 -3.2746457087570255
19.847702742821557 -6.880039897193656
14.267451578039125 2.3262651589098677
0.25196754142189903 -1.7921289857952305
0.02531174484701572 -0.8172950209565016
0.5071161143242754 -3.875862271096624
7.0204440025928685 -0.9381364520956996
2.217585972679043 -6.724634204123057
2.9576100918110515 -2.5296521168945754
18.651691901177614 -0.35378568847534303
2.4837818491601418 -1.6417234245301178
5.112928168188566 -2.7589205382227964
2.0626670461693872 -2.5387762600182224
6.115564056279743 -1.4819341351434383
6.371765310971173 -0.7550024832126172
12.830245610097903 0.32983062496033916
2.2544309280092762 -2.5349152384385807
5.982334113876271 -2.821877657921365
17.749451849153296 0.07464347458750256
4.516156325201213 -2.205394217422502
1.955856697540406 -1.0325756288180974
4.383608087407145 -2.594612135657588
2.9990828551860087 -1.9492780138021546
3.7595770441179894 -5.820090263294878
1.6605881076986264 -2.7365270131293027
0.272656922399803 -6.049166873159302
6.52600992978454 -1.3930514364626698
18.571099881958 -4.032504102425193
2.7842845703361787 -3.832402358467008
16.499971168803835 0.5241781998323222
14.317213428846342 1.9419221687058656
3.6695917604769406 -3.4890488819640364
4.1425630850856665 -0.95638096656085
10.485182005650199 0.2207554773025692
16.689288977827452 0.2082257164878618
4.832268168356214 -0.6131056849344982
2.00494656339317 -1.2292298958747363
7.140027826637006 -0.538278482708825
7.394972755763177 -0.33118048691945423
2.614936615831846 -0.979646116320833
19.820594617501243 -1.0121818837686507
6.270653522651928 -0.6763684400171623
7.328228354411022 -0.1545163496766774
15.813349195545456 0.6338988153362075
13.594986812696552 0.4286941577641823
0.9925571014550105 -4.128171294268261
3.447021392365295 -3.6882333456209637
10.172455369350619 -0.12810350665982137
3.7058400815927404 -2.135501150676735
10.641563211434521 0.11694503687115593
12.186522162774851 -0.015134340826880893
3.4893865555520525 -5.145376580845695
3.7989049719537804 -1.7078837421625241
10.641957651162832 -9.165008805095837
4.012892375552524 -1.0882968276955656
6.19611501690226 -1.0192838982679853
15.90326875502388 1.0593285238075405
16.971675808976592 0.4488240857177606
0.6630121412790886 -0.483134798228805
7.677769955849042 -8.513179826780291
5.761565755291698 -1.0166558706496887
7.016016975633455 -0.7709057828948451
4.332416947024548 -2.594077655337314
4.311150226454979 -2.32136587888317
1.7321253676318635 -1.75435223916308
1.172903678542582 -1.1363890423821132
15.122852751746345 0.8253492911662457
3.7572146768868 -2.8277440258793085
16.854426344601624 0.07823487215429276
3.5875553915125566 -5.422924022065019
17.200205881218626 -0.006559243819862948
15.500416088947864 0.6230290375038524
10.791373887330066 0.3276613207689423
3.3937877158410354 -4.1436689881609885
0.8776990646826504 2.0385096314649886
5.482443476321924 -4.837307971154511
10.563916889623627 0.730451705845233
6.7876432693713085 -1.5702182272940293
8.82686624974144 0.7315253214321327
8.019170980175705 -5.687743392778253
2.7370271546806384 -4.721068740305249
2.620316303750918 -2.0820277977394235
3.8441950650979635 -0.9743643568014178
16.685281418716386 0.29896866476407014
11.322522001095747 0.5563105041743375
2.8876566990685544 -3.5963265557886883
14.925024826857678 0.8984721967328144
6.832441028909535 -1.6436708987292077
18.717421765153965 -0.3329500828931471
10.368920967200303 0.45010097443442354
12.742740082535704 0.9530617063218008
13.137078178114473 -1.34876779815888
4.00209707042935 -2.9436986569660317
1.4472413176393233 -1.3744343496177622
18.998152345926318 -0.7157074476579594
12.012516015117537 0.4797659650606507
0.3611949196572757 -0.888064148993891
9.742321527910896 -0.6768176159059818
3.762246825562373 2.793846361758957
11.75158714317371 0.39152606700574527
18.11339079556794 -0.04240531642654327
9.971559333594627 0.3660912837413052
7.917760293992824 -8.64581107235655
7.631643871962019 -1.0101698781419501
14.754777048162639 0.4649071937245914
17.6949704709439 -8.107660872687228
15.798370635129254 0.5391238543473496
3.5976807792474244 -4.824666085242645
4.532328718394581 -2.530309271023216
12.397718097796561 0.5370774620065506
19.091029998487077 -0.49425595231488834
1.8410723694559357 -3.1700742565579456
8.844724045393717 -8.64395230248977
1.786823276402193 -1.7655759414239411
19.088956717048475 -0.3091504718790174
5.466418824062173 -1.627976522783253
4.087341165467458 -2.613919599693296
7.595237690007098 -0.9247020943716087
17.770636081776047 0.2281438401016824
9.764765719135916 -8.994133166400639
16.98351624661662 0.053031545634937005
13.46873964174683 0.3270048849524612
8.886476262113044 -0.3215464962095787
19.37439997639568 -5.136210294912351
0.9815185613196515 -2.6635235420678764
0.611692752100299 -5.89480793311017
18.31565703114564 0.9918373539668179
10.380122028563154 -0.003572587197844007
2.4514985287171065 0.8029649940621184
13.405799976585936 -8.3594347011965
14.400689632273338 0.8665573939624941
2.037632732291677 -4.297803547511877
10.78604706218566 3.0300618850260674
13.582871614698007 -9.657254603354486
6.639160934749206 -0.7316639232829285
8.336480572673132 -0.5824147474041781
10.246479473396274 0.21505954293066543
9.005771257492576 -1.386086038103651
10.569738206502647 -0.3365283707764609
1.8586822410696102 -2.5022428389969327
6.239856428309538 0.01902303268825134
16.3299901558439 -0.38941452124963294
8.440598894761433 -8.545386491595199
5.441634189908131 -6.5436304736492055
13.219192406649753 2.6871197230671835
0.18438122052392047 -5.855127957749978
9.044361810667814 -0.16028205930136802
0.5951816617581678 -1.501707027405538
4.926658962362417 -2.7877729201790418
6.334565006999513 -1.5539483889565247
9.211280243959132 -0.9713307964376092
1.2898905856778797 -2.32095287268006
15.108431842407786 2.3011981405460062
4.006084675299434 -5.009833838263139
8.859904082296394 0.6221187340862576
3.006828005089362 -2.354557456007819
0.8351868602367907 -0.8395013516543967
19.10978987181837 -0.35486491303859596
18.965643176824138 0.032520898448155734
10.938683938498622 0.03326320907608302
0.07240025304292715 -1.2725644124215938
7.473007977171083 -1.2995806819109565
8.464981114710842 -0.9901365423278219
3.0336751519864085 -5.684588268578342
7.3045387141007625 -1.5180193134549536
12.922664108370228 -0.0031746300545097417
0.7083382608853044 1.343844485162898
2.1559653085428785 -1.3199241565459792
13.196854081783602 2.979933778254232
2.102780580226468 -1.8841704084935662
7.7902489349731505 0.6335095326331
1.529080733281051 -4.332738987694577
0.254197394019286 -5.214184605968735
5.316339111868079 -2.780152771268433
19.033640828232492 0.4971368393052419
11.52080947787129 0.34645648895014647
0.7894070094154363 1.744470259350434
2.073674023635792 -5.133487321419575
0.7495002706079791 0.4478864231711154
19.42760577207498 -4.0137550279692
18.20733440594472 -0.14401434273224137
10.159218051465858 -9.125998844134763
6.761760629511414 -1.2808541431983833
18.9160242848365 -7.399351828852403
5.5065145785772485 -1.5629821474548602
12.320133476827136 -0.5487235395942014
1.7683814891594754 -2.9707813986157565
0.5223561580392648 -1.6632845989078635
0.597463233710605 -0.9257755322437721
14.643939204036267 0.14291867571740352
13.810675918714244 0.24176827727741124
8.637809077180918 -7.889904916600303
12.991915127252568 0.4490224393744037
19.669543114128977 -0.7816750141969855
8.59209002368208 -0.005895234677185147
0.3457965389271539 -2.4921885033148174
12.613021268767643 0.8026564413207198
14.272791472068882 0.10599313379464811
10.936630302820085 2.254773642990491
8.476433717300893 -2.1367882984046407
15.897370555293696 1.0763762528542975
11.338195340131923 0.5357576006823279
17.205505048155377 1.0341957281827556
2.9223317030304177 -2.5921715848322036
17.124052327382834 0.09372240309201246
15.087014259786574 0.8163009871752942
4.919293158279236 -0.13905269616521587
15.182510730068378 -0.4061497161606035
16.561459070189738 0.3461794494683353
3.283913197995918 -4.3275113919987795
0.5691250936870582 -0.9175172076918422
19.817361652442003 -0.6189744304288872
2.82676301431644 0.7107511913908748
16.67784875821037 0.1049390328155167
14.159915622056397 0.497045108317051
16.136720474204786 0.7093868449488251
12.841461203767865 1.4953258102806701
19.807545172072164 -2.2368343469138443
11.787714991005743 2.8208299532565224
14.29763307236423 0.21369883281905117
18.951142891533312 -0.11716434376671381
13.809890342606817 0.04494348040822027
18.60347047698648 -0.26906312675615585
11.617440840330723 -9.024816820785071
18.570722675822957 -1.561284093536636
10.813731413995384 -9.098959502618133
18.47803758026115 -0.912694102427801
9.87370973752003 -0.4536340238282302
18.28402482140229 0.6369841183976706
13.204322350918211 0.5514389777084456
12.720044044449523 3.156664381719258
19.415891074288794 -1.3912920647562297
13.808110168744925 0.35713685358861724
0.7374628719613876 -2.8909887044290254
11.200746358284356 1.101055615900619
13.631037440180245 0.7111033153364776
16.85699027306634 0.7550763823041688
10.86714253917317 3.270344250665597
17.429440233871667 1.5031430296637367
5.493480769116372 -0.9745384463763864
1.9763198476270007 -2.337296388314992
9.618978889236823 -0.5901959364730742
9.151674889716865 2.5197182897438926
5.7459662699765035 -2.034507074786416
10.222746332120716 0.46052176613572715
13.274248071781503 -8.69080144903187
7.5769525284060775 2.3992871183971256
8.352219136284488 -0.10004886233020505
16.034255761637105 -8.389702580184148
9.24328820185083 -0.10421491915995863
7.145964569833965 -1.0480070134154826
4.937076525389906 -2.236876826422847
11.693864165461196 -9.01126871464504
1.6962658786754172 -1.7013787336806563
18.846029695267912 1.9936786420964265
8.271905553477895 0.4615633585436258
5.971983347466198 -6.867398465487587
14.639935662585856 0.6364436410657355
8.426939793420788 1.6012684591924013
6.868193320777057 -2.3210348352268366
0.9010108679116997 -2.638556564851058
15.080994604466637 0.8941849714408403
2.970604647425744 -6.747558073628926
5.869011416802444 -1.8340236810830592
3.5334592190291314 -3.5935328414604415
15.046796265852574 -8.469676707256589
1.6137410583643959 -1.2872722771052685
12.63724967830549 0.116022027665527
5.319340224768898 -2.2377688084846294
5.7797753738344095 -1.3639435107790236
15.91512632064754 0.6485945017497632
15.89065676936699 -0.8725163142678689
5.849878804073041 -1.8541323069908848
19.765373324569644 -0.7531202592222619
9.472845393491728 -0.08426507899279559
1.6277974646608597 -2.0061144665399904
1.0537253156414126 0.19117768975997362
14.142871161712913 1.9301267954707857
14.182650528095435 1.4687486801847687
3.5511510966830993 -4.217589527499713
19.64072782976318 -6.909723743758684
2.394894147586653 -5.114820031879456
1.8619252335544945 -0.7217639069869104
0.6381701130756263 -1.0949532050282005
3.3259988000398124 -2.2390981823423064
18.02984241402329 -1.0573839650660446
4.224340712961998 -2.6557202104080897
1.1868653708132826 -1.5063698723646515
9.476838061310724 -0.4012680539039237
6.8997267617652165 -1.1526201124322015
19.527142015843534 1.362284007043248
1.6801457550227876 -1.1291256309706834
16.919703852865826 -0.20615080030195848
5.599323983476697 -7.782738699377604
16.791380825393794 0.7716535738812123
17.636565448721807 -0.10467190310644717
7.922315897640158 -8.559288756758983
5.946278152299191 -1.57567302515858
14.553870016537639 -2.0088115122360106
17.232715601479768 0.82302722368
18.48758621099236 0.06720141414347866
0.3850043177742307 -0.6705596477619726
4.023470113710138 -2.2994440759833368
5.769699385572548 -2.057059459114061
1.571469049241092 -2.1007776990713833
1.5391002495272388 -1.6793223936602961
1.5235114826930736 -2.222977856474677
17.051663380055263 0.4950579310389858
7.9991942474230635 -0.24820054047090018
1.064179063275154 -5.975843121085455
16.159073500674676 0.7130386507024382
4.289241076185008 -1.8465595938057269
9.378387249768567 -7.414748233231726
11.978613401660777 -9.142032246057372
2.397592267031981 -5.196494706414993
9.491985030375771 -0.6728192669592327
15.123449524805903 -2.0580979411037865
9.338493721234768 0.21925068337560244
18.211696950085432 -1.3665944300822592
3.664544812070178 -2.2830398282884867
4.422042916301589 -0.8815608690108461
5.917033161944301 -1.404298037795683
17.05056203301449 1.0433823126678483
4.77762292767682 -1.194979063336646
6.1427040802345285 -1.1533980546434897
13.701040380975163 -0.5452461528697357
8.898136399194087 -0.30476214745491675
6.3771766495115125 -8.026740543522433
18.388734008634767 -0.3075741068820542
0.25538988696673903 -0.41942598295750866
3.058808455504102 -3.1321442448038477
11.264314577652991 0.31526201639732193
17.565482350016232 1.1623889181674714
3.183598058717038 -2.2406300257832297
11.445708104599243 0.19590785212979667
14.593256348767891 0.29754161648062427
1.862863054719145 -2.993417396654942
6.229821055285299 -2.080201138346632
15.376693413127901 -9.018912204520092
16.163290385439534 0.5743380344236018
11.99651972640958 -9.630218314064088
7.326272035858923 -0.5009146311873017
10.048934809567161 -0.7161083777236035
5.135675899308508 -5.215007500626495
0.3274749673121179 0.20104938385516177
6.8027564848154505 -2.3115161715560584
0.42940845423758844 0.28093675878241725
5.75682195238229 -7.3640169338408725
5.0766946099853065 -4.051798554770288
9.931750721180629 -0.38956015034443175
13.883350789861748 1.8838834938566624
1.1943435588673856 -2.4470001309500633
18.64714616807071 -0.21804888331086852
6.617660150078521 -7.977573488143642
12.87228233766413 0.48082109130038486
16.004151718807208 0.358709092188578
2.8429450450840137 -2.49157659644103
1.920031273521814 -2.740521202505662
16.02951199304516 0.18485830009803672
9.065043149113714 0.17284005202483904
5.854754618518845 -4.334835298647406
1.8814060335665044 -1.2985797563742296
18.539709648143596 -1.5291928622696946
8.629911250319747 -0.6063216785123016
2.787354054892085 -2.6791119229936786
12.681132901901584 -0.8966600225602024
0.7441765049645843 -0.4789203487500313
5.875172918347796 -1.9954138593334487
8.828130879070368 -0.5227443357541225
3.4348290296654325 -2.181940488417794
18.476472463324868 -3.051559730642193
5.020720327348303 -1.5377968586193074
3.016236034740987 -2.8190322311731295
3.551938449561291 -5.584756727531155
4.427453125394478 -1.8150082511753767
5.807966609950414 -7.4776756608086075
12.582767505169281 0.44130899636209064
11.531063150591061 0.20057264709921974
6.253988875929558 -1.601834644932121
2.077965721765248 -1.8931598473041609
18.937831542743552 0.40953899254831777
14.23349883948461 0.7032695799832378
1.48924505346672 -2.3650321459778954
0.018031743733373122 -0.2670441841842594
3.7573644306371885 -5.937340817505081
13.053122734387044 0.03260153501716656
7.230725665149498 -1.1976165286641907
16.956302044967874 0.9573111049455105
0.6097755404646935 -0.6226741945224842
14.881983123816703 0.28590300119673717
5.764119472479312 -0.6591890901025517
3.0060159978840093 -3.6997618433388473
12.669633223215834 0.12848090860758637
3.8781915590574756 -2.5871357522481895
8.845008470447326 1.6993923322639253
1.6641143387402642 -1.7900148170556047
17.234045945600748 1.0329954148873264
6.684657248074505 -1.3045877201939062
5.649148483664746 -1.9561513986493206
15.184199789953706 0.7101305606202637
2.1597580516936308 -2.4227863515137953
14.968348428339302 0.08676376107375777
2.7935576690971655 -3.0406380111338454
11.634926002866887 0.26577179089195646
1.0935078856887288 -0.9529882806637957
17.2498229247636 -6.831480789329671
7.30164423950542 -0.9243066832859616
3.975769681600607 -2.622353161532604
12.135538213075758 0.08804030901340842
15.246271153192929 0.9465035625596352
1.3668776573216426 -5.1151832621174185
10.19785466542827 -0.8756576721731036
3.3268974443285098 -4.423497725920181
0.21941937288850155 -0.727212098320238
7.2690194484342685 -0.9477564116467354
10.767454421919355 -0.2694630636513959
18.46484288410879 -6.464328016735967
2.7867314079799397 -2.5165921297726364
16.411720644715125 -8.655458889159332
10.422846425768766 -9.121994696679259
5.378235237065687 -2.394879109958975
3.881502005411665 -2.4504477687532544
12.962816602319032 0.18410828486668038
10.150859052786847 0.5444568881590459
5.470410671739946 -7.21513913439389
4.136062861962874 -2.7163576814365893
3.288321114599854 -5.819277930314422
3.4992058328423585 -2.4832782214641855
19.702614952306664 -0.9363058664168387
1.8261201596845493 -1.6695044741424994
13.070356268792885 -0.6207665467779728
0.8799691870302578 -1.0240887923660091
19.187387415289543 -2.2242236443046166
10.10090799435496 -0.003054677386899962
18.113927338099707 -7.940378834263778
12.678224157389726 -9.398470300262222
18.83596787063787 -2.27376792248042
10.623566610097988 0.8543694457065086
17.353413771931262 -7.474381868703961
3.502335274959633 -5.302530096953661
13.595248437664626 -9.220313888304126
19.58699793493775 -0.6456339817550554
2.0952695848452274 -5.250185623534675
18.829266277463592 -0.1814957372219012
4.168657896359117 -3.0790421141752056
19.401138239554616 -0.2971721068875267
0.8860015240953684 -2.2077942352202635
10.17878550246482 -0.09853955880262974
3.022582457955239 -3.9605892755612775
14.512925109059923 -0.11791914749944643
14.314206665336815 -9.144248452285865
1.38073497645042 -1.1478543218854873
7.800084345738459 -2.555135136729512
18.789739329855244 -0.07544298909407034
17.870369507738967 -1.1589869007672695
1.2201191181995805 -0.39609162453236607
0.3824967927127625 -5.3345449833189
0.14027137414804175 -0.6958108205477976
1.7792303066605653 -3.281606972637364
9.908570885309548 -1.878748732250333
14.97157135532458 -0.06253102950751599
3.0567245161491874 -3.6114269627819318
19.416367195441204 -3.6590188903832566
5.267506740213358 -1.5783256174100928
19.891197280296666 -6.995179170972499
16.212384513730136 0.4850410837591351
7.805476411006565 -8.615726306197647
1.3308657420836016 -1.181603519678454
13.771444493931856 0.12447423067326796
12.017944496622878 0.4984339029693975
4.666897412211572 -5.260583423692945
7.186231778530894 -8.102930270576794
0.9227769848778021 -1.8379423098803247
8.205503233550694 -0.7402871328821778
11.497787503776019 2.0717699743781894
8.998613163350614 0.08225991394913154
4.029211222420493 -0.8818460203332799
17.847835477018613 0.2693008465507707
7.786648164866328 -2.0953539821567
10.635762435416286 -0.031389158395900146
5.29921976704639 -2.1591408222691664
10.766241362753743 0.8419227758689473
12.307666556053464 0.18601028538096945
4.890611413198925 -2.5745818742519857
3.435351233321905 -2.7757841983981506
1.6283566112765224 -2.9963005681389165
4.819388000464772 -2.214492033102154
8.009422802912432 -0.43106213409143784
4.753777967079381 -4.822476566670215
0.7725760498476197 -5.850265476985968
10.78127969119955 -9.510577675700159
3.6470899056697053 -2.946759233297138
3.0283452598247065 -2.9334347958452875
13.793522289705825 0.568133173804986
2.855162636055869 -4.076237126737558
1.40424999872537 -2.0514253995209883
3.551148127030017 -5.137611367629032
19.61974382305185 0.08995420112945421
4.188399632954026 -6.2844768707137035
0.10349276226393264 0.006423084382983696
6.961716438626732 -1.5527070160754413
4.423108304479852 -2.7301852199996186
15.41054699588834 0.41005629168589636
1.6468139683455951 -2.1414129603907277
12.22707914536485 -0.3065370995420213
5.976045831372205 -2.2777713667234125
5.385522668105039 -3.315937895043439
12.80963479519809 0.3807832610678356
5.356511603161646 -2.1706893403709735
0.5547385457445617 -3.944729624805464
17.155567117223047 -0.7183154545579717
8.593786914885168 -0.7751132626656378
11.577308432969334 0.22387538489058928
4.601292091273018 -0.5649599520580029
9.497432020408809 -8.296494842656493
14.018160496136987 0.5749481142857309
0.10043620324298785 -3.2883528379638354
14.732185034588708 0.8451126839029477
12.503448719411574 -9.157638236460413
18.85168534397973 1.1739886303912048
7.594913432141843 -7.904219844847528
0.6887723907458748 2.056206028917195
9.95945054846169 -1.3022970362566124
18.866059180693195 -0.25397819077334977
15.702345790646135 -0.7851697338001669
2.4145789689502655 -2.9528059092166186
1.6433638040633727 -3.5883378570472755
10.025063509461916 0.6196986522354107
7.792339959135926 -8.280415675448413
6.181806562344729 -1.2258757658376183
1.9088503915658235 -3.1034309488435214
3.6841163559781784 -2.337405830719114
16.84049922394684 -9.325475544299406
5.63246111859309 -1.7107867483434627
12.603439935850723 -8.1741492745487
13.920512958057106 1.2700566815397292
19.75430195749687 -7.102323797326141
2.1569734665821185 -1.1580188368623476
6.5793096006207135 -1.1339784335775094
17.925511409881143 0.6551873470439263
18.88271551416093 -1.3018018817460704
10.664925685071722 1.4452679953355647
4.603076722810032 -3.158421529377958
11.462271656430424 0.34841860415976394
6.126029474160183 -1.1180734205652774
14.362766757401111 0.14329599711589056
2.7087948087035114 -3.8010227342062564
2.29237458335216 -1.2959125409152408
9.477103088565896 -0.4404180426747335
16.614747164662667 0.5052126966687606
16.763245994892298 1.093683915625103
18.819057527612216 -0.30488726928112325
6.771050462775797 -1.1035181593618575
9.307359072799711 0.4165180094262483
2.1007503505547604 -2.815217872404805
2.2043737416276357 -1.6291624196935586
10.100427635437308 0.0757249550086328
4.707285189517701 -1.8171754351490927
1.147774886205235 -1.66940440332047
9.569465383391222 0.04449950045104044
18.936160834741607 1.6426794957182873
6.7460718143626 -0.93873124925659
2.7073974027007948 -3.7391018240147185
7.293492164914678 2.0937512829294236
12.517020701090425 -0.0157184927058176
4.708117387930213 -1.7305436886464378
1.1882835632147446 -2.490445930407782
8.084830527208588 -8.483932137332785
8.45718813583457 -2.3838079083063883
11.867359396064275 0.6056226328955994
15.936246066196759 0.4293513281757466
18.94283444670962 1.1345285330462167
19.001443811783975 -0.5875956697440482
2.2534769650533817 -2.2513961630857042
12.867582311062048 -8.675207616413042
8.029279945133242 0.1635840058811241
10.72896136338331 -9.072249391839446
11.416043318634658 1.4883102371566417
8.366993869402709 -0.17479403841173508
3.5941975105799364 -1.9031970724704719
15.082424987270999 0.06754213109884252
2.1428998062773266 -2.7646468012579204
3.1392937451107 -2.4021541923542484
2.821364382855549 -4.263366606683597
2.4435834943325596 -2.2722282663359525
5.133453914108491 -6.882688964662817
13.368521153958067 2.4359374087307177
0.3992472787352871 -4.85205017564767
10.223209813879219 -9.049703967346327
14.929131908628674 0.6556447707794278
2.465260798685348 -1.021339359119813
16.98787362235339 0.26470498836918344
16.62956234254306 0.4556956895849248
0.8362549852553579 -1.0985168039358675
17.24734748760645 -0.08251729101692576
15.581420904376886 -8.051434275163242
19.829655640043597 -0.9983925923653818
15.87371106456392 -8.474552149381285
15.095477062164239 0.523223456437782
14.852444651327998 0.7069202566002728
5.847907378009814 -1.527506077610007
9.050782823000267 -0.3412482024958215
9.280336353792775 0.09706042309613902
19.556544202787418 -0.006681786973751269
16.996218717342956 0.15297851906731158
13.911347749141724 0.8924340398373843
11.838820978416226 0.5672024373938671
14.778259412859006 0.4024186399459208
14.223479516667247 0.0730138185634592
4.774850302702781 -0.5308367817138824
9.048302126957138 -0.3335703127436223
2.617430024421597 -2.1396104691610014
8.068867952687494 -0.497998480292927
7.943623598366562 -0.949233676151049
0.019312128240268442 -1.1453105763280897
17.570999470931344 0.1957799958943475
4.741212677636516 -2.6989235271036636
5.15975571366698 -2.3353595770574125
1.5123701830096659 -1.367057935107592
7.015694152415307 -1.4395346036293595
4.258079611195604 -2.460604838178858
19.54838659532821 -0.5394719623861968
4.48445772844438 -1.5224417831875465
10.530178147217812 0.004293842129820535
4.278762377367524 -2.545402285818282
7.026504738604732 -0.7655855174007193
7.291692989817849 -0.86737278426689
15.329691530009017 0.5940843776515468
13.980564567529562 0.8597558431671912
8.908951080435669 -0.07250649504718605
3.9564612285921834 -2.5933939127866394
11.970130635912742 0.009107731022551802
1.3479651865039801 -2.9893911084517115
2.9156804565302714 -3.235144124481426
18.76133139465932 -0.23267644025494716
7.217703591937276 -0.7144327317677689
4.251516718041666 -1.7905474860080934
14.381654286031093 2.592411229040044
11.777878507154625 -0.6826280018698738
14.217080329054152 0.4123648723070682
16.487112375635917 1.004519490280643
2.6334275646992573 -2.581329506884346
9.987724047189296 -0.07689258012412728
16.378712523379544 0.4723722801928256
10.242079444504876 -0.3271345363629367
3.088075417418678 -2.653610594773536
3.118325039198797 -2.4849136920578596
18.42290664498881 0.5633575520131364
4.334822778649742 -5.817068065562776
8.216041433483259 -0.7170177519999836
0.2634309947564112 0.36038391297511085
2.035302361828945 -2.5126539685064877
1.3666807322881664 -1.9552217635760014
8.231178600488619 -0.6404369533361238
2.696458153162641 -3.6726544973443582
6.457149493040058 2.1650652665606294
18.052972600934545 -7.714819560471576
10.753070643783802 -0.040892674196631756
4.580462258491178 -2.046825876111085
5.66248440693469 -1.3675801974915227
10.888898604635026 0.37711093425482695
11.107556030686856 -1.1722394025543843
17.456622680715647 0.023714620488384547
6.215656584692031 -1.5595802558815082
19.91291233244516 -7.017741848967741
3.916069018209103 -1.0332032650085758
4.496657688723157 -1.993472171160743
5.58233316128542 -0.5338556914977362
3.627109082250462 -2.2760086930240777
5.843955071708673 -2.1483884998111673
3.378883539175985 -2.6254617106763085
19.709773929025 0.48789800473541933
14.824854882342292 0.36103488084538604
3.7480358753751974 -2.0239488268766546
5.3003359179126575 -4.146348960852581
2.428276793898992 -2.008610428812333
3.0927898064571187 -3.756648133569228
1.9723126663159274 -2.5892576393441766
9.68252842285568 -3.356525332218005
9.741414280096771 -2.0496306604233867
17.65055913675207 -0.027565669354704753
5.114509648092463 -2.0405231986826218
1.764697779441505 -2.185060306598792
15.404638828896408 -0.08701673007378916
19.050640426034644 -0.5687120404000952
7.356597253340977 -0.5602093434190425
5.180279306987846 -2.529563632979052
4.665818903181672 -0.24546859783569014
4.156000234981396 -2.7603688113553417
9.280941378370091 -0.23014308620515334
14.709333187161791 0.18645658168581508
9.203669418842338 -0.3821705851569617
2.612882476940133 -4.572268778469096
1.886345171188771 -2.0590198317840795
14.325471474822738 0.810492237671874
10.173039866663082 -0.1515903839524396
2.715345664626255 -2.022573012460718
3.163965198009434 -2.914439578744781
4.034833870551022 -1.6804034640130827
11.897718483373653 0.6263001273787343
4.163475900543729 -3.009847264565315
1.3991533664010696 -2.351247006559307
2.443392783028222 -2.087569165341832
13.163261530540867 0.43692205497894715
4.939282868577414 -2.2200442636254314
13.126708933158671 0.7210138445669404
3.0825809521483625 -2.543910455601204
8.831865157095494 0.2347030772504219
6.334994408400145 -1.276814757846455
4.212209519031259 -2.676962489922496
15.811126767694876 0.7154040469295824
14.514837489510747 0.9741700820070582
4.884743778438374 -1.6816337506796537
11.451164616544801 0.2605897125484473
10.739169239395892 -0.5410098903934815
1.5530372881457537 -1.3975309946286696
15.174255972452364 0.5885647498969164
13.649464218524244 0.5340583906364431
5.982553629473515 -1.8528055153355256
2.0877410514290964 0.1402003115369408
7.321480094211334 -0.4580967087225732
6.712887475788179 -7.539386560315343
13.565127818593261 0.8715694686041264
1.8060321685018965 -1.5982506383823463
15.728204133548367 0.4985246291432686
5.484278464038595 -1.8896761148775072
17.206729224474365 0.5364329400913375
1.9602365336812009 -2.726852409172963
1.5571086539927828 -1.3826667752766244
3.1997675667460856 -3.2870506945823084
5.506737027750553 -1.641573578153519
2.3633814506832604 -3.40716033650163
4.557758408579405 -1.7864906140201757
14.63461876470362 0.17060345858051484
17.28526070053401 0.43428157306710113
3.4429108152552845 -1.733860249842607
17.946772197381208 0.07454178975721246
2.8017376456303245 -3.7536408680439566
4.516539649522453 -1.7938686828420725
0.24631086486761744 -6.881715957517062
1.7298920235132498 -0.26150976249044877
2.5260897157453917 -2.5331836278158564
2.9088217039680284 -3.2754577288651543
7.632083230450432 -1.1586216441078974
0.17451515915241228 -1.169623965807724
19.70069781918525 -0.8977272646487593
1.47165208597007 -3.288741781245472
12.23394096490728 0.16722843289277992
10.714175576709843 0.10116623960862586
12.690188216985987 0.27636337102990155
3.1804324942677935 -3.041290898482296
6.819824603194786 -0.8248524865440756
1.0753381872709729 -6.316020409691543
18.422351787270475 -0.26416460472151565
11.092503572973317 0.16579601552253756
6.036460118737941 -1.0778429500188837
11.41880267452144 0.5268174034104404
2.555017062324824 -2.6575532667063952
11.671172428672234 1.7480860636879993
1.0493555683186333 -1.2016358334247939
12.306912851828207 0.0843308833556882
17.56166435497755 -0.06431426138742793
2.7400304721029616 -2.919891277381616
17.491846087852984 1.1574428367280705
3.0441289206807998 -3.6926796782470874
9.48319365342928 -0.11161621734398866
1.607938754388578 -4.22181218816425
2.250502874181662 -2.657784903622838
7.706881821876691 -5.3651302639619205
18.491771628192087 -0.13106030561420234
19.293729791340205 -1.0381848501074904
2.2476211805931285 -1.8552812963004397
10.374711610244708 0.007759603564276546
2.4535400902664124 -1.65770118280943
0.5584829564410265 -7.592913347490935
19.203930846013144 -0.7029244033472453
3.5270183609867236 -2.4529031092246263
8.164737354415509 -0.07042072700969408
1.159332738244152 -6.151554971336203
15.068976999155087 0.9713354976006405
2.8600479288096725 -3.3070425545754922
15.192741098187822 0.2840307763427245
6.22645233368973 -1.115360343414569
17.20305729647724 0.4560530598037751
14.322162610782428 -8.925587251034454
4.035685493084139 -1.8818485055720582
7.568748732415275 -0.25356764255609443
12.961298992243286 0.4919174190506641
7.272939670419251 -0.4919799208981919
3.723781714703103 -2.4996855580062416
0.637068708538917 -5.118453984979971
10.381511521353172 0.177544543876325
2.164198257380541 -2.741478927131573
8.475875820300509 -0.29913685499450005
18.240622265044045 -0.3028021265981842
10.04982361130457 0.0013354387937997703
5.347477221806131 -1.335615493814121
2.884104003498035 -2.0938746816101634
3.7038790267962822 -2.4712291587451283
5.290544765757759 -0.9562756600907798
3.165521041918844 -3.778749870975722
3.2255739356435753 -4.401851206096857
19.096991431472507 -0.20334822632716715
4.426784978685405 -3.4047038762441595
1.6051818794070114 -1.4622003669852421
9.817906743391276 0.04225722580372197
1.8791741140777967 0.20201774959490754
1.8477180526582677 -3.118515442659979
5.494478162484279 -2.102209545572336
4.652678053827616 -1.6891735134529975
16.564907130383823 0.12091902996791237
2.9673739709933384 -4.139335074062153
3.1500591819170607 -1.2726755192780153
5.813719011370479 -2.3066258126034214
11.802384957162129 0.6843033985206581
19.218179117532426 1.0988636761348827
1.9545431116965686 -2.2819705423467753
16.987287453097146 2.3774754351964535
2.9576881631232466 -2.565307956148395
15.10686820857289 0.8529495207203914
13.736297080194172 -8.374395560438101
1.6004765240152925 -1.0086655385428847
7.065559452177392 -0.9862693624194949
3.172497923586994 -2.53586553289746
3.6101176536788957 -2.740438111422527
4.059741829215575 -2.407076635608289
17.431121903874256 0.26651228037555375
17.469739237843907 0.08740551664486587
13.77421356573195 0.29702272915678657
7.662226232941893 -0.34121309281573853
13.719924008610633 2.2778759989838533
16.066045300176214 0.6451783356001
17.476229484610815 1.6306954267845934
13.58347447922507 1.6247847140929588
10.923248656714986 0.20737270817677794
7.910549749057354 -1.264042359501492
11.95484474794453 0.6278451540021532
12.19123005249549 2.4431568292725117
13.199945304782638 0.994597602671518
18.30751916249589 -8.009781334613493
6.086227076157409 -1.4630923785869958
1.3987050109185168 -2.3912986977172053
0.13041535359269482 -0.06621889845229742
13.326960791102218 0.22681402044575139
5.916241048266768 -1.1998315644097624
4.45542394603976 2.123098069745265
4.991646658338208 -1.880824583633876
4.550098484744772 -3.2014843370721984
14.24784874962344 -8.80791204343617
1.944540281733054 -2.7589252641754394
8.51106364181619 -0.3159757984181405
3.8607734817995727 -2.2960329976203058
7.1245230901536365 -1.4331864834871482
9.000220072748284 1.0153726086482264
19.848815920264325 -0.35312758487345364
12.206587270987816 3.496688852787418
6.868617859423264 -1.4894551456746612
3.9833764215374727 -2.7098375862314916
2.3044531406182793 -1.1826734533539052
2.167844117231652 -0.7416659517528081
9.605327429241804 -0.19319360917434308
10.292054823199397 1.831249341188538
15.22440070659639 0.5666440643671873
14.79268008261759 0.6523128448403626
5.811837531448452 -6.647296251880587
4.200416340845193 -2.4619549272173815
10.205797879242036 -8.601621369246788
1.5509264664386087 -1.4104638031005787
4.868953963356755 -1.3199989424943825
5.24834538735602 -1.4504870415738778
16.228565054307687 0.1084165494035037
15.044582955396884 0.4445861403759482
12.854543077048938 -0.8831235375044291
0.874232615803431 -0.9423449438943317
5.296900184517954 -2.5377071717474298
2.6377688974706284 -3.1225042938965215
5.433934666048881 -2.793711327069604
1.3907871008328114 -1.8228250187211663
19.044898009399457 -0.7123631149100246
3.9117039656079857 -5.097416945706661
8.477894028911917 -1.232063238450746
19.130395201172256 0.026610205865021115
0.254194746850687 -1.0318036891241071
9.442288052330884 0.07345274922681365
2.928873682186534 -2.1584942214582536
5.81381522314524 -0.3302391908215459
2.5423456105808917 2.0624363007965876
3.4989051393895356 -1.696896131828626
8.556513305385444 -3.75418762549686
16.01007121339283 0.15933298662999362
11.576676245367207 0.220763917824999
18.389662487759754 -7.618653834968272
1.5303698263267491 -3.5013124123852966
2.274693931079951 1.570752463944177
4.198083501463905 -1.2000409053708814
18.057891930470134 0.3330029428924971
15.45878172171138 -8.64649419563815
14.696063019554487 1.3945661637418205
7.029580373896724 -2.5416592100849678
16.674743502328294 1.6652410009758167
15.388770628539712 -7.294160400750382
3.394202906610236 -3.2740052814650586
4.026511969306218 -2.5185923549523968
7.955462704420638 -0.6287742715694709
4.192858034028681 -3.4236017761407553
6.479728630333713 0.5472194599152729
16.47773350275296 0.45763369023429645
2.6556307256112786 -0.618525880628989
6.108229997749488 -1.6931952777599137
4.331564961570528 -1.7311436471542883
17.45884731578877 0.7995063373177986
8.128292474474847 -0.13814510927749407
15.789472497805155 -0.7704607912448465
13.64938920730326 3.5218386916446134
14.78772101600039 0.7483491977546202
12.443204939350688 3.5877699047896927
17.29896779766371 0.6109265748533794
14.585207719979797 1.0090248971773395
5.792738695648721 -1.885549733187229
3.805584873691199 0.6661637377134795
13.838152774004989 0.5945045146854504
13.292533827234038 4.259923287739978
0.053943333375302605 0.03041995963876512
6.886273928761645 0.09991918753021103
6.772113383739722 -0.9446219923165737
5.149595322789978 -0.9250435393428438
15.928178896288156 0.9272496554763512
1.4762494825278232 -2.428510257890997
11.185507273543193 -0.4408268791527557
3.538789058512531 -2.5362698175115015
2.6207235834204683 -2.8797274789058886
15.380033670576523 3.3768028442827274
18.83693020096812 0.7833693078983028
18.790042392399574 2.7453661334040085
2.5826465153102043 -6.783030045812296
1.894664639457492 -2.5174866296644596
1.6502789437796461 -1.8123758746674672
4.551707586947004 -1.409113960867542
10.16203003335958 -8.938463924816201
17.243713435889592 1.4475498525484947
2.3898549077223477 -2.6698185835060415
5.422798466774838 -1.0943456188218388
4.910851593877469 -6.027441330837536
16.828145132053915 1.4299748157196255
6.454404127414386 -0.986935370727829
5.1408806737858095 -0.674346542245048
11.15944605331825 0.2972302853217914
2.423608626094526 -2.153686817274884
14.866236605123081 -0.2333283866221728
2.4517406976734852 0.6993561567475974
13.294033608460387 0.6824370108801673
7.160078766839719 -0.30220155270243726
4.520357725700699 -6.983078616644079
19.31736327912608 -0.2354318266441348
4.911557552880902 -0.8186766328455666
19.351840543734852 -0.45425926288998236
16.670760525524006 0.28535006099801413
14.859193331872358 2.916405537535878
6.030724755170838 -2.166831632985543
14.453813364750319 -8.806364685369235
6.831710069997293 -0.008538169355738506
9.943379313406478 1.3860661298488701
1.2310483282494247 -1.1727046207551042
11.464734441885819 0.16658862936218777
1.8449502380429517 -1.522436816773184
9.858572527133354 3.7401493892850155
12.203539501114056 -0.02839514321580297
13.810418827516983 0.40244676984600347
11.042642855212694 0.690258245813542
18.222136006255145 -7.708741463414376
4.86638049474291 -1.2327616845529634
2.485779893901504 -2.606685786109993
18.802175633353567 -0.07450388351102699
11.034724278276986 2.0809008003649567
18.365555766038906 -0.13351170010877017
4.190861306399409 -5.605290462750469
10.01696033287838 0.06562782541085482
4.691977671057514 -2.173039304324258
1.865301562198434 -2.591398794266841
17.78821163962721 -0.5173632438047566
10.799656467037735 -0.7317304486666016
12.991536054981998 0.6199405165291867
19.8934672811701 -0.9079358848689876
17.276474563662983 -8.366798196146615
8.173507038009998 -8.46799048024548
7.6103218485517266 -0.07112409309059683
3.923644632304193 -2.451023062916913
13.572368059577672 0.9118251734610403
8.466806511069356 -8.352770675890651
0.9008377149590376 -2.732986060211724
2.864642019042641 0.41248623679308816
11.482821725088344 0.40849171156297115
5.584593412965509 -1.8350987461206243
11.044338093217096 -0.012089719837386825
4.516334850954901 -2.48060364229546
10.691719900619077 1.3580326003115455
4.459631284745592 -2.4317410222380365
15.869274278838807 0.78125369391407
19.693221222312335 -0.47895093268900013
17.621913642305735 0.29853376876850757
16.71507390339034 0.33802169903021073
4.030939073946118 -1.7290600605045445
15.326097896599613 -8.96961536132114
16.805919837456816 2.2100319551240677
9.587256842504672 -0.8471891887781304
10.415425472092446 0.7150171323179305
6.8494389189852685 -1.0979158277510452
6.657620399736093 -0.9813992691678028
18.61198413585266 0.35235882753366043
11.05899136062977 0.4542057199608131
12.6352387283557 0.7613049202291122
2.996443794731084 -4.6443757603527835
8.281021079116162 -0.1597726266789697
9.612487204992703 -9.010460301206152
3.5003127039027353 -3.3221141309717077
0.07662236204469945 -1.094316971685548
5.469826642018507 -1.801248124584749
15.51500700565379 0.39875111307858874
6.880129575256768 0.303826442383589
10.356851302576331 -0.4688448053828479
3.0118266115504686 -2.2785755326388895
19.68505436559792 0.9079484546761958
1.2583874976496094 -1.6980110476044796
17.826602243649816 -7.845960876723149
3.0592517804453947 -3.1905763718839433
12.668656803335487 2.3571578821089796
9.614583389271715 0.3616661221965769
15.467410400611312 -8.990460385459732
5.8071873454027605 -1.9799312391285644
18.824016557993513 2.1368470214441175
2.37421028920741 -4.060423877659273
13.991680352910318 0.41831885876883496
1.40581195228792 -5.377886167934885
18.53567121536646 0.12223260082260443
5.1994910516133235 -1.7914667020034554
16.8790855319238 0.45495726072984116
13.668336478851442 0.34003553538556547
5.271073816841058 0.12954031276668176
4.1978025559915375 -0.23755839957463698
17.92686685127584 0.2860042857878925
3.6950253586320616 -4.90290054677345
15.62331310951662 0.6823268823899336
10.063572203623096 0.17244110388018313
5.596570751244672 -1.2346465982305328
10.42084348112798 0.1403967054514578
10.563982736419119 0.03317588727298865
4.839729210815796 -2.115353784802367
7.23811440621304 -1.5696414984456877
11.806417991106809 0.41665024438603626
5.2921336298388955 -1.798243737062522
0.6098075353011165 -1.1129263790508395
17.451864794376856 -0.12114610879628582
18.89746367448184 -0.2859056085184713
18.855524343773176 1.2252191318932468
6.134195017815259 -1.1934962561979992
16.79859334390694 0.6569597477669432
2.244335699745395 -4.705756216508252
18.51946903362629 -0.05405955879209792
8.771363206050802 0.10195986177931707
15.915871919928044 0.7984895313417386
4.240002859837209 -2.2381269666868344
16.797644816962418 0.9032552076390561
5.272469916300559 -1.7704742620510863
5.460263221816062 -1.9099427664244133
11.810982034237586 -9.001290864674651
18.044204489413154 -0.2273860178087146
12.257933375178583 1.167538332922211
14.129472094520109 -8.946147341226927
3.6990256791678253 -3.9721270671377504
7.062368590490306 -0.2667797136440581
1.2374859328757608 1.2687698967189152
11.371967316471151 1.4000028189233684
9.189470225296951 0.16789792344888976
4.671894912699465 -6.071707363029285
7.784611802898905 -0.9831261872972121
19.631686975654823 -0.55269528192813
19.83266384476628 -0.6300750207220095
11.63614104248992 2.0023387605210856
7.601847363227372 0.1761200615687651
10.569106045732925 0.7638055432234035
4.820441014820269 -3.063990165705305
0.8405209524310189 -6.385041185859715
14.967372402472744 1.0281228143666006
1.2414007071197921 -3.5208045769827994
5.329379293753349 -1.8116592396794178
6.766155790708348 -0.9958772114351058
3.6027016625056163 -2.4830825645184
19.581489586932417 -1.3509461946715415
12.668269868012576 0.39727124886191356
9.684153690763964 -0.4968871218312488
10.812295352353976 0.02177885440317004
11.535545615810756 -0.7020072082548254
2.70751715059216 1.2692925706540474
19.217850619484096 -3.975809841075613
10.562772056784059 -0.3532406461275456
1.8636740958307223 -1.3135128087237127
1.7624594122147108 -2.226480313685681
10.775206208184605 0.08813533441969651
0.7927913453095953 -0.1214098923518947
19.068889109626408 1.2696681911234575
0.8496374077704189 -6.391555318682545
15.766371544341794 0.6903338960258694
1.7359308474942958 -1.7103488467814087
13.11074203379997 0.38221406623143905
8.69464429425259 -0.09617369371848718
10.271676999930223 0.5693640933440945
11.157021359638344 0.03095695175315477
1.5103227338209968 -2.0056060061501513
0.4983947190752177 -0.9693837855536138
8.499047748186106 0.15843402309644494
10.504676968852946 0.006900332964547173
13.723227194571567 0.9004711319406373
17.433012334812382 0.6966966631821241
2.2267372241734242 -1.7084199268277218
6.203449412353998 -0.30923155726150175
4.97176676392763 -1.2953072095176137
7.008371695828415 0.17943455716111006
18.67003831270767 -0.4920932455639201
0.5345556955519625 0.7371114338867282
13.646560800525704 0.5941140128434519
2.4340500833448306 -2.287188343333532
3.6525975905967596 -2.188440892589616
15.85173975173218 2.615648677823774
19.79187000963784 -0.5735501541321807
3.364429057669377 -2.4570998243128384
13.18274621360329 0.7994567567394943
1.784224123475597 -2.555341057299827
17.79950147444435 0.5773570871283493
5.592932450285965 1.1232234553407503
11.034960528974207 -0.4967997387867997
9.121073281277916 1.2450986287976666
16.915613334398685 -8.150078698034118
15.42881283805589 0.7491666238121468
0.6665322169411024 -6.452738626887624
6.714792753811281 -0.7034110142782759
3.942955933384208 -2.4667030550213016
6.921418435838338 -0.8830569900404692
13.096871097866927 0.7450470636587888
13.734505235233808 0.6053710530452376
3.0451056707053734 -2.1263333250073684
10.016493078581433 0.11316852353294532
3.86178446547704 -1.0528988275364757
2.1035430196839147 -0.3419139561891796
5.276622895192158 -1.9592770320417259
13.147918214633018 1.8279478661646658
5.001210759565984 -1.5285007694791641
1.3980498393262735 -0.9540310550187984
19.619605862983807 -0.2646478650418336
5.8130438724748945 -0.9620452626864522
6.224826647822629 -1.1056212549728655
1.6013323154154615 -0.9957813775893474
12.070808335217764 0.25876439558208025
3.009535973751854 -3.147998757990461
3.232661150845254 -2.0484139106930637
0.23192518769789974 -0.413113457631043
16.309207386381036 1.7464401878913365
9.446119459386175 0.2459365660616918
6.557738257305423 -0.7727735158695217
6.511222621459122 -1.3694555478329105
19.843851765888285 -0.23685631454541062
3.477854459612191 -2.8712504814810775
0.08647061251636856 1.4229753974176693
6.089442283360009 -1.000455916504044
12.439039631770278 1.827073839666479
7.1389594062874915 1.1537304396738528
3.857838097969837 -2.4114151663737386
13.100350008124494 0.6843089591337826
10.277592653254564 0.052036605990288864
12.760403981838657 0.7047345228414443
6.128197591152995 -2.195783895061234
2.4484286014201633 -0.9063804487669194
1.8013914685200765 -2.9936520235386417
11.546664881402256 0.18895793762779706
3.1987266362977875 0.08225076155782646
0.06915710385146417 -0.36214556326372577
3.255682637567653 -2.084403629221128
14.26666496930671 0.3917218473679174
1.987865361824559 -1.6345865625706608
4.894273491386262 -1.8035605176465825
8.445515192969372 0.7758222344079506
2.251479394441689 0.15381557774013876
0.2048203603436719 -0.9711130211404909
7.920674654097931 -0.14464862473115714
12.91738911462197 4.289713875802144
5.642758742092925 -7.668458474557352
4.345896342745643 0.3214985258619763
11.062734272108067 2.602495949589342
4.58084713660138 -3.4187592623517986
17.35856894456377 1.031105467629495
10.19841491953982 1.9664970505410164
10.499012329074441 2.1297421970984334
4.308740792354227 -1.7848910954308788
4.274181209464185 -2.3269346255079135
6.0625926089328495 -0.4082545658017632
17.444680457171646 2.164694101164412
9.137982963525067 -0.43110177956048096
4.786362485440631 -1.2874723088878597
10.160546984118652 1.8190101208503557
4.9176203922243324 -1.9098866131871182
5.894111513779744 -1.3489298642361047
8.501321890144876 0.9910127751362813
11.477324123779283 0.3557320638367036
1.916223277931749 -0.42051272245490073
14.643691424947992 3.7050826419025586
5.948193777454282 -0.004169730283218209
13.264953311302301 1.3340934889545841
4.413678178972259 -6.696079468913248
13.7712200784463 1.1951730497403383
1.6693332321233394 -2.266030667089242
10.65672131249125 0.9813445174157526
4.600154364821584 2.034437024908056
6.483862209764592 -2.907765859225131
0.08414474180864281 -0.04935124440811048
0.9248368777558602 -0.5805475485393315
6.148735496917326 0.9101220871927886
6.128815832188437 -7.013972688485596
18.023278015681257 -0.06848130708211997
10.814519742675307 0.40579384088909565
7.536405694920377 -8.446433438907704
7.002232049958049 -0.00752279780824483
12.458414561301982 0.24130419506135994
19.604305798146104 -7.298050469756435
9.979451414719184 0.17233752009080588
19.49969525622663 -1.0897314816757224
9.37928737838373 0.0757623801647775
6.9830245734138146 -0.620950511645163
0.28259927307779814 0.5539871306881471
13.148555226917582 -0.23326772240720256
17.8467461445167 0.1808551976857629
10.620243802428782 -8.826766716288141
0.2991980195466143 -0.2565288164636611
7.0361776200148105 -0.7774984775079661
0.8350464857357489 0.1543501131454098
13.227151317199489 -8.625158985760075
16.414285476013344 -0.3610233990162498
2.0326757706159486 -2.9761884127234532
9.742988809060465 -0.39008032669109666
5.1482917571653495 -2.3981260448172947
17.640916230671063 1.2592067806563532
5.551532108635467 -2.092352398035945
3.0683668977303165 -3.363888888189272
8.444027001549227 -3.9017443033046364
16.07774335991953 -8.5385310246418
2.084128750966748 -2.387561647173258
12.281397334908144 0.3113823885147505
18.29347731171374 3.0610453046592063
3.5746822875697837 -3.5459463193997802
12.472499943038857 0.3185134423623922
14.689869543397004 0.5200655192102828
6.179167048438563 2.747871084833996
9.255393335521275 -0.18810896502984825
8.409767123528589 0.026769224505026605
18.268046690684425 -0.18791946913792998
18.270962713190467 0.7406175369662397
16.613167745472737 0.6765686799074894
11.096989287630851 0.7956015932716834
4.112259645720229 -2.0005303857532897
13.261710281822173 1.071889288150683
3.4396440788038793 -5.967765974195265
19.995181529287358 0.34135322145244795
12.812279664445631 0.8667928885391933
11.034054435918783 0.5515712024592789
11.600472673403596 1.909024101294994
10.018057630242277 -0.7187920681620497
18.144785636162375 0.1421328701783504
16.1045337173502 2.0036355192135864
3.2719790215904507 -3.083551004634535
2.8719697607385593 0.5803954878371633
13.346803497064327 1.4076894602978367
3.021541014594232 -1.6554967515299408
12.29867660356076 0.562291087222522
13.02832220235466 0.8283170125102306
5.164456370098213 -1.041406680346015
4.367475317303841 -2.044321476557699
16.213571472050127 2.537484066122611
4.320085975586023 -2.0160051490340583
7.686118426289216 -0.32919132131783846
0.8403160813461019 0.2259212154650444
0.9653787944917708 -2.489045497570805
8.089422983305042 1.0232308105091545
1.9810590595257034 0.47910413841512817
17.810037979386546 0.4171214331604979
14.026962714847404 1.8407174184006792
1.6349620162938483 0.32489173997662396
8.880120456399462 0.7852521195195286
10.425709687032798 1.2373240539524382
14.528362857437411 0.7576893834706011
3.221732266980763 -1.5288837963199398
1.9862612576088015 -1.2453613568186355
6.116744922776731 -1.7468164088905398
14.760275548901726 0.6547564480237258
17.540981344163196 0.5258083695325229
17.40317662134151 0.2852032966803848
7.00496673201382 2.9617228153273047
19.37249076383815 -0.7114814162290084
4.269507342910118 -1.06841874045584
18.526194593272166 0.09768973542186996
2.925171954208561 -3.3492262871184
3.145303573712958 -3.395074319046374
11.477331588379037 3.701881036421404
18.265628625093264 0.5229301254010852
16.20268708669899 1.4060383240049812
17.632015053845308 0.09079767713200501
0.8776228706170774 -1.0946464925357309
4.660273748791848 -1.1739171667784203
1.0777030926854043 1.875966827590586
6.078430405582281 -1.0985642247720466
2.0077475710660244 -2.6408835206937287
18.018818747616905 0.39731823345483397
15.531459410688042 2.503848577884565
3.61987192848356 -1.9167758638668801
11.461005935619404 0.38657933957966784
15.681248952326328 1.256676200373106
9.262797441715833 -0.8269083591343755
14.282750232078119 2.5293235079522267
7.079939172715735 -0.7002045007570321
8.642192376715652 -0.4509245030420089
9.28887226874762 0.5730574481189157
19.468309445800088 -0.85983476079563
4.669245291183818 -0.5352523661071868
6.595337050191086 -0.9028333895759393
17.70653286191876 1.8397456160054895
1.0773464674450184 -1.105980377224158
3.410304521516596 -2.1058455710058994
5.3238316231177425 -7.2492091792252005
4.826927892527861 -0.5392815471572128
6.14137798842434 -1.6339825973635598
11.679783203538364 1.3201202122678886
7.4022129776838534 -0.7985728577444826
4.837944330944436 -0.5293933303427689
0.5300362668961598 0.5827275405931143
8.11542523371455 -0.339913966821027
7.0016905607989255 -0.6036459877016911
12.370673854558294 0.21782554599160467
0.36067382449534313 -0.5113386984623858
9.927073799662061 -0.17775490073138578
5.634716302859925 -2.1166717347476087
4.921913623029189 -2.1373421676871738
4.7278674668874405 -1.435281074870799
0.56127586930231 0.2539216630616168
8.590015444406879 1.9474417982709087
12.609514432559084 0.5152160894012474
3.259952502260122 -1.5982198747549292
7.746745112450411 -0.45460203901797924
5.3522402842456485 -3.340746981641091
12.985304757524348 1.550432372396032
10.094592608929286 1.1155377840511667
2.264305367818237 -1.4044694024652251
9.725672914421274 -0.21021864318229394
10.199273899626668 0.20448922316470297
4.437260040474001 -3.2494493268889877
16.39555415021637 0.5464698669198373
2.276749528216999 -0.0011607873257888923
9.443811360958582 0.09394291064143832
0.4518053262810442 -0.7923874770085604
11.64064612712129 0.19501460484278443
5.3466219415325416 -1.9566939014159113
19.313587822642777 -0.23450218027248465
17.79513344271591 0.8330371545659141
13.941930659160876 0.4743842644029759
5.012780204349246 -2.307313057787648
2.394780316438234 -2.0686577485467748
0.2663901033046726 -0.45441685106762253
0.06379198673285207 -0.2872336245763592
3.7764479447583374 -1.7665223802188113
14.258682304023981 0.929503168702658
4.120558211865611 0.4207309930118273
3.564979271445318 0.13549131149137172
6.485380907202038 -0.7413666324801749
8.290672263990706 -0.36241684070556607
7.6537927004819375 -0.7932955237065276
16.24607534628071 0.6059822696489675
2.9449643685512235 1.9229895476467842
7.651058926839412 -0.8080231334739976
2.3866355960387065 -2.1384854344026687
4.96424951275984 -1.552164809382702
19.786094621979135 -0.6594091596160745
8.006857910915228 0.32032161515081214
6.140925570060341 -1.3888055614188939
13.568121164518837 0.6071572578771187
18.894245895125874 0.20492644320699602
11.581795593652089 1.3387544308929968
11.74404368103112 1.9284067680664732
1.1182367855267388 -2.617668658948495
14.61929335578275 1.9555323229532655
10.259559769597045 0.07845558240517164
0.4351640535621918 -0.673595266547681
7.686101648729421 -0.4797347309098352
10.247390208216268 0.5486797819735683
6.267180442552057 -1.4538990624432198
5.714296252868895 -1.483459800324946
1.9792848456039225 -0.7129021813431844
8.431712299153947 -0.17906586795161272
2.4140897074035177 -1.8722051456564548
1.700847026873081 1.7395113009651433
4.486523224800184 -0.7004405820952497
15.133625563522264 0.5192749983021305
2.708818712953442 -1.085216010089778
16.00382925689565 1.0092898274550066
11.837560380688712 0.2281886285657498
12.525104545207709 0.29713158662539374
13.672768795371685 0.5466100173079014
2.5250710483538503 -4.550539914353296
1.0932474532958099 -0.3416772333193021
7.313781834462998 0.5176485093509
3.1903609101970924 -2.075934499997298
6.3258530291447395 2.536415549106371
14.862740135541161 1.4627787281810911
0.9715884872465608 1.8147872374499476
3.56066829393089 0.8734243475566708
3.4107999710213006 -2.1132815811318757
13.245442673117553 1.0778639943868868
13.937614620762208 0.8834857390828802
0.2621184827896592 1.4031889291931738
4.767696674719292 1.7277770179061256
16.01348906321337 0.9582553937722262
18.13682897149881 0.5565246320524323
16.130029613929672 -8.555769850903939
0.20251412603440302 -1.160226396389679
12.738753765913081 3.211743259239146
13.982815306678564 -0.05391490164420509
14.532959948830717 1.1059881983441813
1.0097478946291765 -0.9754951301631765
2.859507319970475 -0.9377104241008836
6.362653080686672 -1.1311045331379341
1.870092188099237 -2.484509580731675
8.829926883324882 -0.355844251337146
0.8944858054832714 -2.1588653888404767
8.080147279555234 -6.9292826083880295
14.696834656586999 -0.03145090298112255
1.4110840067568595 -1.8830187810286088
7.471891412688074 3.051602171158246
17.675503895136114 1.1875488703085073
3.4558179508361677 -2.444872296713406
10.706345836040308 0.162694334719353
18.774172320712214 -0.15270517042178666
19.371437490426484 -0.220323393417367
4.390138569728145 -2.73121684030443
9.04090776731332 0.11219429374109285
8.23204820682648 0.6732506262880599
2.966357148702441 2.0084670677369862
7.975010024154091 0.05184397092554702
8.044538415989473 3.3618078704456926
14.01684015577453 0.6889290166567776
16.840123983876474 1.9316002193337438
2.752951300411992 -2.3826996595613332
9.811208242805247 -0.06700717953442198
9.074265629890737 0.1955973037984085
5.029673771750042 -1.9775082425641077
16.201995734581953 0.813193961414939
12.87828818794847 0.28436616578225093
1.1018364066794062 -0.15049443179572947
15.70249893928131 0.39903012356583334
19.429280394188826 0.05989504484494443
19.56145930562504 -0.7548827585292
8.035817830845188 -0.9370146609866368
3.8362305116942426 -1.8339300190007708
1.803604653679847 -1.3735085469630044
4.085077669478498 -2.9287300746413814
3.5780384862873573 -5.292078175269161
8.97763356376895 0.8448061555649288
19.998534457591745 0.5560648477763945
2.8323525652160506 -2.9390496964920025
4.459801457945454 -1.9530399096496707
3.3892672289318577 0.5839569283842588
17.8405692873041 2.8432605664177264
2.5860246460333243 -2.847138252525929
3.1127410081105054 -1.7583045722882993
18.4321902784572 1.1276586886218578
14.186351448754333 3.2934529571063598
15.718491255598337 1.5465197622002937
6.042755471735303 2.5654288349266348
12.947631115223851 0.8060857497982384
2.130965292041118 -0.9828652824912445
6.628854755267045 -0.3824135233808612
18.44776527288666 0.6001113129234732
18.199474884114604 0.3487261811019827
4.426875128537781 1.547374134669265
2.908511973964886 -2.3342236347572056
18.037381852713306 2.364769382227137
14.97615569891547 0.8661952177791715
9.116591914078995 -0.4131374591339771
8.119112419624276 -1.2258267926781932
4.8542400396102146 0.47780588798081813
12.862637613390316 2.276840520754029
5.462593914563138 1.178731617975342
17.430154441457987 0.4410617660994962
14.282782134283755 1.0954843490175188
3.2279682495699378 -2.1246298371463817
1.411726128528835 -1.594462935101049
6.303669239649427 -1.1451467466049117
9.841774038557627 0.26440989184324637
17.16762044607473 0.8629814279216929
16.387921288457814 1.129622759142814
13.751565952009809 0.20783155066341719
15.177175946079958 1.205203923781493
1.6432774221098316 -5.204636919661926
7.572472560634089 -1.1918803331046126
15.376624288230113 0.5719208133827476
18.916122086260323 -0.1895991065964162
4.569091479657951 -1.9556929125919682
7.032623305404728 -1.473713207434784
15.367152533993718 0.6130235647654678
18.06133006914767 0.32270228049742433
15.172382599698071 0.526344601951916
6.867212228598545 -0.8250453957972104
4.187773946000588 -5.823001578543908
16.136416896082906 0.25054966354634306
2.312665935175278 -2.6348488152710035
1.2202915600524 -1.4011523190576445
5.589947091250308 -1.3416104803707851
10.69872513414254 1.300754806619108
11.10183125424355 -0.07692603166681358
2.1932084743408318 -2.8507056206247605
3.130873383382881 -3.2183229965241806
1.0935601840671882 -0.9723293068337509
9.145182244958567 -0.46425724182887257
14.12237643554524 -1.271171506180187
19.87792346813267 -0.35923643413482576
15.269171152207361 -0.2972980520455254
18.119821079763625 -0.25814525352540874
3.608012209301218 -2.44417211331476
0.025594795678620885 -0.8558187715859437
5.218885822117433 -5.786632904183298
6.929305475134188 -0.651938803396986
2.1520657768947906 -2.597572418532108
16.470668726845215 1.1203651605425953
19.158725755424264 -0.22765108692378014
19.546754675719576 0.1511846837627489
2.5312328236988404 -2.30084964710284
8.855721349788231 0.3686166964209952
3.315102246893275 -2.9258899008774035
13.05758707416305 -9.316328817371822
15.327839251215591 0.1337711743196198
1.919020856587127 -2.3791118356013228
8.893129552079625 -0.2069065356353535
4.234793817126932 -2.480852284117474
0.7603267252943856 -0.031851928666064455
4.061906971563362 -1.9681480575509531
0.8782795718359724 -1.223219279476942
2.4846758504585593 -2.3241836299967007
15.480403064633867 0.589296260099753
5.835732547998098 0.6533392759383689
18.933238837436132 -3.8125240212887763
2.8741513965322056 -3.01910940702931
2.9770808997585236 -2.861678514768471
10.642309898431616 0.21795586839682987
1.0621320466421713 -4.333857735540593
2.0875280378967624 -4.865957352285456
2.493381008463368 -3.05999012346136
2.6878536358586222 -0.9935447455774382
10.196300116707572 0.275586557044149
2.1627444978733426 -2.0785843307170393
3.2534864172056346 -3.368173150293247
16.188560755795955 0.6016009276212693
4.352080627050474 -2.988682028461602
4.662941589527834 -1.710941312130352
19.918674630106384 -0.5633100885270494
0.36627255660015257 -6.7895195404479045
16.99109445041154 -1.152869309926096
1.984430555466528 -1.040041378443839
4.384229885142053 -2.2678585351803813
13.062969323459408 1.142109763651374
4.326511711804538 -6.598910157432506
15.147435393468829 1.4812943185085383
17.980023100544518 -7.258786777854075
11.407163628095539 0.3125791044427753
14.506673064520974 -8.889519101273809
17.24689298495744 0.4381159599219575
5.7779450804254555 -1.6883372111639885
2.8017870676932506 -2.527887188145919
18.174070377570764 -0.4129817259850009
18.993158811001187 1.5254813233207516
17.458722590101495 -0.8584441041950537
7.612716750776819 0.5914831206888557
0.06611501136356629 -0.5410279520237973
10.088901998998947 0.25301435264523786
11.893554028194313 -8.486423938053038
3.6859555328145532 -1.7400296448616142
19.132353211606784 -5.173637124363734
2.3476838799675033 -6.946590742917985
3.0638436964726683 -3.6269206292504177
2.3368054408604895 -3.392537732406566
0.03769087138255631 -1.1179170936765417
2.83314652725062 1.1756063523216156
19.1301512619113 -0.8003637298300623
4.0931331069272625 0.7843419660686648
17.269934934278158 -8.159753071230565
5.405756614665686 -1.5093429330924306
8.080789033657872 -0.6843576395748163
8.063849510534638 0.12305606789480643
8.02820621379711 -0.27475065539208726
1.4234137290634041 -0.9345556067513908
5.084678201742717 -2.106045267999532
3.2509369631101714 -1.9209931251802796
1.3224829847285533 1.9355907237335666
1.3698027587350599 -1.6203536051829222
1.1451386693529206 0.40050812622199505
0.5268875233479445 -6.1499779568355075
2.007677647131129 -1.4326602573110825
1.2644121909825965 -1.7470892307907189
9.226890885504236 1.1424910878998484
5.861681470860573 -1.5103814915840406
1.9141708053406559 -5.458003966849569
18.699766582306438 1.2933582812108124
14.254614175117535 2.6279963989178237
6.311736982654388 -1.4903169994172447
1.4629452188293368 -3.101766498259113
16.76810519471293 -0.0792387262814161
4.870961705795348 -2.969202332362511
5.551249107420395 -1.6260149909458312
16.565957260050315 0.09206500122799782
11.472096756762003 1.6527747960875163
1.8771016580222177 -5.409228426465857
14.44456575261004 0.43378184929751745
14.247412819898136 0.23901957125178677
3.9979758863798516 -1.7744367730058128
19.236258467369037 -0.9456758129442893
18.66222399806011 -0.2342047231786779
3.6261016034041993 -3.362729207980813
16.465544273444706 0.6973528254358354
1.1424710859020282 -3.2190240751349997
8.866990093722167 -8.98247498544865
5.77693081109644 -7.687375412393993
0.5413166400921637 -0.8404170141702575
0.8129005855159235 -1.0837087615835566
4.750537862180889 -2.0002794472883285
15.568564891119042 -0.17652184220030426
17.469661877235144 -0.05330603145690252
19.392744204555793 -0.8941514938960853
2.569850810523558 -2.483888583712985
1.482992255532415 -4.6404176120586955
6.057891807704082 -1.3785663505826407
3.173701982502995 -2.825537149876928
14.270189932812094 0.4905911680707422
12.088687655876244 -8.4675213712665
12.200859220613241 0.9018691926565972
15.195007531936154 -0.5223773509811351
2.4186390501026365 -4.259935050569948
19.92004298332318 -6.979638538786468
8.714813341479449 -0.3383348313128573
11.284523901687093 -9.061587138508362
14.349165315465152 0.4074706029019217
5.610588406809834 -3.046768452993139
11.60154020216586 0.30425552344437046
0.8254567692813634 -1.267459871149749
1.1988050618225736 -0.5741621054620254
19.983287451013762 -0.8843923954809964
6.098950312375463 -2.4876777278364215
4.192506774481872 -2.320478073046458
17.371531157041684 -8.180749761950672
1.7192776856037961 -0.6552690938215704
3.974720879882629 -2.5999929938295696
19.996929155323695 -0.8065181496219483
2.2907026234012475 -2.013832324497158
7.654101687947131 -0.7102198149940504
2.408971966258941 -1.3086780862983345
7.817211543234408 -0.8223848513286065
12.050948717985776 -0.023961938557500506
8.985516644358857 0.0544108190218429
13.19765673752403 0.18753381591815518
1.73138080399275 -1.4462434539349074
11.988140295761404 0.3797850779542893
8.923979977612886 0.11045170504991149
5.166409022135284 0.5358342846271609
18.691535901968933 -7.32690137229711
1.488110863396973 -1.4731386018808885
16.76658182519388 -7.8799795904959
4.930771538075032 -2.241788812271423
15.28162984612822 -9.386390774117967
3.272671811908575 -0.9466046956207711
1.6685371111319303 -0.33352596934777345
18.722994115160983 -0.4292643595718248
19.660916453159665 0.18094204666638916
12.751717533900885 0.9534439635498766
13.92371959549436 0.12568378153743046
2.7678672933721713 -4.885259392093262
1.865478389321395 -3.160611970750875
13.222101668675059 2.109102519036793
11.762782922092331 0.308009401538493
16.76323142142471 1.368690689332751
17.871620708394587 -0.6479927757864224
6.241592979740984 -1.3975171745720194
0.13111873941970179 -0.6170640070342868
10.234752925029438 0.2329922095175614
3.7307832979124256 -5.967107321228049
9.06345467198944 -0.34270499064273335
18.88788324761433 -0.2643928120588403
15.707702454828915 0.47648389143336695
6.843220035523756 -1.1604721544003638
10.066138956758163 0.20480797000465117
3.222583831790375 -2.525269844777539
19.53562844449651 -0.44015697977785806
6.048007933094956 -1.5237636018482033
5.834765071740243 -1.2730156679783688
4.291889174948528 -5.0045278033401095
4.226466769874219 -1.428136029978849
15.065230526105896 0.1565973998751462
7.976917928263844 -8.46973475211661
12.32420720380607 -0.06603719089018195
1.3814662079034465 -2.4567877188507263
9.05544023872718 0.08325471037942028
19.018415793352347 0.8034084343728589
16.68902735670902 -8.210193390225664
13.188330937949177 -0.4827752516288787
1.554266776758246 -2.991215779001396
4.561312897447129 0.358570506283979
18.899775402908343 -0.2646114983156567
3.333182807965554 -2.36955516148117
15.24961905858579 -0.32737310764553385
19.30214737867425 -7.284798704834399
15.280395712395816 0.2792282259246315
3.0971598156979643 -0.9781032656042797
4.662612518342965 -3.1605603460666725
5.427887726869851 -1.7221535150837286
3.268828089166756 -3.269972021549461
4.261150557031012 -5.93221013632003
11.843283766099631 0.499538121292596
11.844395179420975 0.5727246991507657
3.6376848536411956 -3.8539526381408034
5.772700545833913 -1.815307054930719
15.669278704179288 -8.24909481049521
8.942298386469844 0.10780350643371131
17.63628177322918 0.024415881226397346
18.46616251407299 -0.36907058031721496
3.843443366635089 -2.9933700570485606
4.285190217660139 -2.35280999088464
17.03823513553831 0.06605212251293102
1.5667924308309493 -1.4280599448248943
11.292994418751256 -1.17820112311771
19.258374796365267 1.1658822134649205
3.7049568504046615 -3.1703215159426374
4.581258183504008 -1.8324856866127566
8.35465531831993 -1.183260038992968
2.102498662071799 -2.8347875324535243
5.450948977209336 -5.651068236065889
16.568341109518897 0.9550424986568978
11.550921092086824 -0.6481266863098578
2.512455248789211 -2.9243698909951044
3.083152989314601 -2.5606542777180463
1.0595106738823512 -0.9629851638384974
14.864224763796674 0.7754490470837885
17.68101138974841 -0.1477316119764234
7.62575838401909 -0.8164269106120274
5.442608571391398 -1.9603151548873008
1.3320271076327528 -1.5359843333160743
1.315368033549017 -1.686486147928898
13.623528628342148 0.8556065315465149
4.766027149487098 -6.455322968216993
3.8670872993620606 -4.901071614984083
17.176812407728228 0.23764809317075763
9.02101667213727 -2.428664826224462
3.8275902786731977 -3.2939659022207812
0.17633632679577338 -6.53968080608244
6.898108526811527 -0.9379616110017404
6.413799643594123 -1.4155890793247001
14.39907646543615 -9.10854969536161
17.141694775950956 -8.33022563734245
18.32779457128266 0.005665850757078324
0.17257378443947635 -4.81280559134128
12.496075602244872 0.6986392814625819
7.018429081298538 -8.379103281430552
17.99322328314098 2.224292366846936
13.219201259804052 -8.84340081450039
2.67745590894968 -2.4186152999927453
1.042814291080541 -2.006240271820785
14.29616862740276 0.6948908410477763
14.76973457332859 0.631114536001653
3.438154848989281 -2.2207372137999486
18.500038757843086 -7.802669776469069
14.532782276937436 0.35058601144898716
6.6645044846630945 -7.829916773030033
1.1951365513796903 -0.9853042743932667
16.79637984714533 -7.8205640229682505
4.79164274086728 -1.6115858649740125
2.843811770498649 -2.8325973239481455
14.971041761468898 1.1907642554923505
13.621554074667834 -0.9778727641742311
8.817560035682304 0.8821289798110131
3.170509827725407 2.5162421392832575
5.800903387369165 -1.7585057329514646
6.250428025907119 -1.9016671034115398
0.8643355018058562 0.03088881845340899
1.2256461929631965 -1.0625375798952796
3.786172209531398 -2.44714054440744
5.701622027001822 -1.7231388736907018
3.2113091974151873 -2.1564837140868414
17.309415428904302 -8.433542055909577
13.109094393527718 0.54311494787612
16.73883291587424 -0.6405509740495855
4.621618460469384 -2.5131379987025437
11.123650070016463 0.007506139478507645
2.1475691246058903 -2.7364512267378416
2.095406977572164 -3.1674621440801505
16.720344603113784 0.8913653629345826
19.567970555293265 0.7836372648668288
7.027146402486608 -1.4640860228770416
3.5005335226424754 -3.3183283619606887
9.262092518359854 -0.5969119976770497
3.7592245680299556 -2.417222795869579
13.46856651637914 2.0837843553821136
6.173670160868043 -0.7123183126533921
2.1857450645921976 -1.7422457017393467
2.659784176555781 1.7720408081346084
18.13243789022009 0.8953739423011934
7.324753514473107 -0.30645015526073166
11.9327590354764 2.8239112438206875
1.9686320916709914 0.9815544209706677
