12.955670577293922 -0.3738370287357499
17.141879783647145 -0.23215873900578876
17.96645633452307 0.4543726470455795
5.615922715210111 -0.8264328548673465
10.133462858419511 1.625361711605467
6.59864348947453 0.4061191896743736
6.554364875895779 1.1090979546583817
5.905240342430509 3.1233718380520332
1.122666386575146 -0.0007529716788099855
16.67690983174028 0.08263053547416215
19.676301298348186 0.5252008480873415
9.333551737869424 -0.6344718504556627
11.752408678137966 -0.2143496139912901
3.7308691782482244 0.7542739463381627
18.750764973162457 0.5126398944935918
17.96409823493621 1.371972593726246
7.652473562507863 1.387178718065949
16.395800122443752 1.2049954818075004
13.155774538329013 1.3211907882353608
16.14009830164971 1.3603540027381342
14.162087067024734 0.027207712329949535
13.805661034254081 0.7362517032306622
0.34960396267747434 0.22584518691724312
0.3187900520094663 -0.6406698368883035
16.498133747289266 -1.1047309967141767
16.442565888636626 -0.5479992635601214
17.509997117807384 -0.5921112616671337
9.319912413285032 -0.1168890813939843
18.190444297150876 -0.7061467786300365
4.851663284379057 3.173597983439636
19.439406854919003 -0.7780599612211833
16.87139987122699 -0.6126699206534325
0.376873349349749 -1.7686296319835233
9.163325738969093 -0.0875930635911712
17.304240793829052 -0.8561495063447672
8.145901982668338 0.13821028004319819
16.58975887639782 -1.0495335761090259
15.869996102142958 1.2046700677094697
18.068212124840603 -0.980947371265242
2.1608830931189473 2.7321979554534583
0.7561949929637686 -2.476852262059154
7.556412700715757 0.2922275222298949
7.283315711268698 -2.7929119971079137
6.729702586406725 2.0464598092505617
9.875098688735438 0.03061425682797131
7.077020236935305 2.1272393725492305
0.8478121367454974 -1.949832991835362
10.13529721089679 -0.1519416958061784
12.840483867403625 -0.643720556739859
17.67520999793566 -0.1638557830568399
19.717712423619044 -0.2965235727115268
16.912237685716978 -0.6616649788730442
17.602038181269005 -0.8272658184588919
16.378613638740514 -0.5652758323473527
0.4781567212732073 -2.2297517558764617
7.986991292478133 0.20783592794374753
2.780032199529028 2.836387298961903
7.5571772447833085 0.32404875636095887
3.2988336605446906 2.922980818075409
6.612849636239547 0.6064311536457214
18.08009033460587 -0.0958902527661669
6.427264336952864 0.5808061306320886
0.7531995005693959 1.832628648787555
11.345697364425236 2.1339998191243192
19.860482558983524 0.05940479271281844
11.209204165336153 2.1135361960058803
15.504489234123291 -0.16534334630915698
6.633214065248473 1.3185472877968214
0.15638893184877034 1.6675992175565775
10.395570641229499 2.1125931791833343
18.82304599816422 1.8719807134786512
12.1937909833669 2.2894195021637156
0.39902117340415155 2.1866899298349716
10.222438815916247 2.086125012147981
1.595316508870466 2.129465921626637
10.223367745282093 2.549742011527752
0.1382627651791628 0.29516978279991046
12.40645288946563 2.3555167465333433
18.539419849893992 1.8152862831043703
10.173250219753992 2.2854357078326935
14.236225229595082 0.07110647281179251
7.436228104387418 2.098555638859404
15.299024895456883 0.49414961823896775
9.431332087820088 2.014722012334868
0.48664248913384334 -0.015477588512384906
12.007663867385922 -0.14393685099401082
19.226666172164077 1.9499547961680772
10.066718020209148 1.9555837258845585
0.1954498206903103 0.229574823334799
4.492723942575182 3.2460797981133114
14.10276313072195 0.03300482875617597
12.768787430838168 1.0315936510585835
14.568521525844782 0.1531305307862318
14.039843840777943 1.3149646337420302
1.6060434768181462 -1.0750484559557985
12.321973917103364 -0.1858271826429031
10.774883410941452 -0.825722824794185
16.259851173286734 0.2807301595250371
17.05887862821084 1.5241556693730953
11.521527803296559 1.3130739318856468
1.7917234778344786 -1.1959795411077998
1.7211752309676869 2.2618280210706248
1.60156502766429 -1.1495999180892944
2.0098336711706515 -1.3085778878277505
0.5568521885689538 -2.033662081870509
1.5462046290534768 -1.4406892556521755
1.5200190597039023 -1.4494157413922764
18.93878030063499 -0.8753610620537567
6.175732052853584 1.7454017144401024
1.800540699244839 -1.3586119446964349
1.8410423618278593 -1.2981670586568335
14.832583658325664 -0.46263385370290244
15.706150604854614 -0.976733968240612
16.29398941994521 -2.8341851955596993
7.448261139118466 2.063266868706917
17.59384432333865 -1.7950545302051506
12.733742956703177 -1.1129227938551018
2.5505921953966606 -0.9981512048268668
17.274631397292175 0.6711945380684138
11.509533118433168 -1.3416657944355437
1.2911129217274013 -1.1586431108723338
15.657594227477977 -0.5122280022032498
19.60480634853365 1.5460861859434092
12.540111815627071 -0.6355875447875028
1.2438473625352573 -1.192101260821546
11.894543008611333 -1.0190776863144302
0.5991504024959535 -1.0719202664513758
4.6831287262040435 -0.8937667243134033
1.7850732457230898 -0.6917385745525146
0.3872342251605474 -0.8687289291445844
1.661776289024943 -1.1316206733020915
11.895411103882694 -0.9954167027566821
13.227901993844709 -0.3075037363771509
16.69783031544 -3.8776057285233314
10.943793714368816 -0.7807209152310284
3.0169699742793163 -2.023038680761053
19.211576543919485 1.258227678774427
0.25016517263448884 -1.0547132081474426
8.282223185720452 -0.553560761794131
17.309352745483487 -3.8234170436853208
13.827032044736102 0.009509706351676923
8.827768084228685 -1.2946501725699375
15.312664133440993 0.5966338211519847
12.636411309378545 -0.5945488505891641
5.470272052949702 1.7411082579720802
10.211156886399106 -1.8835379141271313
18.243037549661782 0.9115504254291568
10.65688801742885 -1.73459650555112
17.62394204872085 -0.7805063343978178
10.841432118318677 -1.6622547355357766
15.021198760257784 -0.46254202069860195
10.450311293027944 -1.8173514218070814
7.581547396044338 2.062780827818352
10.751215287692172 -1.7025709971553298
6.168677187061817 2.5708042830014515
14.641137338929894 -0.4880918291600746
5.458299812559655 1.7413522898506795
19.85609884794764 -0.9353334756365704
15.643995845423461 -0.9525550046166578
15.084652449781714 0.772802678085269
18.611007733399134 1.2716910293703574
2.1159887951726164 -0.16869413727028432
18.268892741136746 0.8256192352246606
19.34733726188587 -0.9384578119060655
17.71544323904638 0.8820367927086151
0.14523991324282254 -0.8726954708219146
1.0530469720039368 1.988843586453514
19.556204454604494 -0.9177393049762627
15.415110822447517 -0.5230299652299931
18.80837955351231 -1.0368053758258546
1.286086282475391 -1.1578484846235038
18.676358180414454 -1.0245617712794177
0.330811495122014 0.34147165781560607
2.1282072594736445 -0.18469770925688317
6.519636629451773 1.8254591152823716
1.1402558978914221 -0.8152913711383325
1.2154938370270647 -1.0177820120792804
2.1625312061044952 -0.3141249443689582
10.17597975259469 -0.30959131507422605
15.548335478185669 -0.36013792249086024
10.309612967265736 -1.0505523815950062
12.575465118093472 -1.04613495958016
15.479726172722213 0.9811005695202327
5.181181507402005 -0.5659339545100165
18.127584402327674 0.8656743926306508
17.284618012235615 -0.7342577613900679
17.90176901970223 0.7085070454569811
1.3362575449527125 -2.91170732722254
10.736072872672015 2.269792606702217
2.485153116865124 -2.4726957236894433
7.728063707925572 2.1872082504286587
2.005911650527995 -2.5317597270571666
13.647628552642963 -0.866666055848427
2.9805853614833895 -2.431241967307476
18.68405595674462 1.111292627585454
4.444746331279102 -2.144414751322964
1.4723249041339237 0.17638068954995942
4.1577177991638985 -2.241534758921757
19.60889210088972 0.696598730580803
4.025848456652172 -2.2888211258558764
17.56548656352881 -0.7407166136124259
17.752950135693585 -0.6679524675133692
13.003501829565584 2.080592616174649
16.30361251876954 -0.9421478931074175
19.165970603213964 -0.7228850251808498
5.47651972729629 -1.6797145266802957
5.165149021935036 0.5299239060262111
5.6241571447003516 -1.631978068868508
16.150884501408925 -0.33673715412724275
4.898107085942777 -1.8564232117508344
10.622308878615911 2.265771479696425
4.889068773494464 -1.8623189279685086
12.665519279211358 -0.2803543574979151
5.145122061110559 -1.7628079790980384
13.013352999747061 2.1160870771499396
19.744430060165477 -3.882304136395411
8.327781393070007 -0.6133952666761411
4.933980745889731 -1.8454169113012904
8.542504082991462 -0.6620655104831792
0.9008577796967944 -3.2382448138816753
8.73748445903381 -0.6660714768319811
12.563904110993075 0.047113202841159156
0.3289680808179183 -0.4240088695500618
1.9630484863681006 -2.7113592757957092
19.481402482204565 0.6902814590634904
7.75902979208111 -0.41840971915751257
6.9157410951964815 -0.6481853900104207
10.653974929498236 -0.39925250088230213
19.931797022429844 -0.49718216565743256
2.4377012011896415 -1.1086288238120143
7.689333333986387 0.33171212115829296
2.120428959011993 -0.45026029914160304
5.150417235427155 -1.1392959621676515
13.762882848843573 0.2910265134003027
1.131300222728282 -0.4865201903084502
5.641496320735535 0.24579290978770663
19.93905758731304 0.653807141463035
17.350576719286476 -0.7110136377750153
7.455859883054018 -0.6876358942076344
15.802108308039106 -0.4315501133920055
1.2649619422426084 0.09574925274300164
11.819898626015172 -1.2335102479767592
10.11067431870824 -0.7580617546962355
2.4002591435098264 -2.452956472755103
12.166861362019283 -0.600488986198511
19.493419269485088 -0.929066481054108
10.506665233244654 2.291129154797821
14.495494488541565 0.4504046087379497
13.25069076465676 2.1534310209121195
16.241315662507617 -0.9662171351469085
9.211066313903476 -0.8377693479470464
2.4377347408996095 -2.5152063236371607
9.261205265285023 -0.8376193625460072
17.38129633212965 -0.6326420768731101
10.245847780309935 -0.8230232708574515
15.536930447373347 -0.29853548277844993
9.310565743404688 -0.8674466293793387
3.3589081554902114 -1.351540548609923
11.214261031187746 -0.7737025159939553
11.830292823828268 -1.2092776048733225
10.348412683195015 -0.9116223685489792
5.670518267027536 -1.5745314593838833
1.081085289847191 -1.4999966783107084
18.603097920656506 -1.0280914348289747
11.379020009185648 -0.7249458909757807
10.281090678808773 -1.8073916800643601
19.053944669625515 2.0480828040779713
4.004816500713418 -1.933458114244622
19.10826704299786 0.6843391069220771
11.865486094683273 -0.8680525774413596
10.382483909412098 1.842353766690918
19.474520792639343 -3.415419469094294
9.596254820228042 -0.8212417055697194
0.383078468961787 -0.9211475167208282
19.98833490971813 0.5079533960326618
19.892594208888013 -0.9285547145622733
6.447444746840587 1.167676108516618
11.544923105235297 -1.2833395044249158
1.1177003833020187 -1.1910632738291946
10.262542746330016 -1.8182789321789654
1.2321442036085684 -0.9886971932152326
0.9617460419542516 -0.7343906329043955
11.787611930314755 -0.6089616393663904
9.528186493999629 -2.136545576431366
5.878545336741215 -0.7861372531160378
0.8803320892246758 -0.836680593465896
10.789245109904243 -0.8736006756695465
2.3967076324288614 -0.057240342142951706
1.180384702830843 -1.0784963934147485
2.3877646740437304 -0.15835310159287536
11.741252078520791 2.3036549779564295
0.6573192602947373 -0.831350843133787
1.3569299998742694 -0.740155284043404
9.637085972436592 -0.29125509118149073
7.343649335404595 -0.6768362248091706
10.511958907344562 -1.708231891835332
1.4681635795156238 -0.9929876812122712
5.4612119473677 -1.318370631517047
8.707906235804876 -0.5754469550197643
10.260210632807059 -1.9488822559806682
15.086031400471825 -1.283273639720617
18.657450851778325 -1.016385693374673
15.512878464253765 -1.2608967171212382
8.635272921404251 -0.9597750129675755
1.136640443662712 -1.0976409023245348
13.236695931040863 -0.6637108638175286
16.148140979769163 -3.187665956539806
12.781302186795802 -0.5978946990117711
17.45359214739081 -0.7494091691467243
12.473611616681277 -0.7523416516595026
12.206190797133452 -0.4868943483521165
2.1650993791869224 -1.9098578597400493
14.497353686264836 0.1437845414056056
13.141207751584089 -0.5896925171200613
1.7737834571773643 -0.7273229162321425
8.972633490587512 -1.2941345505907242
0.5050251318329574 -0.5869977922766184
9.027478114912485 -0.9948422416434777
18.224057844531778 1.735216425456391
8.634934896471766 -0.9529372833369214
7.35167105242159 1.3140289303824328
1.1820615728160326 -2.3718786674979766
13.790928614502523 -0.125739570956649
0.8053466444626081 -2.3817996131370007
8.591161912800224 -0.18381805191957665
11.492468616239828 -0.9435573687360934
14.584420206976146 -0.5759061593228764
2.1675431228693003 -1.996859166526246
4.665065768624021 0.5130144818112012
6.023498748479644 -1.1403203037450425
3.8887700104716543 -1.568302261119232
10.063769552024576 -1.3775769082744969
1.6742163981630815 -0.7508113017052696
5.201814360383504 -1.4485925315393418
18.823873904306282 -1.0567464012157946
1.5329365126021741 -2.2128258096589226
7.6217188531124185 2.0944254290335413
16.696824892779723 -3.8597295801864844
15.516232675062112 -0.6854323590794611
12.187336798015009 -0.8329433951696195
16.128948296652208 -3.3468243571446825
12.447614002973404 -0.8524807381973537
16.651301769046093 -0.97494212602274
6.694297577184064 -1.1013937800875855
2.361984992729473 2.6246144252514285
17.131430394000706 -1.731011485346031
19.771430764463283 2.005749328567821
17.130364480550945 -1.7243394874983298
17.759780362581346 0.5688763357088104
11.26088427863401 -1.3293414522665439
2.9206236100038407 -1.1611785609740448
11.672138607003161 -0.9248903303602956
11.422946834576463 -1.0067476077000737
11.256777679744372 -1.3247743395263738
1.198937287330499 -1.1966160665567775
17.02823378041611 -1.7292107939337793
0.22716427112717275 -0.4639073165666031
17.34351612896908 -2.0384503064946324
12.354706000686623 -0.4496982067405267
10.835323538990929 -1.7847247229059329
1.830860932633139 2.3853033909332737
10.83653116033757 -1.7845943271664948
2.7491846795547783 0.5179401968485747
10.250740253160242 -1.9619584968343882
18.86650084515033 -0.877395448735277
14.740803584223425 -0.4872245488625418
17.870835339170725 0.5311450366603929
15.522645758267569 -0.4640191513350584
16.704415708211123 0.28864296336092293
9.092004197144695 -2.224586836325646
1.3815619839731386 2.335735419553155
8.473084036818669 -1.2211026438128902
12.176535800915905 -0.33175944196936086
9.576434524691024 -2.1326126614704566
1.9525427804445041 -1.109113400423187
9.349921066164395 -2.1350272245829984
1.5604986552491207 -0.789747919804875
7.192038684068787 -1.123927505429418
2.391256613775296 -0.9281440296896768
9.112609063003603 -1.3467412065897104
1.9956416090564046 -0.6752234844242653
12.774744214392037 -1.1055346198019418
15.766558336683532 -0.9136345633494318
17.335366704325207 -3.837287579058092
3.533806954519846 0.9811202741635019
11.623190496493033 -1.4913457809575141
0.06540885872412147 0.3634464392350254
9.385207204667084 -2.118525019943681
17.910564864044126 0.7223015518626981
4.758681351745439 -1.655046553449258
11.479486052258087 -0.5266127054775107
12.71871483043757 -1.1180464711323155
14.369066534769226 -0.2358455410381208
5.221295085948856 0.3932093112220434
15.475341837208846 -0.2973036739843327
15.512506558864478 -1.30364692644435
1.718274466185259 -0.8615746656520694
19.901549757465766 -0.7389004822670654
6.349318431970995 2.4913324432323827
16.34359132278081 -1.1069024073041356
3.548083868543178 -1.5112389332556524
15.464620434589516 -1.187908071025625
3.2909075640996863 2.9453364899273544
15.005446722593103 -0.5789225049997353
18.943099877683157 0.6670666337988816
14.428976333406677 -0.7318180375867183
5.95580646967108 -0.23511731614994533
15.330446424083071 -0.714425836322604
1.6409446408445363 -1.0394008233708896
13.691738738440629 -0.9820078046243009
5.855072618616173 1.718468367801792
16.94838191254375 -0.8977464560285301
14.919620759474011 0.42152438437867856
17.375767947317225 -0.8211597975333068
15.104360569144966 0.1589368786933351
14.123503189705518 -0.8306199792805669
6.519945787193047 -0.6980641396563929
14.128426596474466 -0.8322158947388205
13.114351621733274 -0.9276505760941653
16.34088455193043 -1.1073734210244375
13.891143744472599 0.2532499131066924
19.02148492072011 -0.8704385203639788
12.85785931913951 0.07526369043550817
14.496496472227852 -0.7053490580107944
10.675135608700192 -0.820616694552068
15.151650560732609 -1.2928158874615676
16.68423277718697 1.4296004580764623
14.61063201750417 -0.7038859423764112
19.711066144178343 -0.2760035800250878
13.116214881907435 -0.11760735318889193
7.569913692012701 1.2507492617381453
10.934541387296468 -0.8523598030840933
8.349835740184886 0.07069044367418312
1.3314451000526593 -1.1896799338998048
1.9869161102956037 2.659955720453611
19.031653065732318 -1.0326102513617041
15.041488842562224 0.30396918061478495
0.4785614567276061 -1.990091650322022
0.43634575435302314 1.7428240568046278
0.766086163453849 -1.224608190644273
13.11171188096861 -0.30148317769091487
1.0651768564667343 -1.0150912564827237
15.883841069559148 -0.9316158612972623
18.082615787588136 -0.7953703555001032
19.02659202688312 -0.8769471696188045
17.188798391143273 -0.9890250895255014
19.401405302584475 -0.07026694980547986
1.6223048933048683 -0.9741500820537957
14.668735353302477 -2.0178457331068063
1.701021435501091 -0.749553717270554
18.310003188768302 0.35431757987636914
19.03199448049737 -1.0315324282656404
6.153990273117804 -0.14840953703004864
9.667144507134177 -0.777072759186366
0.4888919302356627 -3.7277206547172854
1.6053263865220533 -0.9846130345393846
1.1219870676878985 -1.406977506907446
7.666250520502349 -0.6410995703546805
12.804192955262948 -0.441621896068949
2.6594733592233535 -1.6442025721895925
9.476259382732456 -0.7964505452385734
0.8298854771586295 -1.0810313413429842
12.088559981164375 -0.7427141936135316
17.96201908490332 -0.9977558447425665
5.565729430418333 -0.3795492460128975
6.166493931171252 -0.7250707117993003
1.436583603333595 -1.3764261233762214
7.84893520800417 -0.6159252502416872
1.8702658471771902 2.4407554630352553
13.828688722492753 -0.02544274290166936
1.3334390024338214 2.1877119451060687
5.852077510175798 -0.800263690362508
13.987705841861466 -0.7415868702915145
0.9261988513370654 -1.1845985970160544
0.6494160099479835 -0.006011470353305758
8.246778960146797 -0.5681531952813422
12.765003079174987 -1.0272982853845916
6.369061556608373 -0.6889223497077501
5.175121402014897 -1.1415581351682837
1.3126416609834977 -1.7176582849426505
11.31196103942981 -0.731886174570254
0.6989850078819908 -1.2538898437626296
1.449641358893499 1.8360558284159356
1.0595166312248485 -1.4429389104290131
1.9091948900466946 -0.687161811017451
0.9016341357504236 -1.4457447547460274
7.4149571672238 -0.2154303645949024
0.306784063530101 -1.3000532183571543
17.570478480709742 -0.7942148786074796
19.94718223678478 -1.207097193170271
15.897314280455783 -5.226293362130506
1.0013669342073486 -1.140466731349276
12.075297960545669 -0.40841933298447014
0.2958528657189343 -1.23930382672271
12.427021221802816 -0.46572442206203757
0.34280867380305663 -1.240582301062958
2.222102234806055 -1.6973486615393019
1.1809808390782095 -0.9286319723707628
15.35106719313085 -0.30426204294669823
8.742903949436233 -0.660934241218238
18.23386262001428 -0.7884384136733055
3.433883663538482 -1.6525515321041713
2.2892029445901994 -2.6274482720068244
4.828912762740898 -1.2861728589337562
16.4384271512579 -4.988375990358168
2.9111336028492123 -1.6542445049668226
17.78806833784076 -0.5310732724567948
3.973473050256511 -1.6619133075684136
16.747152717333105 -4.855134152043623
11.681982290163232 -0.6314900480234356
12.304696259573577 -0.6570082774437426
4.952971580421956 -1.2353257705730702
9.190303452677776 0.7445803229772217
4.835207622407754 -1.2766254137466402
10.503245206564449 -0.788967398375655
1.1143470824411166 -0.9832557162777795
4.545346545262495 -0.6821636091621517
18.012369867726587 -1.003456935206999
4.339275521649888 -1.4805160956766807
18.03720246906023 -0.9983631102900714
0.9673179266958153 -0.9209258714873818
0.3670516662350842 -1.1610358532276694
14.597735060129578 0.22035058118567385
0.41425001222917424 -1.3086428734259459
2.9329980336562187 -1.433066766292572
0.2791345702775017 -1.162887205705189
6.67341005488966 0.6854955548046895
0.35242864670157015 -1.16449612605925
15.126500255721107 -0.10589086727543665
15.465350984547305 -1.6520822444686918
6.620489318572214 -0.6784217487907924
10.28965076786934 -0.8509093385666976
15.872629559902593 -1.227184994574803
0.9249200447338806 -1.5591228597061912
16.56259044071796 -1.26382277971786
15.419676951199108 -1.7140745213455597
19.830802569529983 -0.4637991505468214
9.073870464568126 -0.8499413502832416
4.98139520335586 -0.7489256625816654
16.095304805360637 -1.5767188188388375
2.374180969825684 -2.0454947675582806
15.956975059389267 -1.6397414244480992
13.45266561718678 -0.4192205277031406
0.4089761097521841 -2.0690836887949597
1.813108594485366 -0.0842449962876844
4.580392548254936 -1.406764500520775
1.3272987744420994 -1.0903018135232607
0.347583013551107 -1.322527549510092
18.55411875897526 -0.7535734359796387
1.7925699937085031 -1.6164368306103583
19.8162141750458 -0.1089012143103143
0.4451163222828908 -1.3203999145863534
0.38893050859301403 -2.297289474073059
7.523199334515908 -0.6999906462201395
3.962205013129526 -1.7869615752218402
7.736599651456283 -0.667681133470813
0.5362772452203992 -1.2868822367892614
0.48748793166144755 -1.2971192158779157
4.570255473842978 -0.8922540494474958
8.490879574337624 -0.5922841080846062
5.325240429895489 -0.6210076310376519
8.968187791786132 -0.7044120718231069
0.7572070837197546 -2.6372644302623325
8.337388706203102 -0.5757974435726758
7.212903288825536 -0.131933959730059
7.290735597298008 -0.6983570510443923
14.347261054672975 0.13519847317399805
0.6820776562753257 -1.9195549800829308
1.6466408593684438 -1.4538409256007525
2.1042923494831394 -1.5969267127789
1.9990573437289272 -0.17331697299746268
11.6216436027358 -0.6917761939075009
1.7538011330664884 -0.5668449463531935
11.628939552654046 -0.6711406836464767
4.158022882882358 -0.8238062884129196
10.202343688619262 -1.053830669766806
4.9549072926436 -1.4608073098665475
10.21401004234873 -1.062582560094156
19.396608966950996 -0.7811908042694258
10.223456139432006 -1.062084156215758
5.395196539176326 -0.36446304649765326
4.799726475528587 -1.3438621251187
2.309948671282574 -1.5759833931186977
5.032228546509585 -1.2459755295470478
16.703599674055347 -0.9968378105457489
5.408098942563849 -1.047365202577867
4.1527671870394745 -0.8968159581974737
8.054559676491822 -0.6673941498462249
0.9490574698941224 -0.6532890111138762
8.053659925357916 -0.6669032858228133
1.4555666984434323 -1.361850260214203
5.416823215169654 -1.0443285032284182
6.7961601678101164 -0.03722804409149667
6.0143168714200135 -0.8279970877977901
1.5604120435975148 -1.3047782155994834
4.6239804036908465 -1.4214454454006495
2.5218704032838843 -2.570459151178395
4.256883353496521 -1.6228296719453137
17.74474315883066 -0.987088758762982
7.199474007296849 -0.7201701932933208
17.02811067972146 -2.052980271129269
8.925846870892816 -0.690183977738348
0.41807748463186417 -1.9924450334663724
8.675379990639108 -0.6287684806928999
16.692160399427504 -1.2166544262784138
4.193625135600803 -1.6517220265915789
5.105949151743711 -1.9627844762239748
10.293264172462859 -1.0653698518975503
9.184789709895872 -2.6712716176197477
7.774150042679613 -0.6757199353902843
4.976023260396351 -2.7249955305694615
10.197912032127338 -1.0558852739807836
4.023360203893247 -2.8817548673212845
11.516435917384529 -0.7765196733571356
3.093791605869739 -2.966583593531395
12.85941304348043 -0.4453852498601903
1.808899754849147 -3.1300229898301617
11.357845302627013 -0.7430721918652523
17.969173560252408 -2.937542605691499
11.776821949522416 -0.5692663051374954
17.37883411114265 -3.61344108565581
11.464240481148902 -0.8028425360230094
0.15317578268066023 -2.906483014817814
10.452088483839134 -1.0418077156732892
17.449160471036002 -4.513853455541335
10.809520378063493 -0.9592836941321621
15.88868340508945 -2.5095418426915113
8.593550950133622 -0.6744407014386107
17.361577485061403 -3.924965205681876
9.965132806745492 -0.7947813247497353
15.623628745798829 -5.069847515751513
7.486260766644225 -0.7568927750743761
18.442945841668617 -4.1431954003022495
10.387540276561925 -0.9309908660768579
2.285760629011999 -1.9499014982026914
11.696765498717486 -0.6508131984845801
2.8769778927457255 -1.7883530900769367
9.382163514691833 -0.8785730578070023
18.28396660585618 -3.6116775549317723
9.845845673680342 -0.803800704636315
19.378915051176744 -1.2396858586608426
9.121123035687395 -0.8874590111932511
18.778662867978312 -3.5339188214900554
9.18783259864353 -0.894301200214929
1.3385898688440974 -3.3132488192210383
15.834507523026101 -0.15247886486062795
17.447718588639617 -3.232490168613751
8.18251461425235 -0.6547957384454693
4.943307142032418 -2.7419646102287882
7.793765802235876 -0.7150751735040077
4.235655414371206 -2.8092466849406783
5.6356576117256445 -0.9389566481176677
6.7984776209811315 -2.887790260405703
1.8101111881211518 -1.7431650935933318
2.2113435094065745 -2.9888803846199767
2.2551341885096763 -1.6991014468850312
7.348935036538171 -2.8579880194246425
9.64197126980499 -0.8362210443872511
3.141674562011364 -2.946313392401073
1.3477494686953881 -1.8092846293197948
11.190773744068451 -1.9312679788871912
7.645087779489278 -0.7077751850425027
8.32160208261709 -2.796508774415544
9.817229269388555 -0.7951888954968344
11.111980376815204 -1.945529050840915
9.658110131232554 -0.8287682742157965
2.1421431097960113 -0.43465903474096235
8.645802555900138 -0.6777863575347567
10.417081835720719 -1.7256655269969319
12.88859325259527 -0.45332973765507734
8.787891930766405 -2.2107761099442396
14.494833349125535 0.057912070470705804
19.974528767143134 -1.1162031368914243
12.20730775002886 -0.5721741330083603
15.471002188531937 -1.9464605642197395
7.525936436922973 -0.7625368959481673
1.436813010653107 -1.73780956447771
11.300690025241606 -0.8675911597711526
7.264777473254155 -0.7113716983860824
10.8178386615528 -0.9530899679640832
16.520848061734533 -1.791231723177085
11.45495657336539 -0.7804462812960513
11.226460207398363 -6.536832640650117
12.80644139577749 -0.4656360669496862
6.740197646817709 -0.6859566818679491
19.31425163242115 -0.6771536130018242
17.76018303979831 -1.0979762103494928
11.593123935255242 -0.7617005523995699
16.600058172874203 -1.1757622004030466
19.92838278664526 -0.42104917202216907
16.46314251913224 -2.865533841823847
0.8425160389734454 -0.5165248707743552
18.337689386507556 -3.70571731470706
0.1969938399016826 -0.5779182633268563
17.05805646220915 -2.117176118649192
0.9725153942222015 -0.5233811969903089
16.3513569953921 -2.700225260431643
19.96995800959107 -0.20646605430624343
12.679946935111646 -2.347400782336001
0.031108271003768277 -0.5825790489186253
16.239928899604337 -3.066298069031908
0.14362113973781632 -0.3982465310240355
10.865472821026383 -1.474448816359135
19.05529234557691 -0.7248899989300102
16.06494505034974 -3.3993305760579657
7.094773766632916 0.4331659077478909
19.263230299328384 -3.878366458783201
19.10032723364305 -0.7255206943333572
16.008453537655548 -3.2640790271347897
0.016976795793406767 -0.595081284123
13.018783019110344 -2.3202359067448324
12.66062214025802 2.4422182034193636
9.594141588175646 -2.971595416892206
1.8269108857613152 -0.08324634989907549
15.095842817607778 -1.3697017925370043
19.913247994077622 -0.6099553406178392
15.34536702723132 -1.5948709017784883
19.3402735514464 -0.672433587044216
15.183150337680233 -1.5283545199016617
13.244392109320573 2.4908040407196874
15.541659193075409 -1.5770616506184854
11.079756269983585 2.2793295990612887
15.629820414056862 -1.45127714778136
7.263534220002447 2.93388187292592
18.000877049073416 -1.0438239303723227
13.498639139685748 -0.32867802902318805
11.572086620967722 -2.4783359712228714
9.27193105544229 0.1939334236840235
10.825439791625117 -1.8829953710823628
17.98337641111159 1.779048130554296
19.86014372834252 -1.280851529111882
18.03312912926077 1.778861008076275
8.630092846167681 -1.2685336908018239
7.017142994298459 0.7528269622971374
0.948231613163193 -1.9263291962046638
13.577570719653494 -0.3087766477647621
10.904828377721135 -1.0483044645330397
18.96255259324811 -0.5086273380640608
7.628502336579175 -2.5877682658937156
10.663571135878513 -1.010407186655985
9.02553504642382 -0.8898654990795667
12.538412814186882 -0.5385153173281351
0.06630021846816385 -0.09088127980697908
10.011360339198333 -0.8124385666654913
1.890525124730243 -1.6441725808032026
12.54264490652483 -0.5352449398513796
14.542086745609094 -0.04041879658939033
8.60872924995489 -0.7485511493289347
11.82063498532995 -0.7176745138153419
9.657663676741343 -0.8826168759885114
8.33317836908815 -0.7279191228239199
8.88299651502822 -0.8714767424924719
17.804008083751636 0.16057288194005753
11.15330591168106 -0.9509665931535866
0.5525411007712591 -2.1401610027728846
6.880725326160966 3.03444254529764
14.634871814007377 0.026709892579580563
10.099563506385431 -0.8605212831004343
13.991484053711968 -0.21036202443474022
9.015492658426618 -0.909086537124622
5.141620863795935 -2.9547893983498543
19.001849142514544 -0.7814176082142983
2.137971626850415 -1.6974517983939479
5.546333705000212 0.5065797293517965
10.040023975530179 -1.0049581261351093
1.7324776638212767 -0.14759972490537604
14.004781190307874 -0.1933143433338409
14.0842624693024 -0.15121016642954627
8.470207808054301 -0.7377590846559761
12.031244948504861 -0.6753247917209863
15.144174530546131 -0.061297681224217734
14.553117752051913 0.00036369967818566246
10.191389729936429 -1.1195274371091668
10.930937951306223 -0.9932848100125107
10.937832381033232 -1.0783115126828946
10.187802203465681 -1.0928040457715118
10.586913466461427 -0.7881417607018204
9.496057917869923 -0.9166093617798124
16.74071070465171 1.2676814087851234
7.321594680533543 -0.8295599483793423
10.449143906811141 -1.0755430000498465
7.594531575192101 -0.7860161505122503
12.239785793828506 -0.5932449566922978
9.599270917505219 -0.8936050108937454
14.340754893103878 -0.11936710011491145
6.467218528351991 -0.7717354296970587
9.201338638818255 -0.9228865829605811
7.385148444482062 -0.8010463976735958
14.366246461953041 -0.06774852832517546
6.454183671581167 -0.7850856086690821
5.9491116751476225 0.163720323643102
10.659856226386227 -1.0629633969675913
2.6682228016192857 -1.844384124061345
6.238911424453496 -0.8303991297085678
15.031619041300758 0.033709590732725
19.12874594120974 0.4300113084411794
6.356647568030871 -0.7773963172220337
15.495331573775513 0.054253267043658224
17.738010448047937 -0.4439431176873131
15.180459020199905 0.07563461859075593
14.117723728730162 -0.29723872281655694
19.182514826908115 0.020503321418406537
13.978981739759625 -0.24336815171405035
15.252097696359005 -0.036343147739873065
10.65371201732807 -1.148293277333362
15.211367642013553 0.027480543484491464
9.886767017210214 -0.8346896319151038
14.310626123359093 -0.19581261943243936
14.395556200145837 -0.047215085592135365
14.557702905883277 -0.009901581039171443
11.025334130998878 -1.0475502172376954
13.496698689776789 -0.33716374943118005
12.484596648987209 -2.1869956207091175
11.01228000907421 -1.0479920337075563
14.847277580528504 0.049425284827231644
7.980440745068374 -0.7031879227549168
10.612739544847381 -1.047834296408074
10.807844660148564 -1.05068052900419
13.698103012799733 -0.28045003616353303
7.627135119255418 -0.7793609223812956
16.014507861995614 -0.2973614262536804
11.623093772205543 -0.7547702503468069
12.831761655738005 -0.494412421253694
11.038277856841084 -0.9966889848950706
8.666012675882799 -0.885744847121744
11.39939278827572 -0.8661865736021788
10.88590823699185 -1.0231800861610842
19.286789652946258 -0.4805527066168431
11.657084640002592 -0.759200753242775
15.149746157511215 0.11881843644189585
0.9323139690796123 -1.9389926688714676
14.998178920800703 0.03978589827445579
10.075535283792137 -0.8503757114713141
15.345979934601154 0.12570094119511888
11.04544653891828 -1.028649174975834
13.98450939576056 -0.21994615933689532
6.563653737945152 -0.7550670720062713
14.819209558519052 0.06255780150452186
13.201669781197438 -0.39227122236005685
13.81320349667264 -0.3128593686874308
7.94575941613181 -0.7270339359085153
14.843938472279502 0.06231336524715321
15.423349814989137 -0.0625563131750631
11.570909783958205 -0.8016682792654246
11.429760280875211 -0.8433063272988981
9.378299726475538 -0.9362288212246586
8.943267649348227 -0.9167761158473405
13.111662120246168 -0.41588041457135577
4.34516715204156 -1.6172214545997492
11.690992690182373 -0.7709728160106045
8.680166897266544 -0.8675145262235964
14.516148766607186 -0.021622085500109342
8.845961989583074 -0.895160063161422
6.1947988162965935 -0.833729978810902
10.502435146720302 -1.06462426657188
10.926283592027104 -1.089235916185178
8.629412662134273 -0.7046109736075667
18.386284363612337 0.22607193554019311
9.900495461224173 -0.8676844425985848
19.34520031794254 -0.2904152267607208
10.164565733715325 -0.8707617351105809
3.321005997733391 -1.7484835351358539
3.949500315281492 -1.7102105780419916
19.492031248435868 0.1915792955592252
15.019076609426637 0.022740010476294675
15.351676518724243 0.05155176298116029
9.26150327007289 -0.9610854933091179
18.979399355570106 0.41463430804492396
11.615038285639459 -0.813097835732802
10.290742542549296 -1.096164776268798
8.661790244489083 -3.0595881895924832
0.006379962828106267 -2.29596297447079
14.762029949475085 0.0342332435910159
14.277499313367416 -0.20761662634154446
15.325316154772564 0.02424868673395056
14.82631301429124 0.06990225442340273
10.778090988798759 -1.0813244382511427
9.231189660411896 -0.9681580485676758
4.8190551782221025 -3.0066997129451054
19.22988103820207 -0.2109640351792757
15.41732318869756 -0.05674575938900933
16.238538227934672 -0.40192493699154286
12.62498488155753 -0.5646548668578643
15.654158792708802 -0.25341611874962494
10.368360660253016 -1.243221484077357
15.239537314747535 -0.1349423862719223
8.500424992265282 -0.7527147695222558
16.407361260515252 -0.46359042276932666
15.165294157810411 -0.05857156449127611
16.658446832816775 -0.37075515609899407
13.999112207275981 -0.22763639426601723
14.044329709960746 -0.2928431747562641
14.772976246970554 -0.12819576173315855
14.899112987679587 -0.14299527132995346
13.996325996891356 -0.2557987174118274
15.92432043434681 -0.28389959008286364
12.626749991329534 -0.5650899085654527
15.531659421435181 -0.25867076876567835
17.240265045711098 -0.25114574816838864
18.752155811084386 0.36327208713598325
1.7838718449234008 -1.9984977897876333
16.635348460772775 -0.3839565637285148
14.152355968625612 -0.24360647372354843
16.543288127599173 -0.4308242703675586
15.748440631620584 -0.3015017940069243
14.6661070740913 -0.27676100184615365
1.4387382078347146 -2.0689414955240513
15.06094250061687 -0.15923360526900637
12.409840587567162 -0.6277748890291722
12.148284701147217 -0.7173797499188485
9.90772861806682 -1.3721290664059627
15.384464328177362 -0.17966727028273666
10.498864231786868 -1.0845728047160235
14.893231448389788 -0.18541744170954863
13.388955705930307 -0.4088913002658849
14.847020092529839 0.017630375574269205
13.481404462916405 -0.3672971787669001
10.862636807186675 -1.1233984417975442
9.644684245767374 -1.3192894732642668
9.837732206891529 -1.4095003602495655
5.9088292560577065 0.16506173061656962
11.826978010538095 -0.7977190297193245
18.357499643518953 -0.6171972207529457
9.784867330576333 -1.4037877252519624
5.449279966923871 -0.43653586812766365
11.476415526306628 -0.8848385016098008
1.2061680271804802 2.3966147970237786
15.138036216068404 -0.17621100248927216
5.225056490847913 -0.6099787894250875
18.54262471625184 0.3576516964988238
5.555575414998665 -0.3581458245191175
14.172148536842814 -0.42282392188496287
2.530849419400421 0.39279849401595796
14.675845585516491 -0.2517750160290834
0.35400622614563704 -0.7006913652102181
13.935060209339234 -0.547178359612384
16.58080128910417 -0.7862162459343496
9.511356034880984 -1.2965847084333006
15.500196552806939 -0.32888414772365177
9.491546195666945 -1.2810136029069787
16.679353179836813 -0.3698834092397731
15.360519225617676 -0.2121856498255133
7.848120012813733 -1.0355520964332028
15.215557933961765 -0.1562404289459985
14.3881289648826 -0.13615573521825158
13.18612319628392 -0.5526708711943322
8.27862807926753 -0.7661597401567362
14.126119048374955 -0.3421031310728251
2.7178105697091772 -1.8446128596940907
16.41145844636395 -0.4813979004184799
16.84157618112616 -0.28407725010402385
15.124068838220534 -0.30064705076016207
3.2088807761286886 -1.818483452670815
13.668777596630788 -0.4616921552591451
10.653434433007924 -1.130479390762104
13.877804861730404 -0.351329256855874
12.281533558561113 -2.216414610710912
14.453919352526244 -0.17010348060752545
14.17902655960915 -2.1139847762956783
13.952415077667034 -0.5566040460840778
19.903050986237286 -2.2225372450153236
17.02485125312325 -0.1773346992420285
1.4184344119426813 -1.8038670451206698
14.649961796041312 -0.28480521900550354
9.705218316498973 -0.8971070875815355
14.002206983495803 -0.38415969952133
0.8985639400908327 -2.445890789671971
0.48396785396299974 -0.6941491718125133
13.093012198729197 -0.4352404469398727
16.86497091638218 -0.2692001008222833
8.446409490236341 -0.7814770259326176
5.551241432683436 0.2858790164529055
16.759535261089432 -0.4248175172035432
15.716353507256045 -0.35860204788572797
7.9257467340797785 -0.7562201992410301
15.936208991432823 -0.31868916079578397
13.587895922623758 -0.3616093058033347
15.624794988843071 -0.26365485361836877
11.975857013561678 -0.7034659960349018
14.382435392706821 -0.3624195300618112
14.33539444013525 -0.09096990888161706
13.351499548012475 -0.5069768377960967
0.373702479379296 -1.838736289939775
13.142833496756564 -0.4967805506910083
5.903804859037901 0.16474392792699313
13.12825253604472 -0.46973363672765345
18.869483410971437 -0.8285848708668478
13.19533452039201 -0.4530706710421454
16.157354641610002 -0.40367785716561494
13.834766440371014 -0.573759981434323
16.152517241577403 -0.4060153623832085
14.618137596744216 -0.29331506687797454
14.921528118745895 -0.390912973364573
13.912560929871743 -0.5770751375052159
8.339113241185856 -0.1601519307526944
14.735862941507822 -0.08999529853586628
5.781571335731562 0.09858030781243897
13.906017011179154 -0.4291694807076295
8.701454886152906 -0.12667439530402694
12.18447016349317 -0.7210562279955357
1.153222704509931 -0.5315543793251034
13.891561342921168 -0.33086794534683595
18.75413463741761 -0.7931007509429536
12.472906166209762 -0.6223725847511533
9.96010920567419 -0.1862573552967272
12.142031459764466 -0.735805326995014
8.411776236328269 -0.15240549626230254
13.594901955707758 -0.4230039055293495
18.733236316284092 -0.7884980197716595
17.94704711904304 -0.5280191300445508
14.24190083287273 -0.5438949062735856
1.1888467572443298 -0.5008490437488153
0.41890340006745896 -1.888509168884373
16.42435790229587 -0.5954284802201453
7.209109275005363 -0.02090584422229086
16.43151641395943 -0.5866337290679873
9.795010697806248 -1.3986058337755458
12.785870914275868 -0.5373358711613452
15.924655342264986 -0.29223127911930163
14.77237003732123 -0.07674453002149358
10.816686671364623 -1.0643314836248554
12.57604419185122 -0.5833108432858604
14.317566116993836 -0.40279309252091855
12.053433108305697 -0.7580265081703762
5.825295734557795 -0.05423511039935135
13.53839438094467 -0.4323796364260915
5.117407338547528 0.41606689139844544
16.66224955121727 -0.5947804598915873
5.665226243597535 -0.21688188116720797
16.35974254333795 -0.8715701591658152
5.436127094101688 -0.2920026546232154
16.98713671833531 -0.7055049768245293
5.803608020045084 -0.07255796534666269
0.5393532979268788 -0.7105816443727045
5.8258201735083395 0.20538146059318857
15.6952165317026 -0.35170513029974654
15.602378910251316 -0.2727230898042268
17.28215292335305 -0.30013418412558324
15.40731369723979 -0.23950799755672864
6.6765782986572875 0.13330002879524358
7.253444783027674 -0.013467395520005143
5.876410918766466 -0.07287628829767918
17.344301493901202 -0.6283885105906007
5.226973909914847 0.43650156076797186
5.37716597420215 -0.30284689502765205
16.23141647591012 1.0646634600229972
16.244197269995272 -0.4520561013349309
6.874452255564945 0.9774063906028323
5.681338158970538 -0.06279561815885963
19.63603990552055 0.4033766728841507
0.8098446491488398 -0.6667994567123766
5.014335174887265 0.788024946666711
16.404789613081107 -0.8779198005913769
6.928501223379706 0.9767968499149724
17.508835299089917 -0.5487980529952988
13.29980033501382 0.01964902324207536
5.66623976416258 -1.2110036853141115
10.356498938881563 -0.7938497302317692
13.659340601209017 -0.7984865260397961
14.278901301332027 0.15123972763615887
13.991009087309456 -0.40441402251541947
9.95675500999301 -0.6890941520797462
13.61194274196258 -0.5130060945182103
13.793252454129608 0.1253535098163155
10.259332519710796 -1.3145314347576953
18.169973758275244 1.5225937177689848
6.888860304981653 -1.0700779243775158
6.14900328257106 -0.6677383615676951
5.081991003716021 -1.4772362366838603
2.88119693647364 -1.3888368169470875
6.509833631578486 -1.0525451383892315
2.7341356700016886 -1.3456114307167808
15.363522188100156 -0.24104791767830697
6.0362782386813505 -0.6205419256682964
11.718706645067096 -0.8100581073857978
6.333704714808372 -0.570096677635775
13.272920381719462 -0.5021567324608558
1.8982602331725411 -0.3851297452578444
13.74607081216776 -0.38262623901157544
1.8334681432016076 -0.6236287999817578
9.003044899426603 -1.2903854154922925
4.991995305922873 -1.1839913975097796
14.641171435667616 -0.06387828576675969
4.601330559315833 -1.352079182069259
8.323600023318201 -1.0899740051000402
7.97541995859024 3.001038175907705
13.326822304138409 -0.4478790300324157
14.496967241319147 0.481255368338567
8.216080269486476 -1.0754141811220457
7.146187139619255 2.8639865138693525
9.582152411063522 -1.4202985772767422
17.01052978676421 -0.2943909413172295
9.817311135037723 -2.745950780887913
16.51309880893958 -0.528162888021376
14.425204519539909 -0.36004839412625217
16.354893400593493 -0.5875160199080646
13.541388449976624 -0.6917147356612287
1.7387761131735064 0.09811970542405654
13.712295562499257 -0.5116422519162441
17.728434300673104 0.2068812930262554
11.646315517262092 -0.8575279555711562
19.35805334791681 0.5265548157308495
16.013202328915288 -0.9176519657077035
16.386692914587638 -0.036134291780067704
5.005998997670904 -1.5133698286128243
9.257180956720557 0.987820153591136
13.159913855003913 -0.8385498640331097
8.791042404639096 1.1812185106175832
14.905969717992889 -0.21530333255194997
15.292787342445092 2.548081185646152
16.23579451346417 -0.4385005473267627
1.95359341537499 0.17081275826824263
14.949537665884124 -0.0658855739979564
8.503620302894893 0.33993261805380315
15.944436637406945 -0.9073253582505856
8.222445028375757 0.5009463971674951
13.260767655839874 -0.8240006125587703
16.092887202990973 0.43213340597229094
16.38569759120179 -0.6184261733645403
11.35771790035416 -0.37882367313751325
13.237576065652986 -0.8113475801908503
8.19365059745407 -0.40242080177445394
16.206281920191813 -0.8597808044683456
6.888800218243983 2.3440043655956626
5.466084849919721 -0.26161095433631665
5.833421368293605 0.34436377760955283
13.32358325366282 -0.7781013706144989
19.67242708994755 -0.5213536688950974
16.767633929577144 -0.44648634067613147
19.198936735924725 1.0056876539588013
13.364082133422611 -0.7893919307335493
19.393375032142973 1.0219803915869488
13.016742004862676 -0.8880649614283996
19.751949815549047 1.0690549646123708
16.270084032347732 -0.797753836812008
0.03152385733441676 1.3802842664600792
17.203445666617156 -0.6749781089074263
1.8289500663788627 2.0323626136615727
14.401711187288166 -0.49315739233653416
19.149671422442793 0.5854571891824087
16.649996088820195 -0.5126516776216705
18.258070205354766 0.805652796484973
0.13642988901003178 -0.6762478036527968
17.9802536757386 0.6959543651178409
3.972418319069808 -1.8607942173490408
0.12268750285254626 0.4894642676430414
8.766974455063947 -0.14585872897176397
17.640668871002223 0.31503440436543273
12.901007290430382 -0.6136943596789366
1.9888833100804475 0.37306504304674293
16.906534358301588 -0.7101578474048373
0.4484626080349793 -0.6282757245473715
14.727358510544557 -0.3626898702965983
17.663781692753698 0.6710666671565247
17.20339667703538 -0.6802852161517758
12.3489557572462 -0.4835981889409425
18.462780458235503 -0.6638143759073245
19.37906183737523 1.3850850631752056
16.44389442677594 -0.8536871984660654
19.647978000933808 -0.5561601577660663
16.235507342506292 -0.8585912749133285
7.255994841187758 -0.6517409279693517
16.091232840895593 -0.8526356709527472
1.3402918784193505 -1.1348508391087806
16.357242466398386 -0.8848834986552974
11.915669753720456 -0.48828549964868834
0.4348314923823448 -0.730323053191931
1.2292526124548568 -1.4693812128123358
16.441385287091393 -0.6184758723575607
5.451798708899451 0.24231654868774155
16.77877867922805 -0.4443205433645617
8.930632944248428 -0.1433109723420123
16.415150647323216 -0.7118086430249244
5.543061827987203 0.2211253938613627
5.353883701481109 -0.35368065977172725
7.741876409784999 -0.20310705447392874
15.603223558896538 -0.35045668443972683
4.536605622191009 -0.9400432968767987
14.239485248424955 -0.5628013565324779
9.139908309527272 -0.12409171145801219
13.975450516625285 -0.6729091475608598
7.190210122291284 -0.015889247180840796
17.138331236611446 -0.304658805778175
2.168726398036832 -0.7426474542167317
0.550768979168965 -0.711024709549917
17.056363115446626 -1.0888004336371635
15.392057580713757 -0.3663257190172115
4.66314495981733 -0.6614595960497947
16.091811615235915 -0.5715475190142125
7.790204288286973 -0.3040645604172608
3.506241930815723 0.7051406857010158
8.48282511428706 -0.2356661737428553
19.960069361570543 -0.6794387408566462
14.538568260054715 -0.5861600092099546
16.14658014901498 -0.5910626748633655
12.00744080555251 -0.5590127563605068
18.502899892967562 -0.6700082767337222
17.392477523611586 0.15721007817761273
16.695383118286053 -0.4765963872715893
1.627994045776474 -0.7823341644097871
12.084710438799037 -1.2974073433463316
15.756065085818602 -1.1829991120599443
14.723351398137376 -0.42567141098763756
15.513740682030894 -0.9128822070679657
12.270405407062222 -1.2368396634945964
15.985857387503158 -1.1568114835623051
5.289167825875428 -0.37171517555379374
8.025214112842157 -0.23995897776794978
7.973909193196437 -0.27904029096956395
9.0021224185895 -0.1610933508488675
2.4424003645927983 0.3321418526024715
18.927480171575656 -0.8708571369811684
1.1517051673682441 -0.5391120779528331
3.3805383657219403 0.9439795800600947
15.622854173943375 -0.35451714126064343
0.5140074257668824 -2.0394762555968335
7.654181512897516 -0.17440399614903412
2.7733441269155112 2.8515939414692344
19.615839851366154 -0.7030159055764057
12.63335804052788 -0.3866513261281088
11.61180459619863 -1.4880976668279327
12.353409876411076 1.4366216272522698
11.671326365752675 -1.4483502939660278
4.607842115635927 1.03212081836014
13.802567618354788 -0.7634961455985569
17.163017601999123 0.20643060602263896
0.5977031452055527 -0.7152038066737115
12.138508566490229 -0.5378258996534673
3.337766214338443 0.7032770581738261
8.360935934790662 1.4558967940584466
8.769194780190347 -0.1722072485538469
19.59453728912949 -0.735652722794241
13.534947250961354 -0.8395331255878761
5.430651453634465 -0.0985054416669708
12.35867604458417 -0.043683304721769574
2.7848154940216525 -1.1397481519838795
16.81798289000342 -0.41400443946472754
16.389582763748354 -1.0272864727689535
11.859241117608216 -1.3682866229704091
9.471837742622528 -2.151378337212932
6.22302678676479 -0.03004073723937918
11.604465002559675 -1.1503834122046066
12.404495348970936 -1.1811094382992575
9.32624192350806 -0.13179380603350166
6.226951502444086 -0.02876058423879148
19.35771653297606 1.9848194721405479
17.91844421680503 -0.5262978896641259
14.692542331137904 0.054161383310055405
15.938436453428812 -0.8703264760220742
3.92126984331444 -1.405837625452055
8.791319490602401 -0.1532332580140867
2.1519888245355716 -0.7884073417136238
13.264133852573798 -0.9186106002269275
9.814236516057736 -0.18623465736042205
6.0492614377195055 -0.10466017819816298
2.8227227049238865 -1.1454822899278245
7.764092909394551 -0.18602371449226265
5.704353053478681 -0.6544829042566851
8.412342874964944 -0.1178426281797012
15.094906441430778 -0.8486111198674953
6.994415450617309 0.03520482879955231
3.576232397381755 -1.3876065372376467
10.449873405143899 -0.2815792609168911
4.669809006049322 -0.6267454602113078
16.360388006361802 -0.8779797079271732
2.3778993773426964 -0.8802166884490297
7.4986640281469255 -0.10441162967985455
15.56286327396479 -0.8736626028402925
7.506694656711249 -0.04466073555742514
4.597594717231895 -0.8347542970010442
8.10020987097545 -0.249885257100778
9.57854744782266 -0.17669436456921778
7.513413090639794 -0.13073404928502746
1.038830931096384 -1.3553840127954053
8.430586839807683 -0.177492547128751
16.066709184864237 -1.516471167644313
8.367296445757692 -0.1912200109883672
13.943646961775201 -0.7564460298217575
7.574911191759448 -0.16931061498613745
0.7000933655078427 -2.0356640133647383
8.376204437104846 -0.20109049794313574
15.207835341020576 -0.5320776520324474
6.936454866985931 0.12861755072110168
17.028890066064573 -1.0967599494946172
3.414915221573217 0.7051200875685087
15.112974350384626 -0.47070247819534705
6.797139451905444 0.08164872589635301
5.12705381654659 -0.47518390194455395
7.3377180487081635 -0.01188026416287255
14.780075790178568 -0.5179238506345886
3.1519767376115864 0.6526817213908304
4.758466009085203 -0.6383909266695769
18.21325754881401 -0.5840500311882223
1.3841298104508295 -0.4248841923779468
5.340074427112251 -0.5325579336932483
1.0391355647996692 -1.1229471812775582
18.05734279731344 -0.5846789513326413
1.1635912094727523 -1.031206125219252
17.902010326046174 -0.6084486484408085
16.27636779276045 -1.0834006480578167
7.390231333495745 0.0034563869258243257
3.7410389727221864 0.7333195742545724
17.886808639459886 -0.5960426740976963
4.760801856837899 0.48839761091826384
5.339522525549284 3.2110464450687766
5.0423724462852855 0.3844444872315598
18.136515996986954 -0.5604936542464777
4.2254454337019025 -1.3885634136862113
17.773780034685963 -0.6288005150802682
2.2552661325661463 -0.7771596890860537
12.820580249803617 0.14625204534223216
0.7986052783133927 2.2526474364357125
18.178414561954177 -0.5703688403929575
2.5297700096932645 2.7534653944238565
11.993892038561002 -0.20128568462258284
2.399434013754943 -0.30092569323612
11.540506407174638 -0.35831228278722427
9.649076587087055 -0.2728864385118416
14.27093327704878 0.384037407086131
8.166185207425867 -0.5702707407315738
2.8958845574806986 3.0969091974942717
16.16763644688306 -3.031599367742961
13.091054227163497 0.24987800878884175
15.00972185170729 -0.45834148656618245
11.253377416921012 -0.4208144433885016
7.913922751309133 -1.1197168050293993
8.249945244031991 -0.19349021827964447
16.06802284979481 -3.7581096488422983
6.7896112651800715 0.05281816895190723
1.8691858020010532 -0.7054421743156075
6.796123496083302 0.053173664883611985
1.872458571899688 -0.545690073717349
5.150588607942031 -0.5855553521647922
7.949456006436976 -0.5816578957490225
18.6332899242997 1.9337788163999114
12.843480708119134 -0.34835817948549364
9.676436387173052 -0.3393277480891068
8.552328419199778 -0.5149166216074434
5.305278386715131 -0.44808525059375504
17.70249914476912 0.574383309767626
10.606309953114849 -0.42944616270280145
18.88673485522831 0.693425207411189
5.450307300314443 -0.3693852421933269
19.559716494557673 0.6292198338317201
7.051728918061121 0.020894810601715996
0.13226126704637892 0.4678407194551333
4.720864787694209 -0.8605380807983654
7.444380314474316 1.4564514163713747
8.073327688547689 -0.1837189839252301
12.959206641379415 -0.43198744890486246
5.733535214056197 -0.12800172171008595
19.14765241238662 0.7159501315756447
1.8654543424900853 -0.34492191307259046
14.08034186879136 2.3797067685263227
1.654276273340553 -0.393249396087633
8.842079936742833 0.16678862549999662
0.24391449592850975 2.235403923210305
1.3995819167963832 0.09801938652151071
7.479594475897032 2.9008699144027323
11.26922396769849 -0.7594740204045364
5.181887595770666 -0.450711409676644
9.222820570597952 -0.8813068161080212
2.1601926623185523 -0.12240722342868125
0.3229436596748668 -0.43742449702562036
2.2592959225980422 -0.9990643921290943
12.797592372589964 2.101793341512019
19.97591218820785 -0.8986548637845639
7.025849794515911 0.38776905599922273
0.2520429732573925 -0.8956196258122879
19.356015893147152 -0.6529407468756507
1.8779346480704138 -0.23679594144672308
7.068334486923668 2.373581209105921
2.1886542364579133 -0.5525028741985295
7.858716127231476 -0.16473054478324808
1.4435354209182831 -0.5075438465672506
11.680168557577742 2.288267114946927
11.429183378854749 -0.43128095547997375
7.268730419576597 0.4077397047204933
15.512965217956635 1.0035969534365847
7.7363661559378665 -0.0856669071248106
2.329062650417732 -0.13322542871313175
18.605858050433696 0.35848423998426215
3.0929307458230495 3.1700983882056
1.7306675280087356 -0.18859039430741031
19.660083347555254 -0.9808730263994093
6.7038567483494385 0.936448184118482
8.83915537002601 -0.21307111246799848
7.250030009287547 0.5106802112856985
17.927311297084184 1.7273850026243536
7.455641741742756 0.7388931885370648
15.051960988459616 0.748531172546908
2.5694100129945254 -1.2633337372990958
5.045180099006005 3.2173028551673295
6.247351652467988 -0.005327939865450673
12.18608427188094 -0.1411389562386864
5.8088854165568025 3.0964067711991845
6.253042086066262 2.986442523604899
6.940397741467787 2.7342268163179706
0.09358211792351272 -0.9247664573125431
5.522406703780668 3.1682667533710966
1.9044991123299801 -0.45665218176336764
2.3913631172540337 -0.19174603682809516
2.7539313590563013 2.998528111857183
0.6950820060338628 -2.039075869793221
19.78275589850312 2.1467773244405652
13.777803164572521 2.3489657240734267
7.537364307825601 2.9178059287032387
19.61525014223557 -1.0133419915207633
5.675410460934374 0.10546669553421836
19.631750744400215 0.007926096749204324
18.61042896046975 -0.9348410980484588
18.041003908254666 0.0464019079094942
1.8473140689439032 -0.9023961317587975
16.041704719001796 -1.0918568513671627
1.6588432219064522 -0.28182670718186387
14.077298170886511 -0.707991237349535
19.98401786412119 -0.7894478487015557
19.826067435667838 -0.9705516609206485
19.86553350429221 -0.8373345242466373
15.74757521993403 -1.0424847380742845
10.37419803417583 -0.3832833992067559
17.52585190467215 -1.6175505270024462
3.3444982514846653 0.6597289560029941
4.61377899727596 -0.9279535477406013
10.44831362727246 -0.4065630711469078
16.300095525065185 -1.0358279148184875
5.855430849124324 -0.7455043453214028
17.064023896259016 -1.7430932236519174
17.536299918135498 -0.8962056339085236
16.754966765165662 -0.9346719674323629
0.9444031642235882 -0.6822640790322748
3.2306368576144058 -2.017515022431559
19.879488133939393 -0.8303303477202703
7.708427931354182 -1.1026367957047336
0.7954114346394763 -0.9263284250364261
10.23013111448624 -0.3354214534850036
17.336041984998886 -0.987825293616725
0.1024855584505211 2.0833685979102374
19.493648188598343 -0.9590845648030273
9.421739574395756 -0.5378889095114819
1.7626887140047447 -0.6396471140763061
19.71016956779359 2.0314743182760022
7.051384182562611 -0.628929421447793
13.53164670057426 1.1606032416994165
9.4440609314017 -0.6732716394307274
9.338601382153389 2.6025719444289885
13.262378655030663 1.129047734263694
16.691428312401996 0.10824557235408518
4.87771436679115 -1.1979620150266541
10.670673577344122 1.7222785498886934
0.9459513836053223 -0.889641499964527
8.848258283362203 2.793442530674822
3.5884639616061693 0.7019859056854381
7.573297841664839 2.973937912628759
2.361430749828074 0.2261238181830036
13.791750955867778 -1.0006593313007695
18.24602666689306 -0.9548600795057766
9.268057267848642 2.5603108857102486
13.465347910659865 1.2287267016937147
11.60236659588848 -0.28965902157400153
12.030447925598835 1.3081194865716068
6.446396408095628 3.0331804941976874
4.064654821814902 -1.4896541604165836
13.729468777880983 0.3551069229141296
2.755051941216455 -1.3319941838233598
11.888783440505849 2.2689177852042093
4.468196114670268 -1.3577647349250421
6.812954425688495 0.5702287178316356
2.4478040556764444 -1.2364811907786704
11.659168283237682 -0.2753653944819293
1.9765417068560747 -0.8560983219880514
11.03933166713919 2.1872654432916123
0.8095571294438816 -0.7372846574333244
11.926450041394551 2.2692620078184205
6.491606700965434 1.0711875900397003
8.900021587139278 0.13937623492965937
13.5796574114786 0.0029264606951371758
9.691741692982522 1.836726951803512
2.171234255130969 -0.22329735936857487
7.990255672306462 0.2016093662673557
1.5530048799576706 -0.49321773623762316
19.9458781638091 -0.629500882308611
1.8382554673185243 -0.28781152341718075
17.80809761507949 -0.21294000477847508
0.48898510056079 -0.8926502782454137
8.99451342660883 2.653241038314748
5.34404512370095 -0.8479418756627477
17.950598425753377 -0.209816240333762
1.2220523998798596 -0.7359158994938111
17.320497367914548 -0.6040501032124163
4.153521459599942 0.7715345638107859
9.745435307291855 0.06812724419927949
2.44528573359135 -1.3411390072648113
8.854606273241682 2.505777648185035
6.966184491587011 -0.6240958395262237
17.354766528180917 -0.5862638327787114
9.434377652311785 1.4858342830338975
4.591361790883492 0.6493094708618944
16.48473693166122 0.30550729811631777
6.834122460413192 0.6198532977027253
13.0545914094415 1.2884715874214854
17.65813358251374 -0.3819931742700041
17.481320593547483 0.15416969573185138
19.05995827187342 -0.7944647526015678
11.924219969624497 0.46918900342565
18.273315257126 -0.49025813649747507
10.303135175687375 2.737838933604169
18.449042522423774 -0.05734923421157216
19.87590909855114 -0.9148248256524948
17.632129181567763 -0.31857087149101393
17.46566637831161 -0.9287815485065699
7.573611888031745 1.5729391772341463
8.729204142029223 -0.46729656419538157
18.658319905812604 -0.09170174545161767
11.61240892573428 1.399116000248145
18.74918580435745 -0.05892163594203746
7.583660615380336 -0.6351115572885035
18.05351763390115 -0.42037927650786605
10.17327784267131 -0.7172528922568964
9.062155937134662 1.7379612052354894
19.88626611411794 -0.8240143126528253
17.087841546526594 -0.20747122715295957
2.4592547103021305 0.064357254927793
17.990963030968267 -0.16366625001166313
11.553746657073448 -0.3861125146780045
18.613011559819093 -0.7081312674958621
2.0722702269674036 -0.9900022114543373
1.904866526791715 -0.05004694018602286
5.4686261493896495 -0.880784280233855
17.54051039662602 -0.5096500597874366
12.976094834050787 0.6232040833195687
17.68722690282171 -0.26744554573549384
12.915072895587686 0.6739670733355592
17.45898362760034 -0.4709731784695331
13.379231280227065 0.6777040980350412
18.634881297384013 -0.4598204623438725
11.610406015730193 -1.474842822815042
17.92718267206981 -0.3570928447141322
4.358353679161504 3.2963170353226956
16.88262273233688 -0.6518629090920651
0.5075241699668729 -0.9332116169868286
17.36389961467705 -0.5994571654676287
19.520490986731815 -0.8500998995568311
19.28902947529046 -0.4946917617111249
4.270160951872917 0.6416627456008068
19.041309508545027 -0.569794024491592
13.679815356611984 1.021457038172695
17.13117314577654 -0.6415703033242022
4.390015517586073 -1.4318167943251057
6.675956597284333 0.21579844716617086
14.497997571888783 1.3215906471947807
8.50045043894565 -0.06972991942936493
1.4749001395823893 -0.6897664514394275
18.05322176764197 -0.40699109418309326
9.80593422212335 -0.30853050039048924
19.41767168307845 -0.698415805903199
13.341240162214572 1.1630787361311679
9.39817560445816 0.015795091478142884
12.203060194475976 0.5715274053753098
8.188052574813296 -0.019237716366215928
11.928499929691233 1.3189728007549988
8.140395357879235 -0.11528438774342628
4.2601482111866735 -1.539849757993585
8.24849610409701 2.848289430219506
2.267352867518914 0.4295644006444816
1.0518178791463213 -1.1089067200621958
16.54405327869841 0.14322106237478494
17.33723732151998 -0.45184194355372753
8.696550452407303 -0.48988095860160885
9.033134861731206 2.679154443617494
3.467125594061302 -1.4759557592606014
10.96021551553642 -0.3276064062024561
1.5289468026918505 -0.36591380741459756
17.58739501869947 -0.19712689158329766
14.415192804070173 1.358817919006591
17.29231668708697 -0.5322751146773476
12.467859795764449 0.4034323176530379
16.820927394270875 -0.5693194808033013
10.214054975232866 1.6478365515604234
17.492432917944882 -0.5358867063579361
3.0193437834985124 -1.3936191814798036
16.330802500676622 -0.5466016654746634
2.482738840724977 -1.238353505472947
16.965484970103155 -0.5266137914157064
14.31226270586022 0.15311466391554815
3.896163695964436 0.7714180675567301
14.528691139188425 1.2904497090277185
10.297579313158955 -0.23749443193458142
13.401989937211487 0.6862640577618395
8.173581833215048 0.0033329340858094803
9.731590241326264 -0.708386511699269
18.80580248686229 -0.467726440448303
0.9639966716078876 -0.687435160244879
7.45856679525239 2.937604103891383
0.4462749173476942 -0.8971967155815345
6.2535842654352765 0.2699208995824695
9.68267578159253 -0.7303353205236689
2.308117332134478 -1.0915113666751626
12.6930569699334 0.5520902969852473
11.359828866834357 0.3434565175012324
0.7930785915452401 -0.05512984518722795
9.965624202024086 -0.13911456462305186
14.752005839608088 0.3803193011748294
9.462873293301598 0.16113731206097254
13.427193372713516 1.1239139177965454
15.847310540135743 1.2032661577868176
4.357814194283223 3.2968378429676473
12.367726759171298 -0.05051964130472648
1.3352743347714615 -0.75026552776126
15.278596024828328 -0.34993836884659135
1.4507631224246962 -0.6945069854449015
6.218374935294633 3.0265536550330023
10.280912222450059 -0.39574331710243044
8.72510079896792 2.814332750891557
9.08171092897771 -0.4681025148260766
16.72668748993562 -0.3659344738290034
13.687944543265209 1.2610550007371457
4.1575625149627555 -1.4633733525937263
1.030489991148213 -0.9148384887563832
8.204844115493174 -0.14592899095902157
4.2281906895915515 -1.5610434050990765
6.3893932876323625 0.18704211828482958
5.461499713443914 -0.9477420666604823
1.3440904001198761 2.445517600024068
19.546839019645702 -0.801708782524572
3.3278199041344227 -1.5496616718400176
0.9900394274337534 -0.9538984216785084
16.996077052035933 -0.2983426666812023
12.948873053118682 0.7769792942540538
7.315449078208581 0.11102366112372683
5.069938780451514 1.0065577383967081
5.13120070105952 0.4515355170208357
12.541716890496078 0.5971341966488378
7.560671494842493 0.0718181738881273
9.397905972528607 1.476532326114494
7.891937303825863 -0.535802634842437
3.0421745329298164 0.5928994173380085
2.187814266409188 -1.1207427367860916
0.2627656938086102 -0.7973742422502557
5.098412419944773 3.20140588528315
0.7716448315078569 -0.7333025323385847
7.019596555185417 0.3373279698240047
13.259275665385195 0.8727463598593955
10.874689339093502 0.7614773089554816
12.812676798328713 0.7127107247756101
3.1124640724053694 -1.3900544880685075
6.963465965979008 -0.6320153792995042
7.446559887004259 0.1313333547333278
13.326916325768474 1.0816875326459825
1.5123747226099615 -0.5196887231363747
3.476743020566634 -1.4737172159530916
7.750325670471643 -0.1783648725299976
11.401909225792792 1.4124678593767634
2.155385248922301 2.7587526108100646
13.092858936163898 1.1655309895509172
6.605518861149075 0.23838905372547614
19.896338298233253 0.2696145314704792
2.8034722318885974 3.0761070022178165
0.8106369336855135 -0.9917851026769616
16.41146937593412 0.13810952190326745
16.662902816180136 -0.2943951671879111
7.729506811049473 2.2837310642828403
15.257401192430155 0.6873671899543963
6.509275460709064 2.8671581909285546
18.501042177776878 1.9024443056258913
9.601820745297251 0.001526383257980199
15.379597474165339 0.23637176125216802
5.502686435491816 -0.8103337526492012
4.111082459034556 1.0087073617834894
6.093174315138476 0.19767817796315418
1.7898605391588662 -0.9909090889855828
11.000711510051952 0.9945983580294753
2.5596358437736875 -1.329363993171683
1.1657934778359762 -0.7328750399340664
19.732147146709625 -0.9211365728023291
10.010839237165298 -0.06918222116516462
15.936671974191178 1.2317650634933222
19.450280618568126 1.8732243610950483
4.605011381189044 -1.298086561356207
6.36371427297724 -0.5747267986473952
2.420816794596001 -1.2271998634348888
14.34931869667986 -0.07174048071734658
13.905328708341308 0.04737346654269595
19.158890900823096 -0.7704115294744398
9.67865969731445 -0.7184582911595461
10.636301923910196 0.784304486416732
6.261718469599013 -0.6792278294199425
10.661044269131539 -1.057602287619707
6.402472999801848 -0.6578846417236197
10.619023508070097 -1.0705786778148727
2.6558693050473123 -1.587674423142359
12.116356599335463 -0.655110240571595
2.1816296740592684 -0.27014368033328967
2.113768623688956 -1.7621265551936856
2.7372578039860795 -1.6201603336468786
15.450294260196044 -0.1748224065526081
13.925019395741042 1.197012754778234
0.8704372589753964 -1.4748636494320109
3.509820329798158 -1.6624475260152338
1.3777214920133105 -1.7974431877958845
9.64604209855096 -0.7181766814486805
10.806462672161217 -1.1433216678200346
2.6633411755612935 0.4279898324228398
19.057166152062383 1.7123061465727143
7.862576182604172 -0.5757191889635664
10.163219787737514 -1.0754579973856617
4.362480563810833 -1.507654513114275
16.295821265302113 -1.426851567574185
14.306235344438875 0.09122430615326246
0.2651350620761027 -2.3055004874008747
12.714574172176954 1.2696670055185397
0.2994471642699873 -2.2154789265026733
5.932981335998195 -0.7572861123677005
3.0348742631026715 -1.7978212178484416
19.078473788162004 0.524196664106885
0.2671858188781068 -2.1531459749931376
11.430843371118167 1.6000715656250366
10.742546576303088 -1.9243788238083193
10.44470273897277 1.683800880277116
18.1465870956149 0.31856792124248284
1.5060748405472382 0.08330815626751417
17.856220699508903 0.21954761137794054
11.655680587381491 1.330849987169312
19.711159045002297 -1.105821501889449
19.629982189650185 -0.9712715972247931
19.041600996816335 -1.085464300127726
1.861910627872179 -0.1267446926460779
14.632939153573853 -0.7424548548642264
14.600383561312377 0.14842669190037178
17.405348664713234 -1.1034556562791515
14.476356574796483 0.17568996737725706
6.941042746409407 -0.6764748121049191
14.793622334517782 0.37169600956906496
0.8117734365308806 -1.295900408589473
13.709806648255643 1.3953106666910458
13.848502058863895 -2.1099109890430947
0.507694169156321 -0.7928049149017878
1.0334477461819098 -1.0430304913460937
17.43660963445971 -0.9357195647245463
14.459899410308164 -5.925606939696417
5.965254453450957 -0.7435551840402018
6.753928760877802 -0.6771914378783771
10.997923491449619 -0.7555390777648199
10.36328138000396 -1.0123088086894745
12.269363745885407 1.294179732242897
1.361487810291615 -1.7551082220682133
12.36302252874323 1.2955439912954199
17.456872096835735 -1.1177530949510392
9.263799999945524 -0.6148461344637141
6.363146071222936 -0.7441549046562379
9.387202748731848 -0.7789108113488694
0.5806358411455123 -2.0758307665467064
13.70265242149365 0.052654164693046124
15.135403674889316 -1.3082586620708623
13.486755208729464 0.008516530054293717
7.390345348001297 -1.0569719744830604
13.466138580339459 -0.0022397549352555363
14.157759732373574 -1.0192913156660868
14.291730202429356 -0.027948879639116277
2.2430984800357923 -1.6675133842885577
13.983672025060384 0.04676903828590931
16.00612843390048 -1.332378049331883
15.144308860443726 0.4110429222459103
1.3016703612050968 -1.741623863459844
13.66433616973679 1.3894407447839827
10.744204751988732 -1.586054582283896
9.613953507155168 1.5463584410901468
14.590450899059988 -0.7086026399668343
13.507931585811166 -0.050807980433167955
12.780992961517118 -2.104293927297415
5.349150772525073 0.9108920319125083
0.45321363832290756 -2.888950541939806
14.340115518085005 0.11297883409558876
12.168238953410736 -0.6047054387085644
14.48922998902101 0.2349296153106583
11.319832669470065 -0.8375020478035817
7.889339027648101 1.4080311863028272
15.8094293893102 -1.7082340021949876
14.625058798516505 0.318803189445861
2.900541844819935 -1.6690084677371069
15.24202728490894 0.4242418847272955
10.489982036219814 -1.0596395663669351
3.0178172943865826 -1.605228148600505
14.478777391477621 -0.07116103549883485
1.353089576929768 -1.6711031488030232
14.948702638848522 0.05957280324647453
2.4077160192552967 -1.5845722180937998
11.37571046413799 -0.6266125677969745
9.586215986127218 -0.6971562698937428
3.4238213403160724 -1.488979333773967
1.145348743547045 -1.7220884396799956
9.500554575341026 -0.9028467999557673
9.789420767969002 -0.687613400326977
2.14236628162641 0.17150504577235437
2.036136498313826 -1.5679829062116637
7.311588442938879 -0.8332205497062276
6.675809644497814 -0.6161117600138404
11.326240365064036 -0.16611366948703896
19.144382217749214 -0.8640667494615322
19.060995017330153 -0.7313906008842954
1.1557554897750997 -1.7167374498772248
19.64649672973938 -1.2116032186624137
0.677405250878581 -0.038237210390767856
16.89237546999907 -1.0250871645211495
0.9878199906405881 -0.02702762792821485
8.615140718764591 -0.6151435999236283
7.158601081793563 -0.6550545656126535
18.232141464864995 -0.7993760850505419
3.6529392536434515 -1.5158307656984975
15.013877042301337 -0.8917546064579174
4.5214608609800315 -1.3609030552280723
15.506073442289068 -1.2364907299567744
2.2187010374080636 -1.5856869951690664
12.423338165958675 -1.2513026001937835
5.452079039619167 -0.9194653373078385
16.737773718895433 -1.1428446766209859
8.425743746351708 0.18447751127634116
8.528809629560932 -0.5973075689965346
14.991102396439013 0.49807197978944295
11.782042638790013 -1.5972568177697313
8.269584638948563 -0.5016341370454278
8.23722830895017 -0.5964024540608023
14.771060393949822 0.23717211287788936
0.6364678771768406 -1.9180437094080183
0.8984255478668164 -1.8276609881879864
13.557498640484829 -0.889752908913371
9.44777769323405 -0.7091360070129236
16.339161782003572 -3.8583237751720287
12.683039393817118 -0.07561450715399083
9.550923141257783 -2.0283415134725025
6.407808492259197 -0.6711437583847146
14.846713174516054 -5.3868941052632975
2.5566950562109274 -1.5849838726128072
17.05012757808579 -2.258347681294341
1.818497306890939 -1.5892595990481775
6.3321611275470815 -2.6534305080857066
10.306698671580573 -0.7907834525665348
1.9312505185977762 -0.9139657523528507
2.0140327830858684 -1.567311777950502
10.767579919102232 -1.8055854478408528
1.6164625207865755 -1.5726782546510685
11.166825131031754 -1.651219782387602
1.681170144138138 -1.5409962061168443
5.24777011967164 -0.001807336552160043
1.8415392562430253 -1.553358071925246
3.2681994930779403 -2.510906531177511
1.95187318794378 -1.5672544402455544
1.2005028699310514 -0.7489355368266228
4.345097921848568 -1.5001642288821584
0.06305132092717014 -0.37983454591137444
17.946529218206145 -0.8476298281176536
4.799437290651307 -2.311018666946769
17.68546174987515 -0.8521201505764796
15.45340289160435 -1.2507675535953042
19.477815694932406 -0.8006183190084069
7.9511842103864625 -0.3881531475731914
3.9195480118577537 0.7238636118750328
10.624107762498092 -2.0296527105537416
1.0281382155027345 -0.6387139936456085
1.9932451444222195 -2.7707646588287376
1.8763078428658924 -0.1175099009609283
16.87157987723012 -1.0838672421240412
5.278847131677278 0.16298337474214938
16.70191393431741 -1.0519976171083352
4.728134087316501 0.46031118466502907
14.997559684801978 -0.7628508188442908
4.298368657968814 0.6407588925080414
4.413038391185639 -2.330083580358157
19.052505491315152 -0.8884310739166095
15.380618001177108 -0.7450958064952142
2.0198399986538695 -0.590846014019014
0.653870965700656 -0.8404441951587283
4.061503179084284 0.707279739599034
16.51634158313097 -1.238547767365347
4.617529942797594 -1.3634694707610162
6.55879454132133 -0.7247685797683447
1.9707704729712976 -0.9309946872712681
15.747358632264204 -1.7158956140027428
5.738558507654075 -0.8088826893375647
8.516171732355637 -0.6412989403781908
4.267483833752388 -1.5437970877956693
19.247547636160057 -0.6817658978016952
2.009131425966809 -1.5428461540588567
8.94439644274176 -0.8147559059373873
6.051707280712574 -0.7126711606154351
2.020621298282872 -1.7143719811544362
0.296640988542203 -0.8044410788397216
19.88610138454782 -1.1123132945901257
3.1626370481733987 -1.6268171532278777
16.937273074607386 -1.0646145028666654
4.389457677390434 -1.4397046767765118
0.3162270840489573 -2.1401974994225785
3.9963525251996463 -1.530412153284329
17.246323364817826 -1.142177004329548
2.281687615018961 -1.2350827864883904
15.094461155838731 -1.1925241261135835
5.941050210464466 -0.7277349863248245
15.149748033998097 -0.7952466552735117
2.678153614799046 -1.3900537352533961
15.033914400786115 -0.8460418218717927
19.53614485058301 -0.7741990826369506
13.730450302652395 -2.0911846413352384
4.2317951876427955 -1.5032796098771846
15.941864798066378 -1.5854213557367567
3.9789408512452566 -1.61416051612842
15.154365925015425 -1.739801962931464
18.0158395487425 -0.6790837906972113
1.2106965977626742 -0.8615878686496385
18.224214876117706 -0.7113331572844227
15.044785086080767 -0.5335055319348874
0.5492709816231076 -0.7775017545065289
7.451480859666889 -0.7114588008275846
4.9758910184135905 0.39217949018317577
10.966900392301582 -2.353626858812579
4.605561194827899 0.5233569699700323
15.34840599895662 -0.9599725381920095
0.2377783356976537 -0.7778191373062573
13.363300489729498 -1.0231566147267872
19.554508607867046 -0.7673529244903284
11.908300457261596 -1.5525212302012976
1.8105065691038622 -0.5119899456985545
16.007380230071682 -1.3523523732567206
5.23062886738857 -0.06739875416344047
12.164361497842814 -1.459411574909544
0.9721677093444547 -0.9350297371037974
10.3353693032346 -1.0594838114918952
0.44903221177745845 -1.0824670653145354
15.916203236016 -1.6575850892042867
0.6248776857991081 -1.050304575825159
14.213659705609912 -0.8441256574756353
18.94023590679838 -0.9125258015120372
1.314669167486861 -0.9125979306693053
2.959049335257522 -1.432632626620668
4.8500229502269585 0.4401675117837601
4.24295382404805 -1.5496521610920226
5.403563303263116 0.2564850581981136
2.949083638162226 -1.4308225003612771
6.946165730256654 -0.6707648643948847
5.298277304305151 -1.0128191834569524
5.4869662930459455 -0.07430771754491379
1.1042221921599857 -0.8968239594541778
14.477940365140443 -0.5985434299881041
2.1151476325360448 -1.2011607447375685
10.990723928994885 -1.4524634335708155
0.7154034481377173 -0.9393381536769976
9.872781545148099 -1.4367520757112127
1.6881590506408541 -0.5563492714046367
14.836783528084121 -0.57217248652681
16.299034961117666 -1.1755549167923331
17.129193753085772 -2.1205938438205156
16.668392933696307 -1.0260629059946222
6.042547092418409 -2.737425453774557
6.1487570848235755 -0.13631447962988225
11.884223577885177 -1.6568858238343418
4.182185216348709 -0.8654112324445431
1.497958243549234 -2.2943512994684623
5.955029960603333 -0.24601225530142742
4.609546202479301 -2.2927827819441027
16.608822759234155 -1.0371755360950894
12.558179010805738 -0.5345358474115925
5.369368523438653 -0.5765109405400601
5.535834066030721 -2.4572499652091797
5.7952230056295955 -0.2845646520130838
0.13813335937732438 -1.0193087455302121
4.65642532984948 -0.9166812341064317
18.881636418428794 -1.12377488529098
5.822417939343146 -0.3013301209499105
11.760783463541365 -1.6692596607163352
5.761712816135198 -0.2873657066963209
13.030035906969129 -1.329182452963959
5.872902957614508 -0.2512680255593972
12.546778409057278 -0.12929586624386186
4.541204563698576 -0.9931252311640186
6.924638394042124 -2.853053323179109
4.465083339416696 -0.9911945055912031
0.35820710812404644 -1.1531167758308567
5.562392383981196 -0.40229636365765664
3.6977114796887287 -1.502936036364444
6.34947060494241 -0.02585741132300408
14.206747532905382 -0.26897192335305675
6.664558373147125 -0.028944932277693305
15.291211729561603 -1.7508554177626585
5.613415388900402 -0.39205368203971935
3.5010434177643868 -1.4521890105285857
6.046660016382215 -0.13412891058218834
0.5579964222643181 -1.6695780934823814
14.642119439242327 0.21718143200237983
1.4232773552677955 -0.5832143641225447
12.236832645890084 -0.32652695964728345
1.1814154787691662 -0.7284239148380414
0.6649484163619028 -1.8707836428042548
10.77123223607366 -1.05702531339167
12.094620230245429 -0.35065131558720636
13.10455773330665 -0.4203207985748781
9.815736198464936 -0.7328167541119136
17.079922396388906 1.572386646251267
14.450835667690908 2.322561255012692
6.153603326353093 0.29370102484851246
6.709653734146496 1.250603634735217
2.2214753980536983 -0.03045742792986151
