14.673112359554139 -0.4489111544111397
19.882786469529403 -0.34004988357871724
2.998655406468473 -0.16634675982823108
13.497528191821292 -0.621994442980997
16.229068292115645 0.9734312436051841
13.402880038032091 0.9265397696131882
5.020094377111747 1.235241203416939
7.016887087650776 0.6199144286494086
8.085766056523896 1.0311466994189107
11.388209119532803 1.1522308507401724
18.23711656348288 -1.0009988642225371
9.755153844817551 -0.05457999808798748
1.072559312872091 1.266559399409725
15.943604946215084 -0.8264044476776007
18.665321955130597 -0.44519030597755826
17.911490368145724 0.03281499581507631
17.577077684631085 2.0841638769907855
0.22608115605198248 -0.24206481955197678
6.826952866076741 -0.24886209471304796
14.028630852588883 2.657699074963142
16.86456090754114 -1.0148212564050259
11.060686104478854 0.49708979776269635
8.925746611508293 1.3158729264995557
2.7118639910297415 -0.972070712603454
1.2970210794687904 -1.365096547275177
16.403654115889346 -1.1135341334721516
2.210816113777989 -0.892653997517781
0.6907198357597281 -1.0292309800618877
15.325685406559122 -1.063542870163012
3.5598028027137425 2.2972983366682587
12.76494404764859 -0.8232443407706808
0.35355492119014575 -1.1404897888168248
19.85935939118504 -2.3010143721468586
0.6459708754565155 -1.054765912269371
12.273180767653571 -0.698566142220816
10.817420135477041 0.7618573805116368
3.097569177278761 -1.399711201099793
17.000932593253232 -0.34917034909887584
6.631954228860503 -1.1601955481892827
6.932314144765174 1.0277312670767615
13.985255137961651 -6.33930293229583
9.232843467326289 0.10434832518372339
0.5727497014279295 -3.041013293741755
17.86229084044408 2.028605807941177
15.690328565831893 1.4382793655359194
19.59197863476737 1.5705616793280306
3.3364379371821764 -1.3585988263746285
14.161043911682675 1.4644876280367267
2.4869162537925713 -1.4614300855569655
6.9848470541528975 0.7890578923485242
8.935440696074478 -0.3291624773652151
17.83387290269361 -1.0939883500819074
5.207801578063906 -1.3344294415284033
13.151791102178574 -0.5995094805891154
19.01350134617989 -3.4835328142405153
9.170502253770797 0.11128135598199046
6.194947357590433 0.12137161814209302
8.056829818434123 0.016245342462061697
10.426661796157251 0.4926675919915242
7.835158356582037 0.006351327229319248
17.70640231843931 -0.6239139771619666
7.484392947226192 0.0471414943959721
0.7609069397185458 3.713302640589588
19.794462011915382 0.28271587464083936
14.834569627123596 -0.08100528360296574
16.328103845171743 0.8266460989673352
16.413791371484002 -1.1575971973301256
17.86262669355468 2.6831257831592676
18.683955644012148 3.092441033467051
18.123637162841987 0.6573812544037871
18.12832507083788 3.586946460449062
16.80629658303805 -0.31936002899146354
19.263045638060092 3.3647837369251703
18.80399854780552 0.496136565152548
19.90045329785693 -0.03543181129350165
0.5053210324374505 0.09792715425093804
7.22026863272416 0.8751157934145428
14.58943311079133 2.192267885161094
7.391782655804292 2.0448013095266138
19.455365467881467 0.23966812833790813
19.116659300243363 -1.1318913100650745
1.1099883042819745 1.7424812830604512
19.300741829088906 -0.7794197370436781
4.9100428677442345 2.7657017512316333
0.49747887544751 -0.9586201709910266
3.9770263065241283 1.5345589028791187
14.068114337063415 1.310670858623587
19.315135314614746 0.29714506249706335
16.883171065319488 -1.013118247319275
14.385771962801389 2.819208246267838
17.264696660814508 -1.0097512089440683
8.657248114132026 -0.2668947090563607
17.417669089668866 -1.1753345200897933
13.656026852381189 1.09041795890622
5.447531464850511 -0.3607618653567273
4.666388919140634 2.9491748748136106
12.993848083237774 0.923383425361706
11.366389695284266 1.1400724491586798
16.406551084620393 0.3712531558501808
14.812205872558676 0.02630400540861329
5.786193164621453 -0.5106177662048581
2.5478291054677444 -0.005326216574471271
5.637122004219719 -0.5241692140889439
6.3730513012737 -0.3005456131755413
14.663025264326054 -0.842354472273467
11.874345377766891 -1.037433311169182
5.383882001408867 -1.7575646690478173
15.396045199322254 -2.4128547377025926
0.4023164174692048 2.9416691107091975
5.347145543860934 -0.5148794355400468
5.425466349656298 -0.6266238494475678
7.781722086142254 -0.9150792701012694
4.651399774249836 -1.3196717832579055
8.27352260525938 -2.1061686619329083
1.2415857334202072 1.7566650522810705
16.112934623524744 -2.5771490179071077
6.435866808188489 -2.5419737468671353
13.747944020929337 -0.26425743525737766
8.221658945607079 0.968867281002629
3.9836707078326126 -0.9018215335159052
7.710861161463297 -0.31157790956614095
7.442546339965613 -0.9403143384427198
4.173398739258713 0.4892809958544216
4.620158055479619 -1.1102450169944318
16.84852111405003 -1.3727925778815238
3.5521210297943124 -0.8743881787398127
16.958651086710212 -1.251770435026132
0.8114944580707105 -0.3070464734337772
18.13981735981061 -0.9956110388307337
19.32408515185569 -1.2679632658263182
5.6445444574834465 -0.40050184492609
1.871598065960707 -1.1908717780907243
18.358653214114664 -1.1004426071134388
9.974834960718704 -7.2097290405735635
12.555932307834642 0.8258048419196187
9.868464714943483 -0.5619529355334453
5.567333903081889 -0.003704772718293562
1.694665303863627 -0.8878215858842428
4.689932222369215 -0.6665787751004416
4.53686818449358 -1.481992486130988
11.671784663035684 0.5451540144268808
14.776123171956266 -1.5770946489784128
13.530775287705016 0.9686950420917539
8.798901565594562 -0.8407461423322272
19.843680269724942 2.8313230576303883
19.346985537631085 -4.529382474955972
16.925031886282298 0.5431527499159289
19.587258310750943 -1.3902511941604252
8.57713064424592 -1.0021231165841806
7.6931210194753 -1.1505724790088059
8.563284967338749 -0.9772162178008197
16.418181723815756 -2.443918859362868
0.515968330169859 1.7704834126487556
19.459624707938907 -1.3756207285639899
18.610521982295808 1.8689648364313296
11.041671434870715 1.6596438922658334
19.765006667040847 2.8224519639862646
19.545810451696145 -1.2664893629509328
1.3735505469552596 -1.3488302921783886
12.740440683393011 2.3130097516715065
17.33715623782725 0.4084324733697788
7.736770107041792 1.0032474352943093
10.427408986875962 1.4762675905447682
5.954160330936001 -1.4660532717920953
6.679048235982439 0.46301636875862384
1.0053552825693535 -1.0548356685575737
3.267515546769913 3.5854336516992897
14.814592427339251 -0.720006147767569
7.558266034313284 -0.9315708684711148
17.694220230631938 -2.2203652128669042
5.614316527424963 -0.7423348575561397
9.823398410483874 -0.44966880183482855
10.105459038096933 1.3357718506184153
8.508486626800838 1.2452783250185315
19.502556414462752 2.5676512287233515
14.02683566189763 0.177006196614315
13.750801471397322 0.19318525421236782
16.137504280072715 -0.9244092691932606
19.529222436589087 -1.122811590435576
16.655201586758135 -1.2263321844079356
19.167280264025 -1.7192148233725142
3.8270065304143577 -0.7262232972420241
15.753385139932563 -0.15405685069545774
10.464517627295981 -0.1843313279996619
10.712527758357625 1.4096373559530446
9.223674994445425 -0.6949860740875202
19.514289526609602 0.04878527511309132
5.030401092886962 -5.024073076961734
3.3053046361825604 0.136989913271126
6.160460153787672 -1.2217487267246383
0.39783719152393593 1.7450244907645247
11.094510657937676 -2.1498479434146938
12.557779685722918 -1.111759806782302
10.126368090566968 -1.9927157412150909
18.362261242241356 0.07202165632654348
14.390849635589895 -2.0659300898868658
5.198969023843513 -0.027537621610802636
13.5220404400157 -1.922072684159296
8.247622722703575 1.0621015717376232
13.67995453802822 -1.8190903396504452
16.886456165174145 -1.093528156486282
15.213781542598307 -1.0827131499173355
19.35300323740062 -0.28232721517320164
5.61765159968935 -1.1197346225455864
16.566357710737464 -1.2543671203658107
1.1261658124975151 -3.2701169087642343
13.648459421373495 0.9317010393909294
8.07920907693081 -1.5915949755146563
1.7940426179901778 -1.0336154565889588
15.49082245515093 -2.174006386272807
2.3725905303546795 0.062315739156861144
16.967059297428307 -1.7954122322028123
12.641167106450443 -0.016745759387941178
14.414177002462191 -2.0488686893198085
10.477045444840542 1.6446777535484043
11.905286274686647 -1.3550968877210914
4.014127948456676 -0.6469910624635076
15.43027657448329 -2.12115760673891
16.467456933301087 -1.8498587255051235
5.283430830224061 -4.478171477031536
4.633876878191555 -0.953397571551576
3.561591217991486 1.514024382139822
14.362276291683893 0.1619269504345361
18.937969599900697 -2.2509780310271807
12.0428899426809 1.6701659167427185
11.031473261234858 0.040615146498831745
3.749172895010944 -0.6386928900575058
0.23233564612458668 0.5878388758528267
5.722707319783323 -0.6672151270740998
17.907898485513492 -0.9224044774771073
16.812854843374073 -0.8080127036906752
5.27650598428602 0.1391521888661012
19.653030239075363 -1.53984044870248
14.558260578044464 0.45088242650350746
16.802888643542037 0.6166012481688444
16.843456261991125 -0.7586480243295589
12.628530896372759 0.36601186227441385
11.463565522969668 -1.0279341095556886
19.780851096493784 -1.546514398172961
12.916765053829275 -0.4378026607650728
1.9968120305540062 -0.7204237146933328
18.754962642093655 -1.953204605921399
9.3131834661448 -0.573754902309848
11.634585641693683 -1.7893209656542366
15.668480750335293 -0.4562688969463354
11.37027550348848 -1.0900175127428144
0.44408243834249433 0.3955239843859587
2.836868413405957 -0.7123497376150318
12.59156473891634 1.145863415892836
6.164482317758445 -0.7720442559178665
11.035657802798063 -0.3711698326703914
12.547994344760605 -1.5240165943304411
10.913628763211054 -0.2625067267054755
16.191001386809216 -1.0433230372050224
7.237771840444019 -0.7348250406909282
16.92774611364777 -1.1693286206230893
4.3423599946724 -0.8698695653949103
17.756863968352626 -0.9703480424550369
10.183775814747817 -0.3642390478593942
4.182138578330261 -1.0558565400899829
3.9301619193082002 -1.2582307582883152
18.053464918607737 -1.5161562397219042
12.367941239910438 -0.9093503576428521
12.604955169923613 -0.37874180740028696
9.97770814495254 -0.3581397659029453
2.407033626010988 -1.7749778748065985
3.469142822234005 0.8229926988525447
13.976897821134274 -1.666732446888763
11.961185527628036 1.5102277413284617
4.718649627999461 -1.0086322958918577
16.24562023461763 0.8156402630311407
14.878353823376086 -6.402884824485802
19.49586206295908 -1.7198112389571503
19.335726571044653 -1.2939417601469545
5.689854959112164 -0.12376468464025378
1.3127650633221044 -0.9359424166849772
3.5829929696625356 1.2422960990748295
17.889778951552398 -1.4929216930653417
10.780902831953172 -0.7149137758112409
12.593406606656737 -1.315394687451423
11.649734974128803 -0.6519265824621281
13.864936640206622 0.11742264864204915
10.742046087247841 0.7901381607749566
4.42127257312199 -2.2846359210007314
1.489786270091822 -1.8195256922709522
6.277038029727146 -0.6100964971387621
12.950226509272683 -0.20761495789525888
14.781048321563981 0.17645992037316321
2.9867641574140045 -0.8701795112998058
4.199210811690097 -0.4549443270621518
4.037117723722445 3.2681566708991774
19.15221334995641 -1.3988024045016174
9.850314254729877 -0.18470704242029934
14.340515374402033 -0.5666286562985474
0.3915797629240867 -1.3279644539823614
15.538470963060204 -1.330573915579544
4.545583332176806 -0.8320713092105892
10.239711500171842 -1.9609602242413795
12.160781374573906 -0.18020486377397132
0.5374788065374823 -3.7647172428869142
14.57528719784696 -1.2695236649445878
13.086802947071476 -0.1877820973314708
1.083548726558563 -1.2329002641980897
15.179279045742136 -1.1713215155178958
17.047780207425408 -1.3990597472244681
2.367059130881253 -1.3922616343393073
2.7095557544256237 -1.6375918542060965
7.044047559172947 -0.7221298811801595
5.419892705785217 -1.7257267410735808
0.6890379930422531 -1.3540065588315457
14.387043415455516 -0.5683008900814955
4.893602351221642 -1.3304213540156111
17.71313741157289 -1.2177827842124105
7.260262385270874 -0.8164157447025642
0.5601120401762532 -0.9472670052797961
3.8610761811092025 -1.9393689807295744
4.913951500196904 -0.8810442390685577
16.376106278554865 -1.804608620247551
12.718115993964133 1.12768914291323
16.709113684243388 -1.4046534208475516
17.620670112180008 2.2646380652847173
1.241661168714184 -3.149470604487889
1.4115972568766781 -0.7863953511498348
15.480458930601516 -3.079740870453692
10.772779236126583 0.6342571577589319
15.588114404329534 -1.6223023952626219
15.240100243911339 -0.294152108005206
6.239579733526255 -1.0372504118112529
12.52108348224628 0.9522375442561051
16.547685491982435 -1.950164209017464
10.077997293199699 -1.0103783810600115
18.920783491587027 -1.5969661617238773
18.301282264330027 0.1912060030844009
6.293668104591837 -2.34244181205232
10.986774227399758 -2.3592374663955
11.786473241478527 -1.9682085317096694
1.645730681802427 1.7123911415433914
7.850830410795552 -3.069606033392069
12.484392354936048 -0.49177855563536366
9.70203335856954 -1.3478423743052244
10.20841630187833 -1.939236461439587
15.761224105662075 -1.612970212702504
6.729589054475843 -1.1274863866692502
0.13246893657113318 -4.703212236807729
6.585232184321429 0.11237364074807923
17.440405605869806 -2.746308261650915
13.401214105610146 2.224906817703744
19.129223425497152 -2.716607866959906
14.072559714958928 0.7209121779132911
3.3844269951971224 -0.8480549472300051
6.786890170518367 0.6984013609310988
18.55101010688029 -1.8485015663489421
17.030040101396168 -1.7023435476371371
19.79508855922707 -1.670518180983035
10.749125357988436 -0.7807923678515893
17.709471689418404 -2.651753015311109
6.346982082409991 -0.5843740235339481
15.302056213993035 -2.724293295838396
9.19910637279812 0.20992880226492872
19.403305991184023 -1.4414167996092258
15.501418743192934 3.146446549501291
19.595414775011932 -1.3636214509168043
1.302144469385123 1.2471927647064236
0.6923184897053878 -4.313432856728028
4.307600731131424 -1.4943676506820316
14.227004889736579 -0.4598933499300359
15.80109583434407 -0.5403221719326874
7.692880317235723 -0.8282162095947995
17.979577196085277 0.26801466908074295
16.7848934670795 -6.227378150681732
2.3932372632314634 3.7833348943138914
0.4225953937656084 -4.520951868402793
2.20713098905428 -0.796960108520899
1.4188114755861037 -2.889668859326175
5.471979158534082 -0.32081197779186366
10.412435888419466 -2.736875927482208
13.514986346198093 0.009211283739125414
17.19808146155394 -3.8191574374147765
14.065916210032793 -0.21824241618845552
5.015790716233546 -1.4264807734572558
15.995141175479962 -1.0095905326580397
1.2797846803605326 -3.9799359211884133
5.833711299606504 -0.9878901096420625
11.25730577104925 -1.9387391626376367
5.437750461513764 1.272861253421528
7.434360608125091 -1.2737132452282909
9.943646587414342 1.3652634787852165
3.559721501288281 -3.6534948111141725
8.153605248432394 0.933287538110111
15.117888248410868 -1.848508660147011
9.524556295729099 0.3234540381047597
3.721185672039737 -3.379116022425188
14.089470372992194 -0.5296012827335306
7.099247339101071 -0.6470473350889756
16.68837336423811 -1.25852927410839
18.618710942203283 -2.033074701211635
10.082242225138403 -0.07098334893970447
6.238726468011883 -0.5416730094855685
18.825039307469755 1.8547726360903245
17.93752217120599 -2.0038879835789096
6.368340500977652 -0.22404969193435648
0.1843248408956992 -1.6282308517591644
9.11771094953604 1.1089930227471716
8.618133086173485 -0.7975386892270038
0.4083147848872001 0.16463344803100932
2.0113906180800685 -1.2811476140097071
7.775199950515681 -0.47556578322330423
8.628129002725457 -0.801439603873926
9.964614289077634 0.023813225129429065
17.149779674918033 -3.1352929509008103
0.02183862091609612 2.9006898148605234
13.043032084644437 -0.3789307605677871
8.910603128297145 -0.30406972641892427
9.797646857546562 -0.5302590268410513
18.129712656810632 -1.200241412615238
18.897845491286034 -2.554812603010157
18.702849631436322 -1.3062806542969683
19.139552250140436 -2.612583703213678
13.433053906519103 -0.8292115808624574
18.140091434585003 -1.8389642329201756
11.538164609586506 0.3812713702547119
6.655436798805505 -1.2799620968835648
1.5306186693344181 0.10916950121164255
1.5440976546639376 -1.3358207120879977
15.658755235119955 -0.649608509225311
19.49665345824636 -2.608460026799349
15.99427524664733 0.06433536083181701
3.292511685515221 -1.2514028093723288
12.364134511352532 -0.24524792231364725
11.91684249153769 1.822285932162607
17.808038890657436 2.3060533091156943
12.640227760197577 1.4951208610049098
12.985511979072353 -0.28664960037773524
11.639164988761486 0.22777063911234163
17.166111900847103 3.3825136445732227
13.688611233040328 -2.1133600837137
6.202260369648523 -0.2417992532502505
13.570168836156402 -0.7837377216524404
16.659661295699117 3.3197062608441272
16.187497238701983 -1.0744047241767682
0.7928961637546943 -1.0377397495916865
1.2447163866747233 -1.0361188703775839
5.632005759296039 -0.9268985731755546
13.13553351923091 -0.3766982503044902
5.132465710182481 -1.2348919484665206
13.469742631947366 -0.4196907361447192
8.247226592474151 1.4041180188032407
11.56484028024249 -0.7289186507779553
2.7076410887517004 -3.6567883384225497
19.486838994933116 0.11015976682243125
13.40791435719455 1.8263987474065546
13.963033644956548 -2.1183475973619625
4.662568564894673 -0.9659077291080911
4.145722736607781 -0.9725903676609009
18.97014049355659 -5.393350207019824
12.22380132634335 -0.486789279701041
10.094969950903534 -0.6875055042899229
0.8895946606423257 -1.2400066993431478
17.212453316217267 -0.8314260917968122
19.117402760801323 -1.246854122548617
2.0393039309732637 -1.19027895197101
15.005737745135692 -0.791440677733869
7.339097346525855 -0.7271342872435638
1.2685043256294513 -1.5162854313725826
8.359482873662884 -0.7885480652950305
14.053197004687616 -0.7491815833562093
13.168186296449676 -0.6154686862950386
3.148881531326382 -0.8800973362225983
0.9454775188475166 3.7658216543842236
5.140724081500876 -0.3364121623202437
11.69729480860766 2.120239956756424
2.877247926490545 -1.7097312360871941
4.134473683495467 -1.1893524184291773
10.109892025613592 -0.6589728615100564
1.1197990857106543 -0.8465491441627437
5.42764257678766 -0.8527615077282477
17.463102175725854 -1.534839663631099
15.63019104992956 -1.3258212840260408
1.1665548775848746 -1.0400762855951904
13.059287214737537 -0.5218416328912843
11.516096755741497 -0.7815524703446199
19.022041113417654 -1.3349070564598753
2.7153986464822237 3.8014768023040655
15.300293857981258 -1.1591441270713223
16.03205864173644 -0.894381044432008
15.529200084022097 -1.1649156509946086
10.691512928332319 -0.046000341905041944
5.895143307437303 -1.3231337092083233
6.558509116385344 -1.2116403160496805
5.630192720846209 -1.001787186232232
16.592392622780626 -4.17987975589588
10.23114876081973 -0.5284101167525925
7.5463182668360504 -1.0373582654611275
8.29964673912064 -1.0794024137311868
15.257963653171833 -0.6529731261616272
13.516920414642694 -0.5789302440199459
18.250587086693354 -1.2037194077553506
12.532992935620745 -0.30922790033366865
7.458403082594535 -0.8934060305757104
11.091089132222963 -0.4871793180394416
17.915706894660644 -1.115942504315483
9.849619687496258 -0.9436146299289088
12.97561960060696 -1.9516038320953584
4.7734374545789064 -0.5797468361454255
17.00578927947938 -4.369089984954598
16.411012589544796 -1.3067357849107721
0.37821260032283655 -1.4166637675483753
5.886617810988567 -1.0825954690593713
15.672054390927565 -3.931641589332585
2.506029252077277 -0.5502034809854561
4.750283959187796 -1.2190963083071022
5.854218044258169 -0.12653113198435
16.01398553459615 1.726397246879937
5.933611564885627 -0.23578620140526846
7.795416590745719 1.095872543541082
4.906263806989869 -0.6369667217305327
9.349567795395483 0.9475738355165202
15.912338442735626 -2.3703498052746577
2.610039783081088 -0.9416249008835177
6.589976211475158 -1.1123629773868853
6.235040336130653 -0.2599938887581951
18.679648285089574 -1.2502959155282751
2.0680477147328125 -0.8178523256223967
10.980458810804624 -0.7597061427148115
8.868329382501479 -0.5248526452504453
15.190717693074111 -1.0516269421776716
13.096485784499427 -0.3028849275761577
19.06000242086109 -1.396233603133657
14.003930389606403 -0.5595867093492162
18.178474727451572 -3.3102918026299957
19.16619969374578 -1.688539094747684
8.571115770322315 -0.9262093516208447
19.694159258312208 -1.779429588089508
11.643137025470557 -0.9936510139914402
19.140024309652247 -3.027249281035056
0.8245579712244817 -3.4211363863057196
5.4433519898546745 -0.7940590991005142
0.603095378515064 -1.3619149957115833
11.414596487591163 0.15335084401423466
17.77585298549591 -1.8676482546917437
4.600591296912733 -1.5971902589713467
19.517582871495676 -3.155394480207719
9.81175786115066 0.5179745012897681
16.618712880557183 -3.190809745875101
3.196203441605154 -0.5064975927812351
19.602040371013405 -1.567670265967819
5.326671135834236 -0.47810423426444054
6.22554031195056 -1.0939541715268715
15.872545326888133 -1.1250654676011025
6.005156208605666 -1.5002479247906355
12.927287243330328 -0.11520745226895857
9.809673049723138 -0.5368630654635277
17.560054907611374 -5.099233549024563
18.03634711727132 -1.4483345930970173
11.12447945495258 -1.8047654744433848
2.6676500922347417 -0.9911927168177505
19.464898638907748 -1.2725560360481074
12.705995691062853 -0.8424418280229019
18.87743628816411 0.15686863360430003
14.801629147125263 -1.335582822621236
5.236982905756481 -0.38159950701479317
2.4408789479237187 -1.093893495236835
5.415413728685179 -4.19420693142447
4.371667036368709 -0.8074397573259223
12.274263023333008 -0.44895325362591576
16.201640013603246 -1.1685455526962594
18.375437956170806 -1.079624176716413
1.9320141244901905 -2.5031680145825814
0.619909433604864 -1.197226535192996
2.948901929349407 -0.906717381554478
12.014723264500246 -0.7834462308965746
4.728174651053329 -0.10614942118145573
18.99729853742985 -0.9443324260598116
15.202586237360501 -0.6527010069956204
19.58895257884909 -0.9755958723615871
4.8127861121615405 -0.7730675215722612
2.876346963998434 -1.7832719446284269
0.6193032480793561 -1.3770386084628885
14.224243877910263 -0.7026343458581452
12.17680012884394 -0.15586982241912722
11.31765327777731 0.17720328034180238
1.3413394436623411 -1.0538273519363097
4.961438172843947 -0.8253114694831303
19.868422369568044 -1.5394558919758135
10.632985986662897 -0.6407684524918967
9.552461652106244 -0.7228360076359054
13.349120659763898 1.994405353931744
1.2018272059675132 -1.1364289680690538
2.2108142629673915 -0.270292052436108
1.2500226377078794 -1.1281514846637506
17.788511424694256 -1.3652917854211708
9.373242019548853 -0.7998001601860671
12.184953688726093 -0.36433118273183984
3.8720864087743214 -1.8665608839428107
4.719840192928816 -0.9059016376226529
2.6517546658051194 -0.9353857468013606
12.312832193482368 -1.549761585213552
5.56921232465492 -2.5462850162577015
6.9576600897940635 -1.019678260947295
15.317605175391396 -1.1612909701625975
16.52452045617055 -2.6071667423511102
2.5291360434890326 -1.0769079764173313
13.218811900002644 -0.8484659138562904
11.728571694613686 -0.5585273299951228
19.687392532820223 -1.7982313975890778
12.020821169104197 -1.516450834499007
15.708239881690233 -1.49245282360936
18.9305591958094 -1.8989445137310974
4.707262277008569 -4.8120197894829975
3.2885443129852905 -0.8221978809379731
18.684275209942598 -2.1477977735541023
4.085984050127904 -0.8309256971237224
12.497748873383918 -1.7889670300941516
7.66392587496511 -0.6174326160549584
11.757323389184037 -1.9484152934630812
12.846858185774876 -0.31844755945166925
2.12866769862803 -4.450864978384261
7.381658047690911 -0.8565642583190314
19.85374817042649 -5.132067299262202
4.145352951353239 -0.14615553929197078
4.0093885374643055 -1.4565228205666705
2.704274723080446 -1.3990076380648275
2.3472050004222798 -4.537461477310513
3.955976538949285 -1.1015174991460157
2.9814126381381145 -4.225930054538044
13.960158303950323 -0.036984228668566224
7.100271245779242 -2.239703183512891
17.76596659548155 -1.4478809530755221
13.021822000632309 -1.1510865502909842
10.92204398532346 0.3170138925831447
16.193540432213556 -5.187268365115191
8.903019531987935 -1.0752457186434907
10.593171105462714 -1.9874690690483425
3.5764814179949425 -1.1779652763015311
10.411676251214079 -0.7059790228357121
15.104899170261584 -0.6253880183570752
12.175128450151963 -0.8125223850462993
4.465924549105882 -0.871099882977259
8.95795981483753 -1.6857217188332143
3.6489752163643097 -0.9764957593752649
2.062169834146437 -2.188629302008115
13.556882118658029 -0.8957338663251397
8.715666150282122 -1.497543553309093
0.3777076994506725 -1.4606563448913317
5.933649863535169 -3.997653277783455
13.115430910840514 0.0361830119962922
8.33948125955762 -1.8199851856239566
4.744634939227628 -0.6055173311250476
16.60231732963494 -2.134582118016952
1.7375104289586485 -1.1295353346196406
13.711574633327585 -2.0385813944492437
2.709342876853841 -1.7206144936848178
0.8647448406504772 -3.0766446316943576
5.494896985424246 -1.2742226356557993
19.81683471624312 -2.4195277634863803
18.927664191829525 -1.187830809064253
1.0508596816465168 -3.6140680822957365
3.2283827921064843 -0.8710402321409481
10.500586514888278 -2.20475695739709
6.703237541701764 -0.9070575570804729
16.084557128314536 -1.2901682799338452
2.166817080479084 -1.029854387377753
1.3331976985225298 -4.708354995341447
3.5474335687107046 -0.9555238654370607
18.141517380206192 -1.291583451075916
3.675265511077664 -0.9524907430076527
4.493379201932333 -0.15804655208408228
17.918052082607467 -1.3897860155624835
10.20239687224661 -0.5627051904219318
13.52620092379281 -0.08218323503502548
19.468186211743227 -5.3957990052481
15.76630858339627 -1.0381074416265506
10.745582405071849 -0.687066776620866
13.667229776867847 0.019617920001327803
8.434112445571815 -1.6028984527251007
14.056780889223512 -0.7514533125048678
10.303039765790631 -0.8448939512298053
4.8046508819491835 -1.0608198035976548
18.017258646506246 -1.2466076693088077
15.405967567679138 -0.38540391253121037
16.679388161430996 -1.8293619608876035
4.778220707127562 -1.1982756628157256
13.444980050846217 -7.2902650957847595
15.252064670624192 -0.544680185551557
19.92892628928457 -1.293294602566551
1.3867697655139752 -0.9591144464151041
18.380755123871815 -2.1870655157052696
6.6499461671931615 -0.8271808590792221
2.855710587276449 -1.2599096712410178
10.338711989201816 0.15441085171637484
4.840247476541288 -2.6518685340639907
3.4212985697557867 -0.11105023979013726
9.117499738700413 -1.689946209821857
7.133128022805228 -0.2702880239316665
19.41918912153902 -2.200814095188013
2.925350709298759 -0.16815397678751073
5.428990447978114 -2.3656119194322636
11.32477744597281 -0.573957107266813
7.128909905080819 -2.332778076942637
7.336000833549337 -0.3004439686797284
0.2799118431637755 -1.6779707315332355
12.981386904841857 -0.07168988554272013
5.4830210829083015 -2.6588408788914135
13.585067663285724 -0.6698267092040996
13.004002571584735 -1.035193034346812
9.838297196636388 0.35838514664225224
12.664825654974623 -1.2013560163203796
14.635902642196111 -0.7399968588818254
11.818523219571961 -1.7668677937577966
4.424347589206234 -0.535733824933587
7.30437142833101 -2.3225823664585046
19.48786138664747 0.8030828679599371
8.74308726300759 -3.093033353464191
6.013555863907491 0.316468057092757
3.0858546771056345 -2.788275433798769
6.84471092790074 -0.27407605573398036
6.530003045955884 -1.9279579401993105
4.398316569205846 -0.7043769389891584
3.583574061924751 -2.7744132886586153
8.532673820847956 1.3970725744190038
7.651699537061647 -1.5784494325062777
19.972056775469802 0.30878173928134445
15.437129260704788 -1.4087602514177269
11.683965793075682 0.6199628256098425
1.887464941133914 -1.520918615458007
14.184328171460098 -0.5914417910613112
7.874685532468138 -2.813441501083942
14.906741757359983 2.111233224114497
4.877361567882143 -2.1390107669111345
15.040032003987951 -0.03614902758741724
8.296709894386636 -0.8344446794405035
18.130372740714215 -0.44393286453509917
18.51503617129866 -5.336928174650955
16.83713393735259 1.0170776872552947
5.271749292720969 -1.1320816440460075
14.05466657745426 -0.5615869768754329
5.054951054865815 -1.0649026355273883
12.391088103058053 -0.33901734089585744
0.010992906305211714 -2.7895582289144873
4.042088800773866 -1.2378867178415784
17.066077072912567 -1.405838417369419
9.041595007928693 -0.7242296896660618
6.534740915412889 0.7810915280159481
2.7331372852532443 -1.2041244613761652
18.806706768201465 -1.1011765371480295
11.458286247192198 -0.7887062371046598
15.47494361860739 -0.7984667264454502
0.9252890715860227 -1.2146468161988404
15.177058424575625 -0.5897129782173058
11.872983623935577 -0.5067235364670178
18.954210501887502 -1.7369743138451395
17.233559495206933 -1.5387895731964496
0.7846851111633323 -0.5298792766229053
13.319380118832916 -0.06896652293136077
17.835387602354224 -3.8605559538512972
18.428827795161567 3.085278603441909
17.693004182015365 -1.2043219566751948
5.159404239622835 -0.9241405069421356
7.766640528858521 -1.0341896017519714
16.94023831491337 -1.448271160115078
8.20462075165255 -2.712406931887662
17.14678127648643 -1.05893679076732
17.859652053318012 -1.3201544427887497
7.4637683106529815 0.013223752770145814
16.989434853645733 -1.6101997077911891
16.043228074169622 -0.7755614828997304
13.89979726524573 -0.3075453969949406
19.103064696142187 -1.0215826594332704
2.93025851077799 -0.9363518464031721
14.138509038727314 -0.05202711901277549
1.8978918032205307 -0.8504705085336041
14.884129331175513 -0.6708457789839625
10.869940530922047 -1.2971647915655882
9.000494131048065 -0.6459014013499353
3.1215981161044177 -1.25504458238289
15.05498133355358 -1.3687272580427556
5.082611463976012 0.048629868627731776
3.097695292099215 -0.9018544924536473
16.083140960601508 0.1197002323881588
10.527217359848658 -1.8850354881080786
2.6586168575836715 -1.0197954685964128
9.8558123970799 -0.7488266000103648
14.23688137738733 -0.06533667309105617
3.822695268058472 -0.755258620489306
11.90715246289056 -0.7760354686098991
9.478207413996905 -0.8485043899386069
18.350927640657552 -1.2461681231393953
2.6582718652580017 -2.1760961535702084
16.334621780925843 -0.9538181872491315
5.508550682516046 -1.284016319526801
10.715298278666491 -0.5567830088875251
9.347814034530552 -0.1648295132631221
13.092342227625343 -0.7682406266768749
8.460987511633059 -2.0577782708377668
2.8236209846086475 -0.8355303005974968
10.078227305267001 -0.12616713273963837
5.035841838386785 -1.7257799891930148
8.163296031243435 1.3365614204865968
13.654292156522194 0.19790281915050378
16.881940648600146 -1.1772132566368432
11.53049259880137 -0.8136676903237849
6.647446591929967 0.8629473308886397
12.718627947584608 -0.3956159054655999
17.883966409631903 -1.131504636161126
4.116339575179932 -1.0142135027227672
16.48644889692765 -1.221597493576101
1.8343162038170455 -1.202994054224976
12.388361597715107 -0.5905910610953153
15.881171118691334 -1.074529433667369
13.646393528310055 -0.4630803281766207
5.723020712035161 -0.8606443860549777
6.3294078932562154 -1.38075343684525
9.495820405393244 -0.8038842872692931
5.649014363813733 -0.9068313636434694
16.20234843456554 -1.0063011902132455
1.6348896808729099 -1.0886084799054692
9.69668889290498 -0.0884638978130593
3.0433519152116317 -1.2733085419791614
12.041899307138182 -0.7562210370307443
14.61572394586595 -0.7608946549490271
6.253591703388535 0.05584980883859983
6.481918386176138 -0.8740499318487561
14.82000866877428 -0.5974137557784657
12.687218649900284 -0.3037762704340383
18.721699065340662 -1.6405622598973517
8.476005034796485 -0.38802301816271323
7.30380974532151 -0.6636520541835078
15.139461159192622 -0.11210544661259561
8.499741969618109 -0.932721248665936
19.870746224855193 -1.0952890206285482
12.297496570169583 -1.8499252216671793
18.344788962553853 -1.1445815661047527
7.678580274979108 -0.35722037492344294
6.260717269130974 -0.12431753995764998
6.796689380164069 -0.5492070322373092
7.857898164214902 -1.0359242114685114
17.14921357289115 -1.218795269745308
16.01057130424017 -1.0259265784347664
14.094570979180874 -0.09932750052553342
9.42537127483775 -0.6024888297575433
19.069947095999815 -1.7167910027996038
17.466931168978423 -1.1486766275939329
3.549038085816286 -0.5998788145417194
6.752419362188989 -0.5168220303023691
2.3578538312141992 -1.1779637801692753
4.146305795869736 -0.8218163105146212
17.066526749558395 -1.5284352708095073
12.829195030969462 1.9400287713944357
5.315039474510819 -2.642131234429689
7.455130154316827 -0.791260608155686
18.12118507137619 -1.42869071775293
13.68010774414938 -0.5275224694856999
17.411037258759137 -1.5884744711653604
10.296894572277646 -1.9924112735945763
4.814060151360299 -0.9672311967475441
5.1275780486130635 -0.9467280651255114
18.021283960983236 -1.3671781727589742
1.3763979615917512 -0.4450003870443852
3.340719911191647 -0.9234352600555672
16.79548095354178 -0.4207064361765609
2.7682736789302407 -1.2129525493495945
12.364272092901922 -0.7063987955984756
6.483689688209759 -2.311548198243303
0.36985636384778325 -0.2971352293103517
6.206847589806206 0.056749351660665
2.9597669295503706 -0.8086799883370852
15.224258270858302 -1.2084627767805864
14.149395783531684 0.005811504033438004
2.4887620899130702 -1.450682773185692
12.142649960661537 -0.4060694786663446
7.240039920679081 -3.3684380606312883
18.051877749736377 -5.041223116029051
11.064306820315156 -0.96920200856988
13.946779343220859 -0.43251230009537395
0.8528139034892328 -1.0747813636346393
15.82146973079711 -1.076678306304332
4.0914476146355545 -1.1576906786189296
15.663117611996112 -1.335828532514198
8.296023473665679 -2.7152812080225717
10.838561840482223 1.8522293227048274
19.346860625751138 -1.2070074727966533
2.3817596950886992 -0.8383594830359647
8.952419656936577 -0.7667338267898367
1.236914750858331 -0.9061771713701186
2.8360825947333117 -2.865262439753395
16.709366228601418 -1.2202821665833858
4.034870308344752 -0.634732096589903
1.9718222754556431 -1.0232275911995683
4.859509498422964 -0.3169870238494372
3.3748574507302997 -0.7431986847838067
9.523374437929515 -0.5669678606655895
14.108979383732633 -0.09924067897188961
11.550608531857442 -0.9787997941677236
12.315613507325951 -0.6743075273329999
9.6473906472595 -0.5233277616505799
1.4876778356463334 -1.0313813607804327
8.968355768208152 -0.7587408525916701
16.923266912333734 -1.0293098603812056
17.81504941515242 -0.7755689406646323
17.463291296969956 -0.7658180861753716
11.45740755851774 -1.089628342532512
3.612637879016699 -0.6624485521371752
19.970343797272353 -0.9675474262872171
5.022270283635017 -0.33745706925320046
18.758436223635016 -1.0801442803340473
7.786785818962157 -1.0134226913195654
4.504884879955192 -1.473201850583076
11.330215808221153 -0.8233645660765447
8.358559560685707 -0.8162669639829747
6.51866634445431 -0.6175473795116114
18.573352964991315 -1.359188877417791
6.232873652340797 0.3685233111185017
5.542446229702676 -0.8356936010715857
11.23183758641422 -1.0483460946867735
10.940019080126673 1.6256761789724945
13.53111021727571 -0.43379548627520187
14.446055552667163 -0.072331505847992
2.0647536852935597 -1.2237815853102438
18.47220404519399 -1.417493735186418
0.09974002705985421 -1.4327407669591656
5.433851016481089 -1.0030590293088155
6.718049388872718 -0.8047957493400626
2.8327450909103087 -0.7612461351901973
0.05079264757013638 -1.3464901491568004
10.12205600474402 -0.15189221206688464
19.165636470336523 -1.720029188794693
3.8356893530017784 0.20112016036215616
8.781251343536146 -0.8885009766300752
13.649710660501519 0.1516911317928471
5.288354601632085 0.38324879246251825
8.69369253608899 -0.7519243832958344
12.171682644972732 -0.5475872831870334
0.6057356263240803 1.0935493615160068
13.933399741676585 -0.1633690600849562
4.795517880960162 -0.4136872709748506
3.406404496101409 -1.3227716415268849
12.434255780943296 -0.6387741580451298
15.561789955177089 -1.3309059279262043
18.037922820937926 -1.125316354694028
15.810341184048813 -1.2393089054402116
6.226049180779875 0.021674950658373156
1.706319507868622 -0.7962404380726055
12.85810261685624 -2.3090833112833726
9.904864246045708 -0.513924854014101
7.271757681783259 -1.0737209665005465
7.419102142668885 -0.8304508397029143
18.02811397041668 -1.4257164117720982
10.064329790181649 0.6257271317053893
11.883286482316802 -1.0650799890089049
0.9066431867708702 -1.060278222034436
17.41890992287905 -0.42599648468670653
12.805348795280908 -0.3824271349869992
13.035925856444724 -0.6451435409783874
14.01387955670613 -0.09114997216608207
4.025194811026616 -1.1763179220585318
19.982878167448582 -0.7410441302208116
5.341618360589027 -1.3651759130643693
7.565781440139099 -1.0034620835512658
2.521553948243344 -3.7702380270576175
4.553451307837249 -1.2437789210218082
14.998339955639468 -6.411991530918103
2.2941223328945703 -0.5414120499337485
10.527163915189458 -1.159811417408238
14.72607358627952 -0.4478630522395163
5.0547844559957404 -0.9088154461370023
14.440537607441218 -0.5236130323604499
15.025921275136119 -3.1213849151403843
3.045773556132931 -0.8720131616362201
14.363653939913569 -0.5536229920388734
5.199701392354958 0.30905485280812045
16.821117531384516 -1.7666200053061214
12.905783169724502 -0.21081111977020214
2.2490253413790033 -0.9997000139262033
18.025124056031576 -1.097521532706431
17.261150115483236 -1.616190698478921
2.447453044204585 -0.8402117559252812
14.860584014879203 -0.197216453261963
16.49302973976136 -1.200087976202512
15.12775842857295 -0.338430130488983
9.179657044758187 -0.6663909834458843
13.880178784763627 -0.36121209473769217
13.940018444149791 -0.1088230588085784
5.440376581755068 -1.9098495610917798
6.61995898518085 -0.7651072064058082
5.456682170552083 -0.9857582651975069
15.098811451928649 -0.6294932363815546
9.938146759048301 -0.5090660932500725
12.995681614243917 -0.24262695128544146
0.5341139976806768 -1.204180970083858
6.793575362058717 -0.5767040056683762
0.8326654101404082 -1.0910487843769816
16.61839153267282 -0.7326330581381301
11.514878966852347 -0.9846375952288045
6.725364803384547 -0.5742164938945726
13.55322280670579 0.01002635020501444
13.68875320276024 -0.49575254554856196
8.709889279605177 -0.6763264079835252
18.744688315666405 -0.8420229397517051
9.533694369019734 0.2780395215260013
5.109526100480818 -1.0950770254693345
9.027070937561113 -0.6816728054851728
15.906247036752092 -0.707339845590008
17.80098826678919 -1.1081759012012848
4.648111481361721 -1.3101691457688716
14.202979922010455 2.4289527246311162
5.561647471115984 -0.9636463238744625
2.569804080326495 -0.521009428426042
14.113454940635567 2.3436632126916854
16.724939361549563 -0.9782275978720066
8.210802553205268 -0.24684424314283582
10.455356181653151 -0.42209467609904316
10.05310441970927 1.1043051613548693
6.160227818170563 -1.6488145167832986
10.983038146396172 -1.02413620395038
3.187788561198185 -0.8796576662557309
16.485188861884623 -0.9559987646619275
19.52898882813093 -1.3203640818767317
6.001040088465337 -0.9762302145543562
2.6405300967000045 -0.9056777392508742
15.299668152771519 -0.7542977427239574
4.398989664314462 -1.0881676493543198
8.624249218860836 -0.9216541064393391
10.641025548422796 0.8939974112266311
6.287341561498412 -0.6712874662847816
10.649642447025776 0.20462704298239134
13.768692746244954 2.239190659833546
6.927695736299928 -0.6356816837471679
0.1760888437748635 -1.1964610007333454
7.496417399193544 -0.7208957600458678
14.472145930776412 -0.06347955606131409
15.802276011565244 -0.5757121459185321
8.090418666833804 -1.08576466755546
10.379954731916149 0.11390309179152987
2.753084683319899 -0.9377667330145876
14.16832106985105 0.7502099447375894
11.555897520371339 -1.0282212391586096
17.340822452911972 -0.9975192591009746
18.922543077833662 -0.5713743660513484
1.4607403763663829 -0.8720856967195745
6.288208393297285 -0.6388575326608812
4.764217235862124 -0.7510964311520582
11.99141616736415 -0.3861590281260362
16.076577449974554 -1.0810695971310706
13.579633236696576 0.5328932073174499
18.49975761396393 -0.8334704147288235
16.54299884068641 0.02067568861673964
0.98900041332065 -0.9765405580551186
17.880938627799555 1.2173029563447064
8.77739750039257 -0.6546700390655132
8.980988332189463 -0.6784541897685525
15.171471811511662 -0.1816288403807047
12.4854082052369 -0.022438884855955542
5.534497664454027 -1.1813418267833569
3.8774714012544735 1.3311071679977828
2.1228322219591957 -0.9634212428350752
18.434390565857925 -0.45525346931008354
14.2513576464631 -1.65789815049604
15.448457603062439 -0.5934634922273173
19.25490691701027 -2.9432514504838037
18.669233877409063 -1.0327334382075783
18.358610152457643 -0.7746020492713148
15.992852882535283 -0.7096779562321969
6.617059460941805 -0.6705356631902912
12.466245067903273 0.20898503679549094
5.17400252750093 -2.0017565208380272
16.025205892821088 0.5776201632131521
0.8669522481064751 -4.718138366239253
17.376712807573135 -1.2664396826305744
9.12187398070786 -2.3996184596954895
7.536822101024349 -0.8075899031245932
3.549764075133589 -3.859870441029206
10.643990201232347 -0.5151155037591563
13.20643397989436 -0.49482335187441534
19.7318419268972 -1.2839333654094303
6.690471995307829 -0.816742665050345
5.6320623735051605 -0.7978358606659859
7.3427680079465745 -0.9007345715491147
15.129035480817128 -0.6606785390465297
14.431569987656722 2.410885203578399
17.749754328202226 -0.9042941972441926
2.4082242886331695 -1.793294423220222
4.307794097749185 -0.7469237265545038
12.957381309171826 -0.3678111710745853
2.3286497703991045 -1.0234666436452782
15.65000390784367 -1.8380053913217838
2.2124047200108055 0.8426737278443134
3.0870314611665677 -0.4240183575461812
2.7003195579944004 -0.7580012925209937
17.047482647789664 -1.7187218162632296
3.704887702164357 2.6984972709412625
8.067586616758284 -1.1607584135602897
6.248695933536521 0.7202019227226925
4.50771893796224 -4.009989960169756
19.91276937270245 -1.1568089552026075
9.402001107701853 -0.6081093535595767
10.164611586465794 -0.48449489110377064
4.841861733995952 -1.074672904906313
14.153399041990433 2.638981161094338
6.663882494332075 -0.6761731865313474
17.50456476258979 -0.6477455673969537
0.12022399363579062 -1.6091677574948298
15.799112462282054 -0.5195317790304096
6.069640248575414 -0.7453679610282339
3.8065943694260005 -0.17800093891254234
9.23103332580132 -1.8706253664898682
18.31583774959648 1.4608486461986316
3.891296769464673 -0.6618629559623268
18.226731423219512 1.5228797422854972
13.426076384101984 -0.2904378878696632
5.771542069392161 1.3699352955166582
0.2683184794176396 -1.1987602287209107
5.363760644089784 1.7273904578925574
11.845259601706687 -0.7410210718641101
15.55355334523869 1.4379531552324372
6.110793494011827 -0.842256422284917
13.186184802286776 1.4103853248033247
16.850408826023635 -1.6955224605347254
4.6288946592121 0.49891466420614766
11.386645664415234 -0.9326476245000419
0.791661821495032 -1.0242338619631297
16.759995926917963 -1.668037455335342
4.261780964930799 -0.8439764499670912
8.022276625687267 -0.895719529997465
19.431270300323906 1.6317132930370244
17.4532271890862 -0.505558155649137
7.1571669409272225 0.33384349942796115
0.45630249347170554 -3.27760624436497
5.982289726231861 -0.5777045648462055
3.4489177290800797 -0.7133334489299722
12.699973042482569 0.34170224485792633
0.559131653000287 -3.2646746603104546
15.2484229935535 0.6817378215822205
19.975948761221424 -1.5700422990427318
10.694105470226074 0.43148081160926444
7.139825296196568 -0.8565815468582086
3.5244723033298966 0.95970952560138
17.844098722101503 -1.115149910650675
5.202858766679587 0.6002444012107313
9.29005359873166 -0.6007188052267038
16.12290242023836 -0.6670714253296034
0.27372810588253993 -1.270221070332488
6.14850083256227 0.41138116229668564
4.698357021356487 -0.4870308690659853
13.079204752173457 0.5257878364878388
13.567553089383333 -1.4425702728955185
6.624612219531765 -0.051063912000321
8.925770250625606 0.062120905001358986
14.081722460518309 0.0558540747045085
4.199056523064452 -1.1945655044858032
4.881641192749154 0.8311196920439109
5.666930353639217 -1.6150987884046017
6.5511094898188365 -0.5051951135173216
1.3661549548152987 -0.6867614036458274
9.016972296045374 1.6755903990721739
15.548503468372022 -1.0395774644914488
15.059801998262095 -0.527463727056112
16.271369913844836 -1.0797795222926299
1.091863868850559 0.23163493384970804
11.417220794919862 -0.8431963682486776
6.854605610938321 -0.4302294890300479
10.154683296172793 -0.3798948500638579
18.92820443542806 -1.718271590670733
12.856855499525565 -0.31897426169053933
5.377181088981871 -0.48272304168194424
8.173301853720822 -1.0273828884980527
9.528256983408134 0.3176034908225549
3.2167373090022178 -0.8332843924325222
10.492713438128586 -0.8159445912312469
9.748267974167439 -0.5569239502778384
7.4369970977446815 -0.63704313563123
3.4149431762600035 -0.716286209531141
11.449471180178413 -0.9942743174980944
12.436857381802737 -0.6373306633141735
7.713717347264277 -0.5758950451118781
8.264984809923137 -0.7605206446066535
4.264200225247733 -0.8629795168577906
17.05689128778309 -1.1591398953582461
0.8733797067038479 -0.7756420582923479
3.7801533375059746 -1.3159180822374417
14.661500726280899 -0.6410315132932162
2.4734304741768534 -1.4557315115094625
4.531185651415177 -0.9601190487145524
3.1865184014082035 -0.2766849822461349
14.031425466674037 -0.35143292974606166
4.407641791361478 -0.7249024536616947
6.887658978033827 -1.038489154528312
7.348939495600685 -0.9270842431406027
9.660563078012094 0.2587264514423809
12.478810971194363 -0.6191134274006105
4.559370563095696 -0.7571794362099328
5.739601020928722 0.21006825491772255
9.078078335385317 -0.6056813880713285
6.149989991591909 -0.10911336921236459
15.219963878578245 -0.3139834268037094
12.104554300463661 -0.8132743617794529
12.873378397034836 1.5998068796642695
15.7276878373188 -1.1850634853532436
16.2614273457838 -0.6335929237181893
3.3558755897324835 -0.7301749386746045
8.775774773634263 -0.601572202196791
1.8608813207262183 -1.16196487952149
2.961602221014508 -1.2220559700903293
18.33617145474993 -0.8875061950225025
1.7077542391884233 -1.3543032540931856
14.217065826549574 -0.9483410358262003
19.434752255734224 -1.8449914398449727
8.593145606154298 -0.7654840938092127
8.943912770137514 -0.3615226170335092
4.436210650532591 -0.90969193660067
11.594518247956547 -0.9594699156157631
2.7817302464128995 1.3259357543149497
17.0259794842513 -2.26733674308252
8.335718897604094 -0.4169626451701113
4.758917113063707 1.271656656643854
17.0483166973304 -1.171158451111835
14.18201234255858 -0.7643601162188918
18.28267615786464 -1.4305315396609923
19.958396573665496 3.650605139923689
9.6044411800439 -0.020178904207284257
10.904407384378047 -0.6562549868690086
8.453464820754506 -1.131915373622919
8.064151028215921 -0.2326081203757127
18.360042301651976 -1.4511519222800777
19.784304357316298 0.976304916852989
19.427157799413585 -3.0359922515417934
17.0543280856252 -0.6367986519965726
4.658720608705171 -0.5013327636178279
19.58649062710254 -0.8015856512188948
12.834131433400419 0.04435078428886942
19.885860073767596 1.444006986043958
7.703012822574868 0.0867349552612505
4.34452872704392 -0.7124421124176896
3.564786317544761 -2.7393839283485306
15.323705137035297 -0.4074443759796926
0.6433926803516471 1.1100498753744932
0.6612016564470738 -0.8505610568934115
4.312130989339816 -0.5467761684635521
5.283953110622209 -1.0985434261163771
3.8401799979246767 -0.795659117805621
18.216439899737892 -3.8344874854553215
8.40927576120014 -0.36512355853127976
2.896412185715999 -1.1745511972115839
11.957425560202424 -1.2229780091617788
14.449025919896144 -0.6232662706380657
6.031529313930201 -0.670287190652313
1.7100597652872063 1.146109147757096
6.247543654043563 -0.07672581651597159
15.085709854396379 -0.742661325235501
12.683866544392405 -0.3627901132803747
9.623095500374353 -0.20516086747284534
9.560907716554555 0.29433492278992157
13.493474022716267 -0.2717426702275432
5.461228490954874 -1.8952545125624936
4.093596541218334 -0.4840987763716404
4.443270507702932 -0.9388474919249247
1.9536034762008188 -0.6930306136562775
3.0349044657064725 -0.9726723868171728
16.86221009862355 -1.3996216875440761
13.143211604572677 0.9590533304418232
8.820214294986998 -0.7421134189694957
6.39433968207637 -0.5927367087780743
9.786611624975619 1.0172175300819921
16.161077146137636 1.466010040506081
6.98254274999887 0.5168063828262194
15.014772681613309 -0.31777016049483703
13.705520568876969 -0.25432039078445556
2.340853748058249 -1.0774390464582175
6.382197831170239 -0.8011341505087908
12.021582609259712 -0.017858318334537923
15.852650812320077 0.6081313870133791
7.2416545667914995 -0.4715713262594697
19.43393035951127 -1.1597596754437445
0.8328601250360688 -1.2412154990438549
14.201629732784998 -0.6644075916870922
0.9138429462892806 -0.7607592933955284
0.22034573278691696 -1.586371210451164
6.886471468156881 -0.6367488559877008
0.9304210940884158 -1.262315494691624
1.744610856415385 -1.1639730944548405
19.820748599975694 -2.6022836466251333
7.166386352084437 -0.542039508742744
6.754152427333529 -1.1926854979420538
9.006058923917598 -0.3441620862475552
6.238449935833829 -0.9689531444223862
6.840216377007863 0.670111087666666
6.566541026013089 -1.2874115718408485
4.9829095554254215 -0.9128365408556665
11.040813054569446 0.21283432629142052
3.3870805852322405 -0.890042163459348
10.866228380168959 -0.618368301467425
7.294554129623937 1.0140448476670618
14.698031998713338 0.6797858127258142
0.7899403494149779 -1.2279590592221201
14.044900740723344 -0.27419398826341257
13.607200036467852 0.09641920694848241
8.958937358190076 -0.8948915277657339
2.221645523214594 -0.9516992972131981
8.142518526351408 -0.28324934268594754
19.65056353698592 -1.2133583924242919
17.566448411055827 -1.8182443600107552
10.320752219023635 0.09990454213911067
0.5678048838972116 -0.8401840142797968
3.483747395412378 -0.5263282131249597
0.4338457347839737 -0.6879738482478154
15.11407834333469 0.701112304969614
7.802805445088493 -0.5439075992171997
11.904433148458642 0.20772399036471573
18.621462118036142 -0.4442766967483963
19.782707374762524 -1.1200190099083869
17.34271524165565 -0.8977327073774619
4.355792666785751 2.198444570202603
2.66764037631504 -0.16474244659781861
5.347231991812549 -0.2854872207280566
13.504032674409757 0.38529281891765976
6.717895247788928 2.1897128679660476
14.517754326526159 -0.12491004913178475
12.306084125575588 0.12796246616072185
12.268441277740722 -0.6099009858960391
3.5566430244555405 -0.637555906206631
10.925580274774203 -0.38764782462524117
18.851144900673848 3.6087406987940924
2.282584830512732 -1.6309029836945974
11.421202249212763 1.023452377482448
6.826777019234018 -1.1950342414780968
14.745965602322237 -0.66983652459953
19.696749588650377 -3.9390522023159003
6.649943463526231 -0.5280912207167021
3.6330960250633 -3.662144345686246
3.9980231961328423 -0.9377390800295493
15.907526000779312 -0.7346195752288804
10.760351132323551 -0.28783197822740914
17.706973993289765 -0.7900799597201891
10.005489456299815 -0.24818394214230555
11.026788395139132 -0.3984208032518233
6.177457387769313 1.002522951945827
15.208743851596854 -0.6851416846473048
10.28216134378901 0.7478961819004168
3.239529490628305 -0.9523430230687158
10.149177916566437 -0.06195065097602369
19.052580974078428 0.16473211205987642
2.8423678838131377 -0.16527541610873017
1.0982454987443746 -0.05380556537493365
11.355562767999619 0.15027304204436637
8.934606863285234 1.3210341652687458
4.480961788132845 -0.8520041050409785
7.124213820517182 0.7058204274365898
11.239778905069553 1.107887039371879
17.66538258276198 2.1679297297185793
6.307534501672205 -0.6268549750573318
13.808743100011402 -0.11364897975497373
9.507485018125697 -0.27079843869525155
11.746058674708229 1.6751047144612128
16.01273556599129 -0.971297973105908
15.377203231799742 1.3705474265859414
11.651693791144773 1.6416610937730869
4.063046198087978 1.696792860145493
12.983989927568711 2.0746781283276112
15.006701353807678 -0.7130642562908005
10.407531948461727 1.2828119348870892
7.328892520740227 -0.8860666684728399
11.8423214842147 -0.07929951506217443
4.524723253472865 -0.9879652659277546
13.15674583078391 0.17487798086382952
11.469373158244938 -0.6394517086483613
15.920965585053954 -0.9756989260933109
19.732370891820015 -0.19013265951148195
1.8837268939157246 -0.9291333757328607
12.324282027699196 0.6997962576291266
17.58711132934641 -1.4237454920713009
6.7245247470324 -0.4693101574675469
13.428315253604195 -0.19207015388307735
19.462124616289668 1.6621247295529091
14.350731547369211 2.353938080020632
5.677616037469344 -0.87478792663365
17.636233136558037 -0.8266809792246197
2.045528228243473 3.876984470903088
10.6818175678335 -0.653983563553305
9.33064734917842 0.1360588097415377
15.910322767180832 3.2123955694388315
5.319337240364185 -1.010267311405754
12.81043957900368 0.11044653456188505
5.599706199679225 0.4877480225187486
6.729828318582661 2.427116037600938
14.545868082342787 -0.16739574501233467
11.703891861436874 -0.9364749143840748
2.1364109038677856 1.2890828556062823
10.295981505726491 0.5872112845014339
12.89706708431514 -0.3494828704308639
14.520449922588341 0.5940027641263194
16.905165860369365 1.214409655479583
11.86712334322085 1.018436896938353
19.80477592853282 0.03982588460653334
17.873996229910826 0.21378383137024431
5.7685404073543705 -0.765994821918106
2.7151133345585823 1.3688781014497038
3.7401572087112376 2.5700507054724717
3.9138008059819365 2.6053618934760348
4.113670187213176 2.4281694481061677
2.6632597768045563 -0.8282407080851809
1.2967174488123832 -0.012964029366627307
13.65161602322256 -0.2288814100365823
7.6556629036422 0.9676516416364239
2.3132182980052156 0.9908090024494896
19.7915013843419 -2.9476646092476333
12.429303952359309 1.1870292009796315
9.988716197383265 1.4882158387628661
13.406349800105582 2.4736878942056926
4.24116950972604 -1.7648552719383195
7.28455323352663 -0.4449373250082929
8.998494510157299 1.5610068990728427
5.032524175602571 -1.4009047260108307
18.3424036298282 -0.6011258842310324
9.638524452788793 -0.25361624304489794
0.6960513170551113 -1.4200390175278963
15.49072270031078 -0.7699048638860791
2.09729379060315 -1.3754080805989715
6.131552769667575 -0.2960794527795034
14.406829080523986 -0.6556347577613403
4.249592759696764 -0.5610555099349899
1.821864082148353 -1.320233904005406
19.071279467671275 -1.0844715930871707
13.782620152061094 -2.451947586792303
5.737169003599382 0.1995831271008409
7.936510770738971 -0.7234295797145572
0.0035250702356243585 -1.0478164489890691
1.95216237258223 -1.4860992286884556
9.171948188502833 -0.8017045644321115
16.786955693683854 -2.6096041036200983
13.806732966655726 -0.3565957023312544
15.689541691390072 -1.1129133099627093
13.139845378810406 -0.07913547973764767
5.135136179362966 -1.4246560426990187
4.580569365417626 -0.6670913145476768
15.705795274414017 -3.316411010942149
19.321236330991393 -1.26142519641071
19.272317568977716 -1.1648396114945796
11.851412349343175 -0.713712777772282
19.035007691428582 3.2446463882566734
5.312055669086562 -1.7027916282062532
9.314693129981402 -0.574635473364226
14.503514984604683 -0.5926657628771177
13.536574804796143 2.2714831669428026
1.8092203956857573 -1.094527156602696
8.041252301831115 -0.19885259736626804
5.382505314706667 -0.8814554526527796
6.838854915977989 1.0817946941385796
4.5650309470837565 -0.3428695593734514
0.4040763423759458 -0.4309445226374349
14.807320453972588 -0.08001972972522883
10.579125348669855 1.558360243280786
4.87910227243627 -0.8725474721261758
12.967523429691676 2.365881949334995
9.243767827744264 0.2069375298128794
14.031075936353758 1.2909660324323855
5.115145866935413 1.6250146231355997
16.356726517979272 -3.1789505360620716
9.511044420436487 -0.5868618573123121
6.021802661715945 0.8587620916887191
13.158157765985633 0.015330889060746894
0.4908931566871911 0.5853154954632582
9.613266161143686 0.0977173174600994
7.80685828284758 1.3251172605594619
6.71445689385314 -0.40979176470050266
13.063742901782994 0.08661092560972442
6.615539011785979 -0.032684848063467935
6.04087488731384 0.023127614864991042
16.117428620799917 -0.4564516878076044
8.50268308727623 0.02821560272226526
9.047624908906204 -0.4762349161805498
4.532418815565414 2.0989054021126203
18.22981856650262 -1.0036995145840963
18.667734267847564 0.31116518737192045
9.137434663818405 1.599318871989092
11.361837168292915 1.4395030013635417
18.780533503225026 1.1021944415357683
5.3610501671393145 2.7646645114498303
12.203157827796009 0.35072042425967087
2.436434818266092 0.0778948444137227
9.622564694021824 1.2990148898021168
10.501722994500238 0.6762110340917518
14.439147975709052 -0.5888965045542714
6.6843340386454955 -0.2364138079905256
14.58258324528641 -0.2465184605998374
18.52761474676896 -0.5962723468124144
16.85075663178798 -1.3836914045335098
0.19882728631739746 0.20917954954322374
1.2097257996473678 -1.0308519707390658
18.412906416961075 -0.6037687445172492
4.016046965859814 0.13032183644842033
16.120546875175965 -1.0618326508533444
13.434753731413265 -0.13143385166182192
17.1748425396163 1.2296955127090627
6.47977345071988 -0.2304541889704444
4.39512448439734 2.8523309938282355
4.135276888047992 -0.7122926373040266
0.3678333562436156 -1.2554824729226262
3.498792212345388 1.875515755030646
7.60085480376215 0.5557925114159072
16.622857088794284 0.7891735299667275
19.499929062664155 -0.7889532212628311
4.695048740794927 -0.5932913016899953
4.117952363048889 0.04720305354568663
16.416948762486545 -0.6104946054137788
17.605445285167946 -1.031693626828145
2.0606627419666386 1.3050906362759356
12.149085534297388 -0.4691511562416244
11.493411775041388 1.7973753188958945
0.10093803714462643 -0.5844354985969483
19.033079179839238 -1.3816720125061015
19.00058785854176 -0.6736720577219418
11.37454162517996 -0.9831656465629199
17.211901862828835 1.8221848095336344
8.559931044750835 -0.3861844751105725
1.733192846252124 -0.5077611882186094
13.31964857493345 0.13575059825100408
0.264007066100834 -0.5758442452970548
4.022790813143789 -0.7217844892084765
3.806516894485162 -0.054843123129646336
15.682783776335823 -0.654960338587815
3.305878521217139 1.7106851533819798
5.028476378464469 -0.4186113789397911
19.98611669236984 -0.38014097757218007
19.956004297124956 0.5999076534923973
19.640642709238225 -0.7691348607129971
19.33343766663701 -1.1774110141940564
15.306216140448806 -0.9163862644472964
8.967511125219627 -0.7360743567727
5.500660016594222 0.06790329350173947
9.348459127965773 -0.9119632809707654
12.93358995105239 -0.04967515353889113
8.428029872033143 1.4720380689100385
19.388551315771725 -0.505928125820898
15.24550841485881 2.973375164183804
15.455740859084605 -0.27750172864654876
14.702252833602119 0.5687681485044244
12.02355413938945 -0.5220970600038195
14.996091564915389 -1.1312043124195612
19.277535336389064 -0.7016909020514753
7.964509144631424 1.3818648849969795
17.981816772839032 -1.0909001862934453
19.317125703348825 -1.2716054142856574
16.51789267979499 -1.2439493259701462
15.487132950368741 -0.9468181688977281
13.92985131613068 0.16961097390545685
7.746424952509023 -0.07998765403499095
12.58550940227837 -0.2557673780112155
4.546919392217379 -0.3241978563100104
0.5576064764930221 -1.1184069148582212
2.182867308625127 -1.0886776702333927
15.297192351342986 -0.41166885866930325
16.610996518797894 -0.34670226571228235
8.161558205751268 0.037214527864309704
16.62639063626204 -0.673399082271107
1.704793558339873 -0.550746606277141
15.481439060105583 -0.6970970952102619
0.4744776917114207 -1.3790451719483954
2.874296011823274 -0.7298291733521359
4.074552120787806 0.36211949449958636
3.7627280205982556 1.599810680699534
12.957962830952766 0.9700111913562058
7.855852605855563 -0.18421819035751946
7.28335980766624 -0.4957165615149357
9.682846523140705 -0.743431725785281
2.909323180340934 -0.10887810787537218
4.077632343455646 0.6761040525785489
9.431267221660178 -0.6945897789305078
3.5082536650376217 -0.28621366375584223
16.008933251904654 -0.4336469552869083
7.735201658139843 -0.4309716577686502
1.1382695766218927 -0.03633076449305023
10.53041543202646 0.09903364002020355
1.289686398546495 1.278060696946166
15.638140503827723 -0.8443460432897977
2.0634004214474033 -0.5820113089494985
16.3745971011598 -0.1525992135373578
2.193856215995274 -0.9616466839694287
4.821883444405013 1.8031075027550159
17.923987362522933 -1.2242756067516616
11.509552417991905 1.1468748668590567
1.6171774740913407 -0.9893078155068781
12.040307214979707 1.5438655519051763
10.874036495872387 -0.9812977126316925
9.211656969823197 -0.48928790035055514
3.970622446069357 -0.4789541581144056
18.443780728573497 -1.049331323157223
16.695091675344802 -0.9528481904278318
16.244208735787616 -0.2055578775565395
18.42068470957027 1.2063376120497624
12.898901742057456 0.029092838829363837
11.726312720697731 0.7566500894695808
2.8153750211266915 -1.2297393478416785
12.580467235333053 -0.20133562684757686
10.964251320449325 -0.5630212425614646
3.6049571014767468 0.13958380510355461
16.084674395524598 -1.1043961038377548
13.904537056047856 0.6482694999426257
7.61009729484946 -0.3694944496538588
19.482196598597994 -1.0006594412824195
17.535246126795304 0.8721482445342147
15.21313546180689 1.539002839138316
9.377605565689702 1.157249984488452
5.255598825261023 1.8408770281402311
0.4732023377988207 -1.2018049956493702
13.59624691562234 1.4796709887623185
3.449044376709118 -0.5285452482184737
17.360923018134226 -0.360294270215618
5.254280113108623 0.6022663138462876
1.8949893197998224 1.2701357745762054
16.145647065511923 -0.4582668722952303
7.173601533958553 -1.0344466184570655
9.04022387749018 -0.42481438784337333
18.976155781388243 3.601557220990908
15.600696232003774 -0.7048202095642101
2.9273770787113356 -0.10568191009039953
7.775220398950065 -0.7640196974043544
13.47846702158273 0.2561489872473093
0.6123249254624676 -0.6836475836012735
6.092603155272293 -0.33635653463561843
8.294593941146644 -0.33997554878790104
4.466330744070853 -1.0804124972011773
2.684091948134672 -2.041926163991372
7.4359685067870025 -0.5601123743255632
16.127027412901473 -1.0988525431499068
19.400359669639258 3.3701086525269552
2.2766407254556 -0.8547426031937253
6.340464192809122 -0.2409035783605141
0.9191435976403382 -1.1547811331149787
1.7152558205578403 -0.19524856112074476
1.0630387357599385 -0.18151676745042813
4.606900256355019 -1.055314276622378
5.267659981448673 1.5618575857742802
13.877085840882316 0.6157643563306778
19.869674038444924 0.38870991617658984
14.784516184529718 -0.1007065594033258
3.6797935415587992 1.8377202231762202
10.495047445216674 -0.06021005066521312
18.768590359725604 0.628092486048577
9.708601016648984 -0.3850051005574991
17.49214307749808 -1.4068911245745546
13.279126224142962 0.32511274822368424
11.905840580265437 -0.5535766366436834
12.032703663460058 0.6820011153842092
9.287904258549824 -0.08124540807375889
19.64047533827586 1.2275177795146301
7.46174328248268 1.0026560529245656
12.046058356867567 1.7611674848695371
5.512518732693217 -0.2523264155382387
16.170862950561293 -0.6870701142296748
3.7100679916664636 -0.5951625110280514
16.285641309707845 -0.722536925490541
10.140039325938492 -0.07551677110547499
3.2707591641746263 -0.9311348361529859
17.494054262704807 -0.4215811630596788
13.903659833055375 2.3658662096894147
2.4502950915086723 -0.9386235226774388
4.867936211549947 -1.0423870548960155
0.8923183553993242 -0.2707779202522307
1.9075444401483184 0.3321319706174536
13.47574812454198 -0.7106351745304756
16.674821455255774 -0.5702801429509555
11.79732169296632 2.0511405097481585
0.3423847123461595 1.70803271410291
16.818344753283462 0.5725301863415216
4.165323494090821 2.5439462688091394
5.062811011740208 1.3123048475151757
5.252806204706047 1.7120902737184849
1.3552653764003844 -0.6501971491427054
19.66169400995542 -1.2852263423817651
19.809452811847752 0.9860010499839712
14.76924969591005 0.8376653801242163
10.663439234848243 -0.48930193850769166
3.614539503200945 1.941864581597973
14.194052340143879 0.008618896091559712
11.287280394763064 -0.6835119565139682
15.51761209639423 -1.0681441597193628
13.380362060366526 1.453935552914655
9.274677992797157 1.6788489125887591
13.55955859869235 1.705703438761808
1.3546448618794724 -0.18473263310556903
11.553216579330266 0.22790063343794228
9.002905481357368 -0.500192113017802
14.57156005295533 -0.6331873213226763
2.205296368594881 -0.8233403731863937
16.33948364818133 -0.9843202931428777
8.278711874387062 -0.36485688006312444
19.60890156808361 1.1662939773749241
16.752189024014765 -1.2835397843968317
9.972797692298826 0.01459607219532199
19.563749105426464 -1.5206677717077604
2.2406119489816416 -1.1819735700317746
7.294530080905432 -0.3010965416203888
9.812431488887615 -0.4021238794010394
14.75572633075891 -0.2036582017952206
17.772203253237958 -1.3927289491518742
2.54915234107296 -0.9322538886856706
17.05987851909678 -1.0547184391983444
0.5880935340733549 -0.7073567996607478
12.691489061244472 -0.8398740523869935
10.429614729565607 -1.1798466089446962
10.492443940501692 -0.6187656160495725
8.132019461714544 -0.3558482634289913
2.2173945332470746 -1.195847841854173
6.210783357157499 1.8422659982492118
4.951210779365264 0.8792774852826405
4.953048006506399 -0.9086549759856832
17.731068998376028 -1.4233576398793566
13.236584526193504 -0.6348098661564276
16.051624781907414 -1.4172783110912128
18.449165317394726 -1.1072378846232942
17.986092986836006 -4.145013688271809
4.316205336172339 -0.5038152924276224
11.446571496211904 -2.3752490207576344
6.865663492395463 -1.2251137561075247
12.642655594996231 -0.7654841791595827
11.706111969362889 -0.7147535972793643
18.175233977288308 -3.0434168671301673
9.954236017085625 1.770533736978833
12.989711581224128 -0.48083747745704164
13.107599600268061 2.0403027349493184
17.199890845158595 -0.7861878122721688
3.3396388912235575 -0.4483391288235124
18.346462501830842 -0.6961097914011556
13.649352563088053 0.32664968716859466
6.480608011827649 -0.9077590614632035
12.181096886576928 -0.78218377895288
15.709207121253174 -2.5932310898321096
16.17198409404957 -0.8387440403611233
3.1706807762002485 -1.152067432512306
18.595745641996867 -1.0320639528759832
11.863180823622615 -0.6672006797348871
18.455475080606398 -1.1091102755918052
0.0444109592905296 -1.470514228419347
3.0770383601050444 -0.6243516495036148
19.604919972442417 -1.1778240103744793
18.173102314891338 0.45005475572096193
4.646011092296676 -2.943976463411979
17.315228625196234 -1.4041342764621927
17.180155725004397 -1.2097566887844178
9.184434681027428 -0.7261332553800064
0.6462132620917057 -5.47209439023443
9.362025330118698 -0.8018729623661078
19.004460543062535 -1.7029575511187498
9.581313659904733 0.3601034053200963
5.546740284756605 -0.8380606645419955
4.434686721943168 -0.5016322115519354
10.418997686562166 -1.1571561267469368
3.9740965282155707 -0.5772888086062983
3.096939801016951 -1.3887169014821088
11.718131993012344 0.18726586863239697
9.40663925002086 -0.8896043278234314
4.3562053893967425 -1.0211662545040747
6.537545499141698 -1.5192225370796124
10.506143770994715 0.21779008914757692
8.884563733390577 -1.333008627838013
10.479605962429543 0.21858861831729492
19.87602012365391 -3.8901385953818064
12.128363789121542 0.47715389731172086
10.393756312708645 -1.4348852276178963
16.630535301354044 -0.891897099948412
17.140844393969036 -1.3896122676403542
19.092730647942332 -1.057613189886322
0.006698597937022793 -1.667286700709918
19.68491650601063 -0.7670715847768481
10.465496624354547 -1.1503626756854308
14.694275548169276 0.9585005727914603
18.99868095834841 -2.194891002468956
4.4069463992405735 3.4157127751452045
3.1086082079654886 -1.1744371531062674
6.85175056157274 0.6204880539850934
1.3503540235496159 -3.9367463827352114
4.344460324274942 1.562277864405082
5.396318750532658 -5.042337410834613
15.867387933557904 -1.1006438592262557
11.662416629266016 -0.7446546759736173
0.2331267964691882 -1.0765159945504592
4.849112129500329 -1.1913036965115833
17.624331513087157 1.84508366446505
18.963941818220448 -2.538858375515589
10.53525847054478 0.4094432749605902
11.08777522409052 -1.2017531344951204
14.397026060442514 0.8411789531268126
4.8379517146715685 -0.9778625874981338
6.101190586143011 -0.45061243853466726
16.233627271636614 -0.9880469470081006
14.86074435683733 -0.7189946598292473
19.23032139786169 -1.2015250412047913
5.3543912359847825 -0.7579585238151563
10.86939680347907 0.9512446245361884
9.771595600145403 -0.05180019012926983
19.753687320106785 -0.28912795777338496
10.512891012178203 -2.3019428791577887
0.5354645391727012 -1.377024567391463
5.681191721608587 -0.8914240699378089
6.202505950620188 1.8602417647381764
6.975171379340897 -0.36515781995207375
11.653839018698365 -1.6326129137716872
4.876546971157853 -0.6054723269474397
15.32664613174599 1.4441472452157094
13.168659554017427 -0.47637567907831363
14.687548854598703 -0.7226662304898224
13.608912203745204 -2.1164631557119273
17.556219595654113 -1.5774527140438432
16.80061280551176 -0.8986628186292219
9.307651475654373 -0.6798257826558967
10.847032810228404 0.5241944598675455
18.68931561863899 -1.7152220069463286
0.7733045992207233 -1.189167044438283
10.842098164997122 -0.8680988304850168
5.9619672997620565 -0.20502351785659007
2.9880562190827473 -1.3338342330549724
5.791566138520271 -0.4212691252397958
0.756814957810801 -1.3778940947135065
5.111401535431377 -0.6686589698918682
15.11243707383375 -1.306865617210568
9.090449345980533 -0.9343210381565565
1.53467102888232 -1.4358836689266767
14.569225729231885 0.4714535614436431
18.983534919439872 -1.5482235989984674
19.569194709540458 -0.6405409654522844
19.739621909567106 -3.7697520364732773
0.7293785694121779 -1.297406577371617
4.681062737150506 -0.7044415332716175
4.0018110712244095 -0.4049922894836922
2.229144801722389 -2.4491496730207816
3.4853932967487777 -1.3455337972245907
18.580063726315196 -1.622371178040792
8.754603052478688 -0.3775256850216282
12.681613928587316 -2.033045283581297
4.436312161599679 1.8461848232701368
2.4326452974919275 -2.5639672859427107
16.070385365652385 -1.2148408131322153
17.945795570020543 -4.51263696102179
6.611187580489382 -0.4529211249942169
8.168900234255913 -1.4959467989952362
1.0172774625221312 -1.0735054064351937
0.09263776179424493 -4.86653926115612
15.481278799969294 -0.5405462643180957
8.938552627806235 -0.7511810812889474
5.390009578317283 -0.7721858708364131
19.362638266366833 -1.4887575110529778
3.6643446477084147 -2.0281762193510673
1.2538172527499514 -3.5424966600955603
12.476192596849181 -0.8519744422582654
12.501288442258883 0.7619099059372068
0.4114552371064396 -1.2909494148990048
13.028165622540264 -1.4059063528717108
5.962037953593113 -0.38978185577570257
4.345533327469822 0.15974545312042138
19.42266835553417 -1.349596432404724
11.782843557144552 -0.6113187412281322
4.896952488634826 -1.2788395267598887
17.081971939682468 -1.9249893394985227
4.567007571693126 -1.600291392940148
1.2050043504841077 -1.2233500996582867
14.701456391826317 -0.723849402743987
4.213837307188314 -0.8151535327128256
7.802240441838638 0.3522943219282856
11.366415002673271 -1.444912379512322
12.385000156736192 -0.4202524427889077
1.7971033202226179 -2.5812980756761563
16.584592172687817 -0.8781739490127457
4.5376205868099575 -1.400204493695641
16.50898820685006 -0.4973908263329917
10.153750395173805 -0.3797810829182795
14.454724029354912 -0.009699131432019031
8.068542791918642 -0.9599187923090016
9.215961432232655 0.05135309214930672
15.13641125950668 -2.2286360171231796
18.118733912012438 -2.32444732472243
6.309177454064809 -0.9392323091091374
9.624781170697922 1.3131839252495723
19.349405058159498 -1.3367655142874295
7.46366443670995 0.35317322680326685
19.93755707016572 -3.2743761226491253
0.14000284855678563 -1.500873324319916
17.290835735254703 -1.2196896135941664
8.610533258106056 -0.7805991419349774
13.770666467355012 -0.9285276927182737
8.904787304869041 -0.9336484730655091
16.580094063140574 -1.8407957836420181
9.494741364019756 -0.789883616499184
3.711485871660776 -0.5249234154412042
5.347238633483474 -0.8184046010956272
19.055484581623034 -1.5405643465254828
18.48372529596223 -1.1195128192404096
1.7613920097069722 -0.9531534952151052
16.841282263263672 -1.4038948304073962
9.01498107362806 -0.8250048646656671
5.775940567476167 -0.594505052687869
6.88332717008998 -1.1010335115928307
19.4593462595915 -1.5856859287415392
1.2289264935198445 -3.3734293209424635
0.3103122727499613 -1.3059924537330019
7.13480466356257 -0.830999431450411
4.842113524185262 -0.5562606754070226
17.896205640668196 -2.7232206065488525
10.881233327042386 -1.208813817466727
5.954580090925387 -0.9783281688483865
1.5770310982346971 -0.2355394352582332
6.394249875969135 -0.7908107033345657
4.001561522016344 -0.45433863384447076
2.932982216492829 -3.6139172615464874
12.108475298016875 -0.8883845680101268
18.47648046180803 -2.059202686523241
9.03994142235679 -0.8594512768586648
9.337048018341047 -1.5476877374635563
15.37498642073811 -1.0932991924123425
12.491871561853273 -0.3314136158791797
15.948437562809163 -1.101364091503338
14.257127127530692 -0.4123868059103963
19.911293826927473 -1.237387313491025
15.038545368394177 -1.0164589691412511
8.152842678683651 -0.52927901155166
10.850885852766853 -2.2958545493123377
12.58599231011607 0.9562971095522959
2.975340055372764 -1.3640819638975483
16.79599505587877 -1.406092457629234
18.01447633716671 -3.295005088626715
2.5546388634053874 -0.8341842764280968
16.13919406519261 -1.3093789053147722
15.329143361479476 -0.7478973377368364
18.439272190701928 -1.92263566870606
13.847146993450727 1.0204686013675244
18.73575412192972 -1.3406073291142089
1.321533062140539 -1.0611541968413067
18.54069533034949 -1.75787220882778
17.856438189135023 -1.366618665910858
18.985184601266422 -2.3932691220783218
15.140124076663573 -0.8935560069931774
7.725300785655357 -1.6454392225751049
5.3256126470079055 -1.1174856623387364
4.646868320344619 -0.7958058377546998
8.68399368768344 -0.578374820581887
7.382894465777428 -0.7857358216945294
12.297191077801127 -0.7329365945130422
7.339703590834477 -0.6530292801001745
8.662075991368278 -0.5718395766530628
16.77927812438767 -1.2922750697935634
0.7621206327073103 -1.1846352562468814
17.87551453160005 -0.5128563009258156
12.488960995352063 -0.3604920195040432
6.501424529627169 -0.7661475697721184
4.775608437251015 -0.5813704234065379
13.87159621000306 -0.9322166242491872
13.349341179720408 -0.7406705000178693
12.353547205542455 -0.9672454538980582
13.91939242282856 -0.25913237119536675
10.873193895029772 -0.6174682196733507
15.94682842386138 -1.5047345099419123
18.637749231856457 -2.4290643723346874
14.762499193093339 -0.48039343649435484
1.7290072263124616 -4.390597425780002
12.14584087594429 0.034376523043597826
18.89670165796289 -3.6670254462168086
8.195805146317836 1.2012424176864196
2.537997819635314 -1.5456151516139869
8.265392056244233 -0.4353215473562817
15.625561355568774 -2.1854087972957057
5.798794088768846 -0.8503960477183296
8.478743269278002 -0.975739912022035
4.726509490535328 -0.7594539666351462
16.79983449285631 -2.0081590942286613
7.4529778333110945 -0.7440885532412626
1.7325843264284329 -0.9165473569108957
8.171371834755526 -0.7793372813207947
0.6320010352682567 -1.7667586062312601
7.738341890986422 -0.6467442085455292
19.764856468510065 -3.749686345820983
18.329370184827138 -0.5351775461938284
18.89394010658017 -3.6153072947867186
8.651297490453233 -0.6213218723178426
4.840248892163509 2.403303543391824
8.783929237799764 -0.8097303839510793
0.27756446177620625 -3.0936986626357577
13.416687346150738 1.0239083714810313
18.781979068537876 -1.2798608129376732
11.816743154381262 -0.0740410786266268
6.071702069497328 -0.2482187947078102
5.733968791175593 -0.7750654710684126
12.293344856908286 -0.6716646955413723
11.205293902788991 -0.519414299579453
7.559703973457159 -1.7731180898537005
9.887390532389858 -0.1308655670066068
9.240386654492212 -0.37934385065705234
7.261476195209403 -0.36819212581806693
4.337925165743937 -1.3597088036270517
16.88049254346763 -1.247758538830228
19.566284102216613 -1.012578306742851
0.8723615092499394 -1.0217007341277824
13.426797832824942 0.008607034261535779
15.3708435584956 -2.632140916837871
5.3433958357730615 -0.9350824491411346
19.709024500886436 -1.0865101077434094
1.390595880071434 -0.6880411972045856
6.527298933283478 -0.5677892896815314
16.274223909590354 0.2699728825290853
19.486992420456108 0.6182572628050291
13.079166069741563 0.8364930699737908
17.159235526532633 2.598149950363771
17.8151587840075 0.8886732187873946
