1.8411157306375876 -0.24916359068362148
1.771849638109382 0.3481057144123817
4.7553326676926995 0.6448152976692697
8.131863129731789 -0.6930301000780444
11.137436250094245 1.5926077932837561
8.9611977981344 -0.12849246674671058
16.865344925616878 -0.08305063040140477
12.353933309103112 -0.36107996491356736
4.227428028481813 0.10729781873875335
13.195899490218762 -0.8252780189346924
5.459579867871892 -0.25570559831510953
0.43813243475768654 -0.4677292693674098
2.0859129557957417 0.1975603374556445
3.184749847474705 -0.19146129181619578
18.324013468695487 0.2043181361721379
4.279831180963328 1.2059135096392486
15.636557143866646 1.175746277859168
19.721845566922564 -0.029472654716835467
4.721961865623832 -0.1403850397502704
7.557085820609087 2.6928024131751016
0.282989816449601 -0.484584438383222
8.00675296153998 1.8854380403253495
4.318557737598105 0.06666569268824522
7.046615500814047 -1.1208421607881587
10.63907740703667 -1.4160787974988736
12.53754736641992 -2.0827930801027774
6.768980838520864 -0.4963779126548992
16.933754143852223 -1.1640722151026495
18.20062742818071 -1.339055713341867
19.207511222880854 0.6367079951238017
14.362703332007198 -1.8579544320604842
11.629893133414898 -1.0036057909456588
18.35262276272182 -2.5407732912628793
2.4364697952177194 -0.2628094900793451
5.342850599419285 -0.5561121831901358
13.671612973381695 -0.18348037957549138
5.597558748725216 -0.6816070887340961
9.20729306296322 0.6684264095095287
14.606604985886522 -1.5862537397639584
15.494878970510042 -0.11619541455276966
4.905292133884605 -1.745440283569904
10.684101130369102 -0.5121708310247624
2.4783252988513156 -1.039997492944912
0.3016777314345027 2.037352311720837
19.781851733464084 2.4941214963130007
16.757375542044866 2.9851450849331553
9.211356747759421 -6.162566899076843
17.198408117964593 1.9783303354689985
10.757687470578471 -1.6416705377605034
7.362781685751152 -0.4744606372554792
7.588078128872458 -0.5185752754647085
2.627927668700977 -0.32002391363991023
14.036303225093807 -1.750395635909967
7.792865045101473 -0.6385487548840677
15.408667505143464 -1.860336365737223
7.250485072459077 -0.639639490886784
14.972387316734366 -0.6012271910807703
17.52959138222408 0.027416586248532555
9.362413185424284 0.9828708242964023
16.353017567662395 0.2712826223035375
0.13558315260885986 -0.28085594747537906
16.151224184330083 -0.13916766448234846
3.2909739284812605 1.2496259321808476
0.46354824217959306 0.2341665480417406
19.201450302987794 0.000631477682025542
10.516668778465734 1.8300405330857104
6.323127495997084 -0.23757019406885677
14.348405378118613 1.0557638595202965
18.081835783858356 1.7663409370902083
14.868567972327204 0.2976057840927272
16.19813858034672 2.478381297254589
8.3935681605961 0.1734712496808743
14.801333307704853 1.4382818168024991
10.587401014361001 1.2530577595918373
5.186833065713725 0.6884999970346329
6.057669883167857 1.2189545656463663
8.330640031978298 -0.3095753470910076
12.185781932468112 1.0625285224285081
4.949226880215287 2.0638995436449457
7.921902697352481 1.1145474959939399
3.918893206244564 -0.26636281718826127
16.065507432582063 2.8011939762408335
15.494299337515415 0.22847785067585696
15.195628740759826 1.7260083874086984
13.021561144957799 -1.0943081199916684
6.210520694626079 0.5772598505208492
17.986598290202704 2.197822776287175
0.04487222849372333 0.4040338994409322
15.420005770745446 -1.5033822343272125
11.646405174793204 3.2749238459300933
19.003682080306675 -0.038928463632552826
8.951145085986441 1.2052114055146987
18.196190596483845 -1.074962963259476
13.926638936761698 -0.2530937795943963
16.50093772670486 -0.9912771092395362
16.809470797741007 2.6398152149175784
1.4705712346613915 0.5598599881228282
5.33956863122877 0.03465548722174358
10.191808790820506 1.5338991859752376
19.063703998813374 -0.2265557040491546
15.986996235142714 -0.9660188718925031
14.372378049939975 -1.1466530849602705
1.4447238124228048 -0.06863534354215871
6.417145427764028 -0.03658791206572479
13.812910421097486 -1.8666947447099058
0.8038279274846596 -0.6538268961438292
0.4135313291091151 -0.7802479633426631
10.16415730368374 -3.508101285214658
19.93142118431141 3.6668455774107342
7.764738697227445 -0.37530579204331616
18.092357059363014 -0.5498031874732268
8.78253161086016 -0.7411815874718654
7.622519664879034 -1.0245160527509807
7.041537205424643 -6.611650053759457
11.739296949575404 1.4205310869035555
10.746395116995334 -3.0402980329626192
2.878865514145783 -2.1110364437714355
6.042258380585903 -0.668811686742338
13.421293651607511 -0.4865786464756653
8.921227349031154 -0.9953468458935456
8.775169317227524 -0.6318482411342319
12.44863710522331 -1.7706176752353158
9.334085862870547 -0.24998096560611952
15.325559282070536 -1.5768406848980043
4.794077903344698 -0.01628131049657454
18.364780060040164 -1.135049467739798
9.703035467867355 -1.207084785033161
2.7703872601554647 0.5874361170434937
5.667870137131527 -0.26546786974437075
4.558780583569206 -1.1448955106523202
18.627477209941485 -0.43728120916360114
10.789859462681829 -3.203136592030503
19.18106583980878 -0.7052636165988172
14.31251035649251 -5.633963442373822
3.095594479300224 1.1039061909357974
6.8085096187685945 -0.6124521715786818
12.052854441528114 -1.106211815755567
8.71929567654998 -0.6402633465150427
18.46600224742818 -0.7355571514183513
0.23581986796068866 -0.757478783429834
13.104823247204397 -0.149252975491902
13.481212313385731 -4.013894087322276
8.107966592145669 0.33802556753188406
9.883645772807947 -0.6637517063151986
12.018231306606467 2.6636320334580046
2.000195425854617 -7.750522940136079
5.586732842814154 1.8447463074522388
13.719911614469318 -1.1878129704300684
5.164111006725232 -0.32764638114378497
14.370499719551539 -3.678708817979261
9.9523828234892 -0.7291977957446678
0.5972213327493285 -1.4304971282057684
12.806725222416292 0.3928595642112992
4.167467747800669 -0.47057121810792446
4.008711878335771 2.7646193896594875
1.4648300819439235 0.03687297781995039
4.720634614534908 2.2141838766477364
18.34394492562508 -1.0970444735895946
18.80767414516354 -1.20705608039756
15.142918586969596 1.0061096608240088
9.595596887846376 -0.4725252693284116
2.102558011858711 -0.026321321507994544
0.6800015551582814 1.3146213152581216
17.370649073611176 -1.076007097145869
14.287964642278318 0.3130616120689375
12.14201962231899 -2.2464078872577593
3.6406966334181874 3.5385934518243563
15.08826558099138 -1.2342708152000434
19.652486936528906 -0.788327217022389
3.8025100015391335 -1.611670530389972
2.9103331761179407 0.28043783450166226
12.311950123699948 -0.7903134979859255
6.5946748602971565 -0.19816959371609233
10.877504472779982 -0.4217336601564421
7.22727071671099 2.1176561187501393
15.366110702088523 0.12979013608358292
16.586531683641706 -1.0773780404319475
18.186682468238924 -0.8822112292368628
15.954232810671465 -0.9577202535059788
12.306077921382292 -1.3395968545010544
1.9185265730163996 -0.5636943163403442
9.41334703281455 -0.6854083057991631
6.547550715629167 -0.15747045146618033
0.552734297025488 -0.4571094386149042
11.247699644711053 0.0016891519911894914
11.992946293875077 -1.3785149607914822
3.7141665861478903 0.5499691022529745
6.268496427115651 -3.1376708152626933
16.970909130517214 0.41337109539751665
13.09858567343658 -1.2169379028309806
10.951771751601997 1.9898937754254173
3.141006948043669 -1.6700767341810834
3.2936876933636965 -1.1896984551383196
0.4253689008344748 -1.2764874839479559
10.400944152335564 0.43217668438028733
10.740128434873407 -2.779019115197977
8.253577935829023 -0.568508821652709
10.327232498090229 -2.5487047354588577
2.326507655507102 0.00996334944626262
3.3653219947510795 -7.664963005362225
5.454476098408252 -0.029636613545191356
2.8758954525178106 -0.4933517346055579
19.20747483477052 0.40736389589125
18.15674795162505 -0.997097442319801
16.015048361606038 -1.0691224051499075
1.6297068355293836 -1.274975507298422
3.958578300164315 1.2018191893876689
13.357623159541044 -2.632686605046506
16.063838902326015 -1.3001083164562848
12.909464403783929 -3.502821929963222
18.05459696582244 -0.300461574845288
12.035800842494996 -1.9520130417706585
15.569086589137692 -0.7456071839451901
14.244234421679996 -1.937744269926822
10.471172298843053 0.05961331331761613
13.116107415417824 -4.247645566259587
4.8291069387048156 -0.2800487985352754
10.54870169332521 -2.1367788354110466
12.46053884973756 -1.778212080091706
3.425166112299753 -2.347589071693477
0.6853689507329934 -0.5298995861452204
19.201448567566224 -0.4150743859443083
6.1254395602434295 0.22341219557026507
8.70343190555328 -2.0855094097147022
16.98586197504088 0.295316876211091
13.344744327199201 -0.9577758767105136
2.855658983895407 -0.44272744114401297
12.670819602868052 0.270643269384958
16.985814619614015 -0.7226732528438394
13.028105299127306 -1.212273819724542
14.627792083005664 -1.1056092947140541
15.016452809784031 -1.0225651371125066
15.626432546554058 -1.6782958028590793
9.759923645398498 -0.19117170653356547
1.5533818240889463 1.0995870841304878
9.905123045495564 -0.8025326557705984
6.063728766372678 -0.3367289534018041
6.388944970730135 -1.5277218608619842
13.23852302543586 -1.631863679668204
9.973722001793522 -1.1456075510916477
17.759826319274424 -0.5663170880276718
10.786040620782373 -1.5269817636086656
9.590555763051874 -1.0662669234469198
11.375192423895282 -2.875024341855391
5.829017419324806 0.2310100134185536
4.1958296863698825 -1.1875025609290681
8.117179902433918 0.8168138590458932
15.039480847075046 -1.1509146878658363
1.7130563276258548 0.06936507278320715
16.661349230940335 -1.3135446054710078
17.551971277167446 -0.15591062815412382
16.32463157316884 -2.8049945636796676
16.667627393322814 -0.5577722058463663
0.746618442472078 -0.33478284240335227
6.787579021824996 -0.5402279299236163
12.670363665014897 -1.362608314360501
15.232650495940273 -1.5485073998111034
3.561046187873386 -0.5757411042888192
12.146054624430533 -1.0852866774111787
16.836348500936722 -1.0449283401494105
7.7874117548359445 -0.945740925247394
3.570471456524889 -0.4614747449009542
1.5022732386045263 -0.538119998159755
9.698600931409159 -0.8669658822312101
14.370419510603863 -1.1698011446132748
8.18724944895151 -2.299201613565111
12.355997092769206 2.615526632261842
13.874722126961416 -3.8046347897249877
5.64296067642502 0.6969007309118562
14.997363113422125 -1.7997297804062196
9.598372108211263 1.7718934803169537
8.140674680269305 -5.686498352474647
3.2129295313962003 -0.843970083563101
13.800401616180215 -1.092865358056073
1.6302645601802053 0.7504936413020397
8.65854639089674 -0.7344787535456238
17.86765183992883 0.8890870446476814
14.130539952635813 -1.8771851542737643
0.7639967834055902 -0.5972341409307849
13.940893791738054 -1.5894246300924515
9.745923396128392 -1.2432213866810857
4.107991276641793 -0.021120981925425344
14.321997262703338 -0.014577691759300612
17.93134350119939 -3.4277650211334265
4.537634049488422 -1.723138611372557
15.636462761084639 -1.5702796819828062
13.375926228197176 -1.7868023775293764
9.774722788231124 -0.6103162526521874
11.353988449154656 -1.214494196325378
18.28253863587709 -0.8124113897215758
2.767898072042344 2.732771584747915
10.493923940259423 -1.3621020218933053
8.051767162610506 -0.6330421829699158
4.983362686308588 -0.38888079835121603
10.80203154319916 -3.3937720000331315
16.53435467371446 -2.0455282916002866
7.4919198687646995 -0.6549859747959437
19.285434572990614 -2.283624141474631
15.544888063956849 -0.8065937964605763
16.406321519173797 -1.5392468593594635
13.150164471838428 -2.9970916376281367
19.884226350741056 -0.4668340379525938
12.794324986605085 -1.3094943453663843
11.229939417596649 -2.1395515691615756
12.839270374932445 -1.2226659476744914
3.796486897524394 -0.5606793874628727
17.87339683707983 -1.7296938559902042
8.95909247560867 -0.7362463931922892
6.864423425867695 -0.712480714914679
16.140558772016256 -1.964081871540567
15.265550402576311 -1.085263579983857
18.04325938066652 -1.5481414305390686
17.649212716342483 -0.9046417386645517
8.537179578483919 -0.778265932227408
11.567826408201038 -1.2328688136372625
8.224527733230834 -3.6829091625038157
4.640598795708907 -0.4273835384579554
1.822141333007528 -1.1431319866948317
9.915539778953898 -0.08070836001203839
4.504867125930398 -0.4381998112231146
11.975953356008755 0.6995080957359983
8.959732810976924 -2.2196119865342028
10.888293394071779 -1.203188958066915
14.987167286139341 -3.6929785396021897
10.852720884383087 1.800234914848885
11.818764067477844 -3.0352758349231608
13.19247773609344 -1.2256232533866058
1.0751596594116797 -1.5107514231431147
2.5145441228355563 0.22721580088001198
15.462437142615086 -2.9555302799517746
13.149522362419312 -1.9291317644021835
12.00280078294835 -1.5787293215874396
7.1957332704198755 1.3004981988709612
18.81673240486952 -1.7055694834751216
11.39729295480861 -3.863571165346907
9.657964924919328 -1.9809686332211738
15.24215039042968 3.1477603136088717
15.6791966667175 -5.527467232398001
5.28884972347074 -0.4279335007850684
14.427467708257424 -2.730883310873262
15.80186059890798 -2.23901862870202
16.197476834041222 -2.7193985406466084
19.00273891017189 -1.595511879054005
7.988827232008532 -0.9891381197665249
18.301828089311915 1.2360855979347583
18.751729659205917 -1.1227581821036006
14.219160555478009 0.7462150077899041
11.783459469559073 -2.341091870742582
1.367641651517895 0.31136591707836947
11.024400244156434 -1.2272722304302426
15.91547269153249 0.5372394889334048
1.3404719329632115 -0.6748689973298981
8.020305553211717 -1.9868748860862675
5.176037620409033 -1.0503173243816368
6.544008677132843 -0.4843321985893649
13.203732209077948 -3.3136813228718545
3.9330840420798516 -0.4203426057418239
9.95420042677445 -2.4622968714590634
10.456922655045163 1.7760467968493772
5.615016684171319 -0.5995637656343125
12.442253139664343 2.4013276447330663
1.006248951326377 -0.2867460171855116
4.297233720870554 0.2972282099661483
4.069236140436806 -1.5622137947099752
6.560627672409542 -6.730015430590747
6.630758563801331 -0.9334855457371001
11.266283506561559 -0.872821130431246
13.558256970829406 -1.4696775048136397
6.093288797799766 1.4256500459358512
16.291687690518945 -5.229197720638523
19.62902590604258 1.7855785200780396
7.372805439930632 -3.240434944779965
8.356479968816378 -0.7209534575325249
6.190956833231321 -0.8472922443283132
17.37834059988586 -0.740329037462295
1.064178066841087 -7.526226070287404
4.281621546503603 -0.10825663498177349
3.5942347214116683 -7.326450480660985
1.0119202733231114 0.3907664898815665
17.140054557815972 -1.6518487604509995
2.2083260952802184 -0.11107476628428403
10.0498684544989 -3.234836022440562
12.344828795764426 -2.2663766478899263
9.739354310660636 -1.8191648650155934
19.40840553109869 -0.39949798291682465
15.218081159410112 -2.717612746083195
12.06666945957016 -0.5104241255099762
13.837931641399587 -3.1435938425360623
8.48834697778948 0.38146349909337324
16.20828013749431 -2.510360908164295
12.988675891236989 2.968624834439839
7.756171569636924 -6.910157320773015
8.991852500995119 -0.7843899814263716
17.12514520688823 -0.6552135913789322
14.310202615989738 -1.4490121881538807
11.440810207564136 -2.03623535489495
3.481075992486317 -0.3518757477247726
11.188849543687898 -1.2903213054329992
3.695327639359245 2.6143634419419177
4.761464407336158 -0.9405214662973764
4.315549760718141 -0.024140161506704366
13.840346200586328 -1.890313894822471
14.298588765546668 -0.28681974570647695
18.775170523587686 -1.0390800459044347
17.85149839289205 0.2036389329341793
5.1898271531018825 -0.5715664387624481
14.004456191183369 -1.3288796914869503
1.6630601763430368 -0.7665356743806352
11.992240493706655 0.02605715642536953
9.268333796432753 -4.237671847332038
12.129673204121959 1.91353502456351
13.130226191394083 -1.7656508990249413
17.65867606187274 -0.4357744011355029
9.213544653658728 -0.8380059547844608
12.067574209022826 -1.8294898533546613
1.450214985595001 -1.1775209482523468
3.6331914706611363 -1.1527131206343169
4.297132533253089 -1.5637909883152796
4.0769852266036315 -1.6366353568750232
15.248406464266077 -1.9747638665013194
13.930213139780484 -0.11680061311580234
0.6266398506112709 -1.0703665974311483
11.922272621204035 2.6365491861591326
12.454962780538258 -3.2404726740562806
18.93428876565351 -0.7246782311819231
4.404105235110501 -1.0142348218378092
7.87360775081139 1.4426501238468408
17.056232952591987 -0.8743995433778512
3.012634026746471 0.46851632370053853
9.313135726839395 2.8068240486883744
12.700038202571736 1.296111243438647
16.20543722654099 -0.045422027117354005
4.1986906152837555 -0.03513192369650617
1.201393286012198 -0.3790582898083631
15.128113792499644 2.0934216526843348
11.450591681581384 -3.515382298801861
1.7897470245072713 -0.25839832819902653
5.716590810478499 -0.8059385572115458
15.348844879588277 2.051810710322653
15.038245952703273 -1.4950534250626568
16.264553163927935 -1.131453673590086
16.45177612083395 -1.3306538423585006
10.387108919060488 -0.9030438715038314
0.08514487486069686 -0.38167866389803423
11.812738551268605 -2.3354383844370585
17.804128659804825 -0.9500352233112224
9.740110055196562 -0.25921926975576276
9.358277170750723 -0.8533527408607138
15.983939486264664 -6.094587981240773
0.8369023775926261 -0.0761948597410414
18.19331941251759 2.589506875625891
9.736087121473348 -2.534288429581012
11.790428452362598 -2.217599892346254
17.541793938029137 -0.8421093484103149
1.1964519714051236 -8.118139665958171
8.513270116789117 -0.8605551377081698
7.655432706897179 -0.7370695788982464
16.998940565789773 -1.8905693845884417
8.221763395985613 -0.6414271948681405
9.147616072623407 -1.060088162287928
17.579083222424572 -0.7886801442221468
3.303035105426215 -0.0619750637346865
18.620263735619652 -1.0547164501153183
9.186961139456923 -3.8417537671006663
7.5814549084882525 -0.6617922579804077
17.952340907702407 -1.279604144127671
3.1265091846668445 -0.5891147759384986
15.039492908078914 -1.7613100426897224
1.0795542525480253 3.010575610386846
9.068722040033725 -0.3333328713029999
19.249263614049163 3.025095659448598
8.3608907450223 -1.4960990044850853
16.153261856115925 -1.1410790548280847
11.054099033058804 -2.3632439530315983
4.6347859397189 0.37692738209505217
3.3909371087995415 -0.39096541527050954
11.338990845847613 -1.4136116560933236
11.242067085456714 -5.3118324313600676
6.02944097518747 -0.3261249576044225
10.475895007683851 -1.195050033749525
6.897634938994168 -0.5780427708350775
13.820686313932756 -1.5800346494224846
4.797242305429249 3.2034814110281453
17.69960240252147 -1.0466983222225266
13.189726176398565 -1.8617785001575597
11.151577676908335 -3.280750943672516
1.1400171152816734 0.7149831588768181
15.681723970266027 -2.481483118346868
18.668435083582434 -1.8016147511168183
14.409117946051037 -1.6929955071890044
4.091631866463739 -6.4029422136552645
0.6486483293126617 -0.32313748451129604
13.963183606564863 -1.5928254976425642
12.973753236664377 -2.026862857892597
6.24931522471202 -0.20014444219272487
11.938004890669724 -4.94239199982651
2.23010471255578 -0.44489229072771846
14.164402793936578 -1.474289018946119
1.3677663814813548 -0.5587646031185903
13.853220842272158 -1.0543125320436837
7.177810194801072 -0.5353469002200072
14.623349355932742 -1.868906966621569
9.716981528125318 -2.6371416631900177
18.071131818346704 -0.8138570462466383
7.903113415900142 -4.064743694441112
0.704769473501608 -0.9613442155649059
0.44392080583376187 -1.040397034923847
0.03910626957114738 -1.7961661119863115
4.3529800552778815 -6.2640963920958255
3.517047176161015 0.10164360007997005
1.9944528023459078 -0.8372268610637122
5.368398641798301 -0.0585232975433691
19.264748881510172 1.8589626677441535
15.63113430466459 -1.1270736093162737
11.115654615188413 -0.24929165867939684
18.80277015510278 -0.6186897497877611
0.1736890693194148 0.33626576515583423
12.092715375798807 -3.1820640569533176
14.05122918949865 -1.629265017748684
15.551222072901142 -3.2613489195989436
12.166082371570104 -1.5648839925133111
12.102143848800797 -1.6079018940326755
4.682679069235095 -0.43512765888604865
1.4915076056246217 -0.43812607216838867
2.46773719820876 0.1915390018816926
15.283157492259408 -1.795410057897114
15.118987489322013 -1.4316360819333893
12.631091704578902 -1.381694848293379
10.287287953611738 -1.4545236166090225
13.597166624873482 -2.1740555560317625
9.810728814018244 -1.4004250645894722
8.130300722716974 -0.8082011387611454
12.551228722211068 -3.9697046015406463
0.8090766775524024 -0.6482113061781685
19.61856810208483 -2.3143563727157574
11.245263389041197 -5.226947964466558
16.171131578003795 -0.7973481145496666
13.079655452726671 -1.7520135238117722
19.942884085620985 0.5585847323480325
4.721264601264823 -0.7031148274821277
16.152687561899114 -3.35461162421526
15.963935702075243 -3.2036801121230725
12.620854055300404 0.2845352867377736
9.134253420578279 -2.4917541850969407
18.722799943868917 -0.3135085135713645
17.508304198400413 -1.8267982435883217
7.541678785681377 -0.39267878216992297
9.052418547897464 -1.1287760822171067
7.080454951819805 -0.9987524515888184
11.999984018735452 -1.7847272745349791
19.983433683158964 -0.5080199974843468
8.166230713600521 -0.8494024596536993
8.296827036404155 -6.951780099158434
1.1580083424807925 -0.6247052180883566
7.672161568913708 -1.2608452028024972
14.385920826357403 -1.5035055358578142
6.877008075969062 -0.36642881126118537
10.973208048723397 -2.0997644889701994
18.24396967581653 -0.4157077671189484
11.21137704852979 -3.276912517828354
15.246876022740357 -1.4714623953803987
12.910054708572662 -1.8580844955395055
0.7698428509462092 -2.6362053475744864
5.931208435657156 -0.27167450038080054
11.533354277859896 -1.5731525517310456
5.215856937264527 -0.3456650591410739
11.515825043463686 -0.9545631948429849
6.819727548343436 -2.3653657953432514
16.557012476515073 -1.116093729833879
16.445575530839356 -1.3238451825701603
18.98059473721908 -0.9227532395817328
16.454377491728746 -0.6389030555286325
4.885407373971587 0.010248673389530963
0.3256147278032812 -0.2645441870685598
4.280399380539473 0.12222911476630213
12.23426130237346 -1.3400273831805425
12.665309649393137 -3.336047015162347
12.572873041086607 -1.5940407414182909
0.34249516400862656 -0.9562219659202613
13.890554678816608 -0.9532579232444709
18.91163926822032 -0.015650660830200405
11.687305366213293 -1.8175330539474774
17.343832054672063 -0.5760199277734288
12.278629014761766 -1.7354544102204852
6.282862533066565 -0.4598278024798196
8.106469383266985 -0.6865690602233473
0.712972928276004 2.399719162624388
0.7771821938788585 -0.5030502786874647
13.364314629978736 -0.5862221435032169
11.845338717257683 -2.2939818968269803
10.052140221110715 -1.2608119438402552
9.905976699170479 -0.8491258311114614
17.95531547326153 -0.9445523059762833
11.520395888197374 -3.7371030655246877
5.514458896641532 -0.2134737430783438
17.8469687023847 -1.1801216763537048
14.80928166278029 -1.9669497557409532
2.7793975944310696 -2.6568050659252074
12.105618506524024 -2.3966385070252976
0.6467777254501986 -0.970060998149977
14.785563875221552 -2.913269661845713
12.285919771516326 -2.003830161525406
13.231770539735146 -1.879229089536644
17.714036848634677 -0.8783242409940364
12.67102233986118 -4.108633621718744
13.856645988769593 -2.522779253291672
12.03132488936569 -1.851964152033883
3.421988893567888 -0.9593824090928073
5.575734512652036 -2.9347062348157436
8.744331310667429 -0.6580008666366562
9.209834980919677 -1.968479172611063
2.8133858100837617 -1.1472006570247708
11.539474102775538 -2.7633333755552107
15.739799556234445 -1.0867140802535387
6.2783120443226865 -1.4143857748808422
15.321918910598795 -1.4574814478618179
10.482568437854155 -3.260194218729388
7.4459247963829185 -0.7819880367088964
1.276343420491636 -8.062625041321455
6.114987931546102 -0.17164827615221515
2.779557329779245 -0.5931325517154719
11.823773952876675 -1.5786032173337385
6.084897045695647 -1.9383938503686686
15.634445821981883 -1.458949869108348
8.589324018070013 -3.8504421836228064
5.731603231744467 -0.17133054276124382
11.34809864837688 -4.892177795892031
11.591098677306805 -3.353286234282384
10.438643853207507 -3.8000202947676347
9.812568671389414 0.9581702617964416
1.4129270676754835 -7.302924114373381
1.1804660021137199 -1.4665773517442577
17.831799821531156 -1.6916142734548207
17.354771305038817 -0.8863508976882564
19.213637698316358 -0.774163817962784
13.463430230599315 -1.6290731839380994
0.5320386958126457 -1.40119451186316
6.309382151361284 -0.38647839272646556
9.821701846365936 -1.5301065671275782
15.05884999479012 -1.78174805936003
3.746082349584585 -2.0625108020151712
19.14433471842377 -1.4464542216122298
13.448270193142053 -2.718540874732514
6.245747051510355 -0.7685200017336301
19.446120653850432 -2.991807473977892
5.785731247201648 -0.010463954111987875
6.046039303453059 -1.2850705467967996
2.6029015950797656 0.21528381961316706
6.721696502841971 -6.607563177329669
15.2237556894176 -1.6064994325906328
9.54839911940692 -2.7084847922676114
17.79453739025558 -3.391337438077285
7.669104875817378 -1.4593556969692834
11.71053945146748 -1.7193280371207897
8.557620906018451 -3.7719022378602767
4.521128119839767 -0.16294067550730224
13.440852450030857 -4.199270591990981
8.833423426058546 -0.7296010460283632
8.847601942460862 -3.1072343130263453
18.620732708403356 -0.9784443254288652
16.260593843082475 -1.853325278521782
17.624156517459557 -0.7274520326525581
18.125543956499197 -3.0089701170177925
18.286056060801506 -1.0493764574618136
1.3725724040925118 -1.432553660830711
19.96879223156341 -0.5501627453597556
15.071420746138562 -0.8047186788033862
13.228762063497067 -1.3147427671788134
9.868599082005934 -1.0052266816213151
15.886694175976578 -0.5159149861268929
10.27338221256819 -5.129348869135926
19.434827030302934 -0.9726543086405964
3.6121288471122734 -0.5346886424246456
18.776423585248494 -0.0028669076680206233
12.983457928401819 -2.1122243698078176
16.142404864413795 -1.5559963106724115
2.183206336170862 -0.6249060975974658
3.3389283100752376 -1.263897563840626
17.46750358542136 -1.0030085603763292
12.762827571186287 -1.1304323560033889
14.529423650081476 -2.0282170298974536
6.23683861697993 -1.1867185806772307
12.243599733022867 -5.734716107961013
18.73702171052817 -0.8461029287022973
3.3595470161973187 -0.3315877407274177
8.533991676866286 -0.7601235008113215
3.8760207527417 -0.8698116750277113
2.200713026927861 -0.5625111622897894
11.302445951347162 -3.040862109134985
13.400240175831748 -0.8231933328027485
11.92401066543125 -3.9519421750248656
2.2175382025233885 0.6057441862335121
8.960855511192683 -1.3143360995619109
7.557013855736545 -0.5125978314190393
3.441107920454282 -0.7241150474989934
5.293619185577073 -0.029164552766181684
19.111476667720257 -7.211705046404078
13.774134513823666 -1.5125944956488007
15.324273507178377 -1.9366558823451778
1.8893156796906267 -0.3231570287288441
8.431206718408152 -0.8736916751506617
5.2208288796925055 -1.122552256287563
12.122178910497695 -4.174871186663669
14.204737884721904 -2.3806098518341483
6.676397487756475 -1.6197361208985261
15.335772858948792 0.48792636704384157
6.814236705563252 -1.4884717579775637
19.755336845408937 -1.0128681467858134
9.78079418230693 -2.1270436184402848
17.897426246719526 -0.9250197722163925
18.00687007791885 -1.3796729403515575
6.258335376104181 0.8848507034494467
15.476602261742162 -4.891437825462397
10.642710031790406 2.6237066666955475
18.019381728622832 -2.813253740315719
3.6839999414662365 -0.04388571710505347
9.8974869327009 -3.7173883337458316
8.885254714195353 -0.7750039876446275
3.109876053537455 -1.7902585031801475
9.07468418743737 0.07195495602671641
13.034127542337117 -3.666793818005295
1.8046887065865447 0.09900515593763111
18.02187860637156 -1.338561951660176
12.469996590918502 -0.4299837362760892
0.9122071353244581 -1.6435396517258642
9.813195664211174 -0.8688577157139566
9.57303050002628 -5.459836187740503
12.620897911429292 0.5130117184774106
1.0975473467874752 -7.933221940773542
10.052233071248253 -1.1142451768928905
19.652684364774686 -0.7915761340161904
1.4869246048572007 0.9356540699659288
6.882082448017357 -7.107447994602553
10.516847190750562 0.7967357217941056
14.630972097924825 -1.6656266037634653
5.984459595985469 -0.5381342834455952
5.129565801919423 -0.20912785373634385
12.876259180887404 -1.4868403958925207
8.17898638274993 -1.727781303050057
13.944136186626542 -1.1749581464498091
13.60033762468657 -1.1765074438210905
10.522585022638498 -1.2846258438647344
10.706600004707234 -0.1169214041815371
12.354632141859398 -2.255909956982433
16.55607044903476 -1.1071490229688932
3.9847951757736833 -0.4774704282639556
12.40009217991668 -1.3578509357241615
13.073751715489495 -1.4731249980307368
12.799961938010359 -1.0815022695272867
4.78441900176769 -0.09747507850219604
2.7070438843027866 -1.199953423539138
19.312164755033216 -0.5430663656948184
7.1017494174041875 0.7213668846981192
14.754333390954438 -1.0444606996097474
8.28159694682026 -1.4515043326113244
0.2925256912362777 2.2753682824307115
10.918825198874076 -1.5161720251027293
9.056952848935474 -0.784631576623882
0.7867017293812297 -1.2957453306299291
11.694992083907119 -1.6517578192061715
7.518333894251024 -2.8152040424199853
6.654869531933989 -0.27637896333591616
12.706772366657836 -1.367407713043137
5.878597345151006 0.33967479338170514
11.537523243559843 -1.9264804792502306
3.350141540470066 -0.2761077235397358
7.33521551943683 -1.0218808005014424
10.633005266589471 -0.5413585781537222
17.158677630297603 -1.4579341583854821
5.808360458036575 0.004148218221004904
10.432952097317107 -1.002409451230279
14.18715866630412 -1.116602728784903
16.179535282891784 -2.903860017415853
2.968693329112347 0.1632664673377966
12.682124626888834 -2.110640957313031
13.306811872984156 -3.965862303346561
12.694080925902501 -0.7661357397059442
16.44958451226397 -1.2455663211969201
8.148831752050338 1.4034700638145847
9.91907588248694 -1.652410705199841
13.175101788190373 -1.87745691156221
6.12279256706001 -0.6181909057915366
2.8985214997515416 -0.16793949917611814
7.607058846886452 -0.646779049829008
17.245988468653703 -1.1362735289276016
14.553111507617702 -2.066179239792426
10.876037379805457 -1.3630492604019486
4.046731008147385 -7.275683198689506
15.020259984974654 -1.5703823713536387
18.239342275956126 -1.626731349534248
14.53847811829265 -1.3642036676497276
10.565077972008561 -0.816967246503036
19.17227421762335 -0.8027506384306863
16.711153849918055 -2.9256352960320298
12.461179126060856 -1.210931902197906
1.3952823002967918 -0.37478704340488916
7.3986253101737995 -1.165420403652597
12.237180875319966 -0.3756727553405684
18.475187629450577 -0.8670065933015597
16.335494810451195 -1.1193131745984417
17.277596752039333 -1.201464171273936
0.810984821526052 1.2476035202199833
19.057777707701355 -0.8897236898921448
17.581862643128648 -0.7763376903850697
3.547072358425681 -0.6899599538383153
12.545471055049953 -1.6614192556515803
8.25246807773777 -0.9427997843699853
14.277822522649487 -1.2858259385033588
1.7655792044833043 -0.7862432655115439
6.573287576436988 -0.625897918514579
11.542137313159508 -1.4093043788182193
13.827962497518877 -2.5988092014890096
7.398747384100612 -0.9274456473905798
8.016480025020503 -0.8561411422397759
19.27405431126305 -0.6087705727348339
0.2738916177426447 -0.4351840333003733
18.663236819805444 -0.9065917168973171
17.267735028309502 -0.8516858134610674
6.149838951517144 -0.6544239017126686
5.858974495293265 -0.600106507769082
17.306725310612126 -0.08893582573086406
3.36346703748097 -0.5695459942801074
19.665833096465448 -0.581832046358318
9.949220811949434 -1.3164041720233457
15.262806561436667 -1.807838130332917
7.034090398061052 -0.9207192750238785
18.6064576199568 -0.57793750186237
13.150750923441482 -1.1267486095819936
8.886666811734022 -0.7452351748868965
7.163515832816864 0.09486920930565622
10.033787848918028 -2.7243911083700225
19.33650128199383 -0.6755199838301416
3.082500045031298 -0.0853159692922798
4.808966059476186 0.00715125267921822
8.164748124906737 -0.8667668976769731
14.860430139764716 -1.8977904075374246
15.110548362248885 -2.2477297491633874
13.412907069954445 -1.3977725613285168
8.126082349656793 -0.5535860949673067
11.593013390547416 -1.4022550055525056
11.712509551351376 -2.163007480335042
0.22092286659125204 -0.5254402512462415
16.912549184166522 -0.5127856151760851
16.620173194860257 -0.8604729595718627
19.829850451532163 -0.6274420559680122
17.413773765248546 -1.0947709572210007
13.270698910018378 -1.7495529046724427
18.349175118665535 2.288233220426621
16.0453405008146 -4.87818816532702
18.822371427125695 -1.0014966133810004
12.061655150008445 -1.3958923064911746
4.012703913019113 -0.47512264089831013
15.494125979133978 -1.379673849900743
18.23933424836155 -2.406598860193657
1.7416465079603431 -0.47684279425229203
4.22379177168402 -0.3126320757918064
13.410576294273916 -1.5094059721212454
15.340956156325689 0.3735867285016912
14.33674923419601 -1.5854426970439395
8.706334866740823 -0.32945205664300903
5.395508177916138 -0.13606436889084647
7.0308786635829374 -0.8325206688771526
4.644309492159866 -1.4583820597772381
10.814902694262203 0.14536093885983764
11.377482624498109 -1.1715835403140984
7.917834434609625 -0.8530467103089265
9.054410888230958 -2.6470576964680075
1.26536209604841 -0.21602684172355405
16.981129325728247 -1.7317092759106516
15.983702194161312 -1.1997285174883383
7.753665888315748 -5.18256067787671
0.3216547445904159 -2.5919089109962288
0.3298892946088514 -1.2699651132549694
15.09239501649158 -1.2972905588314747
18.08353374932327 -1.282426934125167
11.463059425212553 -3.1537313076050535
12.59234658002813 -2.1492485332416478
11.33638693998268 -1.3283859005203245
6.587886622873305 -1.9193748857265716
16.10073341269261 -0.37079339532885414
17.63736274994361 -1.4539659002957424
8.710913400638386 -0.7303150732556092
14.004089635220454 -1.8346570109345806
12.83514521090104 -1.153946774842248
15.70881521003456 -3.427683641001408
14.018180667181365 -1.4860378014191518
9.40698254443986 -0.8530343061334004
16.859487032109303 -1.193809420801381
8.926965197724822 -0.5841206114451282
8.765529991305728 -0.767503815534885
16.57025992280679 -0.9852160411020742
0.9059606892858755 0.35856476866684184
2.24159558590792 -0.6527487325497059
9.603164891900024 -1.084190445081492
14.639146555835564 -1.2831861323219511
18.795008593944704 -0.9240503686020836
6.539771746548696 -0.6047927095563485
6.433962886098157 -0.34252398877756146
4.3074408314423 0.08411324713336359
12.695305025097698 -0.9554804119215247
15.50942816613787 -1.3847815101610976
4.02183816187165 -0.4511548132122034
5.061848683973912 0.013241773089503445
2.5735424854179034 -0.14056493144212834
5.834891621106655 -0.30789588239585597
9.961825931771246 -0.7226159913493964
12.997561233236762 -3.0484079155604933
2.047272573630961 -0.4266444794075197
9.905279460482497 -0.6695562365741358
12.143025914514883 -1.3051367675751595
13.244445778786291 -1.7703077207955862
0.970919032023859 1.6561554977436967
13.136496578353091 -1.2522355652469386
6.736094714713914 -1.2365512623040746
10.243327705806077 0.08769898211633428
9.811447214618155 -1.342320953037958
8.336758987376983 -0.5845941924340661
8.375527462226502 -0.9451589411346623
13.33908048607625 -1.2436157963717607
9.810412020757344 -1.0431752539378472
17.8126494617348 -1.2093669279025934
1.3603300426350422 -0.7747731300875315
18.617917130270616 -0.40387692206009457
1.3580431893324105 -0.9085789734574302
3.7784132656567078 -0.1800013959824326
11.231631282262589 -1.789396914526988
13.597477950991273 -0.9424585677263302
14.435060544192394 -0.7376944399491565
18.981532532614793 -0.6649494675888963
6.866405548681123 -0.47014626055351877
8.446268404791521 -0.6528217463294989
13.44493013408778 -1.385547778849606
6.815515843820711 0.3528127198638785
15.770698252072194 -0.6973804044833697
16.320508130536492 -1.1163593832706205
9.335431627719593 -0.9603069701169139
1.821706898235569 -0.774123258084525
16.53615300120081 -1.2893271620777789
18.659194241936206 -0.9984792484982612
15.970684079072361 -1.7472625953775152
12.504746653734543 -1.2335778360264302
11.617906332289952 -1.2872633678786682
19.545344474179235 -1.26777165429928
15.372767103546881 -1.1567523208100865
18.86530875725587 -1.5053676431202303
0.62212170123632 -0.8670134321412726
13.801987753606408 -1.306103053797702
9.484054926621193 1.5711771998038193
1.0638361051712681 -0.5911486578425225
18.09828777185542 -1.1915706709441394
7.861493610037049 0.737593275246094
9.091977533139326 -1.3133478929401083
2.4444407355937092 -0.6039857814498353
1.160186395137909 -0.45349847772033314
3.224213344945209 -0.2610909541295382
12.529066169326933 -0.5571706498657747
14.500013201986357 -2.5251956601955325
14.106641023599954 -1.7483052502589373
1.4451144774798994 -1.6344238302568836
12.757041980897048 -2.102541232535557
7.366136626105679 -5.980867451457916
7.428503418755097 -0.23701327716396103
6.47086524542191 -1.4647005782633244
13.472126535052952 -1.7427215316892837
7.391414662194672 -0.6586527192761763
1.19933022521379 -0.1741751423982151
3.2332491505271745 -7.596773749509332
17.920394169142373 -1.3720126968827993
10.078416457761504 -1.1478887900330954
6.607755365642452 0.14988184652966985
17.834743834775985 -1.1333186038267773
0.9503425684372084 0.43602274031518684
1.6429498275348975 -1.359809180034673
2.811591949146161 -0.27075248374923
18.091665956460343 -0.684311022511946
10.271587342367159 -0.9016327176023077
2.2911761877813563 -0.5363084130776992
0.9144969509874779 -0.28049044568355375
7.086566779852098 -0.4697737043811716
2.898368537638842 0.27672811636318173
9.533527636636352 -0.9223538660479572
1.784987402255977 -0.3299228458184249
16.469161696948092 -1.447887958120063
9.450047389816534 -0.8456244053219204
4.99672351006716 -0.263120509332306
13.676569355416891 -1.4854080605093367
16.041893716432067 -1.1779500273364036
17.796810568731537 -0.8456093070299479
13.892180951238599 -1.7575617098426692
9.915378247437575 -0.8395907875822882
19.602288688026704 -0.6402463009860888
17.32521082921878 -0.4404843758028824
1.0858043284724983 -0.5848138754962013
6.72706906407325 -0.5481916479580013
0.536484856316717 -0.5051021888731809
13.050421521285823 -3.045608558290409
10.406861995401082 -1.2280507622806633
19.171465554129487 -0.32498081499253856
18.25839834934433 1.239075407312841
17.081348722917806 -1.4439998510697125
5.5757916897438085 -0.45425226642365085
10.915442020952188 -0.8494330437850912
13.76249505400407 -1.7409561138464458
0.28320929466072714 -1.169156248695634
6.405671733751597 1.8142921761122863
13.944821447368387 -1.8010448528319165
8.946963487598083 0.3114537797969516
0.855162856648617 1.8089396095434134
0.4781260678880063 -0.4327494452385918
19.29945377233802 0.40771362358428603
1.7158171205663602 0.3963854432343613
12.023223669885857 -1.1065673775976077
7.123371295124424 -1.8017850525725287
12.169999682218172 -1.8329196919308774
14.448520138110187 -1.6938198496811747
2.874387706830255 -0.404243465378606
16.882883826212705 -1.119057546274789
17.56618695196967 -1.4270011245620067
1.3087037364960796 -0.4325707952529858
6.915127563102975 -0.9415167513407099
17.521061854270272 -1.7384474011283155
1.4864687263919791 -0.7550984468693595
0.8804595811312842 1.5566313197227302
15.567230529932452 -1.64962718570213
1.7805812923223368 1.7737437834924892
14.593831989872305 0.8351360177815212
14.486508209704509 -2.2588149887414377
17.08123752221596 -1.4716796536973222
16.057019006530723 -0.990698364717304
18.601627778769092 0.11224658875897658
11.031789999099477 -0.6632844471250054
11.054108975385487 -1.532671556563821
11.288239421882853 -1.130574409474199
1.3499040518970695 -0.4527170473146378
16.30999297560201 -0.2079948798633053
3.8057853019847356 -1.2172479309347304
11.335632272113829 -0.7679008458228451
7.620954345705878 1.2389264240371247
10.920034461749752 -1.2132344902373293
3.7342941324304735 -0.4697885507058315
3.748828122803275 -0.44950542371218394
16.201978457811126 -0.5587561577600784
4.970454996671393 -0.5830726649355635
18.877998028205425 -0.3023108441779589
4.129028909301593 0.08617835082323232
8.109942217609484 1.408612551231366
6.723430685963657 0.12882374315587736
18.472432297459218 3.1086873843246674
7.381267748105905 -0.8224428820250537
6.450618545204229 -0.5920264788983767
0.42975492976074814 0.17992895470586276
15.916698181077091 -0.8031644733894844
12.210734863116487 -1.858840913531064
12.910848558431459 -0.3891745683687511
13.925914241147211 -1.637745909170255
16.560112422102268 -0.24941212707692995
0.15509683293069498 -1.6983599796603082
4.76221080215443 -0.23339112434252807
3.7748739483361984 -7.749015551873635
2.0334304483823233 -0.45265297374623503
3.4260148224279847 0.2668198886670461
12.243032874508222 -0.8251049521063535
13.409317263693218 -2.8139722002733714
11.389148532112527 -1.206995869351832
7.668539164569904 -3.1810363855909998
5.08917951696597 1.847760685695553
1.3033986020581165 -2.2966805638053702
15.200363927490168 -2.2011806460017103
0.41065499035726627 -1.4753353550827226
4.783167799389152 -0.36978662243531474
13.80758733723355 -2.8469380435355154
16.17778170170333 -0.9815332153664282
3.390064059409585 -1.3284964189272923
6.513319036011433 -0.39215247597039765
16.496255558093175 -1.4231167578811057
2.4592790889705873 0.1291652424378807
12.073521207423196 -1.8394504178570519
13.446630390198749 -1.1673538948836795
9.388806829500629 2.0376379110108536
12.165396676389932 -0.8692605936359467
5.089196477286677 -6.809609912169787
2.994745411737356 -0.42357470762994
13.637910767031778 -1.459860162928659
6.02295866134971 -1.1780809467938684
11.479428097501472 -2.993973955721151
0.34556444985075074 1.5293212779843992
8.823294842338122 0.3033435084018796
15.438117592506412 -1.0997145080362642
3.034313184387797 -0.8558439863991137
1.3424019332903037 1.8167182525716332
17.923905046820853 -1.8812173687032008
9.844787727881007 1.7430503850002144
19.78891536265361 -3.4057583912760636
1.4036378580931919 -0.4425319521805154
16.879981914496476 -1.8414242673180854
14.332621902145569 -1.3306493416134444
2.767446286356413 -1.2321508424780585
1.6576483099247932 2.5780778028551077
14.592396103774718 -1.814825535066823
7.504568748460834 0.031040450367935863
14.808437229250409 -2.046922997082402
11.147944000473693 -0.8270087306100288
10.845776340429937 -1.2846208837004485
3.7460628039528276 -0.021823205292819364
9.342974887140493 -3.553472093595511
17.390244058600953 2.7779346032770063
9.635939579827289 -0.750198926636839
14.104075214785308 2.522780850760608
14.682174521072692 -1.3960944634659986
5.232974369458971 0.5977335580649923
3.245570500480339 -0.2759384853602279
7.880873465662455 2.3003317148526947
0.820264751576722 -0.858327214605139
16.111700070175107 3.5358637085851172
1.1109051149022826 -0.6246313358401461
15.823960754587604 0.6784242794383122
11.065526012204689 -1.82785405070858
14.388068029387947 -0.01847545188133394
1.1238053344781223 -0.5426125497592926
18.991478799604316 -0.8076889970223071
11.046887963364414 -2.1276386962272165
11.975698805221585 -2.362107077694131
4.447053667233692 -0.3264159162055086
15.223448335582688 2.709623917758891
13.73441754784769 -0.33142227422724824
12.190374219929337 2.8969687178418786
4.957950657302082 -1.5918525946068611
16.589540642040443 -0.6731796453378951
2.8305171974052805 -0.5612331072865123
9.610947198301915 -0.7092585188124716
0.6187086499542892 -1.6639319922557154
17.294535866160114 0.9428009775203339
12.117645056731066 -1.459521431385999
17.071856173364168 -0.003233140427669645
11.880528011160346 -2.5351698890692758
7.334373376832617 2.504848681914872
14.542590345838068 -1.5691788420861916
11.303624684931314 0.42776827816575685
14.30240150832988 -1.0545803274376884
7.084156149572949 -0.565254690962589
1.4194463333753629 -1.4188253266054134
12.241096729431344 0.11416324522767271
7.482262750086216 -0.26266659423564737
15.965269197133479 -0.6163220695886407
4.202731082212431 -1.608561415373918
16.461642221611516 -0.3205353146232113
10.450365781441748 -0.6797111308595262
11.589647733303448 -1.072638635855859
17.933728145568036 -0.9634758542049302
4.729237905397177 2.1948323428271714
12.202743788890306 -2.071914320669165
7.196867985452077 -0.880175114696372
19.262958934047138 -0.2568831591646284
0.2586285654978012 -0.0708583454180862
9.84248467173755 -1.053312186983728
7.994936012648671 -0.6239982709674448
1.329177046888108 -0.35020614346319534
8.214729599958794 1.9803515374567886
17.947759545637197 -2.399734559633422
1.3768264483182946 -0.30929148577383486
16.835443123231492 -0.4448554467633314
4.703626403708732 -0.9765085394029882
14.674681231096042 -1.4629164496747853
3.979212183144678 -0.01654842089139194
10.790340490140485 -1.1290394711951013
8.397374477032026 2.63507214421874
7.1171857990759175 -0.6277989062025062
1.0350296700013366 -0.7720507822024811
19.475562321834573 -0.8260091871327683
15.887432716988087 -1.0112111785222682
8.740569431847904 -0.6569999898090982
11.795665328362404 -1.8754474682908187
19.807106995051743 -1.0637855047297657
14.872354014425627 -1.207275534249181
7.557596179609847 -0.8387870450164415
5.661781834185913 -1.2083515518164991
15.928481000966439 -1.1998652003409467
10.08101770466383 -1.03083665881007
3.4496623675702085 -0.41557359193858634
1.0276857239536374 -0.21639698696894966
15.677203432316677 -1.7852305992493833
4.947543417342118 -0.298342056929718
12.295070632834383 -0.7516542583614635
3.0286043111927743 -0.1311645171772352
9.3227445755023 -0.7889467613948443
8.410038316312827 -1.0236996325362804
2.160392626016092 -1.0373578523524918
9.802643868069799 0.9195496470618251
6.005345584684753 -0.42813899044932446
10.54866666831708 -1.1655966724811535
7.187901078315059 -0.5595108340856307
0.8181875082568275 -0.16477617074106726
2.1538273485904744 -0.15084742404237034
10.95596298439522 -0.7752473353638902
19.479686518935626 -1.9066876328815645
3.919489973229413 1.3973406225023857
15.794025866402432 -1.8191488350529297
16.95566336158242 -0.5310369328213439
10.31498587381189 -1.150866918924982
11.29505947088738 -1.3685692427175935
17.335790840872455 -0.7973125346228211
18.968664644665495 -0.8507573446193053
18.78044715949409 0.2897954536730207
17.99810759908759 -1.4656931968187097
0.6097524153374575 -0.735499514395438
0.19798504863922473 -1.529304105572047
7.75507328138636 -0.8942891961380995
1.062604137232483 0.8686524836472096
18.238447846075218 -1.211768449886519
19.685943987878822 -0.8268732971405521
5.817403459456391 0.36510050295193414
14.71019899540012 -2.1761709187582308
18.802153940376428 -0.5815273170867047
10.269508891045222 1.6237413917012857
13.716773461607627 -1.6237141097455434
9.034279289510737 -1.2392267558114356
12.818713437403597 -1.3943241438946492
4.80677185514934 1.5634114773213768
16.36481229450097 -0.6094411634919471
4.8416430223552185 -0.5098606950399123
1.995585633922312 -0.8699480892880528
15.028770680593867 -0.6527852496035167
13.085247506339593 -1.328164481457841
19.66078861243697 -0.39051771508889815
16.08908700027227 -2.7299993787387824
19.360638978508458 -0.21379869940933524
12.453131636235803 -0.6826706402148204
5.7028477431411995 0.16103538357543767
12.369908263913928 -1.059975998317906
18.785844827503027 2.906147315905717
17.969756649582774 0.22654699333959352
9.737108937540734 -0.7880568214327076
19.81821247563464 -7.602259379988277
10.71298481348499 -0.9398107206514292
2.5168828351986727 0.27034901714194565
7.958399329846798 -0.2262807385330765
16.497209439834926 -0.9010420461338721
5.858302818321884 -0.2572053101817968
0.3264170998313931 -0.5542137073044431
5.572109174308148 -7.537880005963726
3.3587949574586125 -0.035880381561005134
17.0502904935132 -0.8907151815753737
0.9689302161873367 -1.5250714720132954
19.764751494293858 -0.9601777451343237
7.774623833087423 -0.9041120007967988
14.713765755220386 0.11888407317545416
1.040291308243183 -0.22349788614921257
2.8751424286006886 0.01495139225738329
5.437344013151233 -0.3856050722992268
14.071684225522226 -0.8648956234403988
14.130364876181043 0.29760259813587836
13.860261737708187 -1.462304581685171
19.295815952522677 -0.8295659622803144
17.471707904348076 -0.6074882290327303
9.675732814365197 -1.2896480109508002
12.890858510883719 -1.1401109762278328
7.513456256129881 -0.9894597197824607
8.049988409318741 -0.9954424085447541
6.693624007413992 -0.2037780059619802
3.6910934611440056 -0.47494167111361707
18.224019064027882 -1.2685403511582187
3.8772422081148363 0.6853303347489969
5.296956279784143 2.8418489644911964
18.669476114592737 0.33226748116567417
0.789405391242774 -0.33808207498434895
4.602321348985025 -0.6494278090193827
4.644148292241746 -1.204371161248345
9.675120748440525 -0.7024964757400521
13.731551960752764 -0.9071589446810435
5.3383519358632485 1.8654209307796226
7.59091903587796 -0.3557630210996906
2.8314726907143553 -0.3228859580657176
2.7787350892530736 -0.7505038334371751
15.532842418733171 -1.7136607753287765
4.388389859593103 0.28521609812233173
2.922495008352869 -0.7103150548569511
0.1748021211949473 -0.8296686852363788
11.413742486307763 -1.414348897601584
11.668740929036401 -1.6591482123195924
11.088444597052858 -3.6363899112350495
11.310858916755812 -1.5259453892238088
9.644101844181131 -1.406093713187975
6.777780367138554 -0.35420243379248445
16.28799053946164 -1.308122251382033
3.113065422641429 2.046322635570474
10.559526733844836 -5.372548894656142
19.61704950853231 -0.7311970122342644
17.43045621635243 -1.0804193139861278
15.876152737300027 -1.3919146937738345
15.76933959852871 -1.2194018638250823
0.918086018198582 -0.21730304767539596
8.852861827459481 1.5320910532161354
5.3716040486794014 -0.6567993786377233
17.358213031369214 -0.06741792091538726
16.740067926268782 -1.1735119444414632
3.413730417223357 -0.3877922210712599
14.080821296942052 -1.6233313345926632
14.136137930128818 -1.4104015839837691
5.696549127577629 -0.233723254985977
16.05294723883527 -1.358144924308527
15.499543712546808 -0.5510916014255037
8.368706738450085 -0.3202210957620977
8.076361694565849 -0.7439350658848009
9.932564803269617 -0.5196347627978882
2.552842557690744 0.8098664276282785
16.872189652977923 -0.6258023576578368
18.232995136417784 0.03218012368543363
17.383446142178315 -0.0326639339726953
13.532519308767757 -1.0601309007061785
8.388643608655439 -0.6212111464795117
1.9629887176495318 1.700591865271606
8.211547763397956 -0.4764256993576385
5.269410358542542 -0.07861447344426067
14.354498434627113 -0.9780379981056038
6.153346598523193 1.8736040816880748
4.827888798692644 -0.2184267967863745
5.810174822381552 -0.078513344515773
4.0911185805169055 -0.47859996434454016
11.060627997889718 -1.250472190956243
1.1778949674251713 0.7232851926445358
9.094212851473214 2.141508368997161
6.882484060618186 -2.4424465264309028
7.120308208896188 0.8551601520549128
18.42886908851516 -2.0806335169013317
3.018435890480959 -0.09500068129024919
6.366864063929009 -1.8287650725452065
15.138869323380748 -1.121077891375589
8.234366891166855 -2.2965246125033016
15.176419308421478 -1.7041656347731637
4.444850219251409 0.004707355048676962
18.646879463007117 -0.04157652746792055
12.96572785490441 -0.8040044716293974
0.21259609477589572 -0.5423786529064591
19.75107157648384 0.3787620288973926
3.764864131453467 1.2660723588095815
10.401345160667562 -1.2701662945432919
12.013141945422099 0.35978313381784127
10.154649735950715 -1.3602853489108564
12.849428801495348 -0.6832319066961555
17.630517054877618 -0.5171980650272442
6.475911739443874 -0.05069051855262846
1.9619752858535446 0.5652734652000964
11.033170248486785 -1.1796291343030725
2.7756742881077856 0.10232320338912813
4.0883391993193445 -0.35156762610954156
15.584154323966242 -0.13461240850356895
18.678373259260386 -0.28787186185621405
13.285581715101719 0.9674349992543562
0.1751905914868518 -0.5927197009556422
16.27190649156023 -0.5220466347306638
10.715863613492965 -0.8596386671045835
4.937783575353637 0.7265477946722354
18.69897022149899 -0.6843277924303954
18.266903958723567 2.1795769610319264
8.845928247239232 1.5374636386095988
4.9109083691588316 0.8924878391572844
15.866499063216022 2.6470627412928094
15.210740492559303 -1.4931917090832998
2.8577749587506904 0.04818458368882156
0.8974286047577388 -1.171506099852118
11.074147198869595 -1.2189986761072302
5.9674044018132495 -0.7912055117251319
10.514723323417183 -0.581059756343352
15.179949395177028 -1.3278521151866474
14.693423236841271 -1.2598329930677221
19.800714493540205 0.008451726607607207
2.046468064891346 -0.3448351962476459
19.01821787906756 -0.15116003216698037
4.728986771941385 -0.5994219306688144
13.936997815517163 -1.4328473135399944
14.28418733300568 -1.3431866952376084
8.05511329888192 2.2163603140597945
7.242885517891856 1.980108902180775
19.593270638878924 -0.7909113195859845
5.051447262988141 -0.27612826487692876
14.92013852821802 3.5566519278728372
14.340866546459592 -1.825361938470274
0.5469312957720216 1.0855120345832883
12.139136473179214 2.1001927097799764
5.613813045301082 -0.2533670749790604
1.1430735306512578 0.46545609096667895
10.29331903565299 2.8454935122310974
19.13936059233516 2.062461266789384
3.7859724532950247 -0.15825428833407326
14.73118933447924 -1.7051759317406217
3.7521277491470695 0.2840401482518916
9.79619378170028 0.6273461987428794
8.96850056184382 -0.9628631751234045
15.283154661813022 0.07252122766275312
17.70244772887907 2.815386953295266
13.458885479067664 -0.780842179481334
14.213052761797567 -1.2181248577693529
5.44318116388438 1.2125992238875685
17.420633181733027 -0.7062916215418208
5.115778751586154 0.7499804037923903
17.807081648740766 3.4214880290227265
17.271126984771215 0.8207566472723422
13.006453889791395 0.37949895876962214
7.716932355601718 -0.8607471870954303
9.639255912803417 0.5688897943760942
7.782502395052964 -0.9444004396329592
14.25575439578308 -0.38280158352223936
10.741688825431273 0.2633856107764802
4.735398044039694 -0.8766993612257585
15.728875849292566 0.2934663470770391
5.876695153938108 0.43796631713406875
16.542556589113794 1.0819978416571523
5.770304428684729 -2.0876427904299817
2.065907597294609 -0.16928501650957622
9.75464002473541 0.02289631614720622
6.039980028513512 -0.746917020440457
2.0023183729157505 -0.16827809068400884
12.801896160162892 -0.6288700408528444
17.58659372429899 -1.8486894650328356
4.068807304800304 -0.12894438356899407
2.431130649906988 -0.6243033579740107
18.643008515095087 -0.4023311552520636
5.062888281062631 -0.40696965845037203
18.51077569261762 -0.3344643294032247
10.27587061423512 -3.3573819824150646
7.545012339251226 -0.6348199633713055
5.980895683287889 -1.360995021564946
16.07201593585576 -0.5281906500618778
16.02730470187933 -1.0086672464879185
19.95755708632633 0.6185106913994728
4.918365676084077 -7.624269652811009
11.047372127412116 -2.2274982287274687
6.828845873226957 -0.9001396393724621
7.971332140300845 -0.9087026778717654
2.983316882389298 -0.6580870991447504
0.3855412083618116 0.4364029652012918
12.562470809245962 -1.6624706798152658
3.8447116009989792 -0.3861800133886675
4.121381438706357 -6.914699258681664
7.836701327572326 -1.057055630050956
3.2826339788377834 -0.26820178371242676
5.160793287953947 -0.5127657694022538
13.525216228330422 1.2544513002916133
16.982624863216763 -1.9031584595777944
9.979876250182171 -1.2118382454133427
11.418563414460214 -1.5790543174080307
12.322517017225847 0.7331414169753246
16.82802705003905 -0.9300991707982837
1.8729774298840256 0.8673586229655853
9.01215402862872 -0.7653398840096117
11.95187703980853 -0.5146508295723995
1.8249122837086256 -0.18527841232347853
10.18543687781469 0.12412650000613877
18.490527227320275 -0.21321166071693817
9.297524809737897 0.24044855551058855
3.351038694020245 -0.38801119908677584
13.94343049680876 0.7184478786843946
2.248461385398534 1.0654913004884996
1.593578371201686 1.0458611914690932
6.521535219825335 1.712929623723685
5.2325805225924595 -1.5964986457194588
15.495831990691569 -1.1096798069469571
18.179699645785806 0.5036247495307636
2.66481436076205 -0.23478317705730753
17.31184393815226 0.3603693957074983
16.05368676519596 0.2785926626141308
11.157778291836582 -0.3507991317860125
7.84198648790985 -0.40488729791955214
2.299650551860564 -0.14544361706127934
0.3733108928985395 1.4464051405730836
4.355428440312594 -0.11761772419521102
2.7446745807411874 0.9750625107136075
12.822433436744763 -0.9188058985747226
15.033209811538207 -1.4903176267464449
4.471168296569033 1.7831281204453477
14.089057890369382 -1.7365580028949998
5.897506176818574 0.2666676917739923
7.9725625577124974 0.1691885381186017
10.521700456742842 -0.05307821044510032
5.174682707724378 0.9191996266810818
11.181428276154213 0.9974841267965493
4.718713675359832 0.279056592137622
14.269080180170032 -0.8042150770272616
3.58731028912146 0.030394982566690557
13.979939692843763 0.4174850788768373
13.95057677300798 -1.1676802786027805
19.861181221339592 -0.5582977745912373
5.699509819835707 -0.036601779128088055
11.301455995014344 -0.07456015830302506
2.5253867209264467 -0.22343652395074437
4.58057435455948 2.00369046906625
0.9717657408845634 -0.4921619489446789
10.83930700460464 -0.5340040883936894
17.45885719867375 -0.05717074722182424
13.63182963227395 -1.471333602743738
12.655545991622466 -2.0055139895733487
15.736509000690177 2.8749533142752917
4.197198457154054 0.007959409232648845
19.255738516665367 3.0269362931387005
4.286610606824029 -0.27544475943172575
11.229436735481647 -1.3769965763430703
3.117429179615007 0.7636617152014092
15.313360979129612 -0.18028429169007482
10.22197119859983 1.1083949619259599
4.018598764247801 0.1993678743393071
2.3875350272509603 0.0026748788856028743
18.703306927646743 0.974409375436453
13.476561515860055 -1.1372157820446946
2.1415491449705715 -0.3294332922617168
8.601082548366856 1.6149713297833908
10.987681199258246 -1.499569073300837
5.1231732074368015 1.5565407802407834
19.946978516539296 -0.4009670680230866
6.031464406471264 -0.7620693997280538
16.510729849739942 0.6612333978857111
4.156398881350277 -0.6951497614780712
2.44390926318468 2.6651510893952324
19.30365982443519 -0.5433387020163888
18.007161426549747 1.0812808392285136
17.87793214211126 -0.9712747754231688
11.301691988165496 -0.38996985640847187
5.641980634496565 -0.28859762641718784
2.758724037552524 0.5941127493582549
18.963704401999486 -0.7263730280347667
5.94785473739046 0.9089370346368105
15.368796560672603 -1.4022916886684684
3.4755511780342 0.7574576650262732
6.662478674097226 0.9282871034679361
9.935632485502348 -0.9041568589487785
6.437783352983783 -0.4078539071590745
0.375770495147204 -0.3805408529145029
7.181080722599003 -0.7814183378048606
7.578597793920044 -0.5029405007665207
0.733557324242343 -0.8442014731646825
19.458721385172026 -0.6227461199127253
8.548292647280107 0.17025478393928908
3.8763387166360133 1.219552739122456
14.648477214572688 2.3424418256975774
14.080788802143582 -1.1188318228172534
7.861784701310814 1.6671836612382975
12.294049664784625 -1.6699899108675422
11.742339026484116 -2.8425149637307197
7.412860537404967 -0.2017056286077039
19.21188461153117 0.8417790442635378
16.506374843235584 -1.1454790339824394
9.495327751458074 -0.9489367328835421
11.831731681554649 -1.647009504623801
10.87571671648214 -1.475618093813031
2.47717656621424 -0.32805229879324443
7.779181772038011 -0.00514269251841094
16.08802159011686 -0.7467742386762224
19.301249766055157 -0.47729144214854274
6.514805717558975 -0.40794644417034426
17.38347683632512 -0.7564626179498956
12.464671818102264 -1.155856260558181
6.774385607831859 0.0715028715494638
15.152108393274565 0.6369659612115444
11.786644388355445 -1.3256398666286697
13.009720360688283 -0.5382449409331821
18.623335573158545 -0.2794725793747215
11.489847648929524 -1.5135290958334222
17.054828423715698 -0.7646079224078964
9.765369108434118 -0.5352492766889932
6.60270274398817 0.6428180804839021
14.161810343902914 -0.5981300028830396
14.156989365492242 -0.8378554783090735
15.903933027604605 -1.0707795377786813
7.3671817557920045 -0.7439063327669547
12.269504207052787 -0.7742895744801458
10.951791499704672 0.5666074575412863
16.95748156922173 -1.8276405043261161
6.760485994062269 -0.05714269565166663
12.068425622635978 -0.7606958685721259
13.47240296761169 -1.549866635738805
2.1674027374948466 0.347405852039985
3.8744294453973067 -0.30709580617590526
0.7957147182429104 -0.09330398162559428
4.31630635733818 0.0048230361506973185
16.133800782588462 0.13132873272345852
4.4864730776660595 1.1239998162229312
15.658799738423575 -1.329903990798557
7.693362365907177 0.8292985486891287
19.65266439186405 -0.4980317772682535
12.097251664535344 -1.0315866419134128
12.813857727736282 -1.1361051731565142
4.525264306876592 1.124756736850032
1.9640591052476553 -1.269268004295846
7.759941984346482 -0.4477755915019842
15.537619478694685 -1.0130081247755442
14.434121592649923 -1.6577841697419404
6.680919341216595 -0.2591245652122214
12.721420162328249 -0.2918039561513023
1.277158056562284 1.2673260806345155
11.002074887791085 -0.9752078691329817
19.660920012527537 0.8726495361388896
17.978467643867305 -0.6442002788154766
2.117012738861997 0.5138148298790713
16.416411556559257 -0.9723819485746455
19.455880043736332 -0.06579221864342351
0.5794333130840815 -1.00284852330614
10.454972167774319 -0.021566004733966707
6.950011651982251 0.08146292555461007
5.096041941130029 0.18926356828100904
8.559841364902617 2.4116735506391445
9.295976287389292 2.0132507416581142
14.388516188567293 -0.4161979662764246
3.213907493511014 1.745605249701327
4.9528554083194685 -0.17466741139222314
10.48354390195863 0.9998462580249637
9.038997011821172 -0.649976745186
2.789655592537022 2.0241230542357314
2.1530352508387662 2.003449062785607
19.4072352766716 -0.3745909020449934
13.15581271309782 -0.9591075868066694
5.78914557291744 -1.1263813110584715
12.592343177979489 -1.2017770126582712
11.708688004397292 2.347051210102074
13.615251200374889 -1.5998897438166417
10.737125964454071 -0.5761822270992099
16.82208686282793 -0.8588063429542475
4.38874658626563 -0.17820745792587855
3.760808382762147 0.23252757511872255
19.64944825821621 -0.4217544807370352
14.426328386775378 -1.2443545241638376
19.311079350581455 -1.139403337054213
3.581672692022437 -7.113296994990092
13.483688713360232 -1.5892828821935407
7.198471198404341 -0.9702772113622046
14.246319097421877 1.5051029478127507
4.812162774000621 -0.31808267900038595
5.262519280102952 -0.06213038869688092
18.167989321055927 -1.1581680115172068
18.101690000836182 -0.1799182802357346
18.495615908195358 -0.14449864423703296
17.12069738019941 -2.580291347308249
2.770485950239382 0.293222729529925
13.55161935727064 -0.3441856541114296
5.027944112548492 1.728871652654796
11.27919832257746 -0.8014945862303056
3.789500104163046 1.4986866692779217
2.337926098280144 -0.14808589134842043
6.910458848297376 0.865672982074771
14.558860432920898 -0.9151843920661418
10.637672715989071 -1.3921874876393312
10.806268378199958 -0.8107418468781595
15.51312397981489 -1.1700861018453927
2.167194580904622 0.634221654594067
12.716238880716208 -1.1460029828900162
13.268383897824554 0.44194282486205577
3.4004234408640177 0.025097989669457893
16.269768004605115 0.5094755711364399
5.992134590162935 -0.18337901838156637
4.9812406646071805 -0.21714261975869792
16.574317809625313 -0.6383304108413143
13.802481592380767 -1.3256863500223983
18.373499933462913 -0.9815567344565864
16.159738970535507 -2.427336188593753
6.037068932830127 0.6503285630077816
19.57838130346844 1.643461612241042
12.42732856897324 -1.7602783661512622
3.836116345089602 -0.3514630047056382
8.510667294286685 0.3298599290708509
5.373328693447323 2.269573069237492
17.742668914057273 -1.3220614797805406
12.981908790629065 -0.41846968789047123
4.5352951149619765 1.470029041231227
13.38413911664615 2.567658515409655
9.325979577722652 1.9384681099822678
10.064706969181309 2.8676334739619644
0.1412368586035627 -0.2367269106065631
3.622906948926628 0.7934996263879927
15.421542227659133 0.04976296037210588
12.256022674327086 -1.8422418364785391
19.210343808647497 -0.45259900905761136
1.6334465898410402 1.9019090730563422
18.89491543022673 -0.6396328734029253
18.757590185997632 1.0475789961503872
2.6222953456730416 -0.4692944457281627
4.877447955780216 -0.496350444428908
9.382850110444885 -1.0459571090462632
6.735412682322838 1.8627222889530846
6.148271959250648 0.43169856784716054
17.921374073903596 2.0818321474683725
13.42249763991833 -0.9218964617880676
8.075012738549182 0.4302349065678304
19.44436136402537 -0.4502687363926426
7.074585329914214 -0.995570608245886
6.415020961330937 -0.34400133465789035
5.1826040424422875 -0.0819850917097493
13.783846437769473 -1.2833627831381027
6.41184252402757 2.3419061589019714
13.320392290581879 -1.761396562003426
17.731504898396476 -0.5537293306858954
12.563143994793446 -3.059499946262174
15.331379078844952 -1.465373435383555
7.172930611130629 -0.44101292871393566
6.127676242049733 0.08482489176766535
18.811055823427584 -0.862072181169992
3.2689432021686753 -0.6560343319701734
1.6979838862820538 -0.3987398673084638
1.856148576742983 -0.38367189757696984
10.344389519820107 -1.076989051150565
16.12513240593731 -1.3268930753640817
8.77260659066131 -2.7223718200469116
7.745620599023142 -0.8695992898445962
10.915532157246105 -1.3080633986013588
18.875424853257954 -0.8537679133653067
0.6373638653637816 1.3916599287408342
17.975104951950676 0.7049164111617925
17.01096475273182 -1.4358054858566072
18.686748375070472 -1.08649369293958
0.3973300503758664 -1.0257213386984247
16.532801596049367 -1.3380507417958536
18.097241937145498 -1.2101967345914577
16.939542042780484 -3.721903523529385
0.6999264404341132 -0.2500846683545426
4.907882838393221 -1.5958657355836776
15.295787775233704 -2.7878107186967376
5.568297738073673 -0.47206928667283427
10.831560124532741 -1.313821053640223
8.08728284725467 -6.905524292658229
2.9419886711532035 0.8427081132427751
10.88696065107528 -1.3235972648673098
11.794521629696746 0.6230544056232648
18.316274621955014 -0.28786142907098433
6.884573939893126 -0.10234462425080623
13.572578848081479 -1.3881001071891768
10.460389709189116 -0.659497117345325
16.831986917874804 -1.324198720402951
11.597758240770453 -1.9475896641010981
15.302275799509049 -2.5870310088469948
8.000127215661445 -0.5611055617686885
8.45885611795403 -0.9635060578125471
2.37275566936945 -0.4039692774152955
14.867410572197524 -1.077996796273463
3.128248835786163 -0.19671291585311093
4.399282732716176 -0.6209912386561803
15.40149206746899 -1.0749205806566948
19.50509465028373 -0.7300655042908111
8.477964037620414 2.423711294523049
1.4199004951065384 -2.641533648827191
12.563236222353007 -2.0620306080938304
9.590218043045695 -1.404451129493057
5.8403161914896495 -0.5094350167222531
14.65640626202827 -5.161036716655218
12.875931993488624 -3.0005880512410132
17.159732626754792 -1.5437138816659548
19.95427924834846 1.523908096913622
13.19902784146252 -1.190010903413022
1.7484271303263417 -0.21422560303805604
5.447699117280091 -1.5727578642838447
11.882008547699105 -1.3220547781027197
7.451114813302354 -0.9819764843324859
6.0110763190098915 -0.0185642105978414
11.052918406630436 -2.3549018096717873
9.297100017758737 -1.282328650582754
8.37827779660008 -3.3152095153718957
9.642729192637999 1.7283265805660828
10.094980119789499 -1.4970846086985063
10.748947199893797 0.5913665627379487
10.3584367923961 -3.039103558201973
6.031287618829152 0.7402484971062894
8.07956228452959 -6.578994468043705
3.0703562254313503 -0.2933736612448573
3.7921405547126383 -0.6298925369065059
10.709689569608072 -1.112177254255485
4.064287364375493 -0.30090000178878595
11.841982048068216 -1.4186827272338232
12.502786026647108 -1.9442304787288371
10.146646912670802 1.8273679927575444
5.981776483634302 -1.0875498853588554
2.78232969620644 2.9718123390852824
11.525191086309599 -1.6518862742680145
19.550542554150294 1.1899100827821887
13.960412556969478 -3.1995972224227103
18.898008802393974 -0.5113549366028631
5.73114412721403 -2.8341370324504913
13.808647748489108 -2.6410035128512837
8.486348226740425 -0.8548963200718341
1.0567460152044668 -0.49805111065457597
2.010427841332988 -1.1154277056467479
19.079616209713 3.743871255662424
7.209590240625115 -1.0641311516397187
17.45280371448161 1.0200289451295643
8.351936699347384 -1.6226055766001273
8.36566850076169 -0.3150201186446622
1.6949022044970556 -0.49520932973813336
16.880685133313964 -0.6145169719689324
18.463685387004027 -0.9079811913284638
18.997744704129335 -0.6262233055195936
18.601356270622137 -0.7507039915807744
19.00211954605536 -0.5867588888631898
5.673559895087685 2.275026004896116
2.4555155782326663 -0.47995236086896487
5.655574916980973 1.1654554543083069
8.07383574279545 -1.9257455599857651
11.047179475043867 -1.4801037678575675
7.335879485096266 -0.7850716547359503
1.1412060255283307 1.3075525378854724
19.85266124072761 -0.5292258399704991
10.130222892040198 -2.080101140247537
16.26307827441008 0.19957930874994514
16.029336052594946 2.8774524609395544
19.849058798075845 -0.9304344782899948
19.794692905687917 -1.0301238138237037
15.363028113653728 -2.0797267260011454
9.767245261820285 -1.3255768499447103
0.6586867528138518 0.14068796071136397
8.173735002556592 -0.6880856947717104
10.14621602568616 0.7257340319306085
6.26658921894522 -1.419046718441568
10.430453267281495 -1.4241123664237312
19.71001542571247 -0.8827577068004852
16.304671684139013 -0.9134273420955059
6.324561433489625 -0.8419176781925494
19.06675296181053 -0.3139482855359266
19.743722343074275 -1.0615010378600198
5.623825128249154 0.04778533738287839
14.516759737948933 -2.0903217005225985
11.422398151440118 -2.4826226869131904
19.262687910296897 -2.280484942740339
1.62152393607886 0.1524421505624764
12.813833922093442 -1.4618445165608187
2.1852695856861515 0.2549982186972046
12.709966908314206 -2.3741505609155613
15.115080088724703 -2.107183497286391
11.673763296489824 -1.4266205494935227
18.11419699644506 -0.6027853685889919
15.370728341609393 -5.272737787550166
6.379807335470554 -0.6735698201886681
0.1264822256900548 -0.6840066714909122
1.6632344033733983 0.10688704659954873
9.584254335175913 -2.3080027445060494
4.803102756772391 1.0346996036788514
8.751328644561188 -3.6739012898417824
14.554213560602104 -2.30007943868335
17.512703890955304 -2.719428122015746
15.9371461703047 -1.038874164944075
4.874496954827058 -1.2726919019207625
12.151226065867663 -2.2445000044710532
12.936188339186078 -3.860142267792702
18.12930346282264 -0.90265918439429
15.626820842057501 -1.5709806833788742
16.213492260988467 -0.8648767961466943
2.357255055607675 -0.5505522320824954
19.820611753714555 -7.986919896889447
16.034124484523808 -2.745334606229048
19.56372797837416 -1.333774199679408
9.782099258462628 0.2660492305555663
9.92661271653394 -1.275850529487144
9.669765792639126 -0.982857042916184
18.2916090562821 -0.6996764557049514
11.944445936694462 -1.2681278610590034
14.612928440590398 -1.4078580264640632
9.717615129075392 -1.2107414802588072
18.80221064491622 -0.8831323510532398
14.638632744178885 -1.738188417042816
16.274959025468515 -1.8466063320543769
12.006377843410622 -1.423320248789785
6.260022188947394 -0.588724775314663
5.901997608256195 -0.31221140047429785
11.395891061655046 0.37470815588623335
14.799696992403177 -2.141076130210873
13.760108179722147 -1.4664351551996564
9.4035745985403 -5.910462951376425
7.339460747848823 -0.634821893005019
16.825405087319105 -3.16615089181171
16.526994631524136 0.22789284468666587
6.006192909932618 0.7043207626913671
6.600056277274882 -0.49519289575237924
10.242314928831396 -0.7902906539031221
14.372030431090595 -0.9182189875026572
13.049844985149369 -2.1716149323989815
14.156180559117665 -2.5857351842145406
2.0752581781311914 -0.5598409918858972
9.682370624190918 -0.2927943989277466
12.679507844338477 -1.3138025077980404
13.109575715747168 0.10796955101637332
16.66512320220985 -2.556454323245578
8.905458448902575 -0.9412993089427412
14.434492812122167 -1.519806943807429
15.413437207108094 -1.645461712533831
18.086241824006702 -2.386006587296786
14.896876398524348 -1.8071398351232826
19.29166681758965 -0.754569595829985
11.970035812941813 -1.3979743833881144
8.518731208067853 -0.8042589140707609
16.321131640405614 -0.7774865502308504
13.245408892081834 -1.316863954396508
2.582816637754405 -0.4036136334067424
5.8116628815538425 -0.2854841898959687
4.926344096195177 -0.49747078806248207
17.419272714663514 -1.6505875203070866
14.422325391204613 -1.220536833557052
12.448373380109656 -2.138888245880482
14.310112692814739 -2.1514407883352464
9.108896485064644 -0.9315588807046093
10.315133272243072 -1.418237835740352
16.1690421027042 -1.5370420362520292
6.309622297135089 -0.05164660182935882
7.937634654873092 -2.160760038319828
1.88495020548134 -1.1481425834119476
4.158617058393796 -0.41835088324596914
3.955147321896217 0.7750617096029465
9.0178686412425 -0.7434211207108126
3.3472499695559397 0.17931651659884815
12.04149248819564 -5.220266148953835
11.097155049764888 -1.5522330065015706
4.835779534885622 -0.9135289604906847
9.355266125557547 -0.7740902409881415
13.579589212883478 -2.6053087274620363
0.04430437632021042 -0.9095821788601565
13.99636620452716 -1.36597459015661
11.900508520292826 -3.360335521307614
12.202181394852303 -1.2112806937947838
2.4235600326638433 -0.5148287937962934
13.62196821670229 -2.69247738171645
16.34498807333988 -0.9223672014098185
3.416649887231623 -1.28920913148192
3.6872072361120414 0.06446978998882376
9.576077745366952 -0.948529900568707
19.489101230540584 -0.8727049104461241
1.1633260742148817 -0.8771485421227501
10.512814623277427 -1.126894114271353
16.90516227132137 -1.838849459796911
11.814908771137588 -1.6417207797961286
11.17090713304228 -3.2705640200823467
11.595271694470311 -0.6419300605411786
13.02088518336254 -1.4666921389947443
12.349826423331585 -1.9579879150868102
11.249570217876961 -1.777938198192453
11.631727177834906 -1.4527634094463344
0.05179432288620531 -1.7677811386182098
3.1562101590087246 -0.6519255455260577
14.029220717266204 -1.9358837462121619
12.959769264769358 -1.5276818077829064
10.4804461360467 -1.1875089510089627
11.960689367798734 -1.3796556280178318
9.06052344542868 -0.6784517920499806
9.80655965618833 -1.217638334706096
16.736434977994406 -0.9285931788662002
9.184235334337645 -0.8997031785257862
14.160801826741075 -1.503568292817738
9.872073551207132 -1.2625737554452823
2.1546104679100857 0.2533325328004512
18.78657703057504 -1.0570179096060566
6.400374477805163 -0.5007911628814077
18.205092762002526 -0.6887050862333489
9.027744321255067 -3.2711544066668323
5.321185168995567 -0.694472678168888
3.3053726992382084 -0.8643880899682344
11.649134523487966 -1.07745158970163
15.12987679093968 -1.3692889064780593
10.840314180917224 -1.965773360755335
6.470289203829996 -1.0554810877959537
15.25477059508926 -1.409991859012141
11.390538855875379 -3.548878415450186
10.928789552951681 -0.8864001870303437
14.12029931423097 -3.415208794640028
15.25204220883365 -0.34504566802126385
17.59980269788164 -1.8615882706781468
15.433102934224017 -1.1419764909588501
18.887934419026195 -1.7091975360250768
11.08817228696362 -1.357509545106395
8.172268456808675 -0.7654548458259434
9.115725351454278 -0.7878129913093409
1.6275528385203009 -1.1699805474666576
13.723412936619889 -1.4204652702674068
6.643625767459216 -0.5008955120963364
9.815273667979149 -0.9093410705554
8.069614621551175 -6.529311413764983
18.44856935553196 -0.615310794097394
16.669212845084846 -1.43546151984048
9.134874772517302 0.23142065328547762
10.355252863480295 -6.005085921250786
19.342846149895703 -0.1644789263105643
7.469763188808489 2.125837578809752
4.737718384760708 -0.41474196829304133
1.019977592586189 -1.433303726684257
6.4279762063059 0.6799967948997655
14.078997934285292 -1.4938708099044118
11.543779984288847 -1.1419776965152535
18.32970556519843 -0.7527394060917915
17.02220255073512 -0.72524115030401
13.003987059233058 -1.4443444120174147
9.911784881936269 -0.585165175910202
11.322769728643252 -5.28894268510099
0.8748118017088129 -0.3818262688874322
2.8815877619637207 -0.421048369698379
3.570344195370103 -0.06422239429799324
15.38970935373909 -1.8117499766747787
14.731178905580087 -1.4819873065317108
8.974773722808495 -0.5287905165491283
11.968224139720489 -1.9269605630809707
4.09401070552052 -0.2759664643769445
15.23470186781025 -2.145851318576845
9.497492942159115 -0.8568842759526892
15.655861171303052 -0.2408861573464566
14.634374637517583 -0.9415014374874124
9.365314792763757 -0.9104595854151086
9.351387134725467 0.6099463504320323
8.812374530725654 0.42621884565393
7.984091769473772 -0.20410506452221713
13.052318927041744 1.8470269167332884
0.8706714629025731 0.9740785859964409
