17.108565434119875 -0.4481375419527783
5.3581291524389805 -0.35229886649417413
18.805061452391627 0.052907220639729094
7.456450447318691 -0.8191925442362953
18.02352500771391 1.6496549134432195
2.5226701945348347 0.25547795949322477
3.8105768556890953 0.5506345518781307
19.372606185990637 0.49278304789979877
11.923846842148654 -0.2215329794864516
14.54299610792421 0.6422115592250188
2.298144325027757 -1.3478347508427628
19.178092757018966 -0.7712162295616884
4.299738520412077 -0.17317772353076885
17.841096418498974 -0.49093808708577535
14.062359299826102 0.9335760513414308
12.262473222856798 1.025063097969033
0.3134708921445818 2.7603346277273593
6.669008838853328 0.02233344478832972
17.665258685391724 -0.2980904260048619
10.50596134969473 2.907582202315308
19.923740710234732 -0.9822972129232369
0.7820522713634283 0.8882186045921331
13.336382945825683 0.12753550557226628
14.280449512254936 -0.7000555282280024
12.716322018937797 -0.5840294259916329
16.27058919016533 -0.6594155004421045
3.1355035748100346 -1.3840412204261836
0.4267454149130766 -1.2421557570951045
5.95864870563143 -1.2621309144064223
18.741041262827864 1.3206709175611502
3.889443528966851 -1.9126427484866633
2.765106514825083 -1.282706788662933
2.8674649549582085 -3.362145071670271
1.8223134736890838 -1.4589858613199138
9.334119144744358 -0.7996129440439461
19.545403210977263 0.6721585885857289
11.986100815776613 -0.7761553698706947
8.19981311651287 0.6765725005335604
16.905777472020414 -0.7290588161575344
15.566191596190079 0.27112325062583736
0.35008371058532317 -5.0930252659266975
10.44045448003281 0.1647925163008769
18.695664138172578 -1.5032592508415035
19.337469271806984 2.7128108594311815
15.643297440739808 2.960238262448392
4.854722271036899 1.5926480393959366
4.664906044008302 -2.1300838156004436
2.492714042602192 1.9915120765330203
6.7827916888389606 -1.3178585823244173
16.485558833821333 0.01518589512221781
0.146254177587815 -0.8500050234343861
1.607137473172234 -1.367365293644231
19.64295038004095 -1.217901930628277
7.046377407829266 -0.8101455651497449
13.607121864104935 -1.8673338741537686
4.253799096355339 -1.218317240585203
14.7967180483453 0.8144989732398651
13.173404652901032 0.5540409170342602
5.646460668293605 0.8252622337300273
10.984700671071987 0.2816606835954313
10.330341623680964 -0.26553157968660424
10.741808236543934 0.24874130342534986
10.071840517014936 2.636095658040548
6.011931063020046 -0.3664937592111921
6.1741439164011185 -0.461296557259657
17.40338357489051 1.748032241409215
18.462578293670518 -0.4313579769126753
1.3841535285822328 2.6809542167293943
0.0709614687868978 2.452749952134459
12.936435798943172 1.6484293409560908
6.911520126491371 2.073568435339608
2.5604844609173396 -0.3583743434407117
2.501350785895911 2.484172582019036
15.994118710446656 2.1852339162618653
2.335724039078634 -0.4979997415954391
11.077220484387375 1.053630047967674
13.424586018247947 0.16737720369311043
4.314394900959084 3.0562109132143696
17.66697844735151 0.7552305448368035
9.840375207350025 0.8980386299972108
0.5077129467767387 -1.1136108683782722
7.265903094769368 1.6900107299573552
10.17935213665459 -0.026811025072770014
3.542694791322408 2.3334694823178963
6.922795880698628 -0.38804662702436116
3.670592287696472 -0.1293594092696251
0.2757061407299375 1.9969199409139495
6.408819450575134 -0.2089558587000009
19.648596690046084 -0.9993113327167414
16.472223950381284 3.5290200068851814
5.863996730916869 -0.6000844227703152
8.90296895561863 0.5257940350115953
19.76249718435608 -1.0274445840859219
9.644389236414915 0.20031002245641027
12.914922138107398 -0.33969786481701547
6.776260461010301 1.9409272537974265
16.165307276920224 0.6874133126584644
11.959492403973098 0.1523567176914956
8.766759426491493 0.48351882162010845
7.635122864886155 -0.1045198913576863
10.502164847663503 -0.4169123649759886
2.3691226828368297 -0.5786718451472965
12.67040056687701 -0.10782324860672364
17.125817320709263 -0.2086427566344992
3.7588001505246686 -2.0223232676104623
3.9758195075025466 -1.6162560300145468
9.095048558115288 -1.181032314565013
14.18427185614059 -1.4839480774006484
15.979984572738239 2.5175711577420588
14.941378795872582 0.03314004436645748
13.743081215336993 -0.08299997420582107
5.745691573230441 -1.0057704829428142
13.97832386088766 -0.714428513845415
0.26523316289296006 -3.4198022996208124
11.247739480686418 2.579208983985073
15.475578613319852 -1.9032658953835502
1.4756960303286564 -4.917330689236323
10.809562901325352 -0.8521065081628117
17.13658454722611 0.16232777896247388
15.628542173217973 -0.8303796367787756
18.536762261617543 -0.23644987940101103
0.8180614187952638 -1.696495279588341
8.79782798953705 0.048925493872297825
18.893444469421457 -0.9259469501776505
17.429203024920454 -0.5072127917432987
2.030195824265076 -1.582501377382543
13.684747210549721 -0.7060748179879158
2.1606010916534295 -0.45180746946631284
2.2800934441937146 -1.335794615033532
15.574234254362315 -0.7625896248429157
13.425614179424917 -0.16320162953349043
11.134131659325654 -1.2578915068286474
19.592122313014514 -0.9126942132913323
1.0318162737268866 -5.554381356265202
13.451913457002451 0.5288717930074505
7.750228906274425 -0.5874422114289116
18.895233291760345 -0.25962915161969763
4.546428393651293 -1.1850401148686063
13.295320781122152 -0.013586392260711386
7.053964029535508 -1.2556305286534937
17.318026043727308 0.5365871136688868
7.007345589851146 -2.018179490917417
1.4854392617664371 -0.16278040544815975
5.499702476968463 -1.0218661328697347
9.071605178540946 1.9240578435542293
12.67973481793326 -2.195028320720169
13.433419760804856 1.9404942335998185
13.926169844356945 -0.6652642863820692
4.496481379428922 -1.370639386945984
6.382940484035144 -2.384480781306723
6.1875892923483695 -0.7620364500254331
8.78496379796217 -1.8996314841416329
13.485636792097578 2.540086200788974
11.006056094728944 -0.9663880341492896
16.55272084542196 2.879945158451638
4.990935359441718 -0.21537390762004707
5.918981894626971 1.2636069680502238
0.9469555775570008 -1.4758258113403748
11.838344708111999 -1.1646968983287613
0.17276743495099467 3.0678453589020895
12.251735200689069 0.31078905518832306
13.20653519484425 0.10735798451806869
2.697493024903113 0.37892113691416046
18.165183456318644 -0.9120372394891268
7.226572002498242 0.9569061518974074
18.736027226821484 -1.1776020401903513
3.962045023205274 3.6227369102808495
12.465019649010316 -0.5498252801499406
4.148758261222489 -1.4366675965009077
19.638605517543787 -2.3463876090760576
11.8663261708487 -0.2970671390306001
18.409434749392812 -0.19842086218236407
16.523934515055085 -0.023932478627076134
10.926643961532625 -0.19169799253331166
10.76362585574241 2.323630276262124
8.395125577711415 0.2824440932243189
18.686415466404352 -0.8474961222485136
16.745486332672897 -0.5994652779310686
7.815985396408175 -0.2351960442023849
13.771602387276728 -0.6751771657635701
5.856812836076734 -1.3335235639639966
4.677187951408964 -1.1713686988895986
16.440467034120804 -0.060997920100741246
18.896196998945275 -0.7357269427297923
19.58409117902655 0.3880072207196707
8.76613483494427 -0.60913236885219
3.123754737523752 -0.615192324365714
9.049623520106476 -3.9642357450221937
8.336048341084817 0.37558023757407394
14.591229009624755 -0.6311543133468787
11.070703989682974 2.5186244037376797
0.7218459425101382 -2.6960899142658543
17.809172446249207 -1.2320263673940166
2.1353371930423215 -2.454965762302534
8.903338459059421 0.8200762231811761
17.489890880889796 -2.3180098848456527
19.012949674463524 -0.4107965443733284
17.839846597401078 -2.2510542358813175
12.323501677588306 -0.10641479050458565
18.079968666935976 -3.429839802759068
17.589593019354073 -0.5205863531266454
5.8016160509964365 -1.2663709828870398
12.974087547059028 0.805686743585458
0.14815258054819513 -1.145397758465774
14.418951475537183 -0.3111070715478288
18.758090209256444 -1.4633450466162876
13.627501724866633 0.9778464760565602
17.911149370853998 -2.769212482825783
0.8461253553052651 -1.5369313922999868
15.167947268615293 -2.3043175385152574
4.947006398473486 -0.586538840827615
2.414485169208705 -2.0302589594560847
1.8985654605458357 -0.5875732318487163
17.23627173125993 -2.4070170705267007
2.072515332270688 -0.2769101258863421
6.8639566324672945 -2.148750934980362
3.8035204186898075 -1.4299749047940664
10.4705514655561 -1.4675906892621977
1.950574252515413 -2.020729677299167
8.854517001403783 -3.644093701792171
2.4820679553911194 -1.5891782782453927
4.797320433402166 -0.10134701436656314
7.830189637541874 0.057776105837012745
15.901271481790456 -1.5669506536935254
10.314368684264533 0.22798207573845786
1.6991608206063191 -0.6931549116569679
4.0607774538446115 -1.4070210481039431
8.0000416535745 0.7975034953289973
10.490430155180531 -0.39766191484799907
6.909278769313793 -0.2739533667727859
6.964327048559154 -0.2306867325476951
3.6145149867271904 -0.5622832319762344
6.255531765584728 -1.4331463172890773
1.7063526188340432 0.2203080984057494
14.713630713402457 1.8583222451047399
6.190278873542451 -0.6483341536128722
4.3454318809230426 -1.2120511268752023
17.046507905806106 -1.4478595338879685
12.707365291831817 -0.5282045225879063
9.335644822966058 -0.6275657835917495
8.404270289025638 -0.2549798741838501
3.153562177787752 -2.369980015843484
9.93906841734228 -0.6017812975676108
17.467817601606058 -2.2168073021443213
7.605829158104122 0.07398707360553802
18.143104627261113 -1.1761173223337285
10.51777409445374 1.3998867207326686
9.254174713807169 -0.4382012418191652
10.10166121811298 -0.24705740705633006
4.775386719584232 -1.6885648493024519
0.7914353533137326 -0.7128817679276783
7.599569617439955 -2.1862006123567386
0.6095457840199943 -0.6177072756981444
16.887928854924528 -0.5058541579548365
5.76965996869807 -1.0849440643903157
13.934432725510042 -0.6285346261310669
0.8813377548662482 -1.5866274446307276
4.396723027170258 -1.2263690035939045
2.1115517952793574 -1.1209336066835605
18.455977321139336 -0.8629475646803132
13.400460687666113 -0.8635471594203161
6.911128356679995 -1.226395784105266
3.2418292983899306 -1.5604659287276117
8.739592998585206 -0.6515848032099957
3.795334334509881 -0.5481922702445496
12.495615146347445 -2.059793600916116
9.888754359348278 1.996224019488433
7.097984296650834 -2.0298822701563637
0.6931378461656199 -0.07483334597184839
1.4734299059885914 -1.680328701185739
16.39469312913523 1.9854257238012585
17.61591408705125 -4.343523686179875
0.7147516045900608 -2.4750236129771084
12.887682169111644 -0.9275968490167837
18.92671718013675 -0.2013653005758556
5.280253650181034 -0.9352046714910797
4.8537562113936925 0.24931816790191857
5.128983291347981 -1.8040628548631932
3.838856828349059 -1.6483064411625448
16.80459728012168 -0.8240853650752259
11.209364559404692 -0.780981177134648
17.995773122982964 -0.679695269153718
0.07010873590825639 0.748824789828754
7.272672099859415 -6.835739320528686
0.20568154513895615 -3.788161257250115
4.5759384482147505 -1.7903372751084976
15.803146863802127 -0.5880086865290733
14.010834361488403 0.28062299559100345
4.801718287957675 -1.0534315436183566
13.174084812925235 -0.07101145504321568
15.579468645634385 3.0758123328304983
13.581701492158778 -0.5240325543627359
0.3211050972060036 -0.8466853102213426
7.943540521756922 -0.792584257528121
11.729044278403984 -1.2552038887104362
19.875825790013778 -2.2572864737490255
4.844448737045672 -1.1935291913804376
0.7613952778279022 -2.690627336513245
3.947195205258111 -0.5886999043774889
12.792965709331142 -1.7012607975016745
10.802356151674116 -1.0922622928975534
15.325159280106087 -0.32888419971057414
14.465490742074431 -0.5767166014200424
2.2961871683747814 -1.898144751394616
13.232941238062576 -0.8235591669498052
11.829220752595251 -1.1444141913379906
3.79813507069651 -2.6671272833514323
5.806909572417008 -1.0226991531824707
12.408788255857184 -1.0689380936548238
10.64302194273347 -0.9997548017831711
10.237823278199626 -0.61296591860239
12.166411190485992 -0.8515901871029354
17.170517189043153 -0.7405881870984864
6.216454225345348 -0.9345354146974101
5.788462963169415 -0.8038506403847346
13.924207002086394 -7.187682554546662
4.483957780532783 -1.3147635265858357
1.2765111696363383 -2.138784259487251
1.3037400239403298 0.17632328736075853
9.500669542781992 -0.8508047317538149
4.661702546813404 3.1085175130393816
15.941123700781525 -1.5190659219310785
6.612531734346611 -0.596463461867441
8.222751690604635 -2.87349213891509
2.5709320464471053 0.6463802761233817
9.379280719786996 -1.2261692876468302
6.723017496683957 -0.2795354121681122
17.2365898681711 -1.3082962373539597
8.358379696047162 -0.1527159087830774
8.618379881731668 -1.4568534450991406
19.929119326688223 -1.2569689361389342
12.280615916921981 -0.6373813129444934
10.477409395529339 0.973748175511331
8.092116211451318 -2.320753099481841
1.8715627657644562 -3.8678509199572395
18.019497037827357 -2.1323135586546913
4.539720925687592 1.5241361466502192
5.063135172063662 -4.144278205883153
8.993761857421008 -0.8632784160310008
9.551133773202245 -1.8783728699973135
1.7742811843933306 -2.554740286681162
8.30489171991965 -1.4896711520032246
6.534978389998218 -2.5874876645254266
17.293845685848655 -1.422744951053981
6.4749047405584355 1.038418727386348
10.917620679685417 -1.0173556625396984
1.7319131619626698 3.1058783109767365
1.4302789923735648 -1.8612042622833895
5.662378987619295 -0.19657394974898584
5.580100459587367 -0.942689577600638
18.078630371613308 0.3005624422769289
6.800345244374594 -1.1821717653469164
0.10928683407190107 -2.377994031937142
18.541777875642033 -1.825446117625636
4.7178971071268165 -1.378470911847264
13.560525644792929 -2.0653596053473144
5.683567649884983 -1.2692880914064222
17.663250788672773 -2.0284731583928037
2.274399316777195 0.6661934045672646
11.02101470415658 -0.9241679197370476
8.273766760750991 2.4016893030644195
18.782958956910104 -0.8367551118040494
3.716406462527893 0.14392459953102738
4.25195708665339 -3.4724309560232047
0.8763975650046231 -3.2796575513591497
10.644529577978725 -0.7681376864448622
3.1494462482028607 -1.2507275710744061
8.97816472459937 -0.5210839173479664
11.293523241955771 0.9781639529735252
4.675295641126232 -5.334965489167603
19.965561282966572 3.278739644246949
15.523809180055439 -3.070578014258432
5.517523524811777 -0.9478232377983076
14.345927813994837 -0.7350969659994345
13.4118338463829 -0.22698308086170232
14.621146485806731 -6.9279627147572205
18.401772046766887 -0.5305284335659912
15.616976727782347 -6.937845805970539
0.45450645434134884 -0.5606789517261438
11.048694160107065 -1.4400270235345882
14.84589324524029 -0.20799399591057155
13.06266440726784 -1.6099932963437265
1.0286463216149218 -1.715268681524365
19.11482711593163 -2.6600847736284448
5.954407433993794 0.09764518119764429
10.337851824597296 -1.7212552055368358
0.8899700183156929 0.4440588861372873
11.672503575490541 -1.7416134102461194
17.68689614565004 0.29221658120867705
9.390094399804994 -1.4802882000147641
8.105580149710125 1.4631228844278699
9.185824728047729 -2.3853256589220964
9.898551958610582 -0.6950259975486658
9.763384579858425 -0.42974812003642104
16.2494708978991 -0.6368098374435094
3.275210977271211 -2.25706013474666
19.726301522337124 -0.7490642384968066
8.204820824094831 -0.46963778254804994
17.413158844427702 2.879416542830577
18.95873376040905 -1.7036729303900233
16.978491930760804 -0.3946807631043831
5.1422390773801085 -1.8146306327059327
16.245817445842743 0.35850988917245724
4.500957263576709 -1.4306090436020809
19.83304353249453 0.9935635718839464
11.910479587960646 -1.0706111159521965
11.299299432954077 -0.7347848569544153
4.986613698320434 -1.2068753777108696
16.136320243915236 0.8940263984084227
19.857532996149814 -4.830518515146549
13.111288005536869 2.293660375752824
14.041772319493065 -0.33875052504894193
6.909303439619856 -0.13740925276715502
9.81097381150029 -0.7069088885287592
16.496267543762333 -0.752048142742964
0.5784806771029162 -2.0620408777276533
15.33085300840479 -0.6514892817488741
19.41393866931808 -2.2775515474339487
15.820349787492264 -1.0873548750518334
7.508244934793792 -1.0007572606543873
19.408886683822427 0.813027691022536
12.095560634226654 -0.822897588758911
9.476821827057085 1.9199532945964297
11.48377070024333 -1.2541285405653477
17.345814977349008 -0.6350721776333134
18.596542667995177 -1.5593730999769255
10.586966610182014 0.39670874962911007
18.990428195228148 -1.0915730198539961
0.40332146964055393 -0.535296361287611
2.2158567412763346 1.0611059940612801
3.712874568064591 2.9446617436415328
12.32007089642353 0.3660613174673724
17.340913860471247 -0.48557525621167724
18.142760889637746 -0.7189490845356703
5.846921890877235 2.2927238659571434
14.379410595353358 -1.4894379037545995
16.21615127036268 -0.3204227805531503
0.6602178371660323 -2.3095444692861813
5.1630470830500395 2.3402837812768333
14.65995937029679 -0.2729560773629513
19.213595605809047 -1.228102607266287
1.6500402763328663 -1.5826668755818374
5.72592958760586 -0.9003784891422553
15.285213716753486 -0.35948332722950804
0.7043598376174451 -1.5886495666106315
16.039697962468615 -0.506031069974903
2.845554115903588 0.2888787506463636
9.637715011467133 -0.7033255279161524
3.0645728265858656 -4.273533622095656
4.726153397016096 -0.384203680146211
3.9673296830113096 1.8163863349752662
16.61552544873735 -1.8667873372859936
0.8552799214862974 -1.6529386803565291
17.261769593892357 -0.7405795388856333
8.787916337042565 -7.382662431592829
11.05869951417073 -0.8181103145089688
7.100949222643516 -0.7386957114558663
12.533945419721569 -1.0166948367347441
4.269393303156702 -1.2822048388436247
15.545184295250376 -0.761502525724347
17.067088528388084 -0.7340361450902587
14.999655648847462 -0.14552864783667743
5.411773436548243 -1.4342400942674693
2.261231332828265 -3.584236311964521
6.659208592084838 -0.8538441216537843
2.6482862659131174 -1.8357876431785702
6.376101727543375 -0.983134675765429
1.084816187173869 -1.6702894174703755
13.949083562291278 3.0005282842597194
14.988699651844733 -0.020488690938384874
19.688665004178116 1.8778853838631129
1.9768573322735463 -3.2365769408967697
17.890997919159002 -0.9426930730866038
4.603055081041608 -1.8826788449108125
8.476115731402313 -0.18559710988414163
5.353635802286721 -1.4180415551729317
14.274609893045415 -0.481048304653459
4.291399995992722 -2.171229136827493
4.225238485023487 -1.2992658424689878
8.800618482684657 -0.6252111845507033
7.140758336787397 -0.8067222324327109
15.19668104481574 -0.5306600914593277
6.829815261819709 3.6251606939197947
3.384275833841155 -1.8968866443696468
15.519753493626336 -0.5803815019903289
8.381897408452001 -0.8706857643457611
0.13402776901689878 -0.6751158128643355
10.051860925052022 -1.8552360599603304
10.070306621840375 -1.8026497212216204
1.3705887667975323 -1.715957501964008
15.93658629108672 -4.182283079726112
14.571821966749846 -0.19498928148329603
17.193543573738165 -0.8177766355210205
1.5774939141506512 -1.7584778384622684
18.47696794738973 -0.4071494449875514
4.263084211905852 -2.1586298732975697
0.8605032173865999 -1.1869506083708572
14.235058004369302 -0.30540332402528053
3.212613071214664 -1.5468681927070553
5.032349206414824 -0.634603246375062
2.027579902972936 -1.2703087683633856
4.394115658207038 -1.8060856756295747
15.949737423110623 -1.8041964704617648
13.154445392383012 -0.08280938928668302
14.370111804783713 -2.9680434165362546
7.7050944824273815 -0.9055767522279631
11.803714762518021 -1.1607138799979388
17.590786319595317 -1.2029206964858152
15.705022807518274 -4.006443771670476
10.865869383117447 -0.3102402346657268
12.33521951868133 -1.125919896707175
17.366121449770876 -0.29957169299076514
19.009848715461303 2.783539983964998
12.123398653989101 -0.530640514102412
0.6313757873655529 0.5069087338236545
11.864659716361045 -0.335022764898245
17.47083160249396 0.27416389640562083
14.267440803414587 -2.002136351846036
18.7883022403239 -1.1755110942805906
5.731805205598907 -2.61609822624714
11.820191314930666 -0.623325966105305
14.862673466440262 -0.4714834288926593
4.215049855096476 -1.3128295545361806
3.4162006319756024 -1.7364450581761994
10.82206551247525 -0.368014320984148
4.850866636940065 -1.7627591645371832
14.78453531908379 -0.3531702674956187
13.407507074272417 -0.561086221576975
3.879775435274302 -2.332233430839749
16.534536582674473 -2.109227840868028
3.897946997899669 -2.4229229485752954
6.435168307234507 -0.6962549669315115
2.160767239971241 -3.7200422963974082
3.5529867193204314 -1.656913590658302
19.79052990834817 -3.80977485176034
6.0410323174278755 -2.184706362406432
9.05367787150071 -0.48083980798434833
14.70578532889849 -0.42972181294959433
2.074175413152804 -0.9577412316220739
0.8408281728420604 -2.457744544457273
1.908176322227113 -3.0542406007486043
7.089213748613452 -1.33519177068203
6.325882083965509 0.9222230894962502
15.576766515562989 -1.6543028747054098
9.184721801152381 -0.3457001858765406
2.782436445420667 -2.776201830219784
15.967512689838907 -0.07120091268034513
17.058138751839163 -1.1504380055954198
10.07643746760115 -0.6937922496260313
16.552187078728863 -0.7704547059512945
15.181693131764108 -0.26887034788183484
9.760020942466191 -0.6426373066847458
12.490856851711534 -7.623260480423147
8.897828524616102 -1.115444691371076
18.559047847894195 -2.258872414475889
16.639217534988415 -0.7626649976526956
0.6237456812617121 -1.0378070932350238
2.4552569629317578 -1.8943666114020528
6.120067432113225 -0.18107592067355482
10.15769473993823 -1.0979919242195364
13.936072825555263 -0.12787688162913674
17.904911690715345 -1.0434849830331827
8.366046783943107 -3.6369419412869037
3.5672010935268696 -1.4226075916666046
11.87265052245068 -0.6413218166167469
9.256118565888318 -1.0263214752549426
3.0006995061752244 -1.2728781584121125
18.721255160911554 -3.9417322429942785
18.450621803122463 -0.854745172113873
1.6326216078953342 -1.6143617962592458
4.5555831697718325 -1.4781617794473154
3.0038543543856813 -0.6785111711471443
12.634100835776852 0.1913165250731764
14.865368241883553 -0.3002240130941201
12.183031244331561 0.040794501536856154
7.836752875291732 -0.43235853656029344
13.873574276853953 -2.19843269233721
12.670902055417267 -0.8330762854362145
6.547316653543954 -0.9621870134317806
3.656441636807367 -0.6875619703814387
0.34498108969329694 -0.604564826787311
0.45495142904519625 -1.5209500426165161
8.715741602138568 -0.3366851927092663
12.564815260036376 -0.5816850212481058
6.775040271475388 -0.8451780609218127
7.251434451428036 -0.8025184455717783
15.721430562707312 2.9900130884614504
1.2706234996651957 -1.459325473196666
17.677312039409102 0.011026992249649146
0.5206738222943744 -1.5114694761547354
13.789713801338866 -0.4571577177050331
8.19522424978768 -0.5189761308133176
16.428004400271497 -0.5403082966683875
13.958069662903801 -2.1990625899333134
2.8085819476023524 -1.6008994249281256
1.4613309822451601 -1.5517940620075203
15.67751696056501 -2.3366998274100563
6.0440313423335645 -4.642583524679353
0.3451637970590069 -1.357566853013507
6.21319393496074 -1.0586507484970915
13.04494772199235 -1.928003311508521
17.984022045964842 -1.043863141914029
19.748327586902118 -1.3545011880526714
16.124835499586414 -0.5146370372894727
2.343560937387771 -3.5649312644819635
14.131592273887382 -2.0438267480603924
19.386009413939338 -1.3609949092390217
18.085513702086185 -1.368922178636717
8.068317107080105 -4.270971321270262
5.1043773040141245 -1.084461813517945
16.971503176254163 -1.5131756991080578
17.019202169645332 -1.253897021766553
17.21742938740106 -2.19969099477955
11.90832380204839 -0.49991624964225734
18.513917283002346 -2.149996026616689
15.707524148146641 -0.5208603139300094
12.067504746404314 -1.4231770881715424
6.809358229047757 -0.6476231532193528
1.4435580921486206 -5.1890326847581045
17.265831415233404 -0.1744529972374679
9.64693522852271 -1.0123391295808077
12.459767602044424 -0.727252380366336
19.31301299781913 -4.229150103316823
19.18646498582066 -1.1158903627735668
19.146092581899335 -5.01939496709687
19.40430941243529 -0.5545664678058517
1.0770490193886793 -3.4328390922049823
8.263256708939654 -1.0010610783214786
10.02303143219357 -1.8702926736613545
1.319915496425745 0.9067203009415056
17.07129337113004 -5.618044457148317
17.28609358338467 -1.3302553313250711
1.496900847421347 -2.5871237680268626
18.830310845774754 -1.0805562072118517
4.46191657216697 -1.6116177612373705
12.332711307348577 -0.6041084939630883
1.510877293194849 -2.2272446515743884
2.9231431234395493 -1.4180139201966924
19.779697182204114 -2.9472091877856794
18.831175044441256 -0.8865415194959311
17.78682806909981 -3.51622911028704
4.684077215303178 -2.772109055802093
17.40972234262067 -2.6405374952267886
11.29486071816711 -0.8701540272090957
9.020987934738526 -3.3025788710248856
18.399094074692613 -0.5253030767867102
19.4276468709266 -3.0436511510058906
11.449659368968552 -0.3949830133480591
1.301237676349418 -3.3974528137465914
19.813445627594387 -1.0773838017309076
14.746164466295099 -1.688682153017439
15.860312977141183 -2.918823995372181
16.416324253876756 -1.5048343179025108
0.49595268662558767 -1.5882187024065944
2.0118166954106966 -4.03068445848889
19.48034344990778 -0.7012180106297649
4.939392506540028 -2.029828453828101
5.0692017828545355 -1.0164338171330958
2.5355062837958906 -2.7416913442094746
2.321285089438704 -1.7098016022355267
6.360154109695984 -1.121806424330666
18.167821718984076 -1.0290362562578323
9.790173929314008 -7.3854666792182755
19.404388335870138 -0.8916895119499835
15.611205593890988 -0.7479981364868121
19.243727221109314 -0.830428733755205
1.8426025873074725 -0.5388256761920049
13.173745273506936 -0.779611732804671
9.883065430078753 -0.6278264928309781
1.8820198240196215 -0.6705423488984443
16.86689165602188 -6.723379807498677
9.143622827412088 -1.0407153999585954
4.790353064293298 -1.3928606329513191
0.07597516889603648 -0.6066247851179632
17.681857401251133 -2.5747762967987518
3.1443763662063984 -1.7644220010799028
5.2535727231098335 -1.2509867244626613
0.49072431851342035 -1.6777909878914754
16.971837387107698 -0.6519456297138639
4.9295144309172985 -0.9289841409454137
3.49905347285552 -1.967843560269093
17.455351173029825 -1.0830603751787649
4.734142404838846 -6.747082840396468
17.24196874179125 -0.5558407470660292
0.4463684987210349 -1.0608141524315022
5.252495250277027 -0.9160195415381129
19.44602215812133 -1.7389271955049406
2.8169521138441183 -1.615296000131558
11.442477434524509 -1.3340892086314904
14.695278862736378 0.7745800551486273
6.544571611525637 -3.935394578667363
19.52700761463077 -0.2469758334200158
19.220675581413296 -3.014902239740675
18.95668094658187 -0.4608498233911518
14.118791928751605 -0.8173966656861931
16.320906503702624 -0.28415315525180673
1.199985901590094 -4.57841914472248
13.528026248129004 -0.39978886820057835
7.524684068514773 -1.0745578403483362
17.877199501758387 -0.3776876770869634
18.32766374126516 -1.8469233726369776
14.487245651500892 -0.46741984730344843
5.188773260038448 -4.08649952066247
5.592410016919116 -1.4271450424775916
9.288192260626042 -2.0558606055616018
7.122753142951977 1.0791755652307657
16.008852610197962 -1.103230462484035
7.979449614042417 -0.8314106651326238
17.998371069417555 -2.202976288313268
13.728017987953079 -0.05498719586832608
6.958014292932257 -1.2692520422422624
10.195052447100519 1.28143570227792
6.500906897382329 -4.011444606680417
10.627439207238352 1.904866949097594
19.326769983885388 -5.689878449391887
15.098862717739165 -0.09704499971530221
18.236892241620165 -3.3765980680651166
6.8178984183635 -0.619852647568899
7.620523911740451 -2.6170968776489816
2.228424535534046 0.07919627585623813
18.447999316421974 -3.165425871277898
7.185465896513471 -0.0015405190512231982
9.37724941464902 -1.3281386794705876
19.436558649390076 0.7778142246390316
4.470706265370066 -2.3496944671092126
8.84754672381313 -0.6748349006024269
18.21557769159068 -6.110627904667201
7.00868989813786 3.062012609938521
7.311927205192925 -2.727433123419574
7.075423724610215 -0.3728976233032152
4.512936402460456 -1.4288558067905768
13.199844413734857 0.768355967544982
4.785740482390722 -5.976499282732557
18.640641709621093 1.5389392240541344
19.90650094180091 -1.1329474044868053
7.883120917398814 -0.7462425030773078
3.40472493304504 -1.4695388534658202
11.581153017751566 -0.7077735412620086
16.279655690964127 -1.5067013610049298
14.18517069293424 -0.6912576203240686
13.867002426462594 -0.6509391925792187
8.94982290682476 -0.5507166227518749
0.3959060989359481 0.5742323072061659
19.756588806373923 -1.1044893770677346
0.7900665734716298 -1.4883890341017643
6.577741639901114 -0.903076142377883
14.141045499061866 -0.5555974309300884
15.972720280920685 -0.7696116776103081
19.400431765830398 -0.4126999083345015
17.133705165597632 -0.3912113349072338
17.557870554517876 -1.351421689030604
16.56075048712537 -0.5638426034962218
3.8407606039273476 -0.4189005630493058
2.737622491027022 -0.7678097090265016
17.899157346919452 -1.944105226137372
18.86899791317649 2.3507127408933366
16.326030254480802 -0.80266155938397
7.4883920362772 -0.4692721893643773
0.6167427815559512 -1.891427497669691
14.394865546933831 -0.403154112256204
17.205436456762033 -3.5889911997761375
1.9709906538938835 -1.3909644333728008
13.430304568942903 -0.5684680473085055
8.208239815762811 -0.04603697126367948
2.393866036103583 -2.0632912447632004
0.9500493563183606 -1.3146001437364314
11.195186146081571 -0.8272510722432944
12.992939970300124 0.376312228698213
1.723946233820071 -1.575351386742455
18.918333277349724 -0.6263495678233034
5.559819847403658 -0.8514221285449405
13.676092297289307 -0.6612842567544187
7.004161578512957 -2.2912995035989487
12.164469510814392 -0.2804717943099017
19.771928825920828 -1.1458737046573704
9.193628565091158 -1.299943376763928
19.29838097637149 -0.3919287118567324
1.346118386252754 -1.6703166708574986
10.59327300602734 0.6771530892514547
19.304916192059224 -2.889874430480661
17.24320293486039 -0.9506386786599126
8.08397232975884 -0.6357232879907951
18.317965475486734 -0.6106153802625266
4.589461238236789 -1.1841156911875992
3.95356252700071 -1.8073842665828965
4.224755870895524 -1.8327148850383204
15.40673254557285 -0.7341991714945794
17.207514464125477 -6.419960650043535
16.601368301126602 -0.6720884132825504
6.741263731679443 -2.529053633070843
13.935761878828718 -0.29108367299189863
4.557515689805036 -1.1010435248503205
4.135364921490121 -1.6229262446556165
0.5228996769081455 -3.068459032358362
6.773534566308504 -0.5464854100787963
18.96106872801971 -0.7227396803492486
6.784343102002065 -1.3537817439588975
19.756854992744085 0.4529813080938204
17.758005795590705 -0.6982621319323316
16.59500467161867 -0.6460356181016558
4.202708821474178 -1.6857276567191515
1.219614582648188 0.5183919101222179
5.78528052822855 -1.3375243813966426
16.78251256285388 -0.6858649159052894
13.367289941794644 -0.935290303536028
14.438082254518518 -0.3906690794240384
12.374180518842685 -0.8312784189307267
10.735810516955011 -0.5569086167240541
9.183413913039244 -1.0106615428947217
10.833206341238913 -0.8470389813900575
8.22473652053088 -0.4448362860786451
11.183016270976397 -1.4789725128995366
8.414582208392972 -0.55932701286592
7.456390172611398 -0.4776408718220845
16.840985075088057 -0.5582432562607003
0.46272385911550074 -1.2331583389240635
18.638364650136758 -0.8081305574923268
17.65266165035944 -0.7970904476632743
7.526993899935121 -0.6100395167212378
8.456919257688504 -0.6500453241145329
4.86487133047423 -0.9281697090185776
4.593608002343123 -1.3123574999020085
16.705296063840056 -0.5034507115430087
13.7411127709392 -0.42340548250476473
5.294948039275135 -1.7461984660331478
9.736335638519042 -0.7305939277172065
12.150972618287948 -0.36925323118302716
6.7575189726867135 -0.4154326087499326
6.503900111993967 -0.7385597400478974
11.79321587580356 0.15508944885467107
15.522977216084282 -1.833534359386988
0.8189047028677701 -1.3949493175320753
14.836187330200278 -0.11807505939609045
16.78725270650711 -0.3848255326668311
9.736044545404539 -0.6139632207318136
2.3185864165590706 -1.750135180292496
12.575452346012753 -0.9570883074210935
11.793182068968921 -0.7423879827312836
19.326432860038278 -0.5149444132850871
8.868341722923754 -0.5948148177718827
2.570756829960122 -2.0310375022850766
19.761606301839507 -0.884752967365266
7.979721229087161 -0.2833993417123827
11.937260007399429 -0.4537047769891147
0.5707232357295446 -1.2538908641424105
0.3496713436445267 -1.2042781213240503
14.553673343484515 -0.3927971001331305
0.9430964236050998 1.9269714676351113
3.689435899830692 -4.552419557930171
4.882525649250615 -1.5391317382805558
12.61909872033585 -0.9009606836969656
8.392784629243494 -0.7537261148246635
16.144525033481077 -0.5842594596430937
0.4809359760737196 -2.7958179038831683
2.6781770255004096 -1.6001704373178376
4.234797314749354 -1.3904636699787416
12.57995653092871 -0.8654852027374679
0.24126717711575812 0.2432689081946626
17.223546822507178 -0.7945824690590161
13.993929951787466 0.23768028774770403
0.4450786025192398 -0.9925213190831087
9.384999413552901 -0.779406737784744
1.7801200661313235 -3.1548681231642846
19.716328346062394 -0.10535355117176147
2.190185448242782 -1.1001126098945275
6.518080644293188 -0.6391740471843108
15.691186445521172 -1.4245113395010764
17.847764749083463 -0.718378479462953
8.89485566079909 -1.13301484353183
15.912750602696354 -0.5436177320921634
13.17692911388799 -3.2080282685422095
13.280145445347754 -2.475155124490175
0.7664323568304335 -1.9432457805459775
12.970787718402882 -0.4030552785370102
1.4110962881966878 -1.4948183441665686
8.53849781194971 -0.9130336047133752
19.534843263833896 -1.0921744390104533
9.029653703496617 -0.6157768647210848
18.201204720482192 -3.900787702860245
12.865213585698882 0.57926800764384
0.9800838712933134 -1.4238186511135689
5.2923271211873315 -0.9433985918926241
4.626982059921261 -1.8515531105848162
7.2216963966725825 -0.3439439436180483
8.72971652511157 -2.6477928840259515
15.75391527606263 -0.6912227456816514
7.418190206307227 -0.445470178275427
1.547917191341055 -1.5752377257689714
17.745563676035445 -0.16255131562139757
6.394252667214332 -0.714148180027285
13.433977985807573 -0.23463566543073283
19.875914700627064 -0.36237259277247846
4.719573325506717 -1.3093955794989447
10.076226255854989 -0.630657749079541
13.883805245438188 -0.3369909199086456
1.6430787430504246 -1.5500734863521841
7.243583749297639 -0.6842649969487421
2.144965530423763 -1.314136035435124
12.826399091784937 0.19346220993785243
15.00795440794227 0.6963899124079165
19.494181490643456 -1.2758687536954212
4.407136011828406 -1.3153696162232478
11.75727655392784 0.06568676135920748
16.338456697834896 -0.3094661023425148
4.038085954481009 -1.3087445910925042
6.401405659867728 -0.8402528669428019
9.097036505330038 -1.134826323027329
3.12910416783162 -1.6987203997844422
5.589835654446552 -1.032072286633701
8.2627758944925 -0.46945320277738684
15.800711633510847 -0.7086829091709362
8.214910957096162 1.2840711773447921
8.330142532903078 -0.3937822787408959
19.111347199562505 -1.3707458273511186
0.27457434307850825 0.16344291948583142
13.737920877422061 -0.4249827824210962
0.3915192204122209 -0.9039815936524723
12.36901682153369 -0.8289358511734677
13.496918445310074 -0.6087917287412865
13.401507073462351 -0.8581918532898771
1.9688307839905117 -1.6362825410465036
5.367448080309708 -1.0699020863791007
8.650441429028383 -0.2472348500095471
15.33980912466259 -0.802783284966913
19.296684666237365 -0.7041330028941823
3.772508340659482 -2.4029939690119875
5.308804709419447 -0.7243750863895018
5.671862193044262 -0.9491265712263202
17.619190161423376 -0.7200742122051145
1.5827992761442842 -1.2776742326548358
6.923801033964209 -0.7892012724144787
10.689446530422806 -0.6352990064925491
3.7572747823565846 0.16312107444689042
1.1982039533215803 -0.4383477225529205
13.786046742569377 -0.1973808626169497
15.289701576925703 -0.7520854339096262
8.74700185884575 -0.8476546487778339
3.401802037066786 -1.892286728931277
0.8569896507584386 -1.3534034226816356
6.95228936321603 -1.0326035753655831
4.740081554629096 -0.6454467495823117
6.431563185454059 -0.5869107721761854
1.5179046780853456 -2.4791906561621997
10.513923264024415 -0.49541022935712997
5.207630063059245 -2.9135700693828377
5.757961311699694 -1.1567548824538807
13.460282220301247 -0.7066253040225805
5.57715351492821 0.7705856396631787
4.13791293307607 -1.5064910647306426
0.06896200138528175 -1.0975023007356215
19.936270268544234 -0.12014614628412999
4.542890347965917 -2.0057320525771902
6.994885068566119 -0.838575557510572
18.0558059000749 -0.4474538900439649
19.48991586731055 -0.7439861247095462
10.209041141963915 -0.029450493627309518
5.021381328360485 -2.9573332765751843
19.907426209207564 -1.1391536264656104
4.808989542648164 -3.571388212670683
19.484520633813467 -1.0753981656812757
17.004695515404038 -4.299963990583764
13.822491597166913 0.11146944742082679
16.92545299046333 -1.441557723092973
15.820401250670805 -0.5923454206710032
4.765191253511524 -1.2309793829550488
14.941753186199726 -0.2529888517303151
14.124569946206133 -7.047315916597438
2.3313679654704798 -1.6168886004251688
10.738651157694212 -0.7325862600590151
7.223815648397314 0.14654668843754862
3.1681940608673225 -1.994314821577264
19.699852048489184 -0.395516490955902
17.42089926782799 -1.1821022378014134
1.4267900952494863 -1.4022707183185923
14.931023395859544 -0.3363522768229181
6.039056360358436 -0.7255927185872088
1.5895430418247751 -1.3410296550679712
16.823149721898666 -0.5090913943267886
0.7629073558274332 -1.1045337695788078
12.11681185505766 -0.3020592106236865
10.812414351404529 -0.7736389968451692
17.899875702342538 -0.45013635164742016
8.215955102062368 -1.2639154259628835
6.981018494155619 -0.6209215127238007
2.894671974042332 -1.4699771535784598
11.90642764596942 -0.7140545856616136
14.408435650711278 -0.218626203732949
14.927220228708379 -0.32490841196292736
19.688498351823576 -1.0654593091828757
8.31788260193944 -0.5256698738764056
0.9808398639761801 -1.4766367606883997
7.158710369830072 -0.15581026399796546
4.137504958599313 -1.5029344368848823
6.158398533405101 -1.0435138689654928
18.293526452300185 -0.5189942800038849
8.305991495971284 -0.8404078914731279
9.711309563850646 -0.5787718762317912
9.449343365955738 -0.25423613079591983
4.2091504905027906 0.9842915572153129
2.1502140612298155 -1.6137381213425395
8.150518617575536 -0.6685886555003229
2.9644450354436613 -1.1089831200459515
19.608053566878258 -1.0446372352426305
13.237904463708224 -0.961918391456462
8.644646314934347 2.726092146384187
1.4876873359111913 -1.72111024586237
19.80505156202366 0.004470778915356979
7.748642836349538 3.0760620909510275
19.87877454545404 -0.9950121974462588
1.1500330223972008 -1.0662436993112272
5.685727205124568 -0.40745284573260737
17.067239928977475 0.310077383466122
18.68180497480429 -3.3716249084964147
19.28058491975346 -1.342830612329611
1.007482059726787 -1.6592736703597932
0.14573911878610524 -0.9373716452129479
18.12988465651132 -0.8592940044040227
2.286629082986148 -1.6617405082853576
2.0279699635351953 -1.5671690485425283
10.986774198959598 -0.8820451525148351
12.918245884831816 -0.9961095956019614
5.325583052541166 -1.0854114820055507
18.838199110083693 0.6276677804475369
4.653798158534933 -1.7421268697805627
18.62281409960924 0.7866743201706984
3.5991141820631127 3.1989174007600747
4.950347682278642 -1.6538389932657411
1.4610432722624898 -1.4918056573913134
11.417191429157516 -0.5355111130653547
3.1599646341687224 -1.037898579904454
2.521109461207585 -1.2988281969012865
0.9841942282617397 -1.8341429664763214
2.2532480174721727 -1.1364954857391727
2.0072557734633385 -1.4977484294054797
12.278119654431425 0.37869615796496775
18.58701168366697 -1.3121656367238586
3.5227965327399 -1.3338924730123196
10.697129528990214 1.1487517453456824
5.710902314073033 -0.8604350807230314
5.711348970088636 -1.256102404788406
5.150487024612816 -1.5167880992741267
3.3386191429012713 -0.7654931829019966
10.064141803472557 -0.7787326970336278
8.085994584839932 -0.12872966463769386
12.101938802348382 -0.02720487696187414
10.58288047112363 0.7468931048855096
9.653978998318943 -0.06486390879421747
0.21985579090070562 1.7311341089809256
8.416332282557857 -0.6048329187947877
7.833763387735704 -0.7063278381944923
7.7686761110233515 -0.1814836878257556
2.3730692662635255 -0.7852882795132288
19.33205493964615 -1.2877979609313197
3.683637250458568 0.28856535371416236
18.09479515887116 -1.0441964511246409
12.62219871581495 0.5635244257897558
4.958071416908073 -2.8069302679269614
19.171036457727624 -0.5444936744786912
4.029745803378942 -3.141325704587304
2.5670880423351203 -1.5271764193720805
9.831006930211512 -0.19592948283584466
2.5301477912442674 -1.2586809639531011
4.700174941866836 -1.646576881734859
3.7500532399754523 -1.0990288670618835
17.333286065584122 -3.5748446224542407
13.035025518116301 1.9993406280049286
14.7134946996413 -2.7522355286092988
12.571818569213912 -0.9584882739966799
2.857691372139363 -2.4783493591863373
5.6786023348330525 -1.2889677190755917
7.203192515353946 -2.5623756563693663
13.161773655186655 -0.33737974171956964
4.356958458580037 -2.1260163669210472
2.673555277326177 -1.4422447931597837
2.5853601257158956 -1.724392703469773
12.572630214011298 -0.07720980720507498
0.8962534829471751 -1.8352038170881728
11.492388607106918 -0.7779719480788345
8.953896398002422 2.70710070356048
2.631503033560638 -1.2981729735069019
9.799299741143301 -2.4115005390836086
3.2384460212182042 -1.524752149693781
10.479372385858124 -0.6270724514104525
17.61310326238276 -1.1412510341040498
10.839243490679854 -1.205735690578641
10.746371803657448 1.604076749185305
19.812647216193117 0.11527784645934179
8.482370257722355 -0.31728892986034724
0.3404589429408682 -2.3867209805037044
0.6114147940568065 1.2266113344520997
10.308432499230296 -1.7722860463996413
2.8080449351697316 0.6106157629734694
5.880829140204295 -5.312676877536492
1.859641656905189 -1.4969870889449552
6.661629171526779 -1.012217129575083
13.686875800838308 -0.3708603665160014
0.4255530691971031 -1.6748638357314345
13.656178088328753 3.2650090485969288
4.553335719677282 -1.804900429600216
11.132953766809148 -0.2951791733527151
6.211958726659286 -1.4384383637130436
3.408847361420591 -1.2282027926061527
7.798726500388468 -0.4619732289935332
14.709491232203993 -0.0810462311394965
1.0870635525433268 -2.7688556932007433
5.06366894690345 1.6427239367614448
4.807611012826119 -1.1427713052137725
8.75524705913484 2.1168837440491837
14.289149676360354 -0.3063264688300082
3.952243360206717 -0.31783084999488276
0.21903932556132777 -1.0472955489166536
15.02472751380599 1.338199329227729
6.00506440847243 -1.209563575040309
13.467820515081472 2.765360078303277
5.382006628437847 -1.4024584446617823
3.7310319024578003 1.0299548840870474
3.360551447723585 -2.147904432224943
9.138924513379083 0.042655253635149264
3.475416094514377 -1.6638144900980023
1.4546198369747696 -1.5205246813519218
3.3266575043746256 -2.148216193910577
0.8383216469585378 -1.6307540450473292
5.31402525594565 -1.3271310534916938
6.788667785074362 1.675320153299112
14.887711487709428 0.10411873954633426
8.419062148149727 1.4425173073582238
15.075207667716798 -0.8381113018571767
9.532616734525577 -0.4413497651191007
4.572952394603716 -1.267922739305505
4.488454153936625 -1.153392834797305
19.828305654083287 -1.5055578903532079
7.060940909916197 1.2481323363082537
12.951821130440598 -0.5601659683416613
1.2956481055021616 0.7258719779513544
1.9559700789398262 -1.7454581250184835
10.227141885526843 1.6889272300114793
16.79766050461862 -0.711242163531449
3.7669567450832755 0.8994665888013657
9.540408357665669 -0.529294472669031
2.5707106883460487 -1.296702437441895
15.670919826075204 -0.7751863352082675
8.109155958378327 1.201684883489584
16.197084969119597 -0.2069999319833074
3.4370047618366804 -1.0284754919130064
16.252418844250112 -1.1851236794431144
13.722647473380322 0.678712757156687
4.000951698713268 -1.1332449344639082
0.6301162227271848 -0.9721234953693584
17.281489422459288 -0.730430650821964
8.832263830512037 1.382642754156052
17.846231857659838 -0.9931845182854641
8.339505288429054 -0.5532319079593582
9.524302145265528 -0.25874519605187646
4.956592109971039 -0.2170401035646744
11.259708683692692 -0.8173607804481333
19.54211511416816 -0.5167002868851477
17.355050223789426 -0.5146771981366227
14.445258364682529 1.9578674328488241
1.6178359913042732 -2.186431713661565
16.252167283142917 -0.3304641057123955
0.9664751033062677 -0.4570362145391429
18.655786181704382 -1.6077922808645595
15.710032015303435 -0.5413061551461861
14.747463100489421 -0.01899788004913061
6.034653806273185 -0.979819510021551
7.794545332290961 1.3547890785843262
5.198840119149416 -1.0652133457540645
5.110984340639408 -1.2675771433424643
6.848160037586678 -0.9654596178591136
11.330699896489916 -0.6243729829627209
4.861054161363484 -1.1850154684065255
19.84065489337513 -1.4253472733188783
8.668977203739807 -0.8339108131993322
11.012233151280665 -0.5761559499545464
7.319412465420062 -0.6536901601168348
17.179640870915506 -0.9816027227316451
16.550372670451974 -0.6989448514333672
7.345157209994557 -0.4015277315505674
7.408393035821501 -1.2018738183131168
14.646633642939225 -0.22678202716007523
7.448412932590333 -1.0595199881707906
3.3070154904563664 -1.4276159047344434
17.448288706848114 -0.03400714278932393
15.18113989749649 -0.13827540699823912
6.251969592777971 -0.7307283754147271
18.361149178184014 -1.2294035503869207
0.2945569827203718 -1.6970662824638825
3.1134476231629726 0.786516392305819
8.646580296501373 -0.7917474460301785
7.0859114791591695 -0.5440311045577175
1.5074649319498699 -1.2593821507057716
11.41516536812735 -0.44287649336104407
16.744196177062094 -0.4257824507902632
3.2716926837653753 -1.174887201393445
1.5999001275158236 -2.1872088096528817
13.028320859620703 2.097693816292828
7.43793073597103 -0.9566782075998945
7.264157280878618 -0.16542963042087586
7.4720592712965255 -0.40369867758106603
9.47880425714695 -0.5194293735332699
17.752588627652464 -0.8482424203632907
0.1374294551227832 -1.0730365582602646
14.002373505179161 0.44869448713964766
10.273052452475433 -0.956698560203488
3.401266704987596 -1.570795330489755
4.190391594570792 -2.6733048120110237
7.735428012375246 -0.5168195880141743
0.3649708473611633 -0.8128524822268305
2.2729061137414437 -1.6189543013950216
5.399534846196167 -1.1343504184497384
5.943923969966369 0.15848749958728858
7.470814564484436 -1.2919043453164316
10.842815247892803 -0.406737708250546
3.847252778159159 0.6875635622433
14.7726450254967 -0.4144635390294528
1.8084867922299324 -2.151269669883252
13.070218460075047 -0.5930077348709806
10.053815830208686 2.6402850244685396
3.137069971351946 -0.9568248762454402
9.576935199474253 -0.7881908230031144
16.681823968238035 -1.2339546252283242
4.246881559121465 -0.7066476368485838
13.22976068362976 -0.5938084906379557
4.686747110490859 -0.06417420061359892
8.012650531465797 -1.6179208170881085
9.938971225729851 -0.30460364262963713
15.705509794535015 0.09450106865120425
9.81689265845987 -0.10996870060710852
2.0651782881480383 -0.8562558391123787
1.7594184103106194 1.7258900137812825
1.914158329335713 0.6816871350527576
6.172850902899024 -0.7091131492199119
8.831578589631537 -2.408846574660006
3.2109244553649754 -1.0686024170790518
3.623306515222415 0.10014987998493381
12.219504742837941 0.19648052064432156
10.156475041125638 -0.3380370664924046
3.209421691903089 -1.4302393417368315
1.9379352286546783 -1.5855814254513585
9.44990810758871 -2.0588333965848595
14.607349427551496 -0.1561176511423279
18.591950980659277 -1.0800577010646502
16.485724633785367 -1.011021523444297
7.418064146909427 -0.9197862683114221
7.727963102737322 -0.5066700636694774
5.334355007815755 0.26833217823876215
16.35418833760467 -0.42139620271129646
15.177094058636554 -0.2091948912150984
8.642123653189502 -0.7514278198519012
4.364847000667911 -1.0224776540328737
6.32718042555245 0.9724506056628466
12.267323616606413 -0.589995989985316
7.8403976451824064 -1.2583819293124958
8.931323403346234 -0.3738498288969394
17.06595928389634 -1.2135397209714327
7.696486448922254 -0.4341534787334418
13.605420378808322 -0.8548123951645211
14.29939144323671 -0.4318141206637372
16.588515933466745 -0.035728712967325146
5.721584726446419 -1.2691020863640512
5.438639529015182 -1.4100308998799425
17.43607856149281 0.36281035921849547
16.53207623024396 3.0012131133711355
5.864890959040711 0.5942968254812814
19.093143620197345 -0.8021417449374041
10.822107752807765 -0.8616049436894958
17.88063136038612 -1.0500374017947796
5.456988521965283 -1.0227037086672928
1.9758799533574611 -1.0917307568796863
12.790459346881455 2.0559466073474812
15.603573619956734 -0.08638792766147778
2.3052461064833816 -1.5109891668064173
12.250120909284266 -1.1111739558160139
5.25006360705196 -1.6107198098579434
9.107711827132482 -0.11720177662380295
10.249340646064343 -0.8546236499811432
5.7734076972820265 -1.2253105257712105
14.52359168341123 -0.5447746071531936
16.09974974454949 -0.8389403124967049
13.228702584365152 -1.0485318123227632
11.860834849053605 -0.6332180053953178
16.304036553053052 -0.8311252814931245
1.3479308428319032 -1.2579403605181785
1.7688981074312897 -1.6677475100570982
18.355427820733954 0.33751345176065095
10.61219792669951 -1.4961050995134386
2.5781601495646678 -1.6105627998032483
18.645010530192913 -0.8257261906908928
1.1193094677177833 -1.6146071664410433
14.08165637106527 -0.2053527272967337
13.126316967276463 0.07091244855013455
9.675518966557913 0.4107121452322189
13.240982266541184 -0.9014880573526971
1.8502650046431197 -0.6513857101521383
17.912488914855512 -0.7874445557370856
3.6861134511839557 -1.4686360375848226
18.282836346536453 -1.085065223045918
14.102103459532577 -0.3159954246991132
2.350565906938534 -1.426857924536604
3.125622811385987 -2.036743672843969
4.733576603283913 -1.0255549822525643
12.486245222582093 0.25306374753525285
6.870421715195742 -0.7533136306885909
10.576968438317412 0.12942622184865504
14.9169004536087 0.8582513671425258
11.40582872428709 -0.6212024691422764
3.0096560732705937 -1.0173172853940415
13.220798873987107 0.7263127118123212
5.91033606577667 -0.6470379742522054
3.7851309839472576 -1.307494670606476
17.734517974338814 1.1781955601746594
17.259494191526777 -0.13836219186813445
17.11279480565679 -0.27606651210245253
3.250035218004072 -0.9901985038456896
12.477045460340253 2.1954952968623016
19.586972634276567 -0.6355210817478212
18.698022914605843 -0.5089555859961435
9.558308221672085 -0.8087624776479477
6.665673869562377 -0.5921199232667945
0.9748793717689104 -0.966723873575652
9.268631761736428 2.548196592534152
16.878418800796695 -3.2753983679598297
16.77395212257786 0.6008496829779542
7.6901583373047275 -2.268785601563727
15.417868420110356 -0.20941767780481657
18.999829381517316 -5.037255850869645
9.427783729838254 -0.4604140798157465
10.448896594787646 -1.9377077970707088
18.58698547638996 -0.8827374952418207
17.611602963046675 -0.5693928608004567
0.3383910283870606 -0.6925213742144584
15.081206382113875 0.651139097217127
19.189951135712665 -0.7343223403953063
0.9995993230575139 -0.9417586984299087
3.6319768486344155 0.5963007499716262
11.513904320779824 -0.7789685309647969
4.042701115893951 0.9176455910737855
17.793669551421807 -1.029578929177371
1.0533169119999461 -1.1466844056413328
6.59534647981605 -0.02297737256720358
16.754834828834987 -0.1927447408198992
1.2661085867906756 -0.35522726852419423
1.9383831618329985 -0.7508685403147581
11.660394708400862 -0.3003999234781366
3.5638662955232943 -1.438710306812846
15.212738673455174 0.29012701723984646
16.428173288873975 0.681436512709215
2.01113282565197 2.8356973735744075
5.021841877463384 -1.5885351916804795
0.9820454078713877 -0.48738679694336995
2.63908070150871 -1.0295968649786857
15.111204429349808 1.072858041210246
16.3891720924015 -0.5601928626044824
2.9069610404863457 1.9263322487933525
7.933685472998332 0.564866429210242
12.046384383788139 1.366702845910038
7.478740724629457 1.9257925826586844
14.75353315903355 -0.294850020819765
12.382225615537205 -0.013146668521459404
0.6890127411687446 -1.9049294651688724
2.56999052248275 -0.9617950119201475
13.795759167324295 -0.8036714821066155
1.8501526777526558 -1.2625201123005665
12.817459746317647 -0.4046117136226657
12.82387278363852 -0.48104710032495035
5.916337893445027 -0.22038872424951905
2.489945696089413 -1.565494148278715
15.424960090282475 0.835448453385017
10.9386201928329 -0.9212143229526474
12.00212510510378 -0.5777205642264955
13.213990573198151 -0.42814352633672204
10.29264829392165 2.405942454042252
8.02691851670822 2.7684057077073576
5.068798300139799 -1.542683938202168
2.67865607347177 -1.4938167097739843
1.7483998828079654 3.4749149420405563
3.9608484296867084 -1.8631238146496694
19.822072353713057 0.9196106688119527
9.801714032219712 2.716649095685363
2.6900499547043593 -1.530306776651033
0.39096437443202653 -0.6253195417711775
9.376784423921084 1.5648439335206419
0.7900099792176345 2.1364073176503626
17.95996837336623 -0.6241153309861153
2.4999564094182323 -1.8455962817424196
5.303699461387946 0.014446158462870687
6.00063722448602 0.8882176324613186
10.94079054889558 -0.7401760139533343
11.775204354177712 0.3862831147379948
5.768578013803003 1.7349755910500373
14.427483889996955 0.6300817188799646
2.496465129374273 -0.623753336065039
10.81083167843354 1.0406922148800817
9.791235072372205 -0.4035485457890917
12.321708525291626 1.4205324152191168
0.8729333707127559 1.4054802590996702
18.86144218406059 0.9819136769591252
19.91072387804323 1.2408713540923961
6.455598460590589 -0.6672363182683037
8.906219301055941 0.756525198845441
11.047105655003536 -0.8665494875133141
15.649158676105731 0.45710719129448674
9.035448121564352 1.2884468468294243
19.8603479362177 -1.9137517247412892
10.654462256298487 -0.07868306726670822
2.7217520843994523 0.013306272724594587
4.804517707422469 3.154462949032392
16.45229807543584 -3.121547460592207
16.04053591813582 -0.3649104433288224
1.9916146075479024 -0.13778669179039096
11.485113075322348 -0.8573146562230287
13.378054668295132 0.0947833802320954
19.790820149188637 -0.6110832207132086
3.1028799303267913 -2.708556288791915
17.680038164742403 -0.44069025365250836
10.22996345079961 -0.883887786533644
12.038583157600215 -0.43625919856850387
9.025401578211314 -0.8898713605033798
8.897664218061745 -0.3013399391991567
11.494899353044373 -1.301260993355442
3.39725456604725 -1.3500019651810244
0.3772512045815264 -2.679421392080336
4.57781641362463 -0.8257560580164052
11.332709223438128 -0.531925139441614
13.715546823715108 0.44134286498626096
2.9090284339882264 -3.0007509881485763
4.178112617547398 -1.9583853483435631
11.857664242206452 -1.0535937714851618
10.643286257658591 -0.7560420322782212
9.655379042847152 -0.865879177521642
2.405764109226155 -0.7784082291155674
17.687100075273328 -1.003320512661361
5.638309731281288 -1.2966807083495917
13.63276296105115 -7.111328738893574
16.40236422043573 -0.7934097822787846
0.2256414275390999 -1.0463333201716123
9.191400596006666 -0.8118222500465284
2.9304881599228816 2.69711449308707
12.137661979934002 -0.8535530757446408
9.964191550628408 -0.5950757864515633
12.146408003527599 -0.6251183863463678
2.7899343224702395 3.1017257867691033
19.006940568213196 -1.15527380484089
0.6882179750708264 -0.9313683343247263
7.054525494510462 -0.6423831478695646
1.721777710660418 0.3498219202476237
14.4102599944891 -0.1263704376807231
19.683260029599342 0.17530351946685102
5.611834986314891 -0.6745204451171961
1.223822939481198 -0.039342786882159884
2.7909281454580244 -1.6013623564623876
0.8953826069812251 3.0162559724042164
1.9250559102579459 0.6797386554495501
16.13705557773277 1.9748078150104713
7.7053021410480635 0.5329754135884746
18.628932156013928 -1.9919337560295767
10.564435037952283 -0.43338073529019905
2.4178323819746605 0.5273963581982801
18.324590196981138 -0.519234734492427
7.024470064008527 0.46421500486883527
8.402814360468225 0.35264759134222023
1.7423812795950733 0.34448756876770503
15.365214217398728 0.015084475957460583
18.513410256093582 -0.6463224968349592
18.474719456091172 0.7790642333043829
17.97652241330422 -0.3959834704164675
15.46868068001286 0.7145196367317459
14.602163158353706 0.7510017399720244
14.521406617169667 -0.2598722841890276
15.693432650570488 1.3570494860173028
0.7144952307639543 -1.5302238649218505
7.204297643459095 0.09034654762276167
2.4502468797279846 -0.28423331204994223
1.1649999718928983 0.2790248513828082
11.631254722236047 1.4124163223368231
10.820962412994968 2.70764168157398
8.648316871667626 -0.06425963159155636
5.017610835224789 -0.7675001973599321
10.444628137740366 -0.19270983950251946
4.097489171337649 0.939593319559753
10.466517893932561 -0.6352915223008333
16.512095715131625 -0.48125390211257413
18.88001266036526 -0.5901351627653214
1.4020811078529485 0.04336132857481989
17.994236096632598 -0.4150222480366657
17.707232163867708 0.7025191054361155
1.8372625908519669 -1.5285057080617572
17.32746860333068 0.00029807693037724875
4.357947130762568 -0.9245620479028578
11.827153442635977 -0.7341082089741164
15.637247271723824 -0.5664943364509992
3.721696618717762 1.6782550276887147
16.57767348487435 -0.3785780316570893
19.120967643042587 2.0700077726711497
3.972293941272151 -1.4031922354065731
15.293231194004472 -0.7178820222719596
14.098393656621457 1.3007478307151426
15.966076376113161 0.24221824256888125
17.736718197012895 1.7530652040229744
9.749766900485836 -0.14628918429637
12.342063502981333 -0.19520947576608785
7.303355994010212 0.23698144940743712
5.761004701306877 -0.6869583462629221
1.6059477687414918 -1.3882639713316338
7.6821253431275265 0.5813496474055182
13.528368177559448 -0.438650115942834
11.046701035236335 0.38543420568957354
10.574260140950251 -0.31742618668943867
11.302996741129936 -0.8696496673596621
18.834473313393882 0.22841298037883662
0.1982168236633408 -1.9625244431358013
16.326812389941306 2.854662231495428
16.113189146464915 -0.4355542765894359
19.082779122071134 0.24800870012196766
17.822548554663424 -0.7964767588911775
10.039767218733486 -0.09058870123346374
4.06987531295222 -1.3807967960045915
1.5456532963670793 -0.33976480379137514
17.31400607644897 -0.6389376483778235
10.558788905722864 1.261606994912392
13.952404456865812 -0.14020470112298264
19.47352596545457 -0.19309438904615808
9.667581870952947 1.2132900579223973
7.650824055258615 -0.45548958275646295
2.799779576694869 -1.3905025569049942
15.534494394661253 -0.2944993113612407
8.012986201648658 -0.60133290606504
18.372064622521425 -0.37000496197516386
5.241264118846544 -1.1423773094391108
17.230379436043002 -0.5035431832535313
2.3981127560272424 -0.22357998026132603
13.050401916293122 0.8660296982912414
7.297160209760881 2.2349690202428416
6.379827655671376 -0.530147541967018
10.09416966187509 0.3711297646503654
11.583204080595536 -0.7137711087482962
11.72170322492816 -1.399880766976271
14.61128658142774 0.052452404256583096
2.9944950161934454 0.434109481774305
0.7079233337335527 -1.4032526501561686
13.349164078997257 -0.8503510050535898
13.797684918353054 -0.42453597473969484
12.174624452160879 -0.6384064896465984
1.2740110237831173 -1.3168960942019092
9.068667788387481 0.009950627773006912
1.6967071404144345 -0.47272137858999763
14.154487614691812 -0.13919739175759335
2.6122524844707704 -1.3145480754800056
18.171817796104943 -0.9927059982345443
2.4639621939409584 -1.1226274466732835
14.355738438762653 0.05985931664797313
1.6294845835836285 0.9643284913618253
6.318130685033923 -0.5949106522043266
17.46475914763712 -0.0025695870129547327
16.48680949923454 -0.6325526355574612
12.738072163202961 -0.6364002833917493
9.650764492830056 -0.2943862217535669
12.29669478169621 0.3235959866498936
3.606084775514015 -0.2600072499238911
14.674060241987709 0.514481514586125
1.0201792108069112 -1.0749947865862983
12.641700509349175 -0.43301831533719803
7.519914982002163 -0.7429340161557874
17.659814163107242 -0.08766303529774046
2.9281451708522703 0.8162316316356736
6.991407064715852 -0.9199661044866511
16.584377954249167 -0.12777582046070332
13.393928128114972 0.4076241752133214
11.321193547245567 -0.7163978638508284
4.827374602094607 -0.5193571883378088
19.797899808746703 -0.8190625887950852
4.134375269572798 -0.19390675525511492
17.405053255979784 -0.5131789576315533
15.340725181946873 0.1750893390185596
12.263451643987862 1.1378446983265447
19.420334226348544 -1.251159947412702
14.328686498703744 1.28500307767569
17.158161532350412 -0.6791136428076352
16.78750371695724 0.39527114798130264
5.329472961177911 -0.8779404491253202
12.147223569676289 1.1485275565912303
18.496088531924368 -1.312844661575242
17.93163908279207 -0.32877238112003604
8.795666516543372 -0.47960630682112637
0.6962640868718669 -1.519244108436574
0.7872071870194981 -1.1360313398034294
0.753217481510126 0.130763283960022
17.30707923250386 1.5500378159357113
2.080927328837548 -0.7909130732546212
19.972946578048052 0.8859931860100576
17.830922519255537 -0.9216314420825552
4.099617332128842 -0.5639358914363748
13.229155351835866 -0.3274875420389862
6.909940479407254 -0.016422492347213644
9.249398091604599 -1.0371726262013434
1.0592169988147064 0.2446246085311991
15.708428494084442 -0.1963903517990929
12.155647641631342 0.05948759148237237
14.205458926790865 1.572760749357501
10.689657401018973 2.555554070742023
15.090035038173175 0.5323559171800388
17.103555695602548 1.2074028891110018
19.470094774276596 -0.7181098272075247
16.846442634458878 2.0148017499606867
6.180510233396148 -1.013740832829047
15.293633773028448 1.1883594144775942
7.218188926750668 1.2529229165657223
4.303494457274645 -0.008665496385978966
15.369088386528642 0.6904535638562432
17.101734223955553 -1.3531491301153378
4.9334004917215575 -0.6763656661864473
8.346376418051126 2.373254420649553
15.498476088575526 -0.6594012166735015
18.105759001692466 -0.1553416128774902
12.04676778584002 -0.4468298066024902
19.782752138282426 -0.8184874562126845
9.238283400048477 -0.12170060484177585
12.887220446442202 -0.255071443284424
10.861890325662209 -0.539457391925832
12.14136640724303 -1.2005968123767192
15.249386717960911 -6.953380248676766
11.096431477565785 -0.638384707711943
10.303756945989496 -0.7664481587657767
3.828479967731269 2.519376572366981
2.8424851380316305 -1.4380628702823424
16.794421251911263 -0.32198651183208504
19.8127556555972 -1.0086467370993397
19.284595485508774 -0.24416229844020046
18.569814685272224 -0.03995203511464003
5.774884972887506 -2.724310177846027
6.490317385268261 0.13375444225332567
10.67790257872558 -0.010301601696729681
13.477746398980262 1.9165225972148774
3.8339707313060045 -1.2628661349700863
15.46665186631211 1.5021817589038169
18.307852322502598 -0.7255693269654028
11.135465438610979 1.464947714964186
3.6435114268551554 -0.6661641001809594
13.130636065951915 -0.5023254348230681
2.8919707565445956 -1.0740203018388341
12.376432623228125 -0.5239256636835534
15.808520862776808 0.8591009844833651
4.410836337815421 -1.0372642265309462
18.878080785550353 1.5397600363460437
12.003157878286583 -0.20914910524472305
19.322807780191468 0.9397779710564718
17.598748661867578 -0.21555035806692976
1.8576355465286065 -1.4060840722288948
8.331379360937092 -0.32239475286209396
6.8610397090092015 -0.2512665880897945
18.36410392045449 -0.7983422760012259
10.523019295255732 -1.719096239479227
3.6665798632996 -0.46806561598434304
6.26468413168974 3.210257526448859
19.1424904039759 -1.2556075998526337
3.4614308870184365 -1.4706643532747024
19.932207072934812 -0.23688243818791027
12.6241002573361 1.7375933848166318
3.419974382984054 -1.87324014989005
10.365771464371871 -0.06397727985694836
15.864941484035311 2.009793184296973
8.879740576007569 2.0749422394116657
14.991916601112226 2.0565519522211564
3.8748737861114697 1.0876777218781906
4.465340071065476 -0.1828395752889213
14.290317201220665 1.25913825148573
16.93449175232716 -0.031400451385364334
0.5639078218056002 -1.5470162413711643
4.727582830688395 -0.07658302619349569
5.67233452472807 1.0954008536273148
15.813987307232203 -0.39522463820041276
18.411814703163124 1.2746219776797327
0.12884708864614458 -0.8976969764141198
9.28652456355284 -0.8449918723559645
10.302672873921463 -0.6617121771727837
13.89884669332107 2.0390858436134223
6.805948314404563 0.1061135626251005
1.9522975806695664 1.9701288172492633
18.19037098761688 -0.10379884731686741
19.992661905368287 -0.31984996073461563
14.470899744257373 -0.19502098886986996
10.194378386287278 -0.7260745906611997
2.7540004247263457 -1.4805984199803501
17.61125916175965 -0.5230876310450084
10.075352144968216 -0.6061417094908294
14.272920690255676 1.484573367374102
16.224562667294517 -0.6547472414676967
7.104578196057857 -0.09775246161070737
6.503010540150025 -1.3869617883367804
19.77732993860734 -1.0966160462986099
18.100446466293324 -0.3912403951668378
17.464090791987033 -0.44099760563629814
18.120491685616823 -0.8402875773707366
9.983663136817919 -0.8264080556324516
2.103838116058377 -1.4889262749695595
1.7961206849744271 -1.4124137805149308
7.129830730980034 -0.4535293119412309
2.580693565014315 -1.8529807340828803
16.574353986704054 -1.2098683605130365
7.79105768131985 -0.5686958419830971
9.988735857682352 -0.6409639110744224
18.840723130093256 -0.8581717646918698
18.68308039691537 1.2291616092037057
5.575834529938075 0.4393206342273784
2.5191317072235204 -1.6466712052932424
8.461420338317577 -1.124775227786115
6.218590210204436 -1.047296243075146
5.4159153533772875 -1.555310628987724
0.8252632778656792 -1.4513871050674796
13.701810965567528 -7.2843770333917
13.574417311576337 -0.0048149383143106725
18.015524762093648 -1.8328814444651593
11.034502844692627 -1.5406086507265644
8.18299074016569 -0.6684430922744675
10.018459376484182 -0.6469280294665184
16.500831010912286 -2.861955825765865
14.512573158874462 1.0441445990414593
8.999095374371487 -0.5844114306000077
11.08506104916637 2.6786460079939305
7.382564774725368 -0.2898088287257189
16.397987558785964 -0.14683953234003358
8.305918411307008 -0.38188259899138116
3.5916520564542442 -1.1847196383656027
2.714773250685782 -1.6473744158075951
2.042139755238096 -2.0559861552432204
7.572530932505971 -2.4641895366311273
0.4298160144550792 -0.9221762658953961
17.21526832653146 -1.0739162556945783
2.4193741792669328 -1.545240168119432
10.814728180765876 -0.6526196110308246
0.7332072313063374 -1.2954417850210875
12.290005877526033 -1.0880129580215399
9.209925024596819 -0.44595570752644154
2.4827500798655446 -1.5651022752547183
12.634271825962072 1.8911502555141197
6.7084791010814 -4.179810316991842
15.931187179482643 -0.5994157178290518
16.310370853249562 -0.7300793330021005
7.981465251020198 -0.6794337497432251
16.366595143742344 -6.984093463249991
5.049835572464556 -1.6252865222113662
5.806449325351251 -1.3612760064099365
7.792151709899792 1.3057905225178639
8.33744914687913 -0.39537689022113554
14.009058785361368 -0.05733891113789032
17.00605670835383 -1.4214866100676804
7.517299505322393 -0.4109436654279818
11.201651242337064 -0.9135278121093375
18.870402120957014 -0.5730610393245242
4.3412245010465265 -1.8908680207414108
16.098169362504176 -0.852495400523726
17.173981358512325 -2.8244539644617195
0.265693218148523 1.0189082683451978
0.3734799207743711 -3.6482750042544487
0.715903838691421 1.0785063724472814
14.785191543517488 -1.7995895196548986
15.972724960488282 0.8872330431591435
15.452141702911087 -2.312280640614061
1.0635659750720217 -1.3657127588071662
12.602642304483316 -0.9316818943130264
5.420463184532976 -0.8148222434927219
6.799416373285453 -1.2408186471043408
7.718746504849242 -0.4303979198263428
18.543475151040898 -1.2724105037005475
15.239996691490509 2.109521580433731
18.982818060530796 -1.8945298706131344
9.714635606193633 3.3808934887013096
17.632053146055842 -1.0901578427207204
0.997532995989302 0.5406990861460222
12.184341914188309 -1.7533850161016749
5.580401031869092 0.03683497188815624
8.911309998513435 -3.9091370237319225
7.230821287114069 -1.0255947972131738
9.495428779614329 -0.6702013173153061
2.2938539450027173 -1.5204627452530377
5.17857282163576 -2.8890600959766606
14.56990452825547 2.6835321483728523
19.73357207117208 -2.0943181780406745
4.851892768621595 1.0237654206472484
16.400200003751063 -1.3424651388252775
12.148290569092532 0.2839964606585141
2.7586114654872467 -1.6073907620697356
10.07492381294399 -0.4767723184360474
17.36568386118149 -0.5690000931881187
15.66627767183624 -0.3615943342408877
17.991418141874554 -0.8740534465403197
13.271390539246525 0.05101754009406903
17.690848535391538 0.5097930671650148
0.0018818450496453504 -0.844048131890618
12.754909584959481 1.1114582728258668
14.51163706371457 -1.0304343257657893
12.25104181479544 -0.6643971643813604
6.9909295715319315 -0.6588001823449651
19.234057473695962 1.1352123140302153
15.894852786570103 -0.38865492148559044
18.5183517380343 -2.665865174664564
15.04341188562955 0.09131737066829636
4.5168137547731755 1.6217942978850624
6.289130254498164 -1.1428286312077047
7.446143415793357 -0.8986870735100164
14.536595070018665 -1.4863713355183348
14.267602043550253 -0.4089974008185065
7.564604567731267 -0.1446835096370344
7.385268302934011 -0.8143989759327732
3.268402345936054 0.798301860213011
19.643327651004167 -2.3820861837801997
16.123204987213413 -0.8411361742012458
5.627019198513805 -1.1388343281629136
12.498099686612484 -0.45327989272679337
12.062725864200926 -0.7733971418076429
12.893616521972705 -0.30330640463888014
9.959034359031461 -0.8888191490767281
14.322501875041157 -0.03576145388545879
9.289835523257237 -1.3064335139246959
1.437966922812761 -1.804895009633172
1.7937749485634913 -3.119538669534057
1.191972540297928 -0.12260872309734916
13.039288259251965 -0.80294571687919
1.5492363728917835 -0.218238825295337
15.009812350157752 -1.9604162884547531
11.804729753787695 -1.2422093341577685
8.683849246230123 -0.4939609977130531
13.585956377551987 -0.07564627203510856
16.92735475271066 -3.143406827698585
12.240141372553161 -0.8141979975713509
6.836618539882186 -1.2491122502465262
5.243452528160333 -0.5909353898571066
17.02102381549274 -1.8323164981510516
13.563961275067172 1.2323469756605503
15.407599267305384 -2.4689889949617942
7.114155845973434 -1.0232766326500387
7.466534418887395 -3.1786678150342307
11.587269156703329 -0.5236909222098339
18.03623214557122 -2.944266269453114
18.71127418986829 -1.1843633618385314
4.186599144005534 -3.980796821258
17.68351855072102 -0.783551663272755
4.7698730478307745 -1.7638762782164608
10.345729939408793 -0.39186267739410896
8.95043425927743 -1.1180387016624607
3.0084548100097743 -4.231143224828797
7.952879825791124 -1.6584686666357666
1.16170222247318 -2.176093123154932
17.229177194206894 0.5166396129362212
15.043006377675463 -0.54458173927161
13.702666671214411 -0.837100305805636
13.045550443566325 -0.25220384392792317
5.219224720198089 -0.7450004850179969
14.943347425489003 -0.41489006241822307
11.272316938148588 -0.7810900726697254
19.191119030931265 -0.8434110750720083
2.6353050360326513 -1.906373958748131
6.577285087152695 -1.1071367989330745
14.956264771177395 -0.624874566590928
7.582557633866816 -0.8533840606436869
4.030963990206514 -1.345877148805573
6.705402512796379 0.8578776415130223
14.234816843799855 -2.041836395223716
10.293738345173761 -0.5667814239342907
6.484143577802188 -1.6521349042504614
2.105396312343061 -1.23270178004877
19.71724837351324 -3.7487499630864423
14.405377945497097 0.22169596382176637
0.4578519198180555 -0.4883947464764621
4.32507177284478 -1.233205530639519
5.948462661130812 -0.9069338923744575
3.9199512919739075 -0.8138129070986725
16.689899345572055 -2.0582591583761665
0.040484934479621204 -2.3348058809269387
3.417907901075133 -1.5260341420193408
10.74541596953585 -0.19464347072644536
14.343983427897136 -0.5542865293318618
7.612732743358738 1.1478838663728397
7.587786338228068 -1.6469224167943703
13.662971391087275 -0.736314276724687
16.580412691265806 -0.743635776739421
4.699642983459809 -1.7691349595483932
4.8541324080369 -2.6853839065190552
1.9042760571917738 -1.740860492508686
5.563479919387263 -1.3880236230000442
8.649500235430343 -0.5647126795441316
7.439613281449825 -0.5181191576271916
8.781631627958536 -0.37645439211552234
13.1475519546743 -0.7872605998994142
0.7468342393556919 -1.1429723809343957
3.3626610605830214 -1.3984291377370281
10.035730690866968 -0.7937182841596406
5.803073711642525 -1.2159991976913056
10.006578971535873 -0.541166709817886
17.22711272492169 -0.8400384852301787
5.607102638373624 -1.5710503396950763
17.19065510801968 -1.4136533889709846
16.258707961757747 -0.7843046355040764
2.648305689679928 -1.7026725200917396
16.984120077216087 -0.1754301929745285
16.741121564969724 -2.910637952821727
6.862135565523094 -2.494684903394041
4.485978306324256 -1.3173267998301041
18.660885425291056 0.02392095438002788
6.713708043270935 -0.6201603239897676
11.452774727331681 -0.36259509616963936
3.874179584211939 -3.993497648203794
1.9159591511546439 -2.081521480986205
18.99930452164421 -1.7191336447808152
5.655133818996556 -0.9700337358008019
17.122418033062907 -2.5425190624638616
7.232704096371782 -0.9004780381076131
10.43474768253429 -0.554685669891878
8.73391469010386 -0.9010961824434855
2.186307899870658 -0.7935059940941641
2.569261409586707 -1.5077170614575208
3.5456440372386866 -1.7251522398894237
11.100294429859838 -0.4888436211006383
2.66050451624535 -2.21249086745004
9.346393729295258 -0.06249793783442971
12.050573369403809 -0.7600390707126674
8.938694145548011 -0.9598905336594303
13.165597894178093 -1.3355814737487333
7.153821884580398 -0.45324375042526954
6.003406468492055 -1.2427247027916593
13.17164607744079 -0.4617332735558869
8.743260695515731 -0.9124477818461186
10.212194765613022 0.19052011153686887
14.691623427792424 -0.43353346189495334
18.547318572283196 -1.1883561991185712
3.0606605619045397 -2.2769246813289348
14.368550289817627 -0.5207740983176896
19.224595670016377 -1.5393579226671004
9.667739422272458 -0.8653255809993935
18.656757733886984 -3.137592310237926
0.5863742570285095 -1.6725338425080882
6.826211094398587 -0.5579082063151808
8.754389108653758 -0.6070305722065804
5.72349607570848 -1.006903770477175
9.538589867689007 -0.5532509815952529
12.817080135227542 -0.35014663353013253
9.687193190809097 -0.6082573011632365
16.297872114389392 -0.6569681817314796
15.634074458681486 -0.8103961157027214
0.7414094311714271 -0.1706447535995337
8.684217749179739 -0.8713258838671859
4.7043072937355435 -1.279141663109817
13.173358915429926 -0.09852156469395688
15.025959883479516 -0.7833919271649642
0.7001652885449935 -2.2776010712648205
19.946143735479044 -1.6887794829337452
19.596868074041314 -0.4967852276247817
13.963491379398643 -0.2512522908582917
4.565907665208299 -1.945825028056267
19.823125994685263 -2.1137531919693786
14.618023474900792 -0.3226447351642203
12.796186455098857 -1.4066472991379313
2.3467195050075036 -0.9313986659273352
0.9580106308834309 -3.992393717349024
14.888847711588982 0.2529082070047503
3.863112988493534 -2.6852444845091092
10.302768305456926 -0.5310097862764388
9.25548925612632 -1.827435309155878
8.733203751628977 -0.5017957386522918
6.5497621533313035 -0.733591348881768
7.42173487211839 -0.5174571975431603
0.7968103822127768 -1.9426042559560222
9.262202561262953 -0.5122143512515698
3.641698377803719 -1.3640505417966253
8.278786769825555 -0.4954709888798357
5.665585350200759 -1.9666901270718973
12.41080511745624 -0.3395819620528958
13.416357171388832 -1.834720063613904
1.961440259702211 -0.2898898462486424
5.187455676447753 -3.0944451209641195
10.684826618220503 -0.3771612709528346
11.279875378619934 2.319462274170445
4.600947194655419 -1.3901753919442246
19.681662168253762 -1.5166585268726456
3.1430062888504704 -0.5566082128352194
15.026496789727892 -0.4841261084168177
1.682324173008376 -1.1725644941436666
12.42292651127138 -0.3180681808141259
10.462995664316896 -0.3940648715114867
11.146487566311842 -0.6762462676237264
19.13089548189052 -0.41909363420569196
0.0010982402687264026 -3.197889478170996
18.789809975991798 -0.7710974383447607
19.805100017059722 -0.7816371502216152
15.59609905946653 -0.2188980171605403
8.036872636866342 -1.2874473292534026
15.153410867581838 -0.42566714795793004
13.43750930689954 0.34834444687200894
0.4473417107807097 -1.5015435739501495
19.055115859447685 -0.5446508776995206
14.683792508892337 -1.4331826804379795
7.402251302408485 -0.46012972793293805
13.54602858219472 0.42419059132797743
8.240760827563452 -0.40463362604260344
8.422300980288307 -0.5277098260565403
8.968396924002848 0.632538789665502
12.07796833652247 1.4923997255806554
11.614264875034934 0.17694745706622064
5.916563951546621 2.9121361692320806
15.560291541486736 1.7418479461831091
