16.4252559565304 -0.831526639581277
5.269594132432888 0.13458581893220267
18.7202581687394 -0.127671248643196
6.818140041657389 -0.5476285154788598
19.553122265950897 1.5298694270756101
2.999730269798942 0.7524310165934633
4.571579414612888 0.988288787142172
19.763718149338274 0.44241450164180207
11.56375144008812 -0.5367538650637457
14.927979544458008 0.11461317073020008
1.0900734748047374 -1.0329134649454224
18.272083146431836 -0.9516254734194273
4.367179234095872 0.31210560425265416
17.184968880681744 -0.752943729188677
14.758475342797164 0.43004465411592824
13.134951342178004 0.6586786805515714
3.1458679992296648 3.0586233896491355
6.847750346568672 0.2688323336242203
17.186938841905057 -0.5832657248655658
13.363099116794269 2.6708167120394095
18.863985001110844 -1.0589862922825584
1.7450233613465151 1.138475962183156
13.253495296598217 -0.3201840845925204
13.35204057797634 -1.170479378572435
11.991965219693952 -0.9006426226196869
15.313647655207115 -1.187920946676169
1.9879338404342652 -0.8705373196850674
19.14831044969312 -1.2374610683156215
4.965284005232991 -0.7674449866355322
19.9440419672914 1.2481705767451532
2.201795390406183 -1.4062712647725721
1.7221861564805454 -0.7690076499221958
19.67280934139205 -3.01227109672425
0.46561118581214644 -1.188800574848018
8.659620383240526 -0.649398811683694
0.14704387030387983 0.6645103944797207
11.080156442632546 -1.0605008123599637
8.995668529799017 0.8077339708410682
15.922764339810248 -1.1557014653670652
15.565658869798925 -0.22385330751705895
15.124990390848573 -5.351280698963827
10.59388412156016 0.05290085905634295
17.044721882426604 -1.733762214095463
2.032455549873643 2.8492239515842663
18.362227497123722 2.602700205414901
6.689307438902863 1.9809884357707712
2.767261265649471 -1.6415186944100602
4.6983934330543375 2.4253133566736294
5.633757876164912 -1.0180424387610887
16.23739292329848 -0.4223665784015691
19.260581352794123 -0.8470721613034778
0.33251047039236703 -1.1040281033940302
18.29039222464636 -1.396678841087851
6.407107472592396 -0.5368350492057699
11.556345044967825 -2.246532899215953
3.2399788584751787 -0.7730679182723699
15.366437514140351 0.3270718537231823
13.51636212143552 0.10604138111463937
6.6882666061970255 1.1636769522386992
11.247948315591547 0.141046695762644
10.06785491859498 -0.359656205299029
10.975589758853815 0.14105260657867782
12.681105090736805 2.4544630827450615
5.876158480497101 0.011793609690026505
5.926749340506012 -0.1070482719466678
19.004408941249377 1.561863013902542
17.892305707053197 -0.6262271267051003
4.222671433930006 3.082036052600997
2.5731418150338916 2.7001893973766946
14.377863321833974 1.1935202863884697
9.125380553352949 2.239272265121526
2.428836780250064 0.1493445661292528
5.198405779680279 2.9125570568957158
17.94120959137475 1.8200470877621935
2.033267698069534 -0.03327339056502004
12.085260860093145 0.8528870201831864
13.390276771197524 -0.26952918798148584
7.5857085902654156 3.3839600758445525
18.27708483803693 0.5560421930701049
10.758151373511465 0.8283151338525114
19.373023122823987 -1.0625653559213266
9.112111368170835 1.869163918653957
10.17381271001734 -0.09275651244320672
6.086073303148235 2.7394216995685228
6.6969462319814275 -0.13314230756290632
3.7343213186364306 0.3041082662250376
2.32247816041268 2.244763255025788
6.386725548098522 0.10227293162445174
18.52052521966168 -1.1638529395371258
19.814872375229136 3.3241089446405283
5.51833272152957 -0.1534929349059416
9.529012526587612 0.6040074549083481
18.62118041181186 -1.164034293001035
9.898714153055623 0.19472528752192436
12.401555200036865 -0.7163720180841378
8.853652169123711 2.105536781181845
16.585753362943873 0.25149806363284055
11.976886786506322 -0.1528768761113718
9.36221051008923 0.5859955292598334
7.704810480482182 0.12006520893859088
10.07779796345611 -0.5267991987941609
1.9914765770914027 -0.10572198589358273
12.409402945359249 -0.4574242068522428
16.682182996702895 -0.5917450705899463
1.9632343027006074 -1.5134502540192103
2.567038519008335 -1.1472141546411634
8.031645476415191 -1.0554926827503799
12.490081885278409 -1.928375971027534
18.263615435784356 2.176365206972433
14.71759395014379 -0.4940946951951181
13.459790575655203 -0.5177785869652846
5.001766495818532 -0.5193533677106232
13.058809297121158 -1.1602932076654182
16.73306132760991 -3.6020688055080816
13.731698765205106 2.284576133168499
13.300914034813482 -2.4357902941143315
16.55006689090754 -4.963308844582037
9.941101327978904 -0.9752358719081009
17.068967546387796 -0.19995049061802372
14.518806470561753 -1.3798870415021045
18.16360536563434 -0.41645460536790346
19.147031724825446 -1.5978642764239688
8.969312639857247 0.18969360034780755
17.83297275332419 -1.11433408768064
16.716154975779375 -0.8498564708345628
0.5609969599073797 -1.3085240854033842
12.779138126771084 -1.1434190610608599
1.8764201300028651 -0.03535633697591261
1.084062729779926 -1.0208733291361916
14.53265285181799 -1.3117201797289673
13.057770518010608 -0.612867864560003
9.861474975718156 -1.3753391729111026
18.548014416376716 -1.0810575681942631
15.402587843885247 -5.731767390825793
13.77948668643558 0.09035239814952317
7.34658403336684 -0.3354223341993645
18.49870389824163 -0.44196808557471357
3.608493546890104 -0.669708261074832
13.070451776374767 -0.4697593682353613
5.974902438267045 -0.9544514541044261
17.661007859181765 0.24645126564881562
5.173323792060815 -1.6683350012598448
1.4246040497025931 0.11733197366101868
4.734690380506845 -0.5550277433776406
11.064127444478324 1.9217206847274082
10.358425272186368 -2.453736229537218
15.155606389426222 1.4703937759408061
13.056845039292487 -1.1097913307602916
3.350879546614606 -0.8947626830340351
4.249734244098837 -1.9223238658774084
5.649455884670163 -0.38079498802960227
7.010980731110505 -1.7249291612505515
15.801222908617403 2.0735401398263527
10.02584120093286 -1.0836854428367213
19.23381387422989 2.623882675692968
5.03956042666556 0.2695061366392774
7.379059335958117 1.544301094645379
19.529403559631504 -1.2919472820032367
10.57653135460374 -1.3771814102951236
3.323147643303726 3.378658766190998
12.421407984086532 -0.016843560555254836
13.102610566875649 -0.3488149914565813
3.313791691834162 0.8797360243998553
17.108121497036382 -1.1474602707019406
8.34233488610949 1.1432636895619808
17.41889849504597 -1.3776039723408826
7.7867590663188135 3.9333302584130667
11.782954619370878 -0.8503326839533834
2.9137826570974283 -0.9901094409712763
17.151529363588228 -2.5499464191595513
11.433124381618878 -0.6068770876418131
18.074950483656735 -0.3830340574042203
16.23852698837049 -0.4563665223666198
10.724015911409422 -0.2999334606069381
13.032341601334387 2.090722447955932
8.796755138004924 0.42366871269272566
17.701052268569786 -1.0422751114571518
15.88428435745262 -1.0431501213473788
7.752906465007386 -0.012773420615196304
12.893746645016419 -1.1222215801048956
4.790869243383553 -0.848609892516635
3.7704550897999107 -0.6311746458902674
16.109363850361124 -0.5116131755676881
18.026366206314712 -0.9155666776179714
19.894200456062283 0.3871328333748736
8.270911234305988 -0.4826671778502678
2.7422627134190836 -0.10313478191035688
5.243375281486064 -3.68828700761201
8.830678940045674 0.5166489658704767
13.718925497738146 -1.1238649424401623
13.512563767074905 2.2445470709604103
17.975744773535855 -2.761523178427025
16.388835945435396 -1.5579447097195207
19.796907362359082 -2.1819139213565526
9.818762733709027 0.8858552616727267
14.928125336884104 -2.7809072018948786
18.465449349794206 -0.592718731363698
15.381381701825555 -2.6267961823733357
12.078584891443377 -0.41920215207201295
14.42191453275342 -3.8932001845498214
16.875498466551285 -0.8421002481433872
4.80151530590593 -0.7831656594496139
13.573033729867086 0.3629279202059952
18.958992671445042 -1.1740658548099139
13.868941294627488 -0.8038737390652955
17.149134661032132 -1.6836550802929584
14.395107482183938 0.5111486307608983
14.921588975717748 -3.1956851125549295
19.343908023532475 -1.4073463152055923
12.61627872281198 -2.8091424779834164
4.62757644600989 -0.10568178982006368
0.5222108726476855 -1.7282702331551434
1.4303443541379202 -0.28141880245547485
14.553462087155623 -2.9321246933442944
1.9564190155647003 0.1293219586509674
4.901711276102344 -1.7774978703460618
2.5906896546678166 -0.9437066990084206
9.033986223878976 -1.4803648186841865
0.03614667236174238 -1.7342750966076719
5.367222947459808 -3.367833374095006
1.0523787713275943 -1.2465054964802658
4.951202509606912 0.370374963642258
8.039037635839323 0.22830272933452167
14.050608020720173 -2.1301061632446285
10.544003171582652 0.13305785081262886
1.10153892572923 -0.44851464729106266
2.8515571035921927 -0.9625307126695304
8.92180482575093 0.9365155593308803
10.085313721101127 -0.5075487486661714
6.796992177519257 -0.021995464043543064
6.895228357461921 0.02009016726472189
3.2544825357976768 -0.1169296546859562
5.06175319847883 -0.9826800695643179
2.062632929874173 0.5983076199570337
16.33344521434312 1.4242343260480255
5.7599200213213635 -0.28381211857564526
3.344864167253644 -0.7567826158698203
15.328649127303418 -1.9255549879848424
12.037166762570596 -0.8483890765468942
8.823644340765178 -0.5066059830468479
8.260850001721385 -0.136861615124115
1.0215309939874972 -1.8958415882184845
9.384164616676571 -0.5983264027558342
15.007254640301694 -2.679704619193547
7.853695916892997 0.293654847346157
16.811826937934292 -1.4431094927599812
11.891833283857704 1.2347567975837528
8.93091452029251 -0.32214738672047716
9.884010578131514 -0.2842477077258989
3.348454536976478 -1.1618003642608263
0.14631711233431163 -0.4916166647578304
5.601453601445718 -1.8692932139585974
0.026556039182994068 -0.47270687326845684
16.1320939473404 -0.9223374875103982
4.94656130983866 -0.5985269491581247
13.100709559628664 -1.0714061900531495
19.334983537871377 -1.4487036168733396
3.388950710413849 -0.7586522313135335
1.1128811123908238 -0.8386643323713755
17.450062569287063 -1.0728536959663908
12.3428220515357 -1.2711386555196964
5.851640624379641 -0.9342624331392878
1.9094690541558796 -1.0561538492103606
8.20143435499998 -0.5281881449960596
3.438033435013094 -0.1206629342963502
10.30873096661228 -2.322813083098638
11.879912374988308 1.8647674090978208
5.251725181112288 -1.6880558581378153
0.685517223724485 0.15343993801962116
19.875477950238682 -1.4635103361694881
18.15279830169778 1.657768354397379
12.998446393803285 -4.889488803097742
18.192927972599 -2.531768296685646
11.813822739716342 -1.2469506884574797
18.588605090853076 -0.3802430952985309
4.609803424207553 -0.4599640262150284
5.368093305233781 0.7382938433981474
3.617517265692083 -1.2294739444189613
2.4104435838649736 -1.152022620316176
15.716256674886324 -1.275084696679684
10.411172939923553 -0.8977270297256476
17.162822947340143 -0.9256137856834094
0.8530581563617211 0.9309272252810137
0.6967768969029994 -6.317523218846372
16.298595014204846 -3.9998044468413205
3.007438261797719 -1.3172790252731417
14.937325845528072 -1.118533951419937
14.06673995851145 -0.19886994846658385
4.030884390457528 -0.5017992851221609
12.896770583535002 -0.5119638581189123
18.411681941898262 2.715187927358392
12.855725434655417 -0.9688737192539638
19.4436471077237 -0.8073717214410219
7.323690703593902 -0.5564971234095905
10.400030967126812 -1.440316104055531
17.4969184851739 -2.435757223043876
3.93456970746572 -0.6379499990757116
18.020602168421405 -2.756262146132881
3.5551381418958634 -0.15269126453470636
10.953867385489811 -2.002674293246814
9.699942615197276 -1.195467571769897
14.729828308192587 -0.8594880947700909
13.649107545022845 -1.0672108191081506
0.5188260194448344 -1.6188166426971664
12.215507134103355 -1.2261170072839804
10.594853876107232 -1.347554655439825
1.3528514361096358 -2.1886372259883626
5.052482922223338 -0.5286245619852052
11.201706319530718 -1.3802469539392939
9.643265397465282 -1.077501011216843
9.653994903887828 -0.6417265690090943
11.171703085246039 -1.1654407373760216
16.193490104039434 -1.1294462401309981
5.5005588973170365 -0.5494597205873571
5.245250596965726 -0.32347821985812875
6.624438717430586 -7.359008041638908
3.3942318080786147 -0.8388868226738867
19.21816780412928 -1.9341448919086053
1.5774326905315434 0.448817728984286
8.754619229227513 -0.7429573354413082
7.978918971525317 3.410209454139924
14.136678664944744 -2.0843948747808025
6.185421305012576 -0.30720560846455636
5.528906143035174 -2.5673274508873347
3.446309736081478 1.1369269801563306
8.281240161686913 -1.0716841757745403
6.599968880970648 -0.03185552041539573
15.685171128977087 -1.724121875834198
8.316250139996024 -0.035604443669198724
7.282351111408697 -1.298322096512174
18.58572907791346 -1.3588760527006496
11.503554293966756 -0.951281105126353
11.432075336011971 0.8336844102360004
5.953557233544951 -2.0198484089495525
18.051357983998546 -3.786763296048101
15.701265595942006 -2.465986230813442
6.299836919670433 1.9327069341712138
1.1719323388190148 -3.63453878339268
8.247441102622034 -0.7294105224773179
7.791430320431596 -1.7492285773695389
19.30619675061625 -2.3336348588827573
6.963248892224118 -1.274981901988981
4.185195378231812 -2.1408943141409034
15.627029872737067 -1.8442607508395708
7.675870153450649 1.273522319980302
9.885162918163992 -1.1355839940941355
5.008214141885506 3.490545892370628
19.651148619981765 -1.6221827537949678
5.7109289011142925 0.22102173433373096
4.895963463091201 -0.46845324007949
18.25379072268273 0.13180887466380323
5.787393305444777 -0.8862589196016762
17.642606076631676 -2.514729482881724
16.553734970939153 -2.1083012966137904
3.6028869658876586 -0.8413914437059133
11.316453336440699 -2.4308681226866646
4.670833777234542 -0.8020681315911401
15.418444513903866 -2.419649220843382
3.1536561057287633 1.1502866900431064
10.083019924772737 -1.0414653284244793
10.767600465702168 2.436231948962443
17.808138514445794 -1.0288049024870096
4.059182184129821 0.5878878654262936
1.0006900787220385 -3.005367821531348
17.552288029899767 -3.3482609081390997
9.865912394107639 -0.8767935926022142
2.1304955218912283 -0.7418658514665967
8.578362129328632 -0.3729264864908809
12.201703242838283 0.7427623649416824
19.5515139989221 -4.93077282855312
3.2936493844940387 3.544229895430278
12.190821101675013 -3.5791094033619375
4.827059305317856 -0.47750845005075043
13.380641185594119 -1.210142038439561
12.977499961775239 -0.6790886684838886
7.546156580791557 -7.163302877578699
17.73069048000377 -0.7307018360613993
8.471427413747593 -7.286614359140488
19.891620194402318 -0.44268656806853657
9.594456082836116 -1.5446712701120537
14.377820777387667 -0.7443624192242086
11.295561592512982 -1.9408701332938627
19.381143043205352 -1.5351852632658967
16.30249810129079 -2.9253885270604374
6.271974288475607 0.4482100343946096
8.659648163503611 -1.7037029383354125
1.4145266916899109 0.6728538123841321
9.878609602162808 -1.8987271601609326
17.821167193236597 0.06375239086097223
8.034688343099065 -1.3396152545156936
9.68875349021521 1.5762655315820948
6.925436953651612 -2.2191146831111035
9.255033578629103 -0.6838598886994275
9.392998092323035 -0.4102888871830913
15.314938244063411 -1.1655423396884284
1.2423806036439977 -1.783700410184885
18.867327918374674 -0.8687252247834811
7.8549421379550175 -0.3400415643800466
0.16179340830553457 2.7812293214679134
17.115476429273055 -1.914746538210364
16.342053340503114 -0.7906972653633759
3.6202052738814685 -1.2400417222617008
16.32596843169568 -0.10180222753022701
3.2954231416880457 -0.9541718259639105
0.8283168247085579 1.1365966326904198
10.730934789328538 -1.2994446957595471
10.540548630657952 -0.8570522437846897
4.060964184062151 -0.667269631379219
16.766259762041457 0.4675045653144246
14.869693880293859 -5.14389442350425
15.188055436659768 1.8278319075749165
13.48727113300799 -0.7957937807699867
6.933482228303164 0.11336764704526199
9.16219614236175 -0.6861115979501978
15.459199501021503 -1.2554814704288555
18.459746357413444 -2.1191289797600197
14.410852951826799 -1.1956620350699294
16.996109871770816 -2.4895991924323617
14.453044406705684 -1.6369159826970383
6.693446674797923 -0.7224350022688717
0.13594141845186808 0.7972178239428501
11.131205500733191 -1.1324344462383655
11.432154132862319 1.8602834262555932
10.194545291176997 -1.3923665411485973
16.494665029147036 -0.9934163699854575
16.88401571800386 -1.806523689425764
10.969330488434867 0.2905091022375301
17.76344110303015 -1.2814959374003316
19.86025032186678 -0.4271289392887234
3.4860573286063485 1.531338256246542
6.864005345631279 3.304763210696759
12.539880296322071 0.027385182428928165
16.63992305389228 -0.8414310574777826
17.283996521840738 -0.9404021420156435
8.323502708403526 2.532366639246207
12.666943809297697 -1.959581637361737
15.60210799680489 -0.8288982471870359
18.305030418861442 -2.3623280382460448
7.716815779532558 2.6455307925212614
14.137559913046346 -0.7953211398046452
17.84723062234912 -1.4208559509759735
0.16035768414518706 -1.3158373627293811
5.087508211233118 -0.41319051155320446
14.659184471926274 -0.8946191287425033
19.10526156029147 -1.5418003524572312
15.247531463918657 -1.031789961055685
3.3691682396359055 0.7822309661333897
9.015008132793675 -0.6476850331364599
18.957385266172103 -3.9686977928825637
4.601395527025639 0.09872784136872403
6.006369247419839 2.240188380441856
14.453902900383286 -2.429190483596827
19.22930154307056 -1.551104713644442
16.29359141964153 -1.1156657646368051
1.6160437661353253 -6.919655882540863
10.229523450038362 -0.9285219201760516
6.534286629282717 -0.46966648207813333
11.382578957957724 -1.3249195802059253
3.1919757749902775 -0.8352136686978515
14.505062939207226 -1.3133225591654463
16.087390527610506 -1.1388973320224682
14.596450584827505 -0.6768442730143136
4.240546305578181 -0.9479180095685842
18.779926028053445 -3.375221886873235
5.976092891511997 -0.5571842402150197
1.0005988427119392 -1.4528049843026662
5.599622174248038 -0.6237233897180788
19.493923339172408 -1.460723716834683
16.72503989446949 2.585408932122004
14.711286070811095 -0.5477234304999604
1.5692946277381172 2.0219884619513975
18.819177372867188 -3.0664237169389343
16.76750206423221 -1.2476692735554826
2.952287515391766 -1.3983987967346876
8.408301121562847 -0.049582355644658585
4.203347006397454 -0.9196423554631715
13.56320168841414 -0.956992353328279
2.3264715783282806 -1.7057646100533206
3.1294386061300075 -0.8539981685428126
8.2885994616065 -0.4994873087984648
6.506069222449752 -0.5376930030549779
14.403673351189386 -1.0682845410857043
10.579969557343045 3.7289417578617536
1.7140513791347491 -1.3955278007797212
14.663264918976758 -1.123114275789827
7.629094486566346 -0.7304116050424287
19.429249997092864 -0.6518024729461425
8.268686895550154 -1.7719672482835032
8.336506884150035 -1.728513659439955
19.744473055216602 -1.469795850679874
11.491762878706021 -4.675441347109493
14.12646062457423 -0.7142271681398423
16.13908821034836 -1.208073668334812
19.912075232285204 -1.5089303647404813
17.931719793196034 -0.600270236568923
2.310755057771334 -1.6931653465233973
19.732911608914208 -0.9882252362866027
13.69910863143443 -0.7829548753810535
1.8938505630011695 -1.0425561131898042
4.665664502222289 -0.15496305227341187
0.8689710344982923 -1.004553669438249
2.7962874967656783 -1.3496493584875813
13.861423769726676 -2.3684684528529396
12.86533322874931 -0.5237617923623796
11.202657368582443 -3.3652905676341813
6.9907766613628155 -0.6278894399905998
10.553048197370053 -1.3638543440997732
16.184480032539554 -1.5490474328481803
11.438898200053295 -4.495234778322469
10.54597499951745 -0.4158421666328498
11.06755755783472 -1.438585442698119
16.854199819524013 -0.647345967730945
1.7403768379682891 2.856435252525462
11.447164696988388 -0.8536232037283795
1.2020672210940437 0.7194045575899882
11.397415829900154 -0.6397281109400154
17.561370925670044 -0.008875041481495247
12.055493821320859 -2.4319785232945788
17.47398216080479 -1.3760658352430202
3.38847382897081 -2.071192690193095
11.08243106505086 -0.8865925438213065
14.133633387219106 -1.0061336296998884
3.105945296490688 -0.8643078497699915
1.904273694952752 -1.2372063934942625
10.440023152579391 -0.48261783908786926
3.362920393278886 -1.2179230288033516
14.17744792661927 -0.8838425116943095
12.646842552827945 -0.9872804644273777
1.7681749089122272 -1.836590459384807
14.117343254474692 -2.6985694089490986
1.6956569538020476 -1.9272799771203535
5.926393122494965 -0.37823855083777136
18.527564721514256 -3.555047584184788
2.127121046649923 -1.1434675956275893
15.829133710682527 -4.074941461107549
4.123282607127826 -1.6974625597379038
8.701844662390304 -0.3229244375652228
14.02700154915799 -0.9477444673486746
1.2415596007580672 -0.6599007960595522
18.361152827159838 -2.469927357550117
18.93424690631425 -2.865386688804403
5.930590915316452 -1.0340126961329625
7.417064859536489 1.1688988363166397
13.645544497152745 -2.202007503517109
8.952683334477307 -0.23116183162079015
0.17108390069742663 -2.4316381329834846
15.619291690771929 -0.5649902394195367
15.65082807745991 -1.5877529618268647
9.420982147469537 -0.7018927045950605
15.497148514350574 -1.2673474100740192
14.651743197306262 -0.7998570609273251
9.182784173423602 -0.6126977211635086
4.866437781972968 -7.565376669154388
7.892178671345867 -1.005107698013359
16.134850441627904 -2.551809339971907
15.602597133793779 -1.2383249944472219
19.604489520683426 -0.9094251570046705
0.6983204109725323 -1.5966771379847782
6.149748084341948 0.16312618664130407
9.099530797792495 -1.1022752534198987
13.597970436328962 -0.5792443611433457
16.68011809703781 -1.3514961563270729
4.91047699123418 -3.2980619792147996
2.3752815161529397 -0.9094956598293156
11.109622550340568 -0.9181021122439956
8.356466656888315 -0.8710011906709997
1.9711328878707142 -0.7494806552956196
14.584784270363945 -4.33015845057989
17.452909443836628 -1.0646513033999503
0.11205059721982769 -1.3433674112835463
3.3078860843314315 -0.9960229910639276
2.561255174278486 -0.1645853330098092
12.66915930313802 -0.1676093546930847
14.305719395715897 -0.8382399073304944
12.08330824655095 -0.2724791830947781
7.57653796916868 -0.2095381484384061
11.490789934550245 -2.5782799959983955
11.703874402276996 -1.1356886244257107
5.769350127507839 -0.6459597363698878
3.1713333505401327 -0.2391648470789034
19.725803729759008 -0.50897043610395
18.885916965975586 -1.548248782026967
8.49511990937394 -0.20149697164620242
11.852470544366767 -0.8812503679506614
6.095592587491583 -0.5554926358091504
6.624084181418627 -0.5339774979062339
18.471800438850085 2.6464393846268277
19.901470964563455 -1.233774908125727
17.525794445575126 -0.23782457063408116
18.971105602673234 -1.5188308399442323
13.131336952460636 -0.8950679253821919
7.802650807929799 -0.37976273628771495
15.599838899961588 -1.0370047880535012
11.570854043054606 -2.584651926455858
1.4490146701782092 -1.1055393646811043
19.994619763431583 -1.3159924188965975
13.06848043637393 -2.867233980160669
1.6827096872288225 -4.080657592289001
18.932941527759887 -1.3911046773973448
5.3801630609417765 -0.6499077371896379
10.960208902152049 -2.252318250622244
16.77302660077538 -1.3298184290241037
18.269460595838325 -1.5189470484888938
15.317394286611771 -1.03825507581218
18.892280437386383 -3.324030483391339
11.886989317238033 -2.4568439076058985
17.885105538232185 -1.551527547839907
16.55294354914596 -1.6585684631794686
4.00494696239952 -3.8732986054722875
4.292593120101282 -0.583394054108046
15.18220330873668 -2.0202509425129938
15.502370337147505 -1.7075273539057
14.742948126067844 -2.7180191209221913
11.273799868137605 -0.8044628908565221
16.198683845575395 -2.4416192374104826
14.909566869033247 -1.0505220247175087
10.528483856628409 -1.6623754574298968
6.325514465610968 -0.3726391686497896
16.228647148080643 -5.2765181790969615
16.87538966944339 -0.528161588662861
8.727389908188108 -0.9204833810901378
11.597065337929614 -1.03527078368582
14.913378721463115 -4.561386926589151
17.934084303958876 -1.3023773787840753
13.934617673888706 -5.42774459804149
18.71825491932005 -0.7163303843234843
17.63217902238481 -3.459001928093872
7.39962212661376 -0.8195437659695822
8.224620844380983 -1.7881035296427106
2.354183567143132 1.2693616352973134
11.164468987738815 -6.146244730731633
15.715738771546784 -1.7410179350232482
18.978087059549004 -2.4221249448861433
17.61401016798503 -1.2760761146439392
3.062563330094948 -1.1518330657289269
11.589913254479098 -0.9157711019420833
19.357712322257488 -2.0277139415895418
1.755962539137248 -0.8873206844906872
16.690350658783625 -3.1689484648158395
17.810108759025706 -1.0749286569989207
14.019722138129792 -4.023756887813307
2.135968539332374 -2.2855181504864546
14.505355832143383 -3.1523812207347963
10.401701587896037 -0.9937889370725842
5.868477089968598 -3.0502629327123767
17.73746886781305 -0.721099579519076
16.233779947863187 -3.301634170285553
11.001261026026345 -0.5687867198451579
17.927815956644707 -3.364446144760572
18.63051475819191 -1.2053613167287236
12.819762159144426 -2.1788887422438385
12.671185106039106 -3.4487168222386706
14.608361574687292 -2.0687605413455565
18.868315585453477 -1.6025184092856883
18.04665341128871 -3.9205626179765964
18.64718073676927 -0.8655485032012699
3.1810662562920373 -1.4923322454357728
4.328051959133345 -0.5114565120129921
19.925167756379565 -2.457020477778446
0.7381824616080493 -1.424463826409464
5.449546585316202 -0.7465141566829906
16.992731653060066 -1.2719844330809587
2.581908151046915 -6.994339480008078
18.375043213623048 -1.0741259858074788
14.584412574987159 -1.2941384404475862
18.277050485742038 -1.012342757530138
1.4153468983687838 -0.24662749361043285
12.200384175462883 -1.1820396713077765
9.306484888463748 -0.6182303820890432
1.3251869423915528 -0.3843286563221481
9.869057373180448 -7.207170920273134
8.22719043221612 -0.8950532055452036
3.6680078535269587 -0.8442116457463458
19.439688424718376 -0.5833114451997701
14.872031196600913 -3.0296755631733925
1.6237941082405443 -1.246555427459963
4.271736532429264 -0.7567445478892816
18.764500046479952 -1.7103226826354534
16.07067461930607 -1.0677738529094951
4.274755096501462 -0.41676884234545747
1.7562508846493212 -1.467615033826221
16.160262224741164 -1.4444287764880084
18.17545441846807 -6.425532383362515
16.45852404197125 -0.9300866879468517
19.360450858487447 -1.0207446369589468
4.6012301542565135 -0.4407788962620618
17.565881652387198 -1.9411001309243725
1.4421532646433497 -1.1230671770340102
10.078084377823645 -1.4658905626728413
15.221792653544723 0.2715005102934195
2.8679005786838268 -3.4121551557816545
19.16556645328268 -0.35139864754619365
16.046416227781815 -3.2965133887195837
18.35771330120823 -0.6453853025193216
13.088666148431859 -1.2693204216242913
15.751507223192771 -0.770127221768179
16.584360261521887 -4.668440402673603
12.925181162272924 -0.8467402734960031
6.636460342326798 -0.7939849009517714
17.34369930119767 -0.6231220024070367
16.315982728187794 -2.14196608975368
13.780276570264215 -0.9578137309699608
1.3538703518122053 -3.567979783979799
4.422940880334881 -0.9578406082878564
7.349220959907717 -1.9222778165416021
8.353579892406803 1.2577389659435874
14.6181991580444 -1.657198371026437
7.318326263630133 -0.5985154327246512
15.59891000742351 -2.5516386463448355
13.472740126608782 -0.4897658086277896
5.857180722480101 -0.9753758989856748
11.466451441741265 1.1539796911405487
2.7500789382888455 -3.4807795995792223
12.495550331638517 1.7111989465920316
13.437500439122424 -6.123311053974914
14.740847670539596 -0.62638862638461
14.65273552477448 -3.793199505146065
6.3618251605771645 -0.3448686629993358
5.1959733413384175 -2.2807400094905397
2.513604617719045 0.5613561022264328
15.096887872468436 -3.5203753340918817
7.351894094146796 0.24069578943013872
8.176490075925376 -1.1758621555722295
0.12839991763601072 0.7620043575593457
2.3335128009300257 -1.876983586558388
8.28718557454577 -0.5468493992104465
11.84465945682944 -6.633821570706511
10.204961193905493 3.184574706187079
4.780615386978528 -2.3491082709745297
6.87295756799384 -0.11281311720448214
3.3091181498015465 -0.9529791028786276
13.757911350561953 0.31925431884542316
19.01455529610801 -5.591918927408484
0.06269305221067256 1.4708862799128375
18.68176147478078 -1.2350493615333973
7.312272027757518 -0.5044571388068262
2.1626601251461484 -0.9615457311266985
10.817094496003582 -0.8719940714466355
14.47230596307532 -2.0757426384660347
13.277468737486299 -1.1475367492592168
13.010992281847106 -1.0972493546407673
8.520340765374058 -0.4016423020483347
1.010377326365833 0.7685141043937745
18.534496770469236 -1.252954608526108
19.321992420391933 -1.3777651613197315
5.853172315195123 -0.5961258728086919
13.368551013487028 -1.012129552026827
14.9193887238974 -1.3080520240647124
18.85896637817945 -0.5644195453471874
16.507316577664927 -0.7737601476653839
15.996667759386554 -1.7117037670192974
15.723398042705085 -1.029778046984443
3.618511281678535 0.018359773563568688
2.2133363873082312 -0.241487313943096
15.75999795598515 -2.28686560648335
1.1464380866111976 2.38383786611184
15.225264435584439 -1.339840380562153
7.206483028797745 -0.20477875425900388
18.697659605019055 -1.8976802405464155
13.754336672879065 -0.8915963217569689
13.324111855592422 -4.159445103437621
0.6850686213069882 -1.1281601499029215
12.6622582217669 -0.9946622901589083
8.27278919723107 0.07107449385019919
0.45135839380505144 -1.7839631360657513
19.706386875657525 -1.1000608205711049
10.357004706058166 -0.9361353610671158
13.168499940117165 -0.06262056947845066
0.2484437471510508 -1.2988434057528107
18.156443488117027 -0.806761440267412
4.968019330734792 -0.36756375697664795
12.813550622099637 -1.1054805493794173
4.906173428616879 -1.9130059819776206
11.742107119324583 -0.594514349220556
18.508452462426504 -1.2943389361157438
8.012850698647272 -1.1722592385686341
18.772282049736702 -0.5556895042200971
19.765643505778332 -1.4241550195733645
11.252603741597255 0.5500947062311856
16.265098784083367 -3.147326028847827
16.06101461812096 -1.3383694235845844
7.595078127959789 -0.44673602080287067
17.56964250980518 -0.8128460682579233
3.6524508151566084 -0.6687838373938249
2.360996538153073 -1.3187128241513282
2.597288934121009 -1.3723359516888938
14.396735253543898 -1.2860946346901396
10.508920484302744 -6.929536696282336
15.655324484302108 -1.1477484100770767
4.427068924936651 -2.112247023640669
13.437829978481341 -0.7341826656957894
3.7040023972730967 -0.5831618857907583
2.712079375147205 -1.1726651428102703
17.36626507455472 -3.202867931331037
6.389436465844743 -0.2785983744677441
18.10176369483601 -0.905880627382347
5.602486709438876 -1.0493147277775594
0.14974897468222284 0.45701757020349576
16.876513763652834 -1.0057491442964133
15.672350867899086 -1.1244502170437585
2.7193698886669413 -1.2334015022495424
1.8415295218696526 0.821936290027464
4.7077365631199495 -0.8659635736877999
15.83491094965939 -1.1295497593215995
12.235318595164431 -1.343960680627241
13.809371687888905 -0.8793232553278758
11.403153211726075 -1.1452676609062669
10.163270456682504 -0.6754404330434962
8.29968869258911 -0.8588096796644886
9.970601095545723 -0.9684780575342691
7.898165025664506 -0.3193154457178212
9.689309156226972 -1.596305522998407
7.9657023980265995 -0.45021889048205854
7.162988531835945 -0.2127114071558388
16.02963875315256 -0.9797937192054382
19.198267798051873 -1.213801757776201
17.690478464409335 -1.0086704936173694
16.658957148894004 -1.1319795286274916
7.1053171469529195 -0.3365843846326467
7.9174033325525865 -0.5397042545446732
4.21250374577064 -0.40692701293136185
3.524574319119099 -0.8061277272193876
15.938797449474052 -0.9458493684984928
13.115027559397866 -0.8675595470859971
3.832978969393867 -1.1929293427015661
9.077186212688677 -0.6893469188914441
11.638716499155752 -0.6871771135247886
6.503002096576745 -0.15014247368312342
5.948587089865673 -0.42557528188571647
11.820174635854881 -0.14559400992758978
13.417707666553563 -2.368286268501403
19.462462546581563 -1.25114011274267
14.457850100156296 -0.6532897521286958
16.150919182564788 -0.8043782925398437
9.187481862314883 -0.5840236352105764
0.6955968549936582 -1.4621175385331626
11.484751742842056 -1.2629864168957292
10.953204275062118 -0.9767971068408632
18.67707271976099 -0.682387888860711
8.391977717495298 -0.45367681469699034
0.6771058984451127 -1.7335111113906507
18.764229210040828 -1.0139004237779112
7.847475976314284 -0.11163977102887584
11.347420580211093 -0.7635147256003277
19.298367384593426 -1.2061615400448054
19.096197770357247 -1.2187890052651036
13.91580235913753 -0.8991430452816548
2.99367141568934 2.2948798185433246
19.323873810045775 -4.194126186337113
3.62739219380097 -0.9748355044377022
11.585161946563819 -1.2043829577605971
7.752855968080636 -0.6313638436899897
15.266247554841476 -1.118934441791414
17.603510789161106 -2.9161253733375423
1.2856827252301344 -1.163707613542118
3.0465905129045954 -0.9450879533477174
11.58391344975856 -1.1664058785503573
0.498206760781123 0.4125796388742666
16.199092513125734 -1.1766470142472472
14.01006534541694 -0.23853075515500083
19.433130334080918 -0.9315637693105856
8.724344283060912 -0.6456014616928862
18.68912855312414 -3.017405582619014
19.52801983953829 -0.14820561838456747
1.2227146400900468 -0.7926463956957339
6.062261348542926 -0.32672141451644077
13.985357810631749 -1.985114324737583
16.95690204170969 -1.0025468912980549
7.871635655368101 -1.0226778501741127
15.088663079921723 -1.0758613424958139
9.823927306065835 -3.4903587176135193
10.647162052834755 -2.784836533284458
18.795530897417258 -1.949498523422702
12.388828139296209 -0.7883287012179501
0.0025815390222860835 -1.254438881812309
7.737856728461443 -0.7953809373181563
18.305852842383914 -1.273642111493826
8.541430380078628 -0.45847805536922137
14.074959650779968 -4.3747907232584025
13.2515840502033 0.15810754247814704
19.626691905609547 -1.2169439926351895
4.612101275245315 -0.4699829845784853
3.007284099310012 -1.367483547236448
7.051524455863328 -0.08673553346269994
6.227770209306106 -2.413926069948496
14.78234648208182 -1.2316391000374538
7.152510699317032 -0.18242565058007593
0.06282289031112667 -1.3325319894906782
17.41788689894039 -0.4184416295688299
5.874011784637355 -0.3874236437900779
12.994964584621453 -0.6833107899868774
19.445531087211325 -0.3889753730806434
3.6749342520166888 -0.7673914955740433
9.483739371514755 -0.639754592579246
13.341946527219134 -0.777003847484265
0.1859895400923988 -1.2832439734997279
6.73381834632898 -0.4191318559746716
0.950307767478079 -1.0396782786000918
12.836052079228358 -0.2137426461824979
15.454257531009555 0.21766025371895276
18.080471988982456 -1.4581632962777094
3.3082064358209564 -0.8525777716966905
11.706320889436038 -0.22409124656265778
15.743744470234347 -0.7954401688588871
2.9266589158604415 -0.8674642072445407
5.754933745350771 -0.5081694763731842
8.079839415167623 -1.0092866912126959
1.6742235111612274 -1.1808538261645023
4.815250085385357 -0.5615321472365238
7.906557741532583 -0.3534425171773097
14.812425481729584 -1.2483308438486382
9.615180871728247 1.395345408412205
8.045834222514069 -0.28568095030289087
17.604032969145127 -1.565937575706494
0.4523352680407047 0.33663763019941134
13.110258365964397 -0.8691368470023286
19.464929553421467 -0.846314861793467
11.400400660349492 -1.1428356433553268
12.689016534039476 -1.0359760096769048
12.34922374346238 -1.2657833493892574
0.43855064495230783 -1.3628605766801298
4.5607187398812155 -0.5964864790649619
8.518547935802612 -0.11346908753374318
14.268535099460763 -1.3450448611905526
18.454495042258333 -0.886823501065528
1.5936187597306914 -1.9096406401557622
4.847876209856691 -0.24748254480544601
4.982592357827927 -0.4645037892123975
16.70448703316334 -1.0467639932622321
0.3993893763749187 -1.0134274095030198
6.298417994342421 -0.5150713960985486
10.037394532289737 -0.7585920688528056
4.122368004965871 0.6106548555270077
0.8526774014949078 -0.18748697742660544
13.388375214476458 -0.6321594753764131
14.268845911327789 -1.2985393819338797
8.010238704157773 -0.7346512373791257
1.7343870802773902 -1.3926927021922024
19.548643378003582 -1.1927520056511298
6.087564061622965 -0.7411695146146947
4.358905207597087 -0.14184762283759256
6.031837678616379 -0.2701129605097975
19.109053000883698 -2.3015314484582383
10.011089090364836 -0.6051824071917178
2.5736168005604583 -2.3626015739363826
4.862940403228832 -0.6759114670258083
12.55664362825499 -1.1220185151545439
6.571215309193025 1.122828372318011
2.829428444534008 -1.0617321923348515
18.917445746663475 -1.1391964211706367
19.77446899879051 -0.07387096013530875
2.7461432050094734 -1.548824909155255
6.3207170035089595 -0.5647195487679434
17.471393384068957 -0.654697248505671
18.61297868445808 -0.914354751086124
10.180607491779451 -0.12900832305321858
2.326015812318231 -2.4293660704345386
18.676480520208628 -1.241255583512202
1.476014245051349 -3.064833200161854
18.271279944858104 -1.2586629923535853
12.403214501375734 -4.872307493092098
13.724034095570675 -0.33923419845795705
15.207085063693643 -1.9414183533963678
14.950243498254821 -1.1228706855618669
3.8083431815728312 -0.6772287685139845
14.431905020717606 -0.7826873657245188
6.961249561473983 -7.222895219371021
0.8467448620153525 -1.3205285053523215
9.989311905994677 -0.8558793224192716
7.5451362825041 0.3924554184190251
1.4178636854853086 -1.4904501749909702
19.21204704868849 -0.4680778197040225
16.02234966842853 -1.550840876512021
0.11417892274616624 -1.1355748153539829
14.33568604331465 -0.8709331977482047
5.556892371324668 -0.30589606719642315
0.34020657541717014 -1.078773605028803
16.060955261897092 -0.9306418572715267
19.703975324898927 -0.9243057111516368
11.671749756484806 -0.619983092965448
10.023209090256227 -0.8950780729893808
17.29702574908271 -0.69280703891694
7.104785396189407 -1.049831505988981
6.523219850285921 -0.35820265115927624
1.674237184897295 -0.9473298800120926
11.066497585671007 -0.9932954255814403
13.950654544427133 -0.7151697690903102
14.343326741023477 -0.859489332888214
18.49427890497304 -1.23000091600326
7.903088146426126 -0.4127369684342145
19.572273375556545 -1.2706232974647096
7.172109424631149 0.09667812821626116
2.8325770979030116 -1.0581755644890911
5.356151540476967 -0.6142097046306537
17.636824586877275 -0.7212249679992815
7.59282096799314 -0.6795558072106658
9.197938225261012 -0.5488322907105542
9.283438211188002 -0.19359490138889943
5.431913966946271 1.445998543432449
0.6470614595025395 -1.3474832172542919
7.6202659287128 -0.4942755358088773
2.1014228664037433 -0.5809521359466512
18.431044492648038 -1.2183896560594574
12.083011075263743 -1.3617656198272712
11.44175691151714 2.7260979644907026
19.848953835484654 -1.504291880846119
19.74500138695423 -9.451580911506996e-06
10.93625083335406 3.1414336764338766
18.794685044442232 -1.0876276843668802
0.1797156633980772 -0.7931255743600641
5.535225807320541 0.05034769167322117
17.14737253264281 -0.052200886114375594
15.129280330887712 -3.7130727382870896
17.800124458279868 -1.5347589207571377
19.41597379248179 -1.479190252101325
19.17063042581513 -0.9433553947435372
17.125565932314164 -1.0947170356168365
0.7488343525379505 -1.3805325273108633
0.5741034280175139 -1.2931917565633695
10.092701614236086 -0.9974810845421471
11.767247028510521 -1.326285671691523
4.503567141074271 -0.6097160649914587
19.338307320381304 0.4956327068834854
3.1468928594667775 -1.2541961346910409
19.275178953453903 0.6414764445611064
7.002434594065107 3.553144717753946
3.5828073501468545 -1.0865422659841382
0.057295274427451776 -1.2515417897368928
10.838814949583833 -0.6817687373212254
2.353333621492942 -0.5296419222018569
1.4080094110905879 -0.8885319049029773
19.20177504149475 -1.6974961252996448
1.2673992413043436 -0.7923240851151396
0.6218420617861863 -1.2274003697882674
12.51160731167307 0.041585148194789937
17.127773153654967 -1.5387489147416915
2.422357831292271 -0.8175892827842428
11.819756091528102 0.9831615570934437
5.112424346119515 -0.37324710313398063
4.71180078405621 -0.7888824449731241
3.920660801699219 -0.9632896705648359
2.805758225079921 -0.2587340792984178
9.327930753723436 -0.7806677221623011
8.077886947071086 -0.007286324288914778
11.934563938457844 -0.3367954726095263
11.311581220899473 0.6142847004433059
9.64634680260225 -0.053272968612250074
1.984182428089952 1.94149825905553
7.922028762741684 -0.4944918492249284
7.308516413241196 -0.45642628980483535
7.76139993015131 0.043101412470521586
1.7797616715092852 -0.33349658862129816
17.90338429666256 -1.480031274092455
4.173061296988447 0.7344289517742593
16.89678037283147 -1.3000457652954358
13.024639357019641 0.18412033441115672
2.4084623550290645 -2.2848684575890177
18.491927455500193 -0.7237938264824589
1.108126748122644 -2.676128296099955
1.2252792299696502 -1.1350771366622696
9.684262132740109 -0.1931718611855856
1.4688304452896517 -0.8232849103969987
3.299361403841009 -1.1424011580698596
2.855850108419692 -0.6357077014599917
13.473690059488142 -4.129035607892534
14.821411375096508 1.5376025887613847
11.742908769086396 -3.1880691317102436
11.479717999467628 -1.2643863834713156
0.5738259420811379 -2.0992739653569044
4.64618883451344 -0.8217477592603096
4.835614529808289 -2.1843200002892176
12.625633630005423 -0.7510694260475848
2.4371641445412293 -1.6617318343590615
1.4430017409774485 -0.9894749210386211
1.040222342226475 -1.3505603549356342
12.355770260707038 -0.40796995545301845
19.082490719249915 -1.7475488109081911
10.666480339927363 -0.9307832869708255
11.719998413633068 2.6776503375060874
1.5501286172769353 -0.8249251420569164
7.49611587944749 -2.2905908618629445
1.9417995560179833 -1.02044007017653
9.854979056212258 -0.7105834475623667
16.270905410784287 -1.484082920425704
9.622770565081272 -1.3051474067840125
12.314010298350107 1.4151722997514813
19.88901594790354 0.18262788374434302
8.278856617114611 -0.1964121502504042
17.87920070327759 -2.4903813596276767
1.9038791258389365 1.47350237654482
8.58143527839582 -1.7468067521191952
3.6559457174419125 1.1035347732144614
0.8427715620197148 -4.7835728475700385
0.4662256930891934 -1.2248704749440849
5.823469888617601 -0.7095308603441194
13.1138210977141 -0.8136906335653298
18.696341842238148 -1.71896045995395
16.703261461781718 2.855271125208605
2.970328508055934 -1.3316316949371034
10.824511763791286 -0.4009364429437915
5.016589314710809 -0.9800409697424548
2.4124271748331414 -0.714792445019629
7.51329186033447 -0.22676389854807874
14.37293918480393 -0.6108917969667187
18.34012440391182 -2.7273838089114415
6.940892018340898 2.0056738539264596
3.94716705952371 -0.5884674856173493
10.946110586444016 2.1228469380950994
13.74788393748433 -0.7897156169274147
3.840857827863465 0.14084130314107257
19.12742429421596 -1.0586886262847326
16.114677635168917 0.8889168513440366
5.0639341764064465 -0.7154604151831112
16.012010734939512 2.32071861439065
4.245965147412311 -0.9120740188365275
4.966744484985878 1.4482946683976643
1.4416404463387404 -1.653642793375927
9.287536037520885 0.1271678594774922
2.03908965556224 -1.1556112840748152
0.022152815179123292 -1.280260813697501
1.4067976024411344 -1.6635116380067587
19.234527903851998 -1.5289200783352423
4.254892865657193 -0.8349215897045263
8.600297736337957 1.8376599324157454
14.734905337160507 -0.42311600001524136
9.97056021396425 1.5260303458069222
13.978619160704698 -1.3691760258271584
9.17622973957556 -0.3857608445007359
3.5483534719761964 -0.7616929666228842
3.566882253102669 -0.6625387608452074
18.208155604276314 -1.6591789178311505
8.457504905317352 1.419274293333758
12.21890691629959 -0.933816198153758
2.1417320955462222 1.0721109415139458
0.31522638312857765 -1.4707703065886433
11.895406695538153 1.530834769438753
15.824681643797957 -1.1549270069477593
4.873633536219575 1.319668572466084
9.10001640717829 -0.463516496259457
1.47137186890264 -0.8613063838857924
14.616820534544718 -1.3207420252602473
9.430591430954157 1.320066944642735
15.702215467174069 -0.7050669460619503
2.6400868366272414 -0.519943169920687
14.763310455277754 -1.7503744015891622
14.192526543595756 0.21949841773589346
3.064620839310699 -0.6943854150795375
19.6792968205862 -0.8289182922440615
16.327721051422444 -1.1006004360150783
10.299865232964764 1.4111111761793638
16.671051265407964 -1.3030705915486067
7.89714879883279 -0.440299002517167
9.347088457499298 -0.21070044030914864
5.003121590499079 0.26139907942702023
10.425030017177624 -0.9321134615517126
18.902386809874873 -0.6557903952531445
16.62460128507559 -0.872670140662255
16.16591202730827 1.518024964022454
19.514012292092502 -1.9539937296490588
15.628629719319274 -0.8379619741554583
0.5934694066392093 -0.21061904547125018
16.900616144961713 -1.8424111406660335
14.890046118387035 -1.0795490662033673
14.472595994116306 -0.5492518957849646
5.308716323124813 -0.5244912812307303
9.286692092100015 1.5006133713679346
4.403395686276994 -0.5776990108132919
4.124233768998131 -0.7331858912037781
6.048706590319923 -0.6760751179035785
10.677042450958417 -0.7535056052988407
3.959688854757443 -0.6294362761017995
18.30077496205245 -1.578377659320125
7.9429804699823965 -0.7276261560137429
10.425901150790658 -0.6838574068944815
6.842109943029288 -0.38722509055782506
15.953562304348122 -1.3885343304912174
15.571038634051849 -1.1822781451782851
7.120875368695209 -0.14003613351092226
6.386870828554971 -0.9215475628192047
14.170408235891655 -0.7491470896017692
6.570027340638287 -0.7850096618960207
2.1067563856237657 -0.9212244299911408
17.22348769154062 -0.3380234271399466
14.786017671405988 -0.6574004915786104
5.732014267778334 -0.37365694483614786
16.98351141291039 -1.4712748978474046
18.53850232625228 -1.7582100636544016
4.119047392041079 1.2513742074252994
7.962746929913118 -0.6854627888445892
6.713645713201497 -0.27857958539645533
0.3384241455395126 -0.9984541396996626
10.928388724338776 -0.5953428211321289
16.060925574844145 -0.8569447828645116
2.325789740400055 -0.6671197728234536
19.494254230108737 -1.955851965851408
14.911241154036624 1.6303520642295535
6.662441249981957 -0.6820514697706694
7.2746705055274115 0.08570675095182871
7.255723775600384 -0.13920524247569258
9.052466903602028 -0.4460464620760618
16.7150652034024 -1.1676425628672271
19.024254950235957 -1.093044872621561
14.224943561952854 -0.03828196279280788
9.350656723699744 -0.9702253491677861
2.057959425643707 -1.062592124466568
1.7381676164663689 -2.174054915498585
7.401529835201115 -0.2665367303502593
19.53013750205637 -0.7478938237769627
0.777897590183582 -1.3377463204205273
4.5284934193937625 -0.6588911256847031
6.322280752551671 0.5087380110673153
6.360881489561548 -1.0094654906743128
10.423059270763524 -0.5201761070854439
4.7448568522708365 1.1115076772626624
14.106925146288315 -0.9370892095269495
19.753043700547543 -1.8975718581503755
12.287191167005892 -0.9905707076681634
12.670097059472015 2.4639405115012867
2.4115126623351792 -0.44856821854284323
8.880437850245244 -0.7101581495590452
15.166091687310418 -1.7493538882935304
3.7580433917874583 -0.23184512813827743
12.437424817031111 -1.0046935746082077
4.878048995583406 0.40835833333792454
6.572674793217843 -1.3473345001031085
9.677360984601618 -0.31114289677266355
15.52677142635226 -0.4022590758377404
9.753125556960402 -0.11110206103093975
1.3379755973932164 -0.5472384133232442
3.653206020085367 2.1460758534710096
2.7664048615084393 1.121277255253496
5.687640796026338 -0.32787168722408105
6.557234692709368 -2.2018127372022347
2.3712647889187584 -0.5614575994384066
3.9168491308995264 0.534357309819814
12.276230599405608 -0.12563492436755022
9.845359869721175 -0.380552092848233
2.0071108210449813 -0.9251631034066673
0.4556062220260904 -1.3153325186067493
7.504939432005285 -1.9371218405954373
14.201024264115404 -0.6793644048220245
17.36876022970394 -1.2888994872860355
15.180006847152171 -1.5437110925165656
6.6790914867069855 -0.6474102114932463
7.4042144499078875 -0.2563872060055625
5.857267602036611 0.703941599680138
15.643193651711217 -0.9205117353730476
14.708576252433728 -0.7364173079999762
7.998609912779525 -0.6451431626663118
3.5631174278483404 -0.5479576036933078
7.467920491642418 1.215104998597581
11.537639090640846 -0.9040191717099955
6.771909859709023 -0.9754207236102281
8.67984225179903 -0.22377353579424838
15.591895765216403 -1.661716544010865
7.446098965892084 -0.18260374377468566
12.554048874824835 -1.2790010027596355
13.63344878347225 -0.914038485312291
16.292504028271885 -0.46369329734440523
4.709036858838348 -0.8018821265487691
4.291604712029382 -0.9237449874737678
17.615130257375426 0.07776006973622757
19.339139710873592 2.758289871436144
6.677100994179649 0.9305777332971565
18.154675332812708 -0.9839049227868818
9.944936544815134 -0.9830440198337074
16.648304613054613 -1.3643225486126955
4.693516313213069 -0.5530466441010439
0.988369323821377 -0.8358420205741013
14.64532878308038 1.60835494362701
15.243612721340861 -0.602502847642044
0.9263784697170477 -1.2167885756829393
10.998753658191857 -1.4145314867847127
3.923256501056049 -1.062201070874081
9.103003571656574 -0.012421104371282687
9.428294238563343 -0.8692388223669221
4.809361752562346 -0.7472834679320641
13.737941977320855 -1.0368978799552966
14.965997964635038 -1.3877354768195413
11.98973916551119 -1.4396875695299929
11.112812558455657 -0.9020346045332539
15.174171393732477 -1.370687671352802
0.18021811663307377 -0.9920416080973334
0.20278772363583708 -1.3889444328468632
18.561711080997437 0.16414671919224086
9.137243589255613 -1.5265670141148882
1.1529649567680296 -1.2184635170934375
17.679528711266922 -1.0262661268159354
19.584751607830544 -1.3977415253745262
13.65589917878602 -0.669165499381157
12.990236241051198 -0.37447646951710895
10.13390295647668 0.38315135945730616
12.145697564705605 -1.3035761425276644
1.3057276163317397 -0.3805745581460289
16.959445951042138 -1.0636677908400307
2.446866928379816 -0.9572040800255409
17.05443560826872 -1.3212842247392236
13.569206154763735 -0.7742234019317139
1.0674112355153875 -1.1073912319157473
1.3299102464073287 -1.5404958040599412
3.9805168036390457 -0.48142237228062235
12.599194316402599 -0.08119716879951516
6.281658361442 -0.4737043232053164
10.694981768266839 0.023908692853684965
15.52780520015045 0.38235636577065407
10.743123004466248 -0.763437774928354
2.2297711364781403 -0.4989390029805262
13.73669698331151 0.27708116128169286
5.5177185049074815 -0.20044648638783175
2.6869268873174756 -0.8322710045027064
18.77975853538714 1.0046798528134369
16.905649079910273 -0.4890358104685165
16.602647436431006 -0.655753662625886
2.4900526051005185 -0.48005903830520635
14.484402375542452 1.760997356283694
18.827787190610827 -0.7784292571745504
18.053375114925387 -0.6923764467715101
8.84558216874714 -0.7180954998275197
6.2394189024439415 -0.30764199924338465
0.09192800238171601 -0.7287418725380986
11.861696719689078 2.488128640789728
13.299754302207718 -3.859206845110976
17.13933906030702 0.22902233846359016
5.614958821719947 -1.9508424116145178
14.937153985172783 -0.7367339749662906
13.75376633620963 -5.48545937555545
9.064433293059542 -0.3824485263792874
8.548669568155317 -1.9219309617004803
17.562844696424914 -1.0866155527762884
16.851319596921932 -0.8881987961428606
19.627681891813307 -0.6133385880695796
15.480720058987288 0.17365590314403315
18.320861373489343 -0.9143421962915491
0.14595030539737736 -0.6731622633866031
4.429569813293276 1.0289451309065187
10.686452641968797 -0.9327448617606318
5.185767857975589 1.362272465716904
16.57440758307069 -1.353786009173546
19.999024383795295 -0.9174801931959949
6.737579122612221 0.23438758427332343
16.313846946569146 -0.6031540661914978
0.9961068486405484 -0.12324134567387669
1.3012240887886162 -0.4646548477384618
11.264252056407459 -0.5501615326622009
2.3558440030031234 -0.925598374975557
15.241487524507004 -0.21543401931506623
16.861495796469196 0.288049614200965
5.041651365069465 3.250017837052123
3.726271307590354 -1.015023620169028
0.5786891288001023 -0.24096962787547724
1.8421472405675217 -0.5215046158447781
15.9313726998511 0.6120276862164437
15.538560890363948 -1.0642275327716524
5.052901021216726 2.3632371369478986
8.633260271616734 0.7176993605809195
13.258801783669016 0.9972612737024905
9.550113317218171 2.0753571352649636
14.20476601324488 -0.8255222650184558
12.22932428293909 -0.3352621135333312
18.756427597132667 -1.911182208045597
1.8223450441687128 -0.4779248192977841
12.78970608400429 -1.2492345986088145
0.6877741953219616 -1.006361347361188
12.254465929821015 -0.7589195120334327
12.184443580439602 -0.8353548987357171
5.926698357304284 0.1579276219832824
1.0885758387527327 -1.2095709406247497
15.994470421236603 0.36615818189038646
10.002131055371684 -1.042388302593689
11.283229763154733 -0.8922182817379067
12.58477204422194 -0.8458263138036788
12.6666128158638 2.215725148825233
10.895760246495502 2.8169369646041047
3.8172710862977444 -0.9747726788049097
1.396530620508841 -1.0410468376528217
5.403597480580386 3.875488975037882
2.312567707113498 -1.374303486170903
0.7335144972319655 1.0498014580480295
12.504463607171523 2.556624636110704
1.3697976587839624 -1.0873575610123856
19.751543277159666 -0.5220604864008696
10.996560800648407 1.5442241701160877
3.0411891200852716 2.495179425904934
17.182598135891016 -0.8700338475158066
0.7994971949456153 -1.529873042927781
5.576031963828693 0.4727843891564527
7.0887874518976925 1.18600840166602
10.186650153944283 -0.8563529026483805
12.033009267723553 0.08191656697175193
7.700170670557261 2.0130458484480562
14.801253073813266 0.09999605715017408
2.0897447505429496 -0.12956441588668477
11.823731718095473 0.8693905293269131
9.445875233315526 -0.3866027252970943
13.581222690088795 1.0408760621105269
2.380165313002104 1.7274956409715847
19.726934982992038 0.8942494875428225
1.1686833908318173 1.4004108978728036
5.97554740766079 -0.35043850660191567
9.758258616124923 0.8233006258676674
10.167553617034779 -0.980678694838417
15.83728183347411 -0.015703278021895077
10.406532153845687 1.306458560885578
17.828157091250322 -2.075545601939862
10.56092529633488 -0.19280796963139896
2.9731493479020195 0.524078508663247
8.173973035417317 3.4540069938602898
13.028041402345464 -3.694743222639534
15.386107880160994 -0.8842416370178321
1.9996945523085508 0.251633889675556
10.58683884787646 -1.0023791866038667
13.262414893727495 -0.35293620993269126
19.086091727786346 -0.694658169356093
0.6088353918946896 -2.296542210662913
17.055808075823393 -0.738893301292988
9.380378495693767 -0.8974145754979421
11.460195926933318 -0.7550537658034959
8.25827694501543 -0.746353672470649
8.718692956212326 -0.15126364609646567
10.158541491187943 -1.4394989939386915
2.2803256999491595 -0.8363545587254323
17.618251419394028 -2.798313871066692
4.011486647138126 -0.2959527868866335
10.77049239888369 -0.6610097957130047
13.951311782788903 -0.004727717093998454
0.09350882643901554 -2.62758345195031
2.421958620613349 -1.497644690763457
10.703188473827423 -1.27132779436146
9.874727836704885 -0.8702530963881004
8.872909466160664 -0.7979839857074544
1.8232366276736673 -0.3225819904952665
16.486809318599878 -1.3403467348851048
4.597303733297585 -0.8325265498333526
6.418438573358089 -7.2622710279754985
15.315901075615276 -1.3145223155406658
19.13498862493877 -1.0577263975396913
8.508444545539426 -0.651466232281969
5.84422219880687 3.119777019502155
11.142651359454806 -1.1630899332240954
9.415993261078748 -0.5916208916397867
11.375766161481014 -0.9476811527838233
6.101589274701172 3.5070865732439187
17.716161869114263 -1.3471608178600378
19.789704335372353 -0.7630850266374787
6.581328755587132 -0.38011427338881887
2.2118668090071223 0.738938128077425
14.042240259336095 -0.6308469606619023
19.77909866037232 0.1545740020659414
5.197035063829131 -0.19152190487252105
1.2728672525300324 0.19584718592727404
1.421683807497876 -1.120124209330464
4.05142087484306 3.3994134332798853
2.778534645362165 1.124941744829172
17.869394909025626 1.6051463847344156
8.391194434835738 0.7010162730232531
16.477021772713844 -2.2707442263529716
10.117129453699311 -0.5533055371273288
3.1674270995143816 1.019843091341052
17.670036305403876 -0.715597782180249
7.6554582690209525 0.7011837512481792
8.878426258750729 0.4965375833105039
2.2274020390369498 0.7339507495215384
15.118664405690302 -0.4943183827655079
17.727568321951882 -0.8443071581241746
19.114289941927147 0.6118286974938634
17.435919962718035 -0.6183142584313166
15.91619751866275 0.24232570437084605
15.101728824557757 0.23868637341611315
14.015355498879734 -0.7703617914140014
16.788255198006738 0.9245907961638562
19.185283498568403 -1.4650865084333178
7.470337199139468 0.3397017615606356
2.383934003018413 0.21362463035946433
1.5372433998112303 0.5338205866435766
12.920066074498678 1.0927065495894919
13.466270178116426 2.4549278521783644
8.70564114731602 0.0838828331958662
4.5194812721790845 -0.28279974988444845
10.244562454012135 -0.30147146341923786
5.261031085181331 1.3808340329083513
9.833905493396317 -0.7188025184527473
15.756189943019473 -0.9496365507626064
18.15433727619055 -0.77054703520943
1.5473876298120839 0.32347370768399825
17.43459486842621 -0.6373530360515147
18.266348412585234 0.5070192481682505
0.4110404562331861 -1.2583204215898613
17.11972703279059 -0.3294419105935478
3.659386731425474 -0.4395369734701413
10.986129596835493 -0.9781647389294015
14.792700669792284 -1.1056190479195114
5.609613262332286 2.0957682764400705
15.930091190045234 -0.8296465415428248
1.1248133126751285 2.115348601116869
2.771649404430475 -0.9455344880358181
14.306858431497599 -1.2601435984955993
15.154108244347318 0.7923984836896134
15.933475018978735 -0.2336472275113345
19.36250087822688 1.6138381441789225
9.660709429266996 -0.13469824411440262
12.00943589157341 -0.5050408555193995
7.709796026672279 0.467997934537033
5.332746886568361 -0.21385246069871797
0.3105693835563986 -1.124525066675498
8.416391870732244 0.7493905068402967
12.88669452311903 -0.8851113338694998
11.407123116823099 0.22989145674093941
10.2437571461638 -0.43477210114666426
10.41082071227898 -0.9904121277990392
18.927896947636924 0.061061177094359056
18.180050834026 -2.040353054901083
18.970134224907557 2.573257366341975
15.385034549041004 -0.958735483289225
19.204302689631934 0.10555182243925845
16.845269013932068 -1.1014529593600564
9.971741274869993 -0.14687788007166086
2.88708509313621 -0.9360379236088001
1.2988514066605592 -0.09695689349629025
16.455002997293384 -1.0024831366548874
11.794638356504633 1.0968969949519882
13.6024198811625 -0.5903568178640213
19.16201135915011 -0.311494443519047
10.915535312359534 1.1656636967140825
7.379579707896627 -0.20288549221411034
1.6509876389654927 -0.8777629178716291
14.963835047924663 -0.8261937443830583
7.565791610739886 -0.401407954648181
17.86596573228266 -0.5649457078478433
4.366384884582074 -0.6576766660808905
16.499232300035505 -0.8777891241343538
2.380932796851491 0.2614507012073597
13.703003357491278 0.4129331548262401
9.680306044437874 2.3903411406392525
6.04256083825789 -0.207457875940257
10.473601279374053 0.28183907744809766
10.81314799136126 -0.8779916389329231
10.256727406223371 -1.5762872821359015
14.412201211382877 -0.4696217735014893
3.6535346019325767 0.9067010480824299
19.31024162262516 -1.3191251852752346
12.302111143416706 -1.2593346936364624
13.172537536697488 -0.8621732238456216
11.390694506814063 -0.9609692560840538
0.04922610116785882 -1.0701320796316045
9.19111193730838 0.11473130002552717
1.327533681919097 -0.20492392122944877
13.792930269105694 -0.6066116673106945
1.5136679696407709 -0.8444314811794935
17.033057988204217 -1.2356541750576706
1.5317151526784702 -0.6864670233843337
14.174967352881252 -0.44659062235177494
2.745299152440458 1.3753313856584908
5.919635419704773 -0.26600005230658885
17.274242572638467 -0.30103328187608547
15.569673005250086 -1.1294453396801862
11.960073737053047 -0.9546710054623537
9.426584572924371 -0.25913974866277356
12.475082267622781 -0.0135150231202842
3.5466626548126556 0.1799894291011766
14.936119349894232 -0.006149461602496575
0.04077342780081748 -0.8235172240020294
12.07162858986294 -0.7481326657789178
6.962651476207007 -0.4716091057652606
17.402055165126253 -0.35302684336229306
3.9691055449641985 1.2875974245414912
6.237862578413069 -0.6388206901627977
16.195127085730938 -0.5602098642002471
13.595934043844043 -0.033349604813738665
10.580584499676034 -0.8395848945948396
4.5743378485095425 -0.03354378770016962
18.881434795599347 -0.9202902696330038
4.16687295682468 0.29222705682809
16.68574576938013 -0.8602217102775911
15.254436354777416 -0.3304716975363531
13.24727397835263 0.7658432446216891
18.03163319420315 -1.4344170249290993
15.363040248661102 0.7803648518619595
16.24260899163754 -1.0679716958401468
16.946192400724815 0.014939985951991114
4.715427063568397 -0.40228711881918355
13.142565580097646 0.7834804819850878
17.033267713571565 -1.5522678639832959
17.458247721502318 -0.5511031691348849
8.432123709666886 -0.3444180857580625
19.16793663608366 -1.4672747629192517
19.696777585866368 -0.9558032813762584
0.949321871923673 0.35172770997094227
18.694453688369936 1.3350274789982681
1.429026669208662 -0.4547359993729269
0.8744288326539729 1.0464099125059105
16.727982466528633 -1.2296426153764453
3.7470762551800316 -0.10179783238362886
12.697633548526811 -0.7559967044559183
7.054401720677409 0.22761344907265596
8.338895031658195 -0.8818523416174006
1.391031173178115 0.47784105320553116
15.235431188173882 -0.7163082090678425
12.074617733796245 -0.25378609314926187
15.528517151287188 1.0782908873583033
13.187950653337449 2.3149561565408763
15.368235791775174 0.03470826535324348
18.11660055045856 0.9387520644018688
18.61819426106857 -0.889447254958225
18.66991373909389 1.7595326237916336
5.403484044975118 -0.5924700184283412
16.223949534205897 0.7340843479491762
8.624406840135057 1.4288015022082052
4.53142300063767 0.452889185373186
15.796742066884255 0.2112468373966246
15.4864387863964 -1.8057509797056253
4.525621818891248 -0.18806401169399894
10.810694431845688 2.405731630088045
14.562822598386939 -1.2047670042862766
17.819890660249136 -0.34621956515264296
11.455465453433773 -0.7683295588821331
18.866862257717468 -0.9197151370506029
9.215914140506428 -0.04831119662055394
12.458148183931103 -0.6329896439508802
10.309015828880668 -0.6537652028218012
10.808821325655458 -1.4710403134500494
8.107560524205455 -7.26898174255943
10.447494082982274 -0.7467763692637494
9.566275627524165 -0.7912376773164724
6.558768590954822 2.8939183428551933
1.6513313368187548 -0.9199455244622365
16.22395176866969 -0.7338348169849636
18.707711953394284 -1.1188749927993171
18.90856182915818 -0.40062814408536185
18.39380463770935 -0.2183843034231748
3.3221378933583905 -2.1848748786496466
6.790339346378911 0.3930951894164132
10.65339937747231 -0.11895078109219888
15.176615642663524 1.4475767009326421
2.7785966655193626 -0.7967866931502756
16.708234267206755 1.0637290702072992
17.442499222372977 -0.932768456933319
12.535398376510258 1.2291983959186907
3.1795981077209166 -0.22081052289068112
12.433458445779092 -0.907804576847508
2.067632518824889 -0.5426660452412508
11.714918524428839 -0.8332425547591337
16.40124832285005 0.40970351810812744
3.605393045247824 -0.5464101525788487
0.31756174700762274 1.4827476064871656
11.652708604482125 -0.5257722710569145
0.17218993672025737 0.9176367300837294
17.195251315814943 -0.5140140529300604
0.5536917402292221 -1.142906817941633
8.117497832730368 -0.21635216091662754
6.771970099226569 0.0036377313716603327
17.426637092693046 -1.004378074079733
8.835886633967712 -1.7277807522062545
3.39444197434491 -0.0329254652806992
9.62153405233605 3.3726778815410756
17.750001649511415 -1.4488447205559694
2.2213175068484263 -0.9596260426586701
19.641716022391893 -0.22466992515949913
14.17204136276658 1.3072162643353702
1.7717752051568978 -1.373011623447178
10.302870267943021 -0.16264650950403103
17.62335056878783 1.621102891358953
11.0280656342202 2.0856176359105723
16.810365824432182 1.6400298073775483
5.179156288323301 1.5246992204089747
4.532284298764883 0.29084133138195034
15.294883526472644 0.7452998238818573
16.66519990254299 -0.4164769916797592
18.986500435944144 -1.5438020742599499
4.906332354360795 0.39541124835709246
6.9786491976337155 1.415397788185882
15.140909221914704 -0.9209030932581079
19.556403408948018 1.1517649580711529
19.193413064474004 -0.9036807259447092
8.570044689746416 -0.6880582692088524
9.667504318653064 -0.6974286545011598
15.703302597478826 1.5652278876779353
7.072945610647032 0.3501495040449699
4.10624943189339 2.405206728591665
17.95851889448325 -0.2874709089213442
19.623339188217802 -0.2987748992651956
14.031395846183615 -0.7029666087493144
9.503860312878285 -0.7391290606601191
1.506992158684441 -0.9866719527537555
16.897968488712422 -0.8400186664181599
9.507381300216693 -0.6152385529905344
15.507839827752644 0.9911097535740478
15.272056066221879 -1.1913405959814596
7.176035053246192 0.15473593060351926
5.319732880841131 -1.0132567193489619
18.564117589105955 -1.2390431439519107
17.576530471786867 -0.5921506211966925
16.821677480408127 -0.7771607432289909
17.135179388452958 -1.0757106085835504
9.205779612495853 -0.8191329288573036
0.7253894015740546 -1.224290757831708
0.4818297126258794 -1.1465327339843385
6.846131075586863 -0.19434752105066808
0.892217917538221 -1.50998686217902
15.073246946152478 -1.7402185734989923
7.404472806612031 -0.31984317884524305
9.392750762787523 -0.6403570373461109
17.848026599481766 -1.0465589021948594
19.790173554333034 1.1344077043227938
6.2527118420749455 0.8281752717986083
1.0319495961121459 -1.3039984235281152
7.4581249128995015 -0.9733569795348799
5.394906926482206 -0.6460791634872342
4.12774407252773 -1.054789243740636
19.412383334044065 -1.3075779002780743
6.31443828337634 -7.4353193224736245
13.367915922518492 -0.441721329988907
16.007679143722978 -2.143298724460894
9.482284588445623 -1.6372024158267566
7.64955447137799 -0.4991236873092537
9.413692493957075 -0.6502149308892973
13.332891933234302 -3.4474858436124785
15.306501503314001 0.5406740669141326
8.53609836968235 -0.43425744223828466
13.677346155954474 2.390249054497377
7.268698801069319 -0.03867244735301431
15.970445027966068 -0.615099847450325
8.034523964566844 -0.27199153426043654
2.635124788963548 -0.6810099400809023
1.27446446875728 -1.2200691395589163
0.10156680502608609 -1.7644662541539333
5.299533660538002 -2.1292334021800556
19.488212799204465 -0.8612187161228733
15.903204531530086 -1.4754868739329965
1.0268104066939747 -1.2127864343073957
10.147036087823889 -0.770925939311502
19.46744090629926 -1.1607688228853246
11.061576680434511 -1.3917639192142244
8.878974406586815 -0.3254844593675864
1.0771865193998953 -1.2216851843815686
14.32518735578933 1.4447722253255562
2.7774504469863404 -3.664658336525401
15.051301670971121 -1.1316593282327023
15.282765485731352 -1.2585847792361653
7.465239970684859 -0.4647561299774142
9.134181498680762 -7.408732434030699
3.7175136720606377 -1.0517749506999148
4.71015939197436 -0.8845369331028144
9.23566425506739 1.452981095645236
8.051546225009885 -0.2872755617831305
13.73593126434653 -0.5159458436071439
15.313054820118786 -1.9018574174927565
7.294569406319408 -0.14517465351249714
10.27167138860818 -1.0292086887006637
18.161800860223096 -0.7534729117686328
2.6531454438435706 -1.4368576516419715
14.95020870127119 -1.4026915504712376
14.057660831697582 -3.3904700289294296
1.3170224246277302 1.198633267317979
16.62813608857008 -3.818347605253818
1.870799472610075 1.338584386520819
12.746529281744552 -2.2950948266803426
16.589172728705375 0.43966620066191886
12.874065620115022 -2.832955903882103
19.78176474037914 -1.1421393031145004
11.537949296411723 -1.2353143104776807
4.8651594621050185 -0.3420157217908831
5.726830531973324 -0.9459268571779479
7.471269995862943 -0.18011506216242787
17.123991754052216 -1.4989937817183805
17.101508424916425 1.6973099126561741
16.94302313043522 -2.1273759010740765
13.079641565099077 3.2075037771189243
16.344922250810484 -1.4256354703329432
1.6191830276935453 0.7877065170287267
10.309033266566578 -2.0027203784833154
5.859431164307771 0.44802397851158726
5.16070046937682 -3.6232276908671404
6.38193912355274 -0.7485242133889487
8.92371540035055 -0.5803881684404644
0.9026210600496133 -1.2300338972688856
2.569618957651641 -2.3375232297283186
17.020637816646413 2.273629495790659
17.500783396355057 -2.292727560160286
6.127300010067689 1.448909164885153
14.756118164673444 -1.903712548216335
12.29006048586303 -0.040733587523039835
1.3752095969921938 -1.1355323744696082
9.635059151765129 -0.49076532646950927
16.58091202741616 -0.926993035713751
15.027943011677678 -0.8904918180304392
16.961057145633593 -1.1324778104893114
13.11086117072849 -0.406146546350949
18.051471361057782 0.3013989786296095
19.10529686002072 -0.879369449310239
13.674943312500645 0.6877847812403016
13.244973380991512 -1.5115313165094728
11.44553921018578 -0.9805176985507051
6.4952522580410665 -0.3960813207804405
0.2749492745601123 1.0935918469984909
15.226438396799816 -0.906970437734316
15.677138585511393 -2.9788016482142403
14.877882437205583 -0.4278077139120747
6.374715599258978 2.030590437055677
5.369914582643375 -0.7416115516197929
6.728269950392321 -0.6263110166918406
12.817245276540904 -1.9675395633218165
13.628371937703271 -0.8846688888875934
7.60238102558487 0.1055883020402407
6.748755967220983 -0.5461503713708522
4.278797890801447 1.2534815138539543
17.120459576374056 -2.5870451834197783
14.987257345594418 -1.3899313385240823
4.744910132987776 -0.669048710134073
11.914160099464189 -0.752845239429349
11.150215671364096 -1.0802288142424465
12.41630929810715 -0.6812246053053364
9.121998035011949 -0.8766210121398984
14.047517050424323 -0.5347278870103384
8.105781716050636 -1.1666270450289928
19.717280300265557 -1.5648105459226556
18.73982712123915 -2.971723042291338
1.1576357884481991 0.1127782193022178
12.060751795762203 -1.16965780130787
1.4329427409807622 0.06187355381384142
12.802181658355222 -2.461944769398232
10.473765442557262 -1.4445712328631315
8.303773949734 -0.3674164375264327
13.308567878687988 -0.5133893049900411
13.4826703189158 -3.7234964043924568
11.28249972944723 -1.1333588152051433
5.756726116052759 -0.9531994045012856
4.9175454246969625 -0.11221781031113844
14.908414668856182 -2.3545344712717045
14.582038720849306 0.7624990921863695
12.67691936129147 -2.9847331868886515
6.266068410925207 -0.7373147788873552
4.491252211243707 -2.794175202205082
10.99860979044654 -0.716981802911316
14.879295383310234 -3.3601986767668977
17.38686316897794 -1.3849664102967432
0.41966117972695266 -3.544561149400114
16.71068588356149 -1.1029518057766918
3.259970771461198 -1.24847922705641
9.959551031514302 -0.4803325282229728
7.942616519862058 -1.0057668300906175
18.925215427172784 -3.949677686774915
6.484421081740903 -1.3726081039514269
19.04687699190448 -2.029573061760772
17.54399059633653 0.21121086951577492
14.236419902488649 -1.0861896893146026
12.666479157316616 -1.2677386834001738
12.60212229715991 -0.654830764261833
4.738835144857441 -0.27029809914288083
14.267345980711045 -0.9564335779207067
10.472598431081906 -0.8994169764915435
18.212914574833807 -1.0238203189297472
0.9099018153390495 -1.5454370632901553
5.656926109782443 -0.7815198834331578
14.07380635298701 -1.155874856020401
6.918576847450111 -0.573362984393168
2.8828875392524647 -0.9013868133711604
7.7197134172325566 1.085682573748273
11.985473522033327 -2.4666603253700643
9.750682872158329 -0.6128146119279765
5.047857284562485 -1.2377210208795932
0.9901279603347667 -0.9563263483681341
15.813273055850933 -4.0206085926432
14.375351820712911 -0.29990477679840793
19.96931489147649 -0.4035790340754263
3.3033870229928137 -0.7773765059079158
5.302882729994748 -0.43306064825634316
3.30092023176781 -0.38018854847310035
14.336012418005295 -2.6241447627768686
17.60884789577412 -2.482509412482419
2.1193478046227208 -1.0180410196802192
10.535918606112507 -0.30876837309113614
13.555881703345669 -1.0346308306937295
8.911415474101041 1.3201125607750774
6.1293060227502085 -1.3489501807636164
12.727666319476949 -1.173031437984076
15.559338872657548 -1.2269695131869423
3.1703615800796956 -1.2730301324779179
2.4106693730372215 -2.1837738013651786
0.2665553669230535 -1.4665313764355767
4.433132202280576 -0.9187191888103091
8.19553906281282 -0.4462113176177783
7.101576652906364 -0.25398016318746597
8.525950904320245 -0.23025777993164395
12.170350089103248 -1.1843538175373889
19.642322338191093 -0.9780470201082992
2.1942280943911636 -0.8878269195583463
9.284746496280476 -0.7959164877935784
4.85381414467924 -0.7299775166649539
9.506750900307857 -0.5466084296438631
16.156962569405536 -1.2235420101996894
4.293094314645401 -1.101440868885711
15.52229551931695 -1.8517402861093921
15.175804493482966 -1.3237183905222518
1.1398460765918377 -1.3014229270401638
16.57106498809923 -0.5597799089330724
13.527270339852695 -3.493261596452131
4.570416931386156 -2.1008561967448536
3.39368906062582 -0.8414500959181551
18.544541511282944 -0.16216576425867596
6.258796896851469 -0.3373617960883337
11.036764301567892 -0.5363988026667383
0.0834922784209371 -3.583639658597131
19.93894202064251 -1.8220331003660624
17.141169512848077 -1.929534517911934
4.943407859646711 -0.49353116826629023
14.290872554231093 -3.0985607478494153
6.507864581604001 -0.628312183281014
9.883786026071997 -0.6422200624604529
7.942665242324875 -0.7920106188898663
1.5487350552344152 -0.4151935604621792
1.2469119551357963 -1.11561777874771
2.051459218614634 -1.2117538947238096
10.598630711185882 -0.598465283823929
0.6213550361450142 -1.867826092286904
9.383227136760555 0.010891470386792196
11.151421247661947 -1.066870743147471
8.090719504014444 -0.8410297811292649
11.654396959236168 -1.6929001834312962
6.870436310597671 -0.19401163030914662
5.029089317559084 -0.7487762896282726
12.511510999694243 -0.8724884556950694
7.940659648334114 -0.8033622182924993
10.40379096057799 0.0918508818897862
14.01001726171204 -0.9496442338351765
17.213565194770485 -1.4086555462839054
1.0066266300577364 -1.8428953879433028
13.613647652399218 -1.0029984629662434
17.548564830678416 -1.7346135824569626
8.885823442108213 -0.7974303891852059
15.343980955668979 -3.458205045148956
18.881622326371033 -1.6750773182651155
6.430205641348256 -0.29159701542952404
8.261826749362742 -0.4797262141521761
4.978437710762211 -0.520486655244984
9.074241408275409 -0.48747300518567893
12.306654689173577 -0.7088207952215264
9.150190672634727 -0.56985607580708
15.343377898141803 -1.1854736279655445
14.544883460561747 -1.3565364196634953
0.6379774011026069 0.05762853039193585
7.920888141233542 -0.7638082794955986
3.689922136634644 -0.7371375791849155
12.868534576388951 -0.5394739677696535
13.98224393597524 -1.3172268739115294
18.386648380593144 -2.3084102214299334
18.154033101975884 -1.8270550481044587
18.982841077496523 -0.6199355220801546
13.50254523968922 -0.7011826898336261
2.832931043585426 -1.481544774705808
17.58673123418392 -2.2898692843633084
14.046409538159788 -0.8404313882529713
11.252324164316166 -1.7156273475421937
1.5893015719582864 -0.5178506651433736
16.90615739818413 -4.097560457539798
14.884940567590226 -0.2726834461806427
1.4056685962646063 -2.1866007568031987
9.789101944277105 -0.5889472969391552
7.542441192857114 -1.706655688105198
8.346613531848002 -0.37006754486337473
5.994898535503066 -0.42696840425371785
7.0848293995268525 -0.2520385780091833
18.863854042832145 -1.8841452980142932
8.866602309918948 -0.3898865526414136
2.5058983613715435 -0.855059275843557
7.896550830763191 -0.37946030327975855
3.9607161983687527 -1.4633228728044438
11.93659323874079 -0.6440492994379279
11.402951202483996 -2.2001418283950516
1.8174170500046078 0.09953073521730449
2.3639194528036653 -2.5554090938993563
10.29243223020749 -0.4941993629412496
13.502116715338415 2.0186395303051445
3.4586604780185195 -0.8795873318827327
18.030199822139302 -1.6965724118843204
2.818393940895899 -0.05202623294533422
14.280365945395872 -1.0257340584598102
0.6048106969256082 -0.917516189141339
11.970050856611241 -0.6251988759510727
10.065612394558338 -0.49855676491531287
10.458558197875146 -0.7848969811738886
18.57755672691009 -0.5948160234393555
16.690535049613963 -3.389604552576064
17.88064720698678 -0.963147229027721
18.93619862097182 -0.8635289542698497
15.102461049050211 -0.7435106775344854
6.923028474751462 -1.0328015445389935
14.465197487666211 -0.9638333151952247
13.584167303028014 -0.08856194480258738
18.898430044370052 -1.5245443454051177
18.37359667920864 -0.7271900231031491
13.013189893588459 -1.9188859806543639
7.122204103559278 -0.19599073349321228
13.768740666428137 -0.014336481874522317
7.949061964876979 -0.29042465921057825
8.004077613034799 -0.42066044016521753
9.696911791542204 0.6998472493611667
13.412757852684123 1.1196885911787482
11.674569906250149 -0.11283055085564463
8.994665797054033 3.1122578897910356
17.04452900425047 1.3217207538757625
