13.18622839571955 -0.17040720834267198
17.38336719314133 -0.20490056412718183
17.57815266915701 0.3680692814786341
6.553458171037738 -1.1245288979897063
8.365393657521508 1.777828885209703
6.314342705804872 0.09548041525281879
5.531183870229339 0.9745531213167722
2.8462637188554862 2.9261037256510805
1.1235443256702948 0.07042061645182815
16.53700308191129 0.25480562431704357
19.136867794910117 0.5247761554995172
9.799678640978973 -0.3489738588792597
11.752278423650393 0.2307409391894491
3.316762791510982 0.15284142470234982
18.304616596547962 0.38205045775920293
16.59779320978904 1.4521918424052178
6.347582527416527 1.1124774164059046
15.16780931902357 1.1713869796538006
11.652629982799459 1.7012676399571183
14.778520542056278 1.290214367387794
13.963696043123292 0.30068364222707605
12.912365423529723 0.960891108192031
0.092679298813684 0.2743700884762573
0.9159006627725299 -0.5453256489128984
17.58061330853561 -1.0530946057919701
16.91400739856718 -0.34446735363757924
18.14279211439007 -0.6642930658548287
9.3067495332112 0.05131181262039654
19.00593634024501 -0.8876980298690813
1.8762451475369648 2.8682306436189027
0.19285773671491674 -0.7420265164460979
17.483419325303114 -0.5893954555090738
2.0913832164437873 -1.6007160964511138
9.148284002964525 0.03134441892576384
18.183393986206728 -0.9021902244698891
7.957683867197315 0.15592942766436946
17.63263372129621 -1.0318993359307183
14.667699854315405 1.1377041592595996
19.16370988645799 -1.1724296370642966
19.54933992253746 2.612031941390409
3.3900667119945407 -2.8155591599252854
7.3023145813495 0.10708746603090107
10.014661193363661 -2.6717993657388663
4.72611983755116 2.010798009024628
9.666092622497274 0.32926855644635444
5.023157023505131 2.0289658447381114
2.9287328913737722 -2.1940980966769787
10.108314869677303 0.16137538957811243
13.3397190022741 -0.4317484137437379
17.87464928984329 -0.2212727011514143
19.978090928072394 -0.24080373283015263
17.582280482107283 -0.6554943452829559
18.500325170305132 -0.9515467695826479
16.857114594556187 -0.3459294872454875
2.7164534084794942 -2.2449127276973786
7.753402708747746 0.17035677048051845
0.1975452849168846 2.5554054928019387
7.2765510698891225 0.12898399028108676
0.7114584777983846 2.538166020843265
6.123464048953054 0.3225431760050608
18.278398574835293 -0.2587462806603546
5.95919407755619 0.34275873234430315
18.896772440303792 1.8501112909925326
9.033246368933204 2.395782026133722
19.759438682098843 0.13024246156881872
8.923092158849853 2.3505266618898553
15.652596643981832 -0.17924288003268188
5.389231165515006 1.220242071423667
18.476506275708523 1.6369765405870635
8.141904571826455 2.266560237709736
17.007395458720545 1.8397204342444085
9.70114658898403 2.6480267525807206
18.210028891595563 2.1465474358589725
8.00342245207803 2.2238932310279287
19.487023261045387 2.1315495615589706
7.543485146566401 2.6669680076677995
19.825617404683154 0.32881185759092335
9.845895355910546 2.72297015980385
16.78624901159593 1.8077127832387314
7.753596504806816 2.412550321099576
14.00017045226394 0.33408118608674625
5.40635159038741 1.9730040709770038
14.775191136463908 0.46740527305518115
7.332240524121325 2.041045637171202
0.46296405774729493 0.061074082991791255
11.95609849527945 0.2555981850170021
17.311044937271287 1.8943600010405584
7.975825434699839 2.096038110186059
19.95010905793807 0.25747586780645876
1.5128325686904598 2.884540077896981
13.898512944045777 0.3068403779890344
11.542925658915864 1.442678720973838
14.29990953839594 0.3140903637266595
12.571382758556886 1.5365210954191022
2.967386551416291 -1.5563126245395527
12.328769060122045 0.1337122533095616
11.38195087002077 -0.37027214691077504
15.927418595646746 0.3477906507217514
15.511615057097288 1.5393185603243484
10.006243514638507 1.6709148633027475
3.3602198581271163 -1.8417118917949429
19.51085526326878 2.2296648265909162
3.043822593148892 -1.6547148689888938
3.755558756364344 -2.039674908884514
2.5790110736877683 -1.967808862960952
3.301313043959709 -1.9967079113727157
3.2697703047015323 -1.9862294121373125
19.79237785364457 -0.8290122085860377
4.465604355038715 1.7164360159207876
3.5558241248788818 -2.0454363707719057
3.535880901422301 -1.9849914847323045
15.256600219193066 -0.49322607097939225
16.63235895316949 -0.8239181782217241
19.127413725806257 -2.8451730949415035
5.462077817111933 1.9083461574418186
19.491597240708757 -1.9711219577760808
13.695876078126561 -0.8804211541277818
3.9981380824456516 -1.6980429027714836
16.582496981359338 0.7982934319690156
12.664724154902954 -1.0454587318633803
2.6349307955285073 -1.4274728443917322
16.1408643354321 -0.4547022201537209
18.07503196656596 1.4805949829454406
13.035072853818656 -0.4395514492509017
2.5994926504012543 -1.4134062218127506
12.741615764503821 -0.7519851557253553
1.636250764432943 -0.9353249461128132
5.578475911406123 -0.8546079876169465
2.78728396729929 -1.1670570484201712
1.199425950075497 -0.7334599069009649
3.104500068200948 -1.6690260176669058
12.718822876217432 -0.7283241721676071
13.38079122316614 -0.07935446860989182
0.6384516381991676 -3.9481827227878212
11.502370546846437 -0.31104681019434083
5.320119404003096 -2.3689776103983315
17.98307648421414 1.1807902129953598
1.249856889131774 -0.9171710848512726
8.766508227139099 -0.5055983451305236
1.1890015489904753 -3.855332496743538
13.646991676849138 0.27427578863499164
9.984165964088588 -1.0450860143110439
14.68254216659099 0.5802832230380321
13.089269824740539 -0.39374111889419444
3.7536815833704447 1.643869133090841
11.871534421963602 -1.420235490549768
17.408884650489412 0.8143769789917541
12.176809230006114 -1.3110076101170958
18.47533123711921 -0.9037499111963145
12.298020636946156 -1.2715157614342147
15.45464222413905 -0.4984105310662513
12.051793428717556 -1.3786157763552604
5.595850114926371 1.907860116553254
12.242457335457992 -1.2987289691174586
3.6371016399422915 2.4633828175718353
15.065997446346872 -0.4772143418171853
3.747428769978861 1.6329316795749471
0.756190013467549 -0.8597974810281956
16.548343280821346 -0.8143982775519579
14.243493078109786 0.8577802401882182
17.425245873188448 1.1525598957102376
2.6471638170333534 -0.6986459465540564
17.527632316068395 0.7155333648386248
0.26115574840818284 -0.9015169883764367
16.825017288367786 0.9781149779587512
0.9790469649373468 -0.7842803471396467
19.05506881578929 2.0040261432760946
0.4381995473868685 -0.8558074239819216
15.912354386399256 -0.503106775514318
19.827123243196763 -0.9952072054743585
2.629109530027667 -1.426678218142902
19.71343339780994 -1.027302410493694
19.963752469306296 0.38099467314046626
2.6773337451377732 -0.7292587071666021
4.73750215948277 1.7922153520902324
2.009214246892292 -0.784110433732283
2.3593873783468053 -1.1408571845609163
2.8756614673824634 -0.9442126837608303
10.294880292290522 0.027239045007364893
15.8860511171545 -0.34430784116779634
11.14933819404367 -0.613081935829347
13.476415985789922 -0.8325512861718708
14.464146266677036 0.984990942317832
5.754844857675701 -0.5757353913565413
17.321252765473357 0.8090174043461421
18.035064448819263 -0.7671444057987651
17.22528584162718 0.7008597163109445
4.602236122528936 -3.4759190957793984
8.324591690206601 2.4283485301313026
5.3243039008993405 -2.9411235527603266
5.621519107544302 1.9869357564917496
4.945026313444694 -3.1016153554652117
14.34616967357635 -0.6223580740864773
5.667768852248443 -2.7431551147929447
17.66098668131501 0.9722311108632976
6.633745692377519 -2.316538283576684
1.3938268286523292 0.1417034343739416
6.43913134372347 -2.384310389740345
18.908017497727812 0.6643134464933549
6.350345388471155 -2.411702491850252
18.361813935368925 -0.8407946755637877
18.511963015317374 -0.8175224370711933
10.71439414021693 2.502268971920675
17.159726766568642 -0.7481036887173464
19.867766883283007 -0.6790763825747126
7.286223900772189 -2.0098313081649923
4.635638007774667 0.5408854619007675
7.391055456999311 -1.9674087998220848
16.411752445038275 -0.16865801115299311
6.822662456047072 -2.1008442142385104
8.214343480158298 2.421049667915432
6.819519859816434 -2.1067399304561847
12.799634376563233 -0.0685666580590295
7.005560939763663 -2.0590449134043043
10.688405984985092 2.5392292488028896
3.6549148810985694 -4.037613140550214
8.866314570633799 -0.5479505805051466
6.847529815544482 -2.0898379137889664
9.11218352251747 -0.5565601897420892
4.411431983439457 -3.7145634088824475
9.307423058022358 -0.547606148544298
12.355548811402029 0.3268613707719976
0.7119797068997606 -0.3387202093760511
5.0771452537676955 -3.2623732637859497
18.792786009077496 0.6422350459040026
8.14451713069409 -0.4132975769772674
7.642806901427219 -0.8722726288049514
10.846685727864065 0.027367316753570237
0.39884834437976174 -0.4470349660692661
3.996450998824651 -1.8114282160963187
7.385404394545459 0.17900907519385664
2.971445879653894 -1.0934828229681317
6.333698811631546 -1.3096033398929636
13.307090674003765 0.5397294899143631
1.640260932159674 -0.42076119602107975
5.41399102272029 0.2512702740571571
19.25495433197782 0.6839753702909626
18.082206053937806 -0.751564098103328
8.134319476152305 -0.7225274675724914
16.20063950702803 -0.3560160750841098
1.2084390900928643 0.13271613971987423
12.88338849311922 -0.9761268053338503
10.668756721912024 -0.37039983057429016
5.239662581098615 -2.9520760401317814
12.601279416501121 -0.33931155663552903
0.39026300710753314 -0.8784441117624647
8.078748394108246 2.4397836801792465
13.893635936979912 0.697972230573576
10.896978511351094 2.567722188424613
17.11820288716467 -0.7607015266702464
9.885362300972952 -0.5526759892861138
5.327840223219076 -2.9937670707130826
9.92903152810377 -0.5410013147142229
18.03449219081799 -0.6727281742432996
10.856372805258854 -0.39436640432696657
15.812344715802306 -0.2919375009941362
10.005636805172834 -0.5664562380686784
4.969204322878752 -1.6934234686629617
11.773630688181443 -0.32299092526682216
12.869550047828875 -0.9518941622304138
11.049183538307492 -0.47432772500600395
7.3817048953692685 -1.9118210391168151
2.7219698824310323 -1.7154878253474406
19.6477358034204 -1.0468589986770662
11.887671673903757 -0.2870857553088701
11.869243349057774 -1.3483454498311287
17.052132705458263 2.0044593792709255
5.981300442539044 -1.9717455887389819
18.45592374029765 0.5905811838521497
12.55445281960761 -0.5752725410101682
8.397001425768101 2.002627612122963
2.836967858380326 -3.3313721231524966
10.229737138410993 -0.4980056805560087
1.2466280588457141 -0.7780353633560317
19.44579794845849 0.5581894389642086
0.7864848377558006 -0.8554968246203676
5.344535427877444 1.0991855893703226
12.641787851694456 -0.9871324418527524
2.4184978097312984 -1.3039801521401002
11.862033086154229 -1.3598469075738329
2.3469529260642616 -1.1117723656968685
1.6970386679094325 -0.6402370451320185
12.200745473892164 -0.24224854180888483
11.45166990992887 -1.6921139279961963
6.802704759760891 -1.1348738662587141
1.7093288076556414 -0.7323705649644472
11.441218168103484 -0.410011416850136
2.905787110834929 -0.7700533891588586
2.3849926254860514 -1.2015715658963841
3.0050187483055897 -0.8996832362003047
9.23851082190868 2.615792136035767
1.4508371773899431 -0.6971357052730724
2.24275440060518 -0.8641732541805954
9.748066382967028 0.008482816739152268
8.021743466606312 -0.7337082705554266
12.002827331878722 -1.2674587265875488
2.6810558731321725 -1.3241334406540128
6.894078650739766 -1.634213782570914
9.18650206622233 -0.4629935549967647
11.990172839785226 -1.4947127197548065
16.322543604671782 -1.193970295561604
19.690382993087916 -1.0351532572227644
16.721333521920766 -1.1017552177312837
9.49556491229942 -0.8197286457146238
2.3375037680227506 -1.1821214410063332
13.735321536306948 -0.406296379535589
19.329984447801078 -3.199308376643496
13.237337116351878 -0.39554778195759277
18.244090698339697 -0.8247918251014441
13.088190605378147 -0.5580877984549938
12.52680292295607 -0.21937819440443518
4.50002088256375 -2.545327429498517
14.228671039741819 0.32431470781887606
13.572733771664147 -0.34922232807908754
2.812102731482868 -1.2183677215900568
10.111408155909409 -1.0201095673740421
1.0412008745364316 -0.46950513706015734
9.875242115289488 -0.7350535174921817
16.513454206116425 1.7899730710937631
9.488389157736277 -0.8128909160839698
6.133341408162016 1.0365669897042065
3.8496224108520756 -2.9150501599049163
13.746517634095955 0.13839197019257493
3.344165714571226 -2.720506511003132
8.687957759441668 -0.11082170735674637
12.229177399558035 -0.5606028041413752
15.093788052445863 -0.5598077370693633
4.58228857679695 -2.613583493243158
4.211077222907128 0.3951145438537548
7.302057951842263 -1.4807680947202815
5.526860401588706 -1.6192978257695503
11.229045492635487 -0.9351387237598755
2.6920619407313824 -1.1485233508637664
6.728285849976391 -1.7013596906535546
19.862558619380675 -1.0151482308642985
4.110120487360889 -2.8246874182058757
5.601017346607314 1.9337595448411378
0.6195700672020419 -3.930306574450974
16.17046427095547 -0.6300362934444157
12.87201908765049 -0.6185489769261933
19.47323089303635 -3.3684481464888787
13.16162744263781 -0.6552070182629265
17.619585163858194 -0.9573078858444323
7.873079917054491 -1.2993263836425744
19.908962908762142 2.447991052365185
18.914278757432793 -1.8277358916990174
17.779718369641486 1.950000567890642
18.906540846135332 -1.8210638938513162
17.205141594961567 0.587047426406794
12.39058571020159 -0.9650849254518409
4.457743240739105 -1.715189850437244
12.406944519020604 -0.5999777061872416
12.221459919000752 -0.6216047201718358
12.381911998571784 -0.9605178127116706
2.5361344173116485 -1.3665243276146122
18.793317274538218 -1.801825741781413
0.6554436780662577 -0.38583389065332985
19.4692728498416 -2.195410545415784
12.649326590793834 -0.21344220421737564
12.418543329747136 -1.422872996207879
19.496267696768612 2.3552777569976087
12.419620555354337 -1.422742600468441
2.69588913791607 -0.1877775572949421
11.993778700992129 -1.5077889606085264
19.728500832929058 -0.8425190073154787
15.176174073175241 -0.49705426865643915
17.37671395130991 0.5032275676279802
15.962538372443852 -0.44307630910175055
16.358290875526187 0.4501668250901668
11.124141899996237 -1.8264237648099673
19.049067813177057 2.3385442121714566
9.595277899150352 -1.0817203004027258
12.329263203261046 -0.012220006016896157
11.495985025659353 -1.688181013035287
3.476943988531421 -1.8193038971715978
11.275051565406688 -1.6981673705054114
2.586480182800692 -1.117464069681444
8.310678928671136 -1.162223345188057
3.7777749617828063 -1.6629652061727271
10.289108095049086 -1.0475225140979936
3.0615066589551603 -1.323478019612546
13.72948916176226 -0.8730329800746214
16.623264348066293 -0.7501964757366698
1.2287134149346146 -3.8640241840058884
2.9353077119611535 0.33341407823509567
12.939887542833088 -1.2306650296481503
19.670952746403696 0.42289545335552886
11.295697725596442 -1.6834778909121746
17.22028717956336 0.7146542227166616
6.45186492353096 -1.8136305022885595
11.786193717557433 -0.07087963247156687
13.686303398035873 -0.8880330981377802
14.492610437851301 -0.1178053245423912
4.829792022656248 0.4149136100460389
15.749928330434896 -0.29966526092218815
16.760966396939583 -1.136269140309358
2.893814261429303 -1.3653427775183276
0.6074845609312384 -0.6685058726345672
3.901114528940669 2.404293657525404
17.3875640129809 -0.9696139336341596
5.248764039259607 -1.7341615965755413
16.602981534328574 -1.0483059812190465
0.6716319815937247 2.57254943243937
15.554298008818865 -0.6098569943367983
18.31899088012342 0.5639574816447576
15.078838793657008 -0.6962720957180752
6.310195410370734 -0.5268545851318673
16.017057325416804 -0.6796614834805325
2.966640082857773 -1.5206649919546438
14.512293789544414 -0.7747133966176041
4.1545303134377685 1.6787430267535521
17.86462538815362 -0.9233172233923401
14.427149385325178 0.48494363744788077
18.22412772840191 -0.8752037485281725
14.909462941375367 0.1354056188069813
14.834451729887881 -0.7300613576132448
7.337025957838258 -1.0092432505323112
14.840971052115083 -0.7316572730714984
13.876400322192124 -0.6651158462549961
17.38532825585083 -0.9700849473544615
13.469460121770403 0.5098179595781512
19.869193979805157 -0.8244905122032223
12.63575399410718 0.2880058169972205
15.128182777311526 -0.6816173081780351
11.283369492761766 -0.37529939151286845
16.39994626155534 -1.2028039472742031
15.221184413386618 1.419308440474059
15.258095216947696 -0.70768777560103
19.952812476929925 -0.22285804148645602
13.089146131054374 0.08731913905971729
6.406000343446737 0.962895892695999
11.564266512163282 -0.38121391165579777
8.212185810456468 0.11876012719913095
2.7209998468966226 -1.4914779835542853
19.416105467865506 2.582904170885974
0.04538288926723176 -1.000773384314499
14.686818135139196 0.3139090686391775
2.4571499102979333 -1.9242384314124645
18.68275341508535 1.7288546989833569
1.9823470386670383 -1.1117376382501605
13.260450506691363 -0.0755050564175242
2.1202136777113383 -0.9748439977562129
16.745905858180556 -0.7405408078826016
18.990751568757922 -0.9833916528728361
19.881697929658987 -0.832064994781248
18.196657649202102 -1.0254763908267157
19.45021433344221 -0.03503545225954145
2.8701663285197445 -1.4148126796232412
16.620246800301878 -1.8725498993986527
2.7195572854514696 -1.1618749550549978
18.056245405583912 0.19597448163780837
0.04464648093623015 -0.9996955612184353
6.436677438923014 -0.477973370685029
10.257122564990691 -0.4531414106661299
4.41259145100263 -4.106367331947044
2.8636507742225197 -1.4252756321088302
2.6801207603357415 -1.6232007805309392
8.281190892497424 -0.6454442853852794
13.103024123983415 -0.23811130265253067
4.690660890862763 -2.1884346537683537
10.088785789172665 -0.4810470251845335
1.9027557307423588 -0.9687194719643566
12.665449629931453 -0.4853867574024451
19.073760636542772 -1.185591582068278
6.011792113721592 -0.5443300804363211
7.026641675155803 -1.0712456858966577
3.069437065666976 -1.8275501985343192
8.423211554185537 -0.6045927852763348
19.491690820261844 2.39844024225906
13.683864829340411 0.23890645704278768
19.149883134354596 2.187797103507407
6.786524525387786 -1.1447303060888023
14.580959966879236 -0.5689137009548209
2.1373559285284647 -1.1249974967913257
0.619835331099692 0.07732263009684706
8.746192842439767 -0.521800000779082
13.642832824539397 -0.8002530029315502
7.183144185677009 -1.020562530294861
6.365110711809896 -1.317200185601569
3.3083003333634653 -2.229144566706906
11.830262979727433 -0.2883123347560134
1.9366115598434523 -1.1318553295337062
19.63625308748147 1.8312447975910149
2.6287621839677775 -1.6203233532621852
2.943658467880288 -1.2526916628691835
2.3905922467065928 -1.4456746224465715
7.658419637988849 -0.3559600427487595
1.5456824679154424 -1.1356503945700258
18.429593445758368 -0.9060997957425212
1.1235724624449408 -1.1176501387275772
1.148273003135101 -5.239741877361289
2.181779230318505 -1.1002194726227648
12.302501774291732 -0.08617698865363004
1.4743434598919893 -1.080041914641619
12.746304764765915 -0.2521832037264581
1.5222361608942019 -1.0761794772758295
4.352004099004293 -2.352081896638374
2.188990411957665 -0.9425766060276809
15.6337186043181 -0.3234449630942003
9.306999851263539 -0.5394455062984085
19.132248816954764 -0.973928517571216
5.294631043826465 -1.8994330938928417
5.299628520527071 -3.1228503455581764
6.14616016625783 -1.4031369223617334
1.4783634658884917 -5.014185073045575
4.902024068788186 -2.108290624100905
18.410063705831266 -0.6796058676893598
5.678940487440245 -1.679290473042336
1.6557184211828282 -4.876288233390894
12.110876010053877 -0.24067274058189042
12.81357677054037 -0.44044523780005995
6.21530193485307 -1.3629661972557843
8.350514227933969 0.8295262182317388
6.142907580737569 -1.3935894771746173
11.083461020044153 -0.3544103490272278
2.1769803992275887 -0.9972003499346974
5.224135698448267 -0.6326025909474238
19.129642556959926 -1.1927352920286292
5.822249336361338 -1.4733498854188476
19.149381333376642 -1.1876414671117015
1.9022748702132022 -0.838711145833025
1.4677098599776075 -1.0024616880905395
14.261903022281293 0.3813104141261015
1.6652202970125647 -1.1438669365329146
4.719475823586967 -1.935011926413644
1.382899962279826 -1.0134749191020285
6.103640225087015 0.4024336710124699
1.4565471132756735 -1.00592196092212
15.202352747414999 -0.14750206155450546
17.055456228866408 -1.4748099871057831
7.411267270019926 -0.9745412257058387
10.926288673455316 -0.41465309886970886
17.02292297264805 -1.0294070596863938
2.572440303397271 -1.6700813704206858
17.821912440607285 -1.2563712766033737
17.066348137080425 -1.5327459175133045
0.2579606645723429 -0.4113591879774535
9.780216678325596 -0.6063265048294408
5.738337503537346 -0.749907756516937
17.60269418864356 -1.4680112744355729
4.826199379654446 -2.6153289194553992
17.5203690087285 -1.501478773617939
13.70646808154848 -0.1606042341386157
2.466556601795449 -2.0032304698854024
2.128494184491048 -0.32133341505710405
6.010775362541406 -1.4822975549786557
2.613870468846367 -1.376650154335661
1.6103210510615875 -1.1561588526925586
19.365687132961323 -0.8652951905122872
3.8091521209352153 -2.296792391170702
19.885661041082944 -0.04932292716879526
1.7085044624808312 -1.1571489336644198
2.6814762153781526 -2.2775043317169135
8.206814121804209 -0.7217160268591066
5.791674839072132 -1.8097217439090747
8.367739885210824 -0.6593559485978981
1.779658399687283 -1.138318034326955
1.7414458415870804 -1.1495743425258933
5.45736228064708 -0.8413051812125047
8.99314776955089 -0.5023085079744443
5.975613461960631 -0.7108441309123368
9.555802495160478 -0.5324977940370305
3.5672742079295503 -3.008374067954819
8.841574578659666 -0.5189909380634303
7.4012371631695615 -0.34364956506665423
7.999607904548745 -0.7787911501456569
14.057723288345922 0.37917418790656493
2.6574122710920753 -2.002019715347005
3.4448362640196644 -2.0745079858607425
4.14052002751457 -2.2815160018959726
2.494057743976389 -0.6120921638904571
12.109139325904724 -0.29893791533900776
2.603018480174926 -0.9809907382533473
12.09371404759389 -0.27204525117381556
5.043116741986206 -0.8822677489004795
11.041432960022497 -0.6111547740629649
6.454403714814748 -1.6287734116218109
11.061876415676688 -0.6199464721756337
0.155992542130516 -0.7504108288731426
11.070736936697484 -0.6187942769166267
5.785108786490939 -0.40476710208929884
6.174663145230464 -1.460826188546677
4.322286839291148 -2.2301383935219623
6.311573299019114 -1.3902418811773725
17.705214769021314 -0.9999144241572971
6.547023222681295 -1.310213116367431
5.103045085828413 -0.9385235286230187
8.664484315475807 -0.6357790282742943
1.6026233135953931 -0.5584673645424532
8.663093700318491 -0.6352881642508827
3.0817074869861596 -1.8277178154436091
6.552710795937651 -1.3071764170179823
6.948110666511662 -0.357792008125456
6.982706862252018 -1.1809699195754952
3.1646845121045892 -1.8335848721989958
6.072909102620755 -1.5085733191492239
5.4485602972361145 -3.0211158865955614
5.889776132633273 -1.6323020734033036
18.836511028585836 -1.162867499787072
7.9387484979937035 -0.8200857537841006
19.1393556943346 -2.161818428600781
9.506553631647678 -0.5283808376264304
2.3986896492007874 -1.9167016501841905
9.207554369739315 -0.5131021720617956
17.91567858479462 -1.2267760717688196
5.856369461654361 -1.6516568737337372
7.166364527522753 -2.2590214105302406
11.14492243474336 -0.6248200506710765
11.640931854810235 -2.223782649344601
8.411320898853504 -0.6686145043030155
7.8010499426879045 -2.988503361895306
11.039055907744551 -0.6132093782769424
6.958452909367913 -3.0727022511513318
12.082181341246404 -0.37149938438204444
6.258330080030371 -3.251041638606929
13.163182182980457 -0.24401105232449904
5.326069532004261 -3.64889785328927
11.884623268234591 -0.30521205619834163
0.956669519049733 -2.968755646371821
12.149806150619508 -0.18893296003730448
1.0478799719301202 -3.646635182820924
12.05449157145206 -0.39003426322823254
3.0659124180621165 -2.974937964492499
11.283392314922105 -0.6005692131335872
2.003716705214299 -4.486507096696264
11.545241853129413 -0.4881328336986167
18.355378541456055 -2.4668604634365123
9.173804525618412 -0.5657866144566643
1.3426018222945966 -3.9517018106296713
10.569449702111648 -0.44008717974117756
0.7026316712670592 -5.087992732808075
8.225069925419616 -0.7734948836119082
2.5448060790203644 -4.015199707521986
11.108218697776552 -0.49421663257518667
4.6629896876079515 -2.565138597769073
12.146992952297612 -0.2646356984930309
5.001732614932981 -2.2350693433560362
10.082356477521037 -0.5706835736377817
1.8749362920333228 -3.5053035466392033
10.45951462855005 -0.458403077094524
0.5853577562352315 -1.1776551388727026
9.853160062349394 -0.6198175549321173
2.266123039768855 -3.3909693455684127
9.918660437980888 -0.6092078415539963
5.007985270039013 -3.833233338601044
15.9644335339693 -0.12855311125669605
0.7443991497982378 -3.291404428324698
8.768607107982808 -0.6084917279523397
7.786637762425176 -3.0172810028816257
8.465993457987668 -0.7009766769419774
7.110314351617259 -3.036200302771428
6.699258527627158 -1.2636913403690593
9.661276130513913 -2.8435431068861243
3.9471137630220494 -2.3983537029740356
5.577129018422701 -3.4732767306244132
4.390590410284584 -2.3532564472882953
10.143712553656497 -2.73088250181526
10.291097612862389 -0.5122896958670152
6.270711263997089 -3.211411972151072
3.435360801646207 -2.3225696351276923
12.94265802939603 -1.6568378022641017
8.326703766172177 -0.7121199000731016
10.967274421523143 -2.4757759675502835
10.423204967992929 -0.4566804145111916
12.874133486316993 -1.656630760952742
10.299783704118498 -0.5048369256955606
2.977558766037271 -1.077881558567491
9.226994811842198 -0.5621200489036523
11.922339907566856 -1.264766596972988
13.199940806505849 -0.2514563491407491
10.82421757329536 -1.8580850350062936
14.321439821992216 0.21887190341113344
1.0607297321688922 -1.0320420497820482
12.617719297496349 -0.3177993553019065
17.349737275518716 -1.7774989285360703
8.268184944534058 -0.7750917516563453
3.46937160389417 -2.2804696010337633
11.958357144286108 -0.43875582940087615
7.9866644278465815 -0.791805797487347
11.546219467738164 -0.48056277627556176
18.316677886827726 -1.8092928431517825
12.019413444174269 -0.35502611230937686
17.630576653421286 -6.342082049578611
13.129286735378694 -0.2621254735332678
7.5244169403698296 -0.9521245934543615
19.973851256540485 -0.6453344919048518
18.963614785912196 -1.2739856045187539
12.150544016916234 -0.36886227383107684
17.77129000733254 -1.167423113803342
0.3215523858713571 -0.37609721299888166
19.366894840976908 -2.9393170433242974
1.3403175301580954 -0.40908177550318403
2.0189056443355446 -3.588583339231479
0.7398624180231967 -0.5023229420800519
19.233774140830512 -2.226388114623481
1.4927587693968722 -0.4255880381455082
19.06309302387853 -2.7261875810669394
0.15011670573343697 -0.16925174448032168
14.874875114688368 -2.1746255402678627
0.5870854892872339 -0.5221914338539833
19.31017812686568 -3.089668865220396
0.5116960131211533 -0.3335751235527469
12.129356751487583 -1.05609201113268
19.757265708663205 -0.6776483190692009
19.460865782615322 -3.4172340095514047
6.763134805300687 0.1251463556134747
3.096106542333982 -3.83834158631057
19.803846603161492 -0.680158345579863
19.251841988136228 -3.2518286746653273
0.588198426539075 -0.5384330016826687
15.193279082179576 -2.175093818347891
10.01216162264514 2.815031327973269
12.350001617540325 -2.553986284364538
2.141297829378388 -0.32033476866849514
16.41622920964057 -1.265143462300613
0.4908672338177953 -0.5466596196571273
16.881601674150023 -1.4248191133857575
19.99096795547641 -0.6353896864363996
16.655446817437507 -1.3845455102061344
10.549345080792838 2.8989894774440788
17.055490718910665 -1.3978430197006855
8.642378375200964 2.4729618354642273
17.014158555432868 -1.266202387986509
4.3777681597181815 2.8737345597637685
19.158516733472084 -1.2331022871939528
13.661899105367496 -0.07006173545866318
13.8980571675137 -2.243676451116139
8.96569003885345 0.31401682103350914
12.511558230445766 -1.5382962922311407
16.200885414350047 1.8628959965764862
1.1006168264325917 -1.1857015008411966
16.24970807535838 1.8723023691825307
9.78795290015867 -1.0811805655726212
6.380588406184898 0.4329382640693723
3.005979598014984 -2.1805250766727133
13.71915312275829 -0.04816319957821551
11.733581660657261 -0.5839626517399228
19.46255788711964 -0.5045318385292838
10.136565110315201 -2.4279327411403058
11.459073084572532 -0.555739704828682
9.777780239059329 -0.6534204497238141
12.936642221328471 -0.342675582177352
0.1415035511977292 -0.06505562471655404
10.629783737830445 -0.442483122324895
3.964831426196349 -2.342859411316052
12.93927953820025 -0.3432719785711818
14.475952186150163 0.071462546433774
9.260686297691128 -0.6328848406978305
12.351376435517722 -0.3858924343488669
10.352529009322554 -0.5558704899934885
8.978378171145321 -0.6499324495539024
9.637411624359473 -0.6830802187953371
17.677655952382967 0.10942099127854393
11.890821976466166 -0.5109628922997633
2.720658032921312 -2.1889006080093822
3.888089446703225 2.9498953226989597
14.523079825344128 0.11146869514357252
10.754064127106243 -0.4548948992513789
14.030881989451457 0.05946399112244979
9.78695888910718 -0.6726414877688693
8.213891641783448 -3.2193319497938298
19.75902108169948 -0.7316839911304034
4.2722818266406755 -2.363561300541937
5.0459157452725005 0.5383121141540956
10.838692362687357 -0.5912594443367784
2.078832929016734 -0.33667042353640614
14.027131444946466 0.07651167222334906
14.064508547036695 0.11861584912764372
9.116605693600851 -0.6360194501675241
12.532267031199629 -0.3924242063158789
15.175452776013202 -0.10347707023525281
14.446200696325409 0.11224504270135002
11.096113808095316 -0.6762375578100358
11.70458839218161 -0.528586479189921
11.797184462451204 -0.6150792317622611
11.067424697471807 -0.6519999659854911
11.167461965267016 -0.35481295641508154
10.227376570009262 -0.597099626539034
15.442306518781603 1.275138376008577
8.1478858949526 -0.8725072951292818
11.31418302227067 -0.6343044975101445
8.354733641931489 -0.7918399280574625
12.677450171295554 -0.35638539905882566
10.305023243293508 -0.5696692529898795
14.311212133670741 0.09234889026940987
7.3585286327692785 -1.0837966096225735
9.957832879260293 -0.6303494437792527
8.1755470131664 -0.8296314229816946
14.285085130730176 0.1439674620591459
7.358843954970479 -1.097146788594597
5.87490853431953 -0.01916368936947563
11.504988339190598 -0.6015435008297054
4.886393170603032 -2.354942928852227
7.201480709590668 -1.1658162384345183
14.958724472156613 0.01622376084979186
18.72645710808539 0.33943313240215156
7.258468803461175 -1.1012501394744556
15.429149145881626 0.00976736870080322
18.25487849605392 -0.5656953311479894
15.074804965852003 0.033455229579720844
14.257701605658678 -0.07548706356260013
19.170121585007635 -0.028530149272063845
14.051385802778428 0.026457863843139622
15.270023667893332 -0.0923194536641548
11.583389463552038 -0.6835110371404485
15.162631516766822 -0.02439286958989705
10.532626711067724 -0.4856177399196943
14.357528883243486 0.015903370951881983
14.293861426189926 0.164500904792186
14.461051130874132 0.10197976198399286
11.858412969730953 -0.5989109105481686
13.668444375866528 -0.07854745586665518
14.51347353074585 -1.9622605643710807
11.845800664276146 -0.5993527270180296
14.73955143069809 0.07188507442751091
8.628854214249063 -0.6767661515288026
11.44603178642074 -0.5958906880351705
11.633401936154838 -0.5789766782642712
13.809431486281012 -0.009561899929608146
8.378137519303412 -0.7804138776256823
16.259992270512175 -0.18141318454114452
12.1755941350421 -0.36657177922830964
13.184334996235977 -0.29268616519869917
11.820495463230534 -0.5480496782055438
9.453308516914559 -0.753453599736988
12.052279290334866 -0.4509832090720345
11.684793470531488 -0.5528157543560666
19.746901958870083 -0.436851649424213
12.216153656592331 -0.3866435007939113
15.000908285312175 0.07663904743086081
3.002725426598207 -2.193188549339517
14.907343682220718 0.03790085722318063
10.724038080246546 -0.4545985151017123
15.201861817200493 0.06972463527083717
11.859624335388496 -0.5800098682863071
14.033491466402204 0.04987985622029469
7.432571601122605 -1.0532246241680399
14.691022801917324 0.09572238690264381
13.438690705899246 -0.16002779853686644
13.954035794034056 -0.03857036578194528
8.6180188984661 -0.7006121646824011
14.723324242029165 0.08477315484743245
15.473976967313975 -0.10704221151791811
12.166591461684133 -0.40650345869567495
12.059766536631077 -0.4281029627687537
10.13613272098624 -0.6282719153290347
9.729139461199887 -0.6984173590570248
13.374726715396513 -0.1898051104077137
5.9744265340985185 -1.6545336797998609
12.26515328257666 -0.41468013357801026
9.44862894027741 -0.7342704202239811
14.43121749605898 0.090259257523055
9.62852945257382 -0.7138199073440921
7.163543965857651 -1.1777520937250023
11.35849488238156 -0.6264283457777309
11.79656007694736 -0.6260036352645446
9.237429534149147 -0.5889446649764624
18.266372390378365 0.05343447550773792
10.576031360328923 -0.5111858896147499
19.61681159672637 -0.2559478186032227
10.824906600674929 -0.4511459965707382
5.290602989987672 -2.009205392211611
5.700806061447457 -1.7219132169974205
19.286509340696146 0.19463821854841512
14.953763874436977 0.010603253385908097
15.281707579537539 -0.0044245429431214525
10.050213195770818 -0.6600951019984577
18.601112660828598 0.3149456927115059
12.22632024211344 -0.4385196121569901
11.173157706955909 -0.6555631265262271
11.534615726187617 -2.650123941574282
2.2381191332791763 -2.1240851049465546
14.653683314883873 0.07707326301062833
14.336206080160917 0.004099364042776839
15.282650291833068 -0.03172761919033118
14.690781804770628 0.10306683982152468
11.635439116764466 -0.6109969187662002
10.027990793021399 -0.6687760546038849
7.925223036465601 -3.2636915881805266
19.42692019047303 -0.19857882984969927
15.462139787236342 -0.10123165773186434
16.552035535030015 -0.197073254853253
13.04865404875854 -0.36686700189281296
15.889786049582796 -0.23926364289111346
11.401373130988688 -0.8020585726385805
15.356062524813913 -0.19091869219620405
9.160948639793212 -0.6474183226699284
16.784003409957943 -0.2432954494367314
15.193846286544542 -0.10075095350231118
16.980570770929727 -0.20565764856610982
14.055784512846746 0.042189621291172784
14.16620879602176 -0.023017159199074107
14.837616734511231 -0.11492150787572422
14.991058918704013 -0.14488031238122864
14.08116062560793 0.01402729814536256
16.169893943766226 -0.20914866266665155
13.050854200238131 -0.3673020436004014
15.767499173297399 -0.26077871036227657
17.500129284558056 -0.2504023006901517
18.452491200118775 0.23566444885249568
4.182936951129531 -2.6477527496048707
16.966165286735848 -0.21174034075447162
14.241036798625215 -0.02503918105699084
16.90470470555207 -0.23715762994962777
16.025978641916122 -0.25859601378167857
14.87149919574297 -0.24905911611256332
3.8512519902187066 -2.675159675514026
15.190156670128731 -0.20141299428004145
12.89475956164633 -0.4256649098425299
12.706397421066647 -0.47549321395696653
11.07208105918057 -0.9382538020372887
15.552202437609873 -0.22415316862559165
11.37487250559227 -0.6463768839218745
15.027923102243191 -0.18969924927536874
13.633754793234237 -0.15326028717751944
14.77559586584433 0.030883468209016118
13.683283578341863 -0.1086808852023752
11.76182358390298 -0.6533906280219994
10.765819696462305 -0.9391067434133602
11.039597273574369 -0.9767029708041631
5.833284708256143 -0.017822282396008
12.439461872103605 -0.4798713149322436
19.069514179692938 -0.7820612677212416
10.984605459234546 -0.9869152169638514
5.925307649560418 -0.5395293107575027
12.150479778421168 -0.4798182126347095
18.802391905722843 2.397442215499506
15.285990975919615 -0.2209661959294289
5.848462657384795 -0.6486961669025846
18.27592894229545 0.20317473374653727
5.970280346585798 -0.48855920649185786
14.451069933334313 -0.24842412203877823
2.5717044507327578 -0.22401031827605714
14.856251721351086 -0.22407313029549314
1.0058187905667066 -0.5886175143562093
14.315012455508185 -0.30779979159644816
17.335591479349414 -0.6921189975661367
10.612679526608742 -0.9333639193873347
15.805616242883005 -0.32181810689648205
10.580795496162706 -0.9362766544651797
17.000803500169674 -0.21072977408086754
15.552393788168022 -0.24769091271307686
8.832419160941305 -1.0045196644170944
15.353381186702217 -0.2122167348702802
14.417731344052536 -0.024274392195087244
13.57730049017767 -0.30649029140247636
8.969115181279996 -0.6972412724203739
14.313296535723834 -0.12353583840626736
4.933574522443053 -2.347266208837126
16.805892435778844 -0.2606337967773276
17.108748912881996 -0.18596823404521315
15.397534858780244 -0.34692933262109027
5.2947115881694 -2.138488280894985
13.961779097439234 -0.19155578645042767
11.565297992660632 -0.6656971505691904
14.057371303633355 -0.08094195811208749
14.345741724169866 -1.9828468300240913
14.517469477085452 -0.058222137584361094
16.205593976413294 -2.001598881687403
14.346128177363003 -0.3251386211108214
2.068472685738948 -2.0479338034959076
17.19764933342125 -0.09650053160073134
3.5232696734796445 -2.3608790531835093
14.862146483262263 -0.25334837850171693
10.412323487791188 -0.5597962517667059
14.216873247146669 -0.13246779542679743
3.5360897093686736 -2.8483753650897707
1.1239250616024306 -0.561694437636757
13.375436826248059 -0.20916514277623055
17.119830142468196 -0.17589791653582124
9.138072728192604 -0.6790333799018573
5.272060320138084 0.3212847238754097
17.167448259944788 -0.32670850114473254
16.049539971653054 -0.31395410792768297
8.627192479746585 -0.7297984280149159
16.216270166944994 -0.23488109477458335
13.782310983767129 -0.10099585761678816
15.872365234222555 -0.2546151386701012
12.502215495257921 -0.41337874147103815
14.639615268023034 -0.266470280096511
14.277454489468823 0.12074608150270427
13.694064980115929 -0.250388246515665
2.1579379009572697 -1.6694288893897886
13.484031309504637 -0.2622728826432653
5.828578113925916 -0.018140085085584484
13.443784389601317 -0.23987230747018734
19.686607616666972 -0.79992126489743
13.492165530262072 -0.21785915667746092
16.479266877086587 -0.2099706324359098
14.238000686557974 -0.32113799449126074
16.476766982271577 -0.21230813765350337
14.838040445590524 -0.25846528531512875
15.27674100930795 -0.42548320432239967
14.322409953933526 -0.33769656948928
8.43250194114188 -0.12012773621510535
14.751744849043485 -0.04715527911625386
5.733489035030734 0.023870052553193674
14.162632751005743 -0.1576533557443279
8.7411070761788 -0.053678050741196665
12.749665889761468 -0.48938927685020084
1.726842123744301 -0.4869671009917196
14.050666473315081 -0.060480646603049394
19.556776740444167 -0.8141837305083838
12.955482781037356 -0.4271207779159543
9.96079515545236 0.13638055597659504
12.718569756760063 -0.4939187910331322
8.49040144537526 -0.10365799883192843
13.84950682829618 -0.15428335851939243
19.531275688139356 -0.8095809993370896
18.58337128104496 -0.7048668282278154
14.661998569318206 -0.42537178920269386
1.7412760001096232 -0.47128570100576594
2.2639714243830427 -1.742661552401606
16.943942626690188 -0.3940385637088185
7.286487029136484 -0.2347813084047908
16.94230638720159 -0.3852438125566605
10.98956693498804 -0.9817333254874346
13.181367704681492 -0.33560961510635035
16.17856054072084 -0.21748035170308944
14.775001176342522 -0.033904510601881155
11.656101372563223 -0.5929536390507151
13.018728528541164 -0.3872747477492592
14.601898004339025 -0.2851429419695299
12.640496204658772 -0.488683123448648
5.969048027772154 -0.23711912341192892
13.80475682488099 -0.17089175111044944
4.696320338773014 0.4374894037848752
17.224049561100315 -0.4890252541275966
5.948040566200147 -0.3642328399419766
17.159991178629415 -0.6953043017960409
5.753578949541863 -0.3323067102148609
17.708955344996053 -0.7244304252224578
5.965683168206756 -0.25544197835924026
1.2055208234547234 -0.582117591952925
5.672671645554159 0.12881235655458842
16.023188443377563 -0.3170710739655433
15.85901739181666 -0.26368337485595933
17.594296356243312 -0.30501315047636324
15.633592989462006 -0.2676715531595221
6.664043622071516 -0.1991561635531956
7.323384088456506 -0.2273428597025051
6.041171514683148 -0.28658614407670674
17.9923620824992 -0.6647830411836918
4.792339893878941 0.45336695551307193
5.702948577399591 -0.33735058297198595
15.155225834223545 1.0093865401435023
16.605035779208738 -0.2369684709878817
6.011792343655073 0.6951238769829247
5.794631784241007 -0.13750587341810494
19.22004965364155 0.4039436586502549
1.457705573180314 -0.5520882730021095
4.252657307843449 0.7260473683433482
17.21470031956725 -0.7183984214803524
6.06368315665652 0.6920983548945083
18.09191430885387 -0.6080876772801653
13.128040042840908 0.2376995365275416
7.010689440267805 -1.5552475292211694
10.938740486053666 -0.35991124613272013
14.287952759687727 -0.5466809757947942
13.964959327217587 0.4137043980145203
14.225929673954408 -0.1527221184208869
10.458112289557253 -0.3441110414728092
13.955994156548808 -0.2424528433706353
13.501563233149811 0.37945767461368385
11.360883070270344 -0.8722990753105164
16.67341726088386 1.5793862397671166
8.008821204816652 -1.2095689475200258
6.951921160109079 -1.0154163440921709
6.615760971157034 -1.689988821312095
4.635670928042323 -1.9061125561509265
7.666655681715832 -1.3168175817220802
4.48117007679052 -1.9343305403347968
15.584259018503298 -0.2765531805658705
6.797921101058235 -0.977649528547668
12.33578803976808 -0.46670285944040923
7.037045439057072 -0.9145812917555757
13.611101003085878 -0.2501517466549544
2.579433593378727 -0.8061072784653129
13.957087774420367 -0.1087848731422174
2.767569090207052 -1.0989472738494144
10.134333714178446 -1.0075144848998372
6.202991287290695 -1.3116318241924936
14.630936330434174 -0.021038266347147252
5.976447059295831 -1.4101823608784845
9.322798356543064 -0.978531004019324
5.035162896967193 2.894340305325099
13.611533394820333 -0.19684385031924484
13.864257930156876 0.7288229901741934
9.209209961168835 -0.9787656901914075
4.325903186864942 2.812317793684214
10.802484864947697 -1.029939425533489
17.307391483773838 -0.2548998359567062
12.348426286194112 -2.3326860699220684
16.973196480373645 -0.3375942687434881
14.68401759229079 -0.27842171877416816
16.855634543969877 -0.36816967480619944
14.064367728582118 -0.42481139885359
1.7982325161008956 -0.014501344676643518
14.052682689647394 -0.2420290680208975
17.554176809096376 0.17074741456848094
12.309573531136886 -0.5121307670812254
18.842208079945678 0.46893766165631534
16.84749885231453 -0.7046156770649795
16.3445478132476 0.12569580571181224
6.569494406930012 -1.7130343915265904
8.173650930077422 1.078694820875022
13.83351115383483 -0.5792023321312378
7.546504916354966 1.1879074448093536
15.07616502355843 -0.23583650272790643
12.627812348228094 2.732709102272336
16.583282624501336 -0.22956759193574755
2.004647724842512 -0.03342488861196557
14.964373899576552 -0.0677706150492316
8.09053578079991 0.39967413200226287
16.771349690567597 -0.7012725190214056
7.6806758469225676 0.48215471128243126
13.918279735661384 -0.5574211332620577
15.633269630209426 0.4397547249631474
16.920669001947388 -0.40548925118375556
11.516862278793086 0.0865086158551659
13.883115254878138 -0.5485312385375182
8.529308168431848 -0.36239660723686484
16.970578367698664 -0.6323184201092565
4.582599668891756 2.3120960636725996
5.755968736362038 -0.3072095060949148
5.534976168022632 0.30210719077975234
13.935099371687333 -0.5113691757608542
0.15900598151486894 -0.4726359551785651
17.197215751905087 -0.3483773246173208
18.22636373543913 0.9141405417274566
13.986031962939709 -0.5203482335647139
18.392532305603275 0.9425838633173934
13.74425354312871 -0.6374490618509827
18.67956597759794 1.0278635134780112
16.973679072757992 -0.5718821251246162
18.639564374834674 1.3524585776886435
17.893990123678932 -0.7022945356170797
19.88918879137693 1.947292272078742
14.799283928659856 -0.42319483245774925
18.59108096975192 0.4971135746447645
17.12172461982557 -0.3757551834252419
17.537422898532952 0.6907168297975884
0.7776280074574864 -0.6006524824059923
17.32804751491192 0.6674633005305751
5.876238363999852 -1.8990816918434004
19.609582045162547 0.5400711021174149
8.820616924421298 -0.05238380054096477
17.33383134041822 0.3377872938661898
13.366841590584679 -0.3953712976741466
1.8377099315939167 0.16808949143309362
17.626788749665362 -0.7155434915697183
1.0235710429526539 -0.5079687812630471
15.030513276772375 -0.35485964151860866
16.98920126508884 0.7466362645182999
17.899248241341507 -0.7076016428614292
12.68088285782601 -0.25756177123433843
19.216226884522175 -0.8216295882705871
18.01750250508168 1.311305616176838
17.239533577229686 -0.7124640434937074
0.16936338137209028 -0.5074424440495341
17.00013795009701 -0.6386634355999156
7.926840066560644 -0.7516564884601317
16.85318207734101 -0.6298226860907282
2.6714125984091375 -1.421199179921181
17.170804441179335 -0.7086176412855232
12.211263921601308 -0.12594832130163489
1.1112824603001366 -0.6047301425742893
2.894070780168146 -1.8004350035549406
16.984017403623128 -0.41708595584623404
5.214877137534093 0.27941006000678503
17.209132878432047 -0.3622542763492102
8.979808956627576 -0.04713469198392786
17.052656139428805 -0.5194606200276195
5.331391584975377 0.2501682237254479
5.72491972209437 -0.38220540415007187
7.928583878318644 -0.23330328604362277
15.934107713544792 -0.3321880518523573
5.471501676424416 -0.8890944286418077
14.678489435129329 -0.4442782394615861
9.161365221389543 -0.005154228941077154
14.496106152452688 -0.4884736788450396
7.28148205613641 -0.25457358724063545
17.449832060392573 -0.29178245373513395
3.357755114612007 -1.4906569404324972
1.2173795698740217 -0.5825606571301375
18.166855631229453 -1.1283621906262273
15.741147363280358 -0.3802252527407364
5.318678259040965 -0.6065275378479397
16.579663128959304 -0.37338556289578045
8.063054225526846 -0.3040756903384506
3.178960065928402 0.05525967276462452
8.644214879814575 -0.18318985928203155
0.6154808613710752 -0.6177628280528263
15.047980928257878 -0.5548172049860834
16.64837441483174 -0.37528914288002296
12.38523804267461 -0.2367704120296668
19.250730877608653 -0.8103841902535629
17.23788467695416 0.19217583215332126
17.13458134162311 -0.35027484112043145
2.6505791914517154 -1.1378732667966256
13.240179017858967 -1.093293198538259
16.87247798432327 -0.9931131160065263
15.095407967143872 -0.43021878457028356
16.39133509402334 -0.8194529826385949
13.3695863101537 -1.0365672487333162
17.051482922784412 -0.940166859560962
5.666943421371747 -0.3705199684528994
8.212984210152628 -0.2097217263866975
8.200760603708522 -0.24880303958831163
9.06058096984263 -0.04215586833193245
2.5206222644023137 -0.2525429303357756
19.776573799512658 -0.8245082835134494
1.7328822852303438 -0.4945247996194494
2.840843534263297 0.27292189247733906
15.957798785412548 -0.3362485086732739
2.5419804846120213 -1.9736230366872765
7.828471213870191 -0.24506356932947698
0.1756505697960371 2.57061213530927
0.2838406658064769 -0.6516589247891604
12.878335145270633 -0.19139560069498748
12.925253528409106 -1.227416915518569
10.70110900063229 1.8739658436484288
12.948926313592375 -1.192419521287664
3.692544081254166 0.7698682274271484
14.398939456677313 -0.5242397449835009
16.950824410262527 0.3009174287188976
1.269266193691046 -0.5821436577949707
12.503153510527502 -0.2562714183403859
3.0395856925100513 0.013956273284450038
6.8958191285759876 1.322055558668696
8.847143265461632 -0.07594708784830251
0.2951749207876467 -0.6842957420069957
14.206386734224465 -0.5828785774905246
5.543648233934633 -0.0889606418911664
12.22332730968172 0.27585613123069513
4.3283045373555025 -1.7431394647802836
17.218020985307586 -0.331938172449376
17.35393951941327 -0.8899979990989773
13.069723846444173 -1.14011031393728
11.410153919333336 -1.706946688777763
6.380764868000153 -0.346232016101059
12.567733110818649 -0.8408011773482185
13.445500155641115 -0.9756051249608874
9.327983768073747 0.036407087980879174
6.383409430678862 -0.3449518631004713
17.407573328179648 1.9189434949473638
18.54898095955105 -0.6987889676236662
14.561157519800739 0.1206320774626363
16.73356635242148 -0.6732026679428922
5.400375858549222 -1.4672739694570893
8.850417788653624 -0.05705697765600226
3.3878443609416187 -1.5388789794693447
14.015622534445168 -0.652537855397054
9.81749590701145 0.13190708200511497
6.272821514019073 -0.39599916884261444
4.3641516182954385 -1.7335624530614226
7.929342893639877 -0.21025520382561125
6.47364306271099 -0.9519741718688477
8.456405215929333 -0.0690951307493271
15.904176243062718 -0.8235625335070434
7.070528227529253 -0.27766433310677
5.153366488398619 -1.6131892351091763
10.52916038582864 0.09293676519751157
5.290628169434467 -0.571813402009453
17.16704619041462 -0.7017138505573989
3.7194632821990963 -1.6314146874432538
7.631107763996925 -0.24494130783371162
16.40050846774299 -0.7704962721403027
7.580472101915358 -0.19703394577983863
5.427201771589549 -0.7838054287660532
8.29575472571882 -0.21709860396460778
9.580857370339306 0.08966535943295703
7.666491876360874 -0.2511866070640291
2.4880719100820343 -1.4512896199529104
8.534299099721121 -0.1287450496983769
17.50705531156079 -1.3808076509814713
8.488791458638069 -0.14681746617298166
14.547839479863503 -0.5720105611059372
7.744102868560451 -0.25243189934802956
2.7915370136064004 -2.1181287486288127
8.507569936939994 -0.15668795312775022
15.710427152795205 -0.5361601663499215
6.920000207366781 -0.18920402383989687
18.145275523997764 -1.1324468807828927
3.10628560131863 0.02805467494417682
15.55490123298804 -0.4999686328617538
6.836270970207192 -0.24950101467040775
5.606099232284784 -0.46328763630657316
7.405998227485002 -0.22359586949946778
15.255994601875708 -0.5431669951185317
2.9365496620329674 -0.06102580718573928
5.3935635103829 -0.5854402496135125
18.908252647749844 -0.7701209450730202
1.9177469927487123 -0.4675054363821326
5.898427852196344 -0.6070948208394583
2.2122525164000737 -1.1111056220013398
18.753580384353292 -0.7719558370388299
2.2961796027238717 -1.1018855088737773
18.614688842590617 -0.7806701770525932
17.277047225279073 -0.9061009219264953
7.440541604317984 -0.19394464614492923
3.335344272463858 0.14693827534437168
18.587090166639474 -0.7685337520572364
4.313912245207002 0.4012346291126997
2.2669437081242676 2.9395718212248365
4.656818462533739 0.3978167135904985
18.808337557864128 -0.7439048845610547
5.624078526575347 -1.3619738587993149
18.49364096187665 -0.7783704846380923
3.490576407803917 -1.5401659098233873
12.525378310325857 0.3768707690909701
18.53029219766355 2.245914288608719
18.859179513386767 -0.7566479521389946
19.968192377665527 2.5532951537417916
12.002881435447327 0.17376204239251059
3.1658784045056763 -1.0618123501883157
11.677333770795677 0.09931664500434467
9.741688344947843 0.02685146940880137
13.719084478289064 0.6497503163430605
8.668650824634032 -0.5263867897751591
0.06663858309404347 2.7956973821051845
19.186851074800455 -3.0279375172669383
12.695943602077952 0.4549868051578953
15.439692903336395 -0.4996709110357578
11.454029217819665 0.04545602978013385
8.973711360862485 -1.0742776900329498
8.376475976257403 -0.1454205347546966
19.844145215490645 -3.8077112434371103
6.857308225638412 -0.2771953653811954
2.920178438541515 -1.2578372417326835
6.862788930007915 -0.27481177764342624
2.7286207926407235 -1.0210085475850057
5.743594680334725 -0.5949167750074575
8.477276324627859 -0.5562560806404603
16.754573946226365 1.9336340926876998
13.048680720185985 -0.14399964744562216
9.830905997614584 -0.020102400421310104
8.977034178973037 -0.4247321476085191
5.766273437560443 -0.47127532226412655
17.131558438508815 0.6275758841814896
10.827607934013102 0.000609945269716276
18.24692935480617 0.5783456529905457
5.85561444738001 -0.4570790720946912
18.926220788144853 0.5969345497442718
7.120526358671078 -0.2615020244742358
19.640779357544282 0.5184475539295067
5.581007811710287 -0.8192627180258752
6.080417991983546 1.1833670105689504
8.204857792015437 -0.1534817325439778
13.245563768200372 -0.22160926242325096
5.934206330702798 -0.2879844682994385
18.4589187491604 0.6279274115526459
2.4973249652451757 -0.7377805685086964
11.526176618288074 2.739925476203285
2.2439155470479144 -0.5986135154956252
8.588446142750886 0.23810408572092592
18.017172206896603 2.1814987153579604
1.3407889308681298 0.1349862734983833
4.632188888552416 2.8284525817230213
11.813626826027422 -0.31311219095972714
5.635812553224057 -0.43788688374607426
9.937735044187427 -0.5887696769266928
2.6580016549000876 -0.6678640941873357
0.7193709132322679 -0.35213583685160965
3.7127966134617214 -1.7445810199332366
10.484676977784133 2.5168463300396557
0.846795083314932 -0.8291369117022437
6.751169883019885 0.06547673161682328
1.097281155351766 -0.7774049712489006
19.98810216775609 -0.6185509785103378
2.3852457851851128 -0.5854080508841973
4.748901251223194 2.309189124165087
3.1742414462211954 -1.2707972787917345
7.994490564384817 -0.1795838939992952
2.0936569120899975 -0.6098689349556472
9.195200775157886 2.592391210527236
11.639981727432753 0.026137949309451645
6.9464600803977845 0.12590887376419782
14.484063268297142 0.9974261264010327
7.821918767886319 -0.15632648030525348
2.8892398776841195 -0.8106098105215765
18.340596115935213 0.19659511463760826
0.22272059776966557 2.823658152588073
2.1180134626062275 -0.37766109293844036
0.6003456595012965 -0.9017115226533252
5.872872004115279 0.7042314560842337
8.958091522531143 -0.11689483210991403
6.83140400383814 0.21983095763008176
16.18265677939599 1.8182806290609346
6.7939977032037895 0.465684021670244
14.22902616154591 0.8494846670193867
4.2687208002794605 -1.9165893685584776
2.005228140662637 2.9233010232644085
6.380376936329423 -0.3215192187271305
12.140567886809208 0.2242290146539514
2.7929972024427343 2.882213646838448
3.317449288524125 2.840656467939754
4.245149784876009 2.686396869050738
0.9849947119195412 -0.8428656444372629
2.4682678723751112 2.9127444064448724
2.6845599748082023 -0.9352227776146321
3.042010126751113 -0.9330761714355246
19.990683597842796 2.7452739583062344
2.789937510560903 -2.1215406050572954
17.65001550780858 2.091028563763386
11.242218586845052 2.7424173072125404
4.672829909477613 2.841102923277554
0.5886820084273063 -0.9414924100476915
5.620441772511764 0.030756440274973068
19.593770939769072 0.054589006740581675
19.58330491983425 -0.9956915498995998
18.096922633261652 -0.11397279250648895
3.1041795988853416 -1.5015484649368755
17.04237562208791 -0.8752122273658194
2.1305493815683825 -0.458793649708327
14.64714216805715 -0.5606044858325445
0.7461106365347185 -0.7215611762043668
0.7617467583321972 -0.8958694475285208
0.6699023497372534 -0.766939914614139
16.729750353808093 -0.8660431888274667
10.555189153150435 -0.008767373092353316
19.245511690224244 -1.7924927458323536
3.089865831827106 -0.029591828886382072
5.536895392922605 -0.8746920169092934
10.6466720201363 0.0026250385920715616
17.267914345778436 -0.8763065357074628
6.735118519295205 -1.089970961047697
18.840307994647972 -1.8096604623863448
18.50352672262127 -1.0204865850322795
17.694416017018245 -0.9377485810439109
1.626944075843258 -0.5874424324608518
5.468770999108768 -2.280297265026087
0.6751618295170844 -0.7572657801809538
8.76785423205023 -1.0896033211831342
1.7021311888316637 -0.8062600804730051
10.37486179259285 0.0014089065965873452
18.357538740164998 -1.0549645420957323
18.017149183632213 2.04085204479339
0.42025752360491253 -0.9008876045673991
9.786825939208047 -0.24709793590957652
2.684708228836295 -1.0537929059764597
17.692732183263608 1.9757255575988228
7.736036988583448 -0.8087672934539408
12.215716526440566 1.4187919113745386
9.940104118266673 -0.36462424356026346
6.6875696912441205 2.5314664694271873
11.965504704028648 1.455662942465564
16.526817865661577 0.2776866412915169
6.1049647974519425 -1.301530111336836
8.798250047080371 1.901019259790753
1.8500830954758378 -0.8100322988568176
6.051243139691732 2.6551639163427225
3.2492673425394387 0.06888253758441842
4.6526314593913325 2.8972349072030745
2.521563586212121 -0.31903194483939235
14.635990954657924 -0.8181452763976789
19.304303930712095 -1.1296520831186547
6.6633084788663846 2.479273239798698
12.075231690725003 1.5200207681826239
11.671856690426107 0.16655991464991338
10.50526062225697 1.7268750598425775
3.4593464473513245 2.909257727683993
5.585491462222516 -1.4838749716245616
13.211073868151951 0.5990108450809809
4.482277323845091 -1.9122699608048646
9.416426854939417 2.6073261046559684
5.832549477819381 -1.3647833804095189
6.363799093751971 0.24985184910069314
4.129965965817783 -1.9253263362234325
11.714364750683234 0.18085354174198565
3.23034203266932 -1.5267118428286424
8.689830655263098 2.3908507057910096
1.5279032541963036 -0.6225734737230573
9.455263174924008 2.6068952067355236
5.498497253189782 0.9651668644967268
8.67011801783368 0.21757881891876382
13.413497271317999 0.25204819039432436
7.744542785652515 1.9323057382051596
2.7808820498865505 -0.8100067319509329
7.760800851671588 0.17309934557932616
2.2315173758627878 -0.6810632483526134
0.5531393548809529 -0.575309524173872
2.390143409084816 -0.6171073008980612
18.09695682342054 -0.33140032632616967
1.3248259485547444 -0.7446726854440322
6.322751001905174 2.527479309079678
6.252524530529292 -1.0332459656437438
18.25625963347678 -0.36571720521968637
2.0351901265731795 -0.7419155833177901
17.939854442512704 -0.6332451808440149
3.6009913315780517 0.3574232501476903
9.501062252068161 0.3364812920998545
4.222779515746037 -1.9952940076680756
6.335813983268489 2.370690991954325
7.654724874656833 -0.8250564138775629
17.95573207525898 -0.6148104206748946
7.848207111034239 1.58046485792321
4.026471919809565 0.4723369674844674
16.114394142897538 0.42654747244470775
6.3353425486055785 0.2994764289717826
11.580507032663256 1.682070577504523
18.091321057673664 -0.46834450955697193
17.32970439805925 0.18748771136330766
19.832581757632052 -0.7495825777640112
11.235298336428475 0.929826612172417
18.87222080333742 -0.6731958803363605
7.438383733575103 2.845159928208447
18.60010742500297 -0.22133394265771947
0.7554916140869762 -0.8392888310441201
17.99373321480615 -0.390568063319063
18.447025729486388 -1.0246868011924615
6.08964935240549 1.3039401738042196
9.100106411221573 -0.35604597372653246
18.816959766127578 -0.22657927336735106
10.005388158540221 1.763293960545404
18.876494283873267 -0.19789304462038104
8.19840631381393 -0.6453422974619053
18.584768883765598 -0.6047599520622734
10.685953468237647 -0.3176517281624157
7.265453728874359 1.7227217606625764
0.6756237746281901 -0.7509497451135089
17.301339074389585 -0.17561452263895216
2.8449852870461654 -0.6353210076534571
18.257127851899472 -0.32702874470661397
11.718374252585265 0.07151641311356449
19.370214157979625 -0.8020673677068078
3.4984244774706217 -1.7275368500659074
2.2023944782570988 -0.3305321507027857
6.440167891237907 -1.1376200745845964
18.090476262668755 -0.5802550268597579
12.193295397411779 0.9169030816456881
18.005804834386044 -0.3533325180643385
12.073654660412808 0.9941943047259562
17.955199906695125 -0.5163439245995992
12.554141484459013 0.8913727148517444
19.158731568507076 -0.5892552558908735
12.91023048039303 -1.2113898949951007
18.38262732537172 -0.5155922523845955
1.3361524114400471 2.935925466869127
17.54286345894621 -0.6456922755019768
1.3932051752547605 -0.7915621916109497
17.98302885815207 -0.6358516960607197
0.3374636161372419 -0.8013172201123285
19.76328083630856 -0.4509907045184948
3.808123207626623 0.3029259160387048
19.590495958967818 -0.5362986337245005
12.51160783175192 1.2337959231404716
17.787191703212404 -0.6614304719785873
5.824127054665713 -1.4244283436851342
6.582241428741789 -0.11683884510374865
13.015280860050353 1.5640396659130196
8.496400071159703 -0.020982421998990843
2.340331223641786 -0.8791235317411606
18.568636008215872 -0.5840252888402196
9.931489456107132 0.009611238975047759
0.09344038354869455 -0.6640363604653032
12.011852957429054 1.4761071159089858
9.252328551512202 0.18399598549252374
11.423894981978544 1.0123949767172176
8.155023940204208 0.013323650549812693
10.393800165164784 1.7157984046603212
8.203490865165183 -0.08504713636217397
5.803852066757075 -1.5321043888302122
5.460970600642279 2.7066645627876875
2.1628861741566885 0.06243466714071568
2.2108943695313634 -1.0970651607859774
16.321180677246737 0.31732525276145435
17.80182943679129 -0.4743135901431641
9.09041640763423 -0.3790855180867847
6.3339722912900065 2.555420087702604
5.151363517824158 -1.7254973556009126
11.069766130365782 0.1211872072474946
2.0492701357696563 -0.4803684712059441
17.81877224697033 -0.24916636573002968
12.894060821181407 1.5976508067845379
17.83734197348189 -0.5547467612667841
11.873895606160085 0.7898170019167254
17.384515418020282 -0.5198899004491105
8.425282941236278 1.7942264695604495
18.062600581071468 -0.5951763306428026
4.7547695452018335 -1.873724695320644
16.782789554471226 -0.3182123088009453
4.165441069127061 -1.9209509565088345
17.499657589096962 -0.5139619249614714
13.999292156648321 0.4110850797961234
3.418241339416072 0.23970961498740792
13.076973167879974 1.5346181864098167
10.344382969715143 0.0993359281470095
12.5692918283094 0.8981483372171192
8.117982548153932 0.035894301001838116
10.254144780366548 -0.3858080867549609
19.298743149338144 -0.5363084018112021
1.6517086644401615 -0.592613513673456
4.576567578626114 2.860263543271627
1.2874929065672396 -0.7514535534222979
6.093163297094593 0.009528317753842046
10.22735069279703 -0.4096180691910766
3.857792523820805 -1.8200177439581537
11.960844908897732 0.9103282680871967
10.802013491851548 0.7818376112424565
0.8186767885589769 0.031740759152558
9.92176350024043 0.17902717474248514
14.277738572036752 0.5084867197899906
9.165591574515568 0.3287482230963541
12.145145098854234 1.4047804479723052
14.644657420160428 1.1415825955481989
1.335092118916814 2.9364462745140787
12.2392143608518 0.26901979464773823
2.218408696460567 -0.8568285668625512
15.601799875242895 -0.36904997553012253
2.3087744972296247 -0.8692717738347042
3.243802153652931 2.872283994403822
10.475680319367658 -0.02362199905746507
5.921336826718831 2.6740960318336424
9.430103527411127 -0.3043140398558107
17.061472463885664 -0.24076635571737218
12.276559676013408 1.5004730882888928
5.631763742559366 -1.4390583851537884
1.9831428681817411 -0.8673841849303744
8.283813620397959 -0.09785930743407374
5.79973881729237 -1.5454509464341097
6.330048513343518 -0.12914916057685027
6.4999992417187995 -1.2045778610112237
18.906342295826917 2.4288466051344435
0.315420532018869 -0.7529261030800694
5.114498010098922 -1.849346051181715
1.9579689211422664 -0.8716836960241513
17.296890474409533 -0.258851561320679
12.00444259702531 1.097206525644451
7.2608973269936845 -0.1028518030587731
4.098379059531167 0.9166063325133871
4.6746450756626166 0.4729580294072655
11.751251376206863 0.9986010948963215
7.51797003060105 -0.08055503633428619
7.823293770643784 1.5636333605751402
8.385930427850953 -0.5196519671662772
2.9056483974111087 -0.14237803388955472
3.761503364877343 -1.8642276322458873
1.0163625743789346 -0.6954859876341088
2.0685545661331886 2.909769852821868
1.4804865916990715 -0.611061022083135
6.794416584474734 0.018199943481327717
12.22872664539333 1.1409370594493282
9.921145682320908 1.1019719395429524
11.922813659424149 1.0650504550973
4.816943757870159 -1.8189196049123546
7.659925888822113 -0.8329759536508434
7.364399306051846 -0.07281066236887161
12.084201803736613 1.373259745122016
2.199377499223006 -0.6668474715293058
5.158742401021979 -1.7232588122934027
7.9122909570613595 -0.20856110409969164
9.789018396481186 1.7630180154972297
19.516560533870273 2.64403826510152
11.748588269275206 1.5363231855974582
6.495327623875095 -0.10160584495054023
19.590600086952886 0.32925672202687245
19.97556646487686 2.807347787191986
1.7946718289222638 -0.8856591182761631
16.195382365530918 0.2908824807901589
16.904158245602602 -0.12217894421386796
5.515388575999528 2.1385925036720455
14.523403065853959 0.706300659607896
3.684223597973822 2.7664516663617507
16.6444093655974 1.9211642343381092
9.439222678316497 0.24053541734869976
15.124793238664914 0.1792634305700781
6.403777649755421 -1.0671695469999423
3.3522906840414244 0.5308185652413583
6.011368076392947 -0.06983865455861984
3.13523902632709 -1.590061422163661
9.811104400949784 1.3400267149940457
4.318878349211115 -1.9743034366309347
1.952360092457028 -0.7024320072614579
0.6144913199135646 -0.8447107001263197
9.903832228828568 0.24125594182492804
14.707054486291701 1.1616365205902568
17.600676630285317 1.8076215839667225
5.9172249900748985 -1.3255718526156548
7.064367910042401 -0.9092659010306624
4.097893329898067 -1.922670197044665
14.272149317849165 0.13997550966697475
13.687855488494876 0.3113877814008032
19.910038996896898 -0.7345893766010452
10.211457579154825 -0.39774103982695375
9.669643601594892 1.0983557608135524
7.076855118321407 -1.026910170767174
11.500815272588026 -0.5961823914818212
7.1834473514864605 -0.9867013185836038
11.474696947923004 -0.61591119598757
4.650550311286331 -2.169362483845144
12.60162518149978 -0.38711295994189276
2.8576841953414664 -0.8992181471673819
4.312753580278954 -2.4282360573416746
4.733729849924111 -2.1488730774966727
15.612895249938072 -0.21054062608489402
12.575314001230026 1.4160569100438385
2.388514264617549 -1.474793517132555
5.346076701034597 -1.8586049821362183
3.4534913834402197 -2.310728193603782
10.176487993622688 -0.39579868672938767
11.725489487359804 -0.6729573360150171
2.682165437011303 -0.24532762098669242
17.39963795514497 1.631306722932702
8.39648586075039 -0.5595685212874066
11.025496233357792 -0.634653917599641
5.876603234083988 -1.512786305687338
17.676886223105235 -1.3582491368042784
14.05802803643043 0.34130088712151757
2.531192311101271 -2.2051045461782626
11.243298176289251 1.6981976799274736
2.470745653314343 -2.106200737000165
6.829604165331022 -1.110183053437846
5.115945817327066 -2.156788568338552
18.585923196419095 0.43011784652231216
2.366487654431475 -1.9961522925771782
9.632650187989698 1.945554040963958
12.463061859508029 -1.5600000166242098
8.61647672462096 1.8457318461260663
17.92953903726441 0.16239365516299833
1.5205504854894152 0.05159528685169143
17.694918644017307 0.13886007766344585
10.115623381653316 1.7046502104325603
0.776430698938001 -1.0249670667580097
0.5635949324573994 -0.9046172563166002
0.10820995270925225 -1.0538155600203678
2.2361363317976175 -0.40722990316284075
15.32168030426248 -0.7519771353232585
14.343350815686247 0.28496149770249773
18.561645747339153 -1.2007742045958707
14.169998520052502 0.37430437769168484
7.681962102057926 -0.8774353864562583
14.334791531187607 0.4811082749120185
2.116577282183692 -1.210443168725861
12.161127547180575 1.6623801868357893
15.861170098479716 -2.0316680541102317
1.245681970342269 -0.6531947965488155
2.1145963911818977 -0.9973009992956239
18.42490700185246 -1.0316248174104377
0.3386640767299972 -5.8744577520749806
6.8481463544562855 -1.0964521251103474
7.529382810440351 -0.9433593494647895
11.533129766027832 -0.28753210683289687
11.165389274634718 -0.5760125643457282
10.759193328609847 1.7318576306099325
3.3945964197971454 -2.266594503832469
10.85431590579977 1.7366379844573758
18.63331509361281 -1.2257848322778895
9.719394229196872 -0.34565578634973715
7.231725894087444 -1.0680087269086598
9.988885107514966 -0.4702634154784055
2.694252203744267 -2.1379744627034944
13.483981738367815 0.30580075129834816
16.39465221886606 -1.2128588041371609
13.316630153326072 0.25057601315605554
8.427443512999357 -1.0754087200793065
13.309353569022681 0.23385720717327552
15.070779886712236 -0.9467975136505016
14.169298569695643 0.2019012222078624
4.350893112407854 -2.328454914761025
13.765274985728722 0.31640401951383007
17.25000587580674 -1.1432290404769498
14.689200354468799 0.4102893440713497
3.3212946121022577 -2.2531101452241
12.119043216814257 1.661346844892042
12.115629513660846 -1.1559073264203632
7.956102812437435 1.653497435775183
15.23860929810998 -0.7069206123042341
13.395531860677695 0.19753453230131912
14.726544794311984 -1.9009469803653987
4.439375098849152 0.9127093889341055
3.4483632119415693 -3.1605717453427866
14.072797390836362 0.35695454882815564
12.606873460402626 -0.34352800914558246
14.122477376420033 0.44220585005204555
11.942181027726628 -0.4030635222686248
6.544452215687343 1.15544809517034
17.44403009093208 -1.5575518413151466
14.186034671007082 0.4994439367291342
4.906196273529192 -2.123054586871189
14.781703253745704 0.40435254563129513
11.339458794799244 -0.6198628215535759
4.959691403959239 -2.059274267734587
14.443385070928136 0.040720307524329494
3.3021931131701074 -2.182589430567279
14.838080495296518 0.057687762195199305
4.4279275876005215 -2.2309228323449712
11.783327352835963 -0.17198165263811765
10.097017939798773 -0.378817725189918
5.134940448762222 -1.7563898021241426
3.0776202227263796 -2.1142152942160597
10.218110665656322 -0.5833370647149889
10.289290208739686 -0.3602381302975851
2.284704831535544 -0.22955941516823003
4.033241938951824 -2.2535890459443486
8.140915789180122 -0.8754988219868484
7.404277607168575 -0.9122312369288866
11.272581024821152 0.2939448142573787
19.990407014266157 -0.8315057631191181
19.770357176806733 -0.685214754346686
3.082675979151664 -2.108864304413289
0.8183467982453647 -1.1292947469346029
0.6800503120677512 0.045096890059384956
17.936297179082253 -1.0544999641277542
0.9944595519722975 0.05793838516341131
9.136311818981687 -0.5071333916835493
7.843062774547781 -0.7781362077998616
19.14146533318272 -0.9848661889484525
5.321153756834531 -1.6814487057945522
15.865463195575822 -0.8716496372508887
5.895213150581001 -1.3868549706994215
16.693662282579705 -1.0867018998814526
4.242751580449489 -2.2582471250715397
13.533720535587548 -1.0412988731255979
6.462301838541408 -1.17630113165858
17.887924761426575 -1.153665174987361
8.169941251740575 0.24096179536661266
9.035922126202072 -0.5019571843646251
14.428312922509415 0.5493833790333146
13.222915955286387 -1.3718827793281232
8.70247946300562 -0.45528094254316764
8.764355042635485 -0.5484400373971948
14.451986026972767 0.31596871172094093
2.6102912213186777 -2.000508444672092
2.8571742988477147 -2.071926093029603
14.278898914923046 -0.6396664705956453
9.978185148280492 -0.39702684329462906
0.253132750515346 -3.948804088089921
12.61241464082507 0.13617319228489477
11.366248699782341 -1.5852960316627502
7.2013065994522885 -0.9921740769100095
0.19694743942166426 -5.351729541652154
4.55815273884754 -2.190914545536814
19.37123063023818 -2.380664793898907
3.80790220255547 -2.2696151596085214
9.028666545839748 -2.7491357486260286
10.883210691166388 -0.3545272128695459
3.2429182747758207 -1.5845792731934418
4.011233979743456 -2.2586695497888236
12.366925516349566 -1.4257067040164646
3.533495254488112 -2.1933453149110584
12.627694256048645 -1.339526752811479
3.5967434147056254 -2.1959583197280454
5.244946525627949 0.046599791040845766
3.7952531180912943 -2.2400284316856487
5.964543678428888 -2.7360602387519823
3.9492613488522377 -2.265941270758404
2.026660233957183 -0.7549352206506018
5.851893284169841 -1.50551826183736
0.4198282010696552 -0.327807502004057
18.90421052424727 -1.0277196517962346
7.181502955103124 -2.56424496108995
18.625936757675532 -1.004102626726748
16.65268196260536 -1.102844701041323
0.25046588529239266 -0.760479291606375
8.293010313280144 -0.36680190205334634
3.485045989508476 0.1999066370856058
12.446395388757065 -1.6578368001504
1.6775838688740081 -0.5579644967935222
5.1621863610635295 -3.3082613544416857
2.241298755106181 -0.3979951114776911
17.974281663916198 -1.1132800417306457
5.107446053642996 0.21459512628608027
17.758688835845962 -1.0550742307198833
4.316930012403005 0.36278577949923574
15.726100982010609 -0.7686436129955166
3.831279160478537 0.3131888248273435
6.798056964086428 -2.531791780904913
19.92034878661524 -0.8498320397164196
16.09520041477825 -0.6972481063112277
2.998521749610779 -1.2185634763706603
1.456482234820803 -0.7062290572980137
3.6074723487098925 0.25203547337484794
17.739103652055192 -1.214035247403591
6.004617727324304 -1.439002525218897
7.397485907555722 -1.0250859907760181
3.3107367347712167 -1.623975406340732
17.38808453788879 -1.5521132013381251
6.673820390302884 -1.1354762303683112
9.066109473624403 -0.5395593058897388
5.817170614335152 -1.5407492460406245
19.910725561572708 -0.6468648281259228
3.9821113006885693 -2.2415329845717062
9.639239597043197 -0.6233046124458985
6.904771344362224 -1.0656439923931402
4.1595065019358515 -2.385689361692961
1.0514054193084525 -0.6915123916096519
0.9583941137503388 -1.0248352667107585
5.072704537777228 -1.985784503717988
18.021942904416917 -1.097284575126785
5.835630511325825 -1.444836469349575
2.407513375543365 -2.018737016530264
5.574564035641908 -1.5461231332229521
18.418039974524948 -1.2032462603388057
3.9702976989504997 -1.954159927490121
16.24344492298866 -1.1181175034921869
6.808121913754418 -1.08063192739497
15.909137958368797 -0.7703298018873354
4.478074424462026 -1.988905762876451
15.842050967288712 -0.832726446107468
0.27718654554629335 -0.7253469012179872
15.705991146308175 -2.0016383270290343
5.742954050125686 -1.4757177780001531
17.445550105274908 -1.4318844555285803
5.6366554969889995 -1.6315376816023421
16.83104967505052 -1.5746157543427894
18.806383727974282 -0.8634132612245877
2.151662066921005 -0.8755325023065563
19.04440870673701 -0.8919758001561712
15.548219399241681 -0.5644400212719505
1.2803663007491568 -0.6406702276383403
8.152291831505215 -0.7400438261356833
4.596377019637413 0.3799249848489788
13.141415586944095 -2.079041034344151
4.152436519385153 0.37746870006801003
16.272063391754042 -0.8865194752116452
0.9747474303273092 -0.6857259694692177
14.219913429876607 -0.7682323384646182
0.28870414468370564 -0.718500743071365
13.31320943388559 -1.3391796512233536
2.6048689155576605 -0.9261357375987083
17.271231995902774 -1.1632033644017874
5.293396690956159 -0.01899162657043467
13.483994297547047 -1.2535313084689301
1.9212285184782572 -0.8528150114494405
11.18465220066778 -0.6231875671481489
1.4734668576634005 -0.9267071882452689
17.492052276692068 -1.5040481889961104
1.6403623571098809 -0.9137092554865962
14.948335687633879 -0.7657094875468843
19.82854315587386 -0.8636056822122574
2.390771487516193 -1.0873627190591084
4.740393076815818 -1.927156878267192
4.432476389575942 0.3961081313468531
5.803628284602053 -1.549587008234181
5.143214106770853 0.29953105927437507
4.733317162161678 -1.9327676604823494
7.681375138195137 -0.8717254387462239
6.376551525267759 -1.2198838903455247
5.575765349224057 -0.06476291776910939
2.0388359430668603 -0.848631750894728
14.992457359220856 -0.5565684767081763
3.7624732779928047 -1.939352718264423
12.239956336101844 -1.0647786739137945
1.6353357714066532 -0.8208715541406075
11.101756995567099 -1.0028768113425384
2.491606764909061 -0.8971032234214558
15.370475261104335 -0.6029681347409253
17.41450251895595 -1.0592604198214857
19.31439112902242 -2.246376258784006
17.68779710848029 -1.0084286658163146
8.849982473096748 -2.881429157185653
6.417648002004997 -0.4635585070708329
13.39491446782492 -1.445473901267891
5.1010583893847175 -0.9071188028700881
4.154913252688518 -2.9021641647177905
6.320313840454469 -0.5377495242833494
6.960006900832699 -2.5112185369466977
17.639339564118597 -1.0195412959167818
12.951040636831976 -0.3392801219784712
5.985371278487598 -0.6795043831698993
8.120810252151989 -2.7304045132555914
6.176808292485007 -0.5165447734363334
1.114454700370382 -0.9117422517348566
5.573768478337832 -0.8735858695238733
19.987083437864744 -1.087215730816836
6.226788656691807 -0.555939535127773
13.273659622984345 -1.4438856222747272
6.144364232146446 -0.5174869793402156
14.19207527181595 -1.063819339007426
6.233973098085413 -0.518555286948677
12.516826785678159 0.12735463094647392
5.528214829611888 -0.9383303245446121
9.741455862213028 -2.7879270244576015
5.453263840754802 -0.9414757797479565
1.4509462244697566 -0.994542610693727
6.031202184929213 -0.5670771980810803
5.339641212448442 -1.6502698021923612
6.508055806826455 -0.3682918208659351
14.326809596710394 -0.05725593296873546
6.81420562911445 -0.3595102690309363
16.982998220482187 -1.5795569316769495
6.080505590680633 -0.5828622713955219
5.151641660745809 -1.6898830884095952
6.299688825065806 -0.4254679012266398
2.2016704179309414 -1.5471271333794765
14.320501756111007 0.35874563798443454
2.151832469357012 -0.6973813326346896
12.384327565913148 -0.006987523694818754
1.977189978791033 -0.7166068055702152
2.5890790662243037 -1.9257237377496363
11.604281239179892 -0.5866977939067275
12.264056026594227 -0.028408971256366253
13.372062712460519 -0.194245494411236
10.361564083924907 -0.4051818080638757
15.484427848397177 1.5875495372025201
11.970450202758897 2.6055826314817296
5.9682707886948885 0.07528030073741042
5.546204149287696 1.1130956756094599
2.6446339249049626 -0.6019064413098596
