1.960915116933228 -0.3759911744728487
1.6557948682644057 0.20332723319768037
4.484998848095155 0.6761845773028758
8.365533675897629 -0.4656520159055208
10.458989769547616 1.820281907739715
8.963768540881315 0.129364282025357
16.94447302139315 -0.3096269647581664
12.475636632833634 -0.19580515986028008
4.1753456610535835 0.13150986322310948
13.523223517950163 -0.7822138796560635
5.544747235029011 -0.17707566364919894
0.6543325915684927 -0.6406578012449882
2.0254402292867315 0.08136499413814209
3.2606992392801213 -0.20705733710547525
18.28314037665457 -0.014462998767607371
3.7896409902642976 1.2233480991837635
15.194005288731736 1.0463175080584854
19.778518611038663 -0.28979445441114676
4.764595875359667 -0.09642963151347131
6.448416571665955 2.8424179217962227
0.5092667907544235 -0.6777612831897937
7.212360170826791 2.079210619913269
4.282942351562298 0.08784913364505699
7.461430815136284 -0.9482543688627338
11.163158089220508 -1.18007846154938
13.360368973839655 -2.0070440523037956
6.941016281373596 -0.37059654220884475
17.445719621129353 -1.4079270969192181
18.778309092878047 -1.5697449504884875
19.000051818353366 0.37846904563962946
15.12906507485738 -1.9694313123187075
11.994524672444895 -0.7868526913844972
19.41488137497825 -2.803113249704252
2.5563996071723185 -0.36314233297026977
5.550478875591533 -0.4843770737195813
13.74518230074767 -0.1497525957312612
5.847797322563674 -0.5788480876120884
8.889964279454473 0.9310673889408472
15.266437944980519 -1.7074389989706422
15.569751363051946 -0.25527340942126886
5.590368116459748 -1.6802586179391052
10.847016442659715 -0.27952472757011565
2.907350085139697 -1.127342704818501
19.51847939083989 1.8184127576234095
18.83119958560648 2.2358440460972164
15.60219808790729 2.8063598142397996
11.629660985318651 -5.911408464272743
16.451124362579396 1.759909127945206
11.371399144604897 -1.401774477756838
7.512996298348588 -0.2787031643009756
7.754861051025741 -0.3192658375860684
2.766746908169359 -0.404471652289049
14.74922447673864 -1.8007503090811536
8.007819263581508 -0.4361641503080569
16.183919920561312 -2.017600577507854
7.470313437481781 -0.45682244326262383
15.239132581286043 -0.7256544527031308
17.562761460489202 -0.20689478539015324
8.919665467059737 1.245908115625875
16.28290891221071 0.08041516633316736
0.2704616762752445 -0.44419903001436734
16.244712203166635 -0.32821644626353447
2.7963446475468534 1.1879058125281745
0.39939983390220574 0.04894515990016116
19.250304041582616 -0.2711484288044366
9.741501432020568 2.0863470792833674
6.393964437627648 -0.11640958152080336
13.934535271280287 1.052563991026449
17.416327527659345 1.5415598106700696
14.774055422523817 0.1984769087130122
15.241483144555234 2.3217980420631914
8.280160980341682 0.40228089340347556
14.243994481198877 1.3885482819007375
10.04484638506886 1.4937005992492223
4.899834926588444 0.7349357599110309
5.546048635563374 1.3239051542279678
8.410377902341148 -0.07855806062393357
11.728937097724405 1.2639109886472775
4.112975774132382 2.092115596658662
7.435708186227402 1.3130582199154035
4.020409025706946 -0.25862421763661125
14.975808811833396 2.6664347488988973
15.431302423965867 0.08939985580735776
14.529236097483876 1.6373922240895322
13.455394317796536 -1.0479286859269534
5.9567927767188324 0.6803932592469745
17.150255973242633 1.9741827112763009
19.914088767645577 0.19444008321367617
16.05247653359929 -1.6606464460978434
10.2969120046839 3.5010415396348695
19.06647725928173 -0.29716741311672507
8.421726679550837 1.4486808567246707
18.66769012235592 -1.301564409463778
14.031280278505907 -0.24500452897575778
16.94278025296286 -1.2148391470416509
15.793137473269246 2.4558594640544253
1.2727336975497363 0.3988501848037127
5.313331925835268 0.08676274770683615
9.531102584265769 1.803883977545905
19.201651838425636 -0.48784758765036684
16.411422317030183 -1.1609950562794054
14.853269510046008 -1.2478681495417978
1.4975036614138904 -0.22335647976282993
6.405907219752582 0.09562092109987028
14.566336444381177 -1.8829113003542652
1.0930468121626522 -0.8191943588400736
0.7539154955597032 -0.9470004855928461
11.525302220949943 -3.270411036134075
18.510857735666228 3.424036598868753
7.874524757067394 -0.1767919823537245
18.351614370908273 -0.764029944797052
9.03018248915592 -0.483459456463251
7.991605443323754 -0.8248490860265032
9.640366478427783 -6.351353833844206
11.132384347700446 1.643891170710118
11.920759997518577 -2.805538893760626
3.7235614508330928 -2.119436801650661
6.286070338756899 -0.549941276111684
13.614409760943673 -0.4469882576490104
9.268941449129768 -0.7260773352213179
8.979082369729449 -0.3739914923621644
13.145420387751077 -1.6790709332007927
9.384306025720063 0.017624999416952218
15.987314443423688 -1.731135444798437
4.787070421379056 0.027674097740224557
18.86348847035173 -1.3807528708898436
10.135020311678018 -0.9323582053682843
2.5466494105312707 0.4993728791979808
5.751652115036731 -0.1626816185014318
5.002215203859832 -1.0878946944142118
18.84666795811824 -0.6817535362006335
12.030469327319903 -2.9737760355098413
19.51271103461826 -0.9850593594971954
16.595361761272297 -5.795941589947528
2.66162156994466 1.0306058442149357
7.02691716237527 -0.48494271666553634
12.46520409438323 -0.9096295370037748
8.928194540506011 -0.3872659056483221
18.804913731211165 -0.9812605545683969
0.571254580284156 -0.9506556282364057
13.158470922201746 -0.0794848489348285
15.09719185950593 -4.07764256809359
7.932052400063641 0.5380938611862314
10.100311911021478 -0.3976588090362574
10.914197613479732 2.8875082198570134
5.102421129851144 -7.755431706094291
4.834556630187211 1.8984065809362984
14.198440632547797 -1.1797237198114299
5.283419479861426 -0.2774124142091431
15.868847462939247 -3.8156475574499584
10.200495309247303 -0.4844002858847893
1.1965417444935582 -1.5941648936263964
12.63574782865668 0.511616513469505
4.34674712608333 -0.44938777715111267
2.900717662443226 2.7365700426397157
1.4754066023901653 -0.11784815840072083
3.826000040992535 2.2376090195238985
18.82637789671159 -1.338147412889752
19.336728089575757 -1.4650658267805616
14.76562736608146 0.9014660463319691
9.730591504542964 -0.17894069806678414
2.131637948935157 -0.14251666482549696
0.18334636093545403 1.155332538490078
17.845543961805276 -1.3149259314406474
14.17367652121761 0.2922578906171466
13.021525990897056 -2.1281015427849157
2.2304693968945464 3.4693744983253674
15.608429121554035 -1.3687835711350866
0.00910768721936589 -0.9931700895765818
4.44048152685715 -1.6000543028603442
2.8047651754647744 0.21763146853984527
12.605692331468152 -0.6354028171947814
6.647926976813839 -0.06907951546890595
11.004285910710738 -0.18915191151444527
6.351267157872748 2.255826618002399
15.340006386145587 0.00480376361943112
17.063860834443297 -1.3066113723513864
18.5805229020722 -1.1012568197052215
16.37514186511747 -1.1467690352871647
12.824442190516761 -1.2148973867712012
2.163011543244902 -0.6812571653151973
9.63615762567951 -0.4028879379942527
6.584665523377903 -0.025261618300585237
0.7634480518618025 -0.6220833820515014
11.206252008262291 0.2348340041772629
12.514217204744556 -1.18193268203969
3.4901030016987877 0.5526234650184696
7.496755690955317 -2.994019458392381
16.85146853597392 0.186794761040755
13.582573654726495 -1.1738737635523515
10.114598795976123 2.2261998163339474
3.806552548518223 -1.6695076905414559
3.765666491068928 -1.1853790556502228
0.9633960388637752 -1.4359052607723028
10.189328803108252 0.660307076714353
11.810005445169256 -2.5444377025844633
8.436889196016555 -0.33749153518563507
11.304629191822757 -2.311326377437649
2.3398115444646153 -0.10086016742331548
6.415810898241905 -7.5704180874250495
5.449215871657403 0.048993321120719246
3.0785770201317466 -0.5405211543116015
19.091753069936054 0.14912494640707782
18.596542870691504 -1.2161430327881597
16.480769020171564 -1.2643264325729204
2.160438471166806 -1.3985683530939044
3.4729534321328757 1.206937298338541
14.414007056610581 -2.6343809546767596
16.622566375476946 -1.5025208332859554
14.309579303084337 -3.4807392374291064
18.21488832717479 -0.5195360187257091
12.795869986261115 -1.8094557496096841
15.901520163244012 -0.9094173832485096
15.042512099676712 -2.0492211501850455
10.40736948199912 0.28006386365616837
14.818967115228519 -4.272652843528464
4.926213972607507 -0.222197402871841
11.360981837667778 -1.8983619092773312
13.160359894207884 -1.686665338057183
4.359620435013423 -2.340937484968676
0.923904467562209 -0.6867479767325958
19.41679643817356 -0.6932078892901155
6.01311354193465 0.3306604757494128
9.486986206089005 -1.8098387091123909
16.91364306817215 0.06874054185432929
13.726264909281568 -0.9176273427758321
3.03908420456996 -0.49734713918932005
12.546736137746215 0.4121177315354767
17.321085786555457 -0.962486371695373
13.509124751859193 -1.165894385659827
15.09513427543506 -1.223609035332221
15.452129307556639 -1.154092832056562
16.334593938175555 -1.8625093103007322
9.782376836977148 0.10241286472806202
1.1396395302873477 0.938994829417771
10.177301563491254 -0.5364397584916571
6.175459207652725 -0.2294806732226563
6.974667904276736 -1.4055924117581944
13.889789528640108 -1.5950391438977964
10.38945436688657 -0.9087298702029268
18.02784455799701 -0.7974692272211852
11.353876785148062 -1.287085703605
9.963481891611211 -0.7767583162167183
12.48819232149232 -2.655357348871031
5.712941181185947 0.3375974529981738
4.661720786339542 -1.1633567838176413
7.750112767528672 1.0150381330100615
15.52693173831758 -1.2857016815743336
1.7084978144325482 -0.07541340843149415
17.234133091300144 -1.5543760570834924
17.658748824079492 -0.39246685188827923
17.49413014224428 -3.0498677782571875
16.936067958223546 -0.7813342436484811
0.9069953501092588 -0.4911516114394955
6.977154471585214 -0.4144465594775619
13.206744389292153 -1.2917583560248131
15.878788197965113 -1.6849487778980705
3.78746259941201 -0.571975062068208
12.55432732201742 -0.9066691103178406
17.301800854910987 -1.2867976827004355
8.124585393397181 -0.7384254601904148
3.7511813243083667 -0.457708702680343
1.7418309121055198 -0.6862649543258016
9.992040706674988 -0.5784604029700596
14.860570194571096 -1.271016209194802
9.061287241212742 -2.0520960465705254
11.277898976887473 2.8167792461121817
15.417082459095003 -3.914602770459195
5.347299836878461 0.7691009159645342
15.744399862683302 -1.9363114041894156
8.839198911546776 2.0373232109197437
10.365789345417708 -5.416945871638666
3.5490773996771514 -0.850303104158476
14.241960294268662 -1.0934967189715807
1.3554493389028919 0.5940767950029587
8.905971303665726 -0.4850808241105796
17.554781069095835 0.6578876061644524
14.898560243033877 -1.9605403181741297
1.030025912789566 -0.7584567045610346
14.586158699189214 -1.6210199220416108
10.192362880598226 -0.9684948070162093
4.108153357009706 0.000338689367733111
14.338935880573658 -0.040511935203084895
19.34622398481653 -3.675225805710271
5.21193761286754 -1.663016827322382
16.30141770435563 -1.754493189424459
14.090825974750233 -1.7636802198810229
9.966973387696246 -0.32622280148374266
11.8015017181418 -0.9915392380772384
18.649017532334 -1.039012835925878
1.6913427051318226 2.6139824702288275
10.996811728897452 -1.1294559184386588
8.262130516200045 -0.4086125599414587
5.127436665684789 -0.34252849634155125
12.11889557103829 -3.16441144351247
17.39993200852598 -2.286359743212772
7.714196273652511 -0.4584641459234085
0.24363129660655336 -2.5287496358908848
15.901716283069323 -0.9704039957638958
17.064878282744004 -1.7566346334776493
14.350273132736822 -2.986016448767525
0.10684421409078954 -0.6356479993118745
13.310781072715438 -1.2443055988767344
12.048086656328614 -1.920184901016832
13.32175106674157 -1.1631469370013068
4.015729345096621 -0.5529407879112228
18.60491296817169 -1.9502082417191522
9.203166394626784 -0.4669768825200616
7.1214425703927065 -0.5764389190660045
16.966490665305567 -2.171552452965964
15.726357661637618 -1.220717507091811
18.702154541577922 -1.7686558162680166
18.054027737731907 -1.1401946450943408
8.802562020884997 -0.5321879389876971
12.024188174441782 -1.0168662580992442
9.650361041546867 -3.41589212060541
4.798032204927817 -0.3834281302211563
2.2983676397257096 -1.2596828861062106
9.895947221362961 0.2033850911564063
4.670308976438396 -0.40771297728787337
11.661241103171538 0.9105741579212415
9.796334074330177 -1.9373352806822262
11.327164713972529 -0.9649497313185311
16.49478699810014 -3.861065392367686
10.091411472987827 2.036540955757415
13.009493377560288 -2.898771247599972
13.67984800256806 -1.181941807682195
1.705855128242696 -1.6676809880053356
2.4384638184064125 0.12688295798908727
16.68199379692335 -3.1516226286522464
13.918332413891234 -1.8882161717540205
12.605633000378255 -1.4009868528475697
6.646609593816777 1.438516492482188
19.546312097608368 -1.976747330719631
12.90806092040285 -3.6741773321040263
10.402928419455739 -1.7334338158435088
14.003619744889713 3.092237601053161
17.93263969106166 -5.760032955604263
5.446298561748464 -0.3608785416038188
15.545789873670168 -2.8602032451164545
16.736152196957207 -2.441431145531691
17.329082353668877 -2.9483844344578407
19.690442326804106 -1.8754266333542813
8.341628960316715 -0.7647084967380677
17.84814183840373 1.0074839096543116
19.24664337438222 -1.378963343122316
13.925251541804334 0.758740349956023
12.691236706651036 -2.163349402002713
1.2700594277820507 0.14778305888517212
11.47304809672141 -0.9893794844262291
15.737171202548014 0.36726922899181497
1.6356958130534296 -0.8281072210716777
8.769785328408908 -1.7456869647009816
5.582439988125386 -0.9832623652003873
6.71196085205859 -0.35594716972144447
14.532313333579259 -3.3179022615120997
4.094210697808618 -0.40271071195154895
10.898498499287427 -2.236588821862311
9.703352803094534 2.032353343047034
5.832437928769864 -0.4968047645123047
11.452963534183237 2.593580850322585
1.1494506666915414 -0.4550269656418291
4.169330100313101 0.32030847923748984
4.685088677592606 -1.5383977762004493
9.211530597937772 -6.496536116257902
6.978394698197765 -0.80997709022351
11.576274163792162 -0.6482126862849329
14.149064363923747 -1.4601859379823032
5.49898935807949 1.5306006345174525
18.43099841810008 -5.473765372448349
18.96179094867896 1.5273010698622544
8.625539141044886 -3.008331454075557
8.599879943703586 -0.4845585670897852
6.505112030057064 -0.7189245738071562
17.718885510521176 -0.9768852611964505
4.087760144375426 -7.580861316536671
4.315975091535804 -0.08707319402496172
6.509681611325743 -7.234467148822112
0.8826440138048635 0.23269802356980693
17.84581390895649 -1.8923509876188713
2.2700452305299508 -0.22189828315386212
11.30364060611407 -3.0052321235509907
13.238858964065843 -2.183065243530741
10.419596297914817 -1.5716300476379284
19.616582332126697 -0.675941487317161
16.337073186561156 -2.8849208342970885
12.2393326861107 -0.3071297420120193
15.109718651876552 -3.222325224433844
8.291283936079047 0.6124244120823565
17.255468631391945 -2.7333320064473163
11.778758264592836 3.1403852584334273
10.471576099859892 -6.647109638537242
9.255183855306864 -0.5151204707541439
17.43300362628676 -0.896653008670714
14.912037717373213 -1.550227252735408
12.21819004655533 -1.8150543549064753
3.6176150814223336 -0.3452266547082087
11.66582688366991 -1.065311243807907
2.651533251886153 2.5624536301920156
5.122880308690832 -0.8827535315006753
4.316256716360314 -0.0029567205498925997
14.606298501174757 -1.9318598041294408
14.42462605147818 -0.31880938361985833
19.23661298428432 -1.2952852069231502
17.811547851385182 -0.027922050917984886
5.40586489311495 -0.513029428664123
14.54550312319233 -1.3604749834361098
1.9908990286759556 -0.8966351558452818
11.946993890642391 0.23684914542407587
10.915022240401395 -3.9886191818432986
11.32885226423252 2.126047263126183
13.83364389671511 -1.7247353063767783
17.876349954155152 -0.6734169140067332
9.498289327783624 -0.5607786840369371
12.778634077422547 -1.686932561193687
1.9447052782744754 -1.3158519295858633
4.0900686602304 -1.1474382672680439
4.910717426002945 -1.5189568515794267
4.7225294449516735 -1.6124895797635963
16.06942987998956 -2.13202807827195
13.979234180214556 -0.09636966132342914
1.0813553968368532 -1.2298894637857816
10.827987524643273 2.8650734112163296
13.74306766953068 -3.18005744327156
19.271485616118877 -0.9859701147831353
4.798076707168002 -0.97567206206096
7.256206794110315 1.6364570614739056
17.451765752790084 -1.115838960669633
2.831834630413754 0.40570995773872154
8.14333084808313 3.0411269774931293
12.16078572150628 1.4583288187500683
16.262010430857664 -0.23628948308772418
4.20379427580185 -0.013948482739694401
1.3799807450310468 -0.5426411480015605
14.312611551115891 2.0243540002366354
12.824071137411757 -3.3319495761214353
1.9132403058090737 -0.3852259119882538
6.016080046579254 -0.6980605275637713
14.552131307146748 1.9631945470034864
15.663412159827026 -1.6316350488458526
16.757472380529144 -1.3400823297782871
17.026895677603772 -1.5480416164766866
10.70785066896966 -0.6776036219299614
0.26035248509614356 -0.5450217464370225
12.718254393838357 -2.1576959156971895
18.2244712842136 -1.169775078201799
9.78978227206409 0.03436530150586472
9.648265537640304 -0.5708323730558035
18.467310396399352 -6.332867867988538
0.8944106579234213 -0.2342633260528009
17.198223944666644 2.374350836335623
10.705174140666582 -2.299265760005409
12.64880889809603 -2.039857423606385
17.922001809221477 -1.079751861281545
4.453784384002119 -8.163496864446127
8.81228748960817 -0.6166348891454645
7.909679272449922 -0.5379999406699848
17.80057407097346 -2.1311970040123724
8.43424200545932 -0.41040990840106656
9.521193629749689 -0.7828608915404042
17.937919411941643 -1.026322657093377
3.327190005999027 -0.07757110902396597
19.087377990216474 -1.304589351320001
10.6745382984022 -3.5852048030752934
7.805513307401372 -0.4621433327084836
18.503496428918293 -1.4931657117170816
3.3633562068769933 -0.6102195314952117
15.770472139637443 -1.8958227986247658
19.901575749779404 2.839386150859877
9.151774166092101 -0.06837183451012196
18.082712183888574 2.7912831454994085
8.914125664552117 -1.25217875592238
16.6489079016666 -1.3450824028108288
11.960205491549404 -2.1375688552463585
4.4752892185340665 0.3948280874271004
3.5432267771866393 -0.38775769523752884
11.86663558351708 -1.1927330611672327
13.336818576957587 -5.165192964698656
6.136929818148564 -0.2188766774252747
10.912308190435203 -0.9634424984073847
7.100878905887337 -0.4420009749864031
14.458009792406775 -1.5919356849827428
3.507552850649967 3.219235075461516
18.15934155887113 -1.2746136410345656
13.93159492217264 -1.820862907509397
12.42590858961835 -3.0571798688661405
0.8818693704358238 0.5540012068049854
16.713398851978866 -2.6850197456827303
19.436432883377957 -2.072792598361328
15.109496118952626 -1.8044723874472277
6.636575409926643 -6.312086755344422
0.8048158446702983 -0.4825121689636028
14.61014054828133 -1.634371406949534
13.780601076106459 -1.9802335229184107
6.305181865592132 -0.07898382964467146
13.904132988136753 -4.875036438335376
2.4253241114509567 -0.554913423639441
14.770903439494555 -1.5468084615756637
1.61654850388705 -0.7120028268603699
14.27935838995565 -1.0549438929591914
7.356682042075246 -0.36178734973236604
15.397353895601654 -1.993896322946668
10.727209840762153 -2.4021189936144145
18.43598850041018 -1.0274186138360488
9.482554678783996 -3.80447140339105
1.1169952859480314 -1.1267116782611504
0.8878486034354095 -1.2023411056131255
0.7882636329421334 -1.9738420524017475
6.839427173409505 -6.162480306304214
3.472293238407921 0.10485132011295074
2.3478881968967165 -0.9526125545991762
5.379433450310844 -0.006416037058276536
18.56681780565132 1.6207301522243776
16.117977759274154 -1.3012432403146637
11.1728188756189 -0.011753826704756401
19.095954732882184 -0.8718419766894366
0.057251355049439914 0.22992534767778197
13.35302050772558 -3.0987526525941327
14.715698193878971 -1.6796196909198706
16.89485783599781 -3.463955315208113
12.771299895633284 -1.4223267003523368
12.7229214149877 -1.4529912132415312
4.842242772896405 -0.3792135649637203
1.691738552743787 -0.5891460741118003
2.405927613378944 0.09120615899076792
16.03243938454121 -1.9526742696677448
15.718379757133949 -1.5673600688224734
13.173161286290513 -1.2965638309635146
10.8286277805301 -1.2292687360484702
14.472098465991214 -2.1859565915920207
10.323323667259885 -1.148353831949143
8.40948890974788 -0.5771838522940715
14.133829611694887 -3.926463764537234
1.0960493262441309 -0.8135787688744129
0.577542787315873 -2.50711454694554
13.304899864859108 -5.0715992808634764
16.52916902015709 -0.9978646439520611
13.777507408023622 -1.7077739329993349
19.761996736525287 0.30699103812132184
4.987508341897538 -0.6449943172725389
17.53951311747068 -3.591925325638447
17.286445020072016 -3.4206306379529794
12.487273877772411 0.440922293584994
10.080142890400982 -2.2125496509427482
18.892796215745033 -0.5603403551303221
18.28135419306316 -2.053232750276736
7.65903231351878 -0.19615695329738783
9.453271517526655 -0.8531381902941547
7.446434382462305 -0.8261646596633936
12.685215417344375 -1.6069848057951093
0.20575454143092106 -0.6456884395382386
8.461899428988449 -0.6183851731866254
11.028407760905035 -6.69492097450798
1.4347980491423584 -0.7865923662031442
8.134992532818691 -1.0523765807106322
15.010503010726515 -1.6149824161160375
6.997063878264308 -0.2406474408151309
11.771399452180523 -1.8656703859283534
18.451084772100906 -0.6338237123242789
12.484717986919756 -3.055678854526042
15.862195722992915 -1.6079037734673658
13.649391203073506 -1.811455160565319
1.8517305210176107 -2.7918398847681822
6.0157249862467195 -0.15999528239634467
12.12582953933815 -1.3571499961930273
5.341748450416151 -0.29355779865598136
11.860192630333902 -0.734711301019556
7.731727919015257 -2.187604137653166
17.048827825993158 -1.3410410171063982
17.017971623693843 -1.5412329566883463
19.397930191577995 -1.190859627185108
16.752283318589747 -0.8535522841699483
4.8663954191043555 0.06810006905296537
0.46387560158223884 -0.45772103187513147
4.222558625672444 0.1434125557231139
12.749536182703533 -1.1974700910195681
13.994266662513036 -3.2873809237809493
13.199880980048185 -1.5089097240884264
0.7532689314902541 -1.1229744881704444
14.276270382980414 -0.9538892841599789
18.96318767816851 -0.26536849906718996
12.379838093059409 -1.6053164572412508
17.618384315454925 -0.8105586066807692
12.957741839307486 -1.6210643701626828
6.44203195315291 -0.33146013195866253
8.33755551349095 -0.4591909760508235
19.781755157877978 2.216177088122893
1.0055377783655062 -0.6642728423177144
13.597296835313998 -0.5468926703189119
12.734271964783407 -2.1162394280871113
10.51695015861015 -1.0424526865752983
10.196792487302513 -0.5830329338325201
18.3727625510597 -1.1600224298073523
12.985549651490947 -3.5717617984317727
5.582733521703945 -0.1348438084124332
18.358865332003887 -1.3962572111949296
15.62320640217536 -2.1035313795241493
3.8423826052536594 -2.664654182017565
13.045217123009106 -2.278332162552454
1.0613710319633123 -1.1295838645046103
15.978013484120343 -3.050568676826792
13.07376318232695 -1.90472104293068
13.982854253969341 -1.8461376126915268
18.106857948543805 -1.1094763801875498
14.311489442096828 -4.0795135902061315
14.877478608576862 -2.5866582722854554
12.746614047610397 -1.683710709202688
3.802205327377057 -0.9561507503108648
6.724518406287925 -2.8091218519251835
8.958705413370321 -0.4001441178645887
9.945284753285023 -1.6823546380396803
3.276828256412515 -1.1845892641445828
12.610704896999778 -2.5624549408999515
16.21256912808342 -1.2746501955042733
6.818636805609401 -1.2910987018323477
15.935401700335248 -1.6078111317455799
11.744225835375655 -3.0237849106285153
7.719263079134919 -0.586585006832102
4.511469983233945 -8.107982239809411
6.160686101926313 -0.06439999597306731
3.0231445946823814 -0.6477522497607788
12.420767213003588 -1.3673606584163362
6.835543039338997 -1.817260783804688
16.25486884010309 -1.6431633765500009
10.077794405523473 -3.5669387117377176
5.77773027885642 -0.06854429151830485
13.275814093619132 -4.742790222851405
12.901078589619434 -3.1755915785592994
11.916215437491916 -3.5631236770950943
9.376209267930626 1.2380999141858613
4.344073690880792 -7.345294250128234
1.7929351460212604 -1.620170408561751
18.548049513329598 -1.906419207551475
17.75372495976452 -1.1229071214224118
19.572842973671424 -1.0539595608611623
14.116134196770913 -1.6086387174549073
1.1190854078110326 -1.5607173782177932
6.439211807546287 -0.2581107222053085
10.386169300622823 -1.278035334487249
15.798251045601894 -1.9172019864679837
4.56438998355268 -2.0508945744855427
19.771592220057062 -1.7202425308453297
14.539691035442681 -2.7254495045379206
6.528393351298225 -0.6401523312124732
0.6767679481783313 -3.1782514660608103
5.767511658853899 0.09232229713095108
6.5351192846783475 -1.1561432665120985
2.53159408315736 0.11495097672224236
9.323319566555465 -6.372970058392209
15.893090204554248 -1.7429408106775999
10.584369077561908 -2.4609499748899464
19.192153508742752 -3.6265904470712815
8.21148724199001 -1.2449247995914572
12.363790171582922 -1.5071114404145634
10.014675315166901 -3.488398765975188
4.577578621695875 -0.145039970175254
15.130982598018536 -4.263019072762296
9.076114797760235 -0.4694242398947362
10.038802278390069 -2.823854063914142
19.057338113125592 -1.2283172266335478
17.04478197431761 -2.0707130526399675
17.958501462348796 -0.9650945455237884
19.374657525176975 -3.2635203574714886
18.747866023146823 -1.2800656946084341
1.9690757818033318 -1.5708846421642275
0.20797018898553263 -0.6878311874136475
15.419958660587524 -0.9362463737474418
13.751705716140833 -1.270503176366376
10.22205860486416 -0.7452356200098283
16.130974068864575 -0.6987498620680512
12.282747864369135 -4.890149290412942
19.869730991041862 -1.232606093660246
3.8221058991789993 -0.5303713584171665
18.82216321476327 -0.24969874922697824
13.824403595351594 -2.0680044971064477
16.805102533355843 -1.7634668920978085
2.450431257813938 -0.7349272305091884
3.8405683765351624 -1.2590269225656612
17.913040032257296 -1.2412458518839053
13.206337912120697 -1.059582397667701
15.36604192522887 -2.149402289104137
6.686479531992397 -1.0599293565303614
14.533183964266057 -5.707205252237968
19.121171559873382 -1.0992551556039727
3.4895194806456256 -0.33268161832977444
8.792233665303028 -0.517541065634522
4.216998263795307 -0.8540766095519662
2.4429799744478666 -0.6725322952015119
12.481708959960667 -2.8206551469353345
13.727927740351006 -0.7830447988680671
13.489446203526663 -3.8639957227208432
1.993920070356546 0.4857048273165701
9.435932487759796 -1.038698207638959
7.721405800271559 -0.3132883935403991
3.7268533551037826 -0.7197956480108966
5.292910496178742 0.022942707718910882
2.0306304511254867 -7.387878391974951
14.384280084305894 -1.5184401367394615
16.130053729239403 -2.0939200941158083
2.0385843073510417 -0.44614059691863184
8.73560864338277 -0.6333244928357475
5.654908331691384 -1.0470715444468295
13.781186414129728 -4.104180612275381
15.18016179548155 -2.4920867320923716
7.296648157224348 -1.4778449440500274
15.166350134899364 0.3648574662513133
7.380122860440952 -1.3346060926505972
0.19636835229195804 -1.1816821081450941
10.584187670930987 -1.8795088010626202
18.307762690690375 -1.1447596271069693
18.59817707032603 -1.5941641532039963
5.881412413441595 0.9891743890548186
17.473870780384903 -5.1104813041394
9.550175934297226 2.877022141015609
19.187282493877348 -3.0530611269256354
3.697674198131354 -0.040119674884442305
11.344280008838176 -3.4877844348562603
9.145027471010414 -0.5101995035118518
3.823494361611634 -1.78968945954052
8.995616695305078 0.3370506105830475
14.502318921868692 -3.66177402361428
1.7882741601314684 -0.04577332527707019
18.596741203302187 -1.5530531645126149
12.622569493404793 -0.28396085369101204
1.597238213845412 -1.8054647925896017
10.109889680294154 -0.59413113604908
11.714629859401626 -5.22096940083137
12.395894693279153 0.6703727631134551
4.282114920704948 -7.979586791814898
10.457859145765095 -0.8917072481005812
0.010604682262663395 -0.9964190065703833
1.139613201679453 0.7724887603791304
9.680487390376436 -6.852394058818419
10.157877353773667 1.029458732480333
15.322554202618624 -1.786811862970149
6.176752169283032 -0.43088600326644755
5.201669112292764 -0.16069081701935975
13.46615228014693 -1.4363767449440248
8.82476430315618 -1.483488551294139
14.420867570606193 -1.1911747020941685
14.072954800477792 -1.160099430194005
10.994482340065101 -1.0519797404100877
10.711869467416772 0.11245931736148082
13.245166127689446 -2.1755578121587997
17.04430791576685 -1.3320963102414125
4.167497034677008 -0.4560107569707971
12.929324843589425 -1.2521701126080294
13.660205837671233 -1.4297999431097574
13.225221193785073 -1.0163135230376366
4.808921673275459 -0.041560984579867705
3.1923661274901547 -1.2471228432451815
19.578846988462935 -0.8225018470867966
6.784553432318673 0.8573214344459943
15.198127442167385 -1.1659551588538726
8.817007416177047 -1.207641592233499
19.414120962357718 2.056428728333284
11.483032969308047 -1.2782792790987159
9.320347135116478 -0.514967248373952
1.3330658586561022 -1.4630901384278288
12.321142720961339 -1.439001253284654
8.600975234421284 -2.583100551715577
6.739405396298601 -0.14728888508872984
13.245072850408146 -1.2965577547074492
5.718563153040048 0.44837098433348543
12.271001132293152 -1.7052994792617562
3.4579219980433002 -0.2772016011420925
7.7045109077058465 -0.8264777706246479
10.808055777854994 -0.3121632256240222
17.78679238692656 -1.696073774992731
5.782536895989898 0.11284440917278521
10.79276296821698 -0.774067297799768
14.649051810675479 -1.1776247829984543
17.384925393227135 -3.1328459112270854
2.9099938753247265 0.10046010137597965
13.519937080895414 -2.055374696901076
14.899813774631195 -4.005561779222747
12.988852377401138 -0.6680172931500153
16.990622885586813 -1.4615688458447016
7.547046714063851 1.6016191118607301
10.539968168326562 -1.4298727764075312
13.923241898526307 -1.8365413189140471
6.345691256791799 -0.49647068347993917
2.972304432569487 -0.23074586513793507
7.825111962539012 -0.4471301245570838
17.745438973499507 -1.3744131455348505
15.405063748544144 -2.1918369536308604
11.378852820640219 -1.1248100336535647
6.939333075623999 -7.180697705021327
15.675557770614798 -1.7069639951368347
18.9336499974205 -1.8678342888344053
15.109258059896314 -1.4822034082678948
10.850371950613809 -0.587771893973336
19.542914221165578 -1.0825463813290646
17.927082725656092 -3.1682804602827757
12.9316441763231 -1.105251079081774
1.5705228292329694 -0.5295081796255604
7.825064170357829 -0.9685590873867778
12.360445444719014 -0.18760546470862738
18.866678889986847 -1.1127099964516052
16.82552608244803 -1.3328043284769533
17.803202267509022 -1.4419663984418079
0.34060516229837695 1.0649515183153755
19.462935244103306 -1.1677070258843987
17.935761851110886 -1.0139802032563
3.819157935057875 -0.6856426698308362
13.199430399704848 -1.5762882383217158
8.58446324623393 -0.7059748825491527
14.812354750987483 -1.378347975148008
2.0997273108475025 -0.9065642136316072
6.797631022873064 -0.49680784026739266
12.069073305472633 -1.193301823280201
14.87920709660508 -2.662688220482793
7.730268711125284 -0.7320426175137854
8.316082962317987 -0.6317115192113187
19.567018227508775 -0.8882060541268122
0.48040843001432776 -0.628360878106945
19.071101181115065 -1.1564646181019997
17.653081440991784 -1.0878078852415014
6.387417376205233 -0.5332632891646151
6.075022552422042 -0.4896175666638727
17.38742159261114 -0.32478456293325375
3.5871889374719066 -0.5663382742471267
19.942528439447464 -0.8325389294270064
10.43571048451846 -1.093866243231036
16.01705968269279 -1.9651023421035478
7.369014496222028 -0.7528696274319975
18.882225487149313 -0.8247693434213277
13.598663187431804 -1.0836844703033646
9.134532043445992 -0.4804306907541208
7.095601226520061 0.23689234855537242
11.084139698811004 -2.5001057035213146
19.655086883387163 -0.9519634882304779
3.1204423441225955 -0.12723150705635206
4.792160426621916 0.053043962657123384
8.466932437542738 -0.6325232765006152
15.646691139878376 -2.0343720313206206
16.036473985743644 -2.387140579120553
13.972014048214557 -1.3692251493021776
8.303975293778338 -0.32620801079478295
12.117129633554255 -1.1862524500144873
12.543264516678809 -1.9517649214176391
0.4642615544682561 -0.7240125092551168
17.164958337345965 -0.7490716335622748
17.010740313317818 -1.0897062914913014
0.11671152208806529 -0.796256017327293
17.89601517082235 -1.3330082487285768
13.969912150306891 -1.7164614278273258
17.4745649736895 2.063780721972613
18.042150558424638 -5.119559584308348
19.26920158473129 -1.259506359764002
12.59417009922733 -1.2172747393978363
4.19446665697618 -0.4536629696051517
16.08028520135153 -1.5464535010742604
19.247091244141632 -2.6580885743870484
1.9536082082419248 -0.6069422757169387
4.339895493040234 -0.2914486348349946
14.014517478663718 -1.486283814472892
15.217333203415508 0.24860035603753938
14.993966783644185 -1.6927345954405295
8.79230827751024 -0.0868696214662094
5.432819053303552 -0.05743443422493588
7.332390601686793 -0.6726736601491445
5.212710434900857 -1.398260275727063
10.715259219755191 0.37474166040285556
11.808316115855883 -0.9507049453880072
8.217325498026218 -0.6370613289663447
10.062625344942623 -2.3687256580589695
1.3787369758333352 -0.3796096999167514
17.71914003375547 -1.9699742847739596
16.50166529766221 -1.3949325449113512
9.780056351655633 -4.918713136031888
1.3864102498167004 -2.7585636112602274
0.8660593252661181 -1.4336877627578337
15.637766454506806 -1.431803314766518
18.637661237541085 -1.507495697470035
12.68846235540258 -2.946891762387339
13.445602064406158 -2.0939822728296926
11.829456890647803 -1.1054309422721849
7.328750436583218 -1.7797566238105371
16.286871723867765 -0.55984217711004
18.26127980728932 -1.6804004069841565
8.955832955290644 -0.47731763238888864
14.747779182253726 -1.8762029202415504
13.289382268801738 -1.0887580283525982
17.119703709039527 -3.634948640744136
14.622422530408468 -1.5275837107261216
9.69621816632897 -0.5658236550068991
17.3848876478182 -1.4386474844062362
9.110384604060084 -0.31931612731235254
9.023709760826694 -0.5097816845262706
17.009724196792153 -1.2101633283745934
0.7896661140117613 0.19746642960776364
2.519664265234681 -0.7605701432323443
9.983494492305965 -0.7956849658203416
15.17768855623037 -1.4024539198570114
19.2104391837204 -1.180255529620799
6.755908125861236 -0.47640768068842804
6.545099108771445 -0.21031515561196637
4.264846423628446 0.10529668809017535
13.06603340229995 -0.8639336698870014
16.097630452459562 -1.551561161334615
4.194013774754274 -0.42969514191904495
5.045073634773825 0.05959407509916814
2.6429331682929327 -0.23207777894854442
5.934033886884009 -0.20033153586442262
10.20730569577124 -0.47781848148951783
14.21591052677608 -3.0263252230263777
2.236448042215101 -0.5418278731615481
10.124267410799602 -0.4034633392951944
12.642697430118782 -1.1502260867840153
13.951089898441493 -1.7334831850251786
0.3372701458220674 1.4735823773770584
13.63459492742131 -1.2089105103259592
7.203071440744008 -1.0946600854555761
10.168447460288192 0.32374920342155766
10.299744446043038 -1.0823298914264714
8.525471919098775 -0.34776929061323353
8.708516293594721 -0.7047917588197481
13.835047835961923 -1.206791260601353
10.178847578019933 -0.7770823566589059
18.336724767980122 -1.42910678279317
1.6952198129218647 -0.925793132030943
18.82374616360596 -0.648349249097127
1.7464552969671925 -1.0595989754008417
3.8462124413081744 -0.1749268209048772
11.909105638530376 -1.5664419562788483
13.975355228865565 -0.9165988468651524
14.749978982399682 -0.8193807553229847
19.295746478176575 -0.9330558551922712
7.027890727877733 -0.34263680564037324
8.662322358237672 -0.4124545640145848
13.99914719935633 -1.3570003668232669
6.6483750349054045 0.48190279811106485
16.08756431230278 -0.880215280424528
16.809357886002193 -1.329850537149132
9.668201686311654 -0.6777866023120036
2.1510070016289595 -0.8944442062045883
17.098261800660737 -1.5185604939972175
19.103813615886203 -1.248352149702944
16.708273263791785 -1.9496751122071858
12.985804449869747 -1.1325001299349493
12.096025920227257 -1.07126081234065
0.093742999780448 -1.4726145268534727
15.865958242462643 -1.3070820046938487
19.515901759592165 -1.7798276275829505
0.995390844768669 -1.0233822011774159
14.328841509991507 -1.3067344147132098
8.806311948070347 1.8317598160082793
1.3288236861001426 -0.7599288375104309
18.616072754800825 -1.4166394342890074
7.525830929004733 0.9362482001630483
9.566858982526481 -1.0361206221925845
2.7004141409157194 -0.7007031251443859
1.3685499293215457 -0.6170813359135305
3.328014601675962 -0.2766869994188177
12.7365664888566 -0.43381058358291796
15.536428373056857 -2.656093019848076
14.823109352392088 -1.8316604141593027
2.121115630790759 -1.7655443210396153
13.59161454499264 -2.047274972123602
9.712434945049454 -5.719143107933077
7.483739087315925 -0.04125580420945735
7.031087046653722 -1.3401379953131778
14.171229345991451 -1.726313518062198
7.6152842905016636 -0.4622407333599871
1.2959644252685798 -0.3377580005914125
6.259015337579019 -7.516907568527278
18.508513111460314 -1.5855742644722097
10.498057133738076 -0.9295295327681388
6.521929254192848 0.2820906796952649
18.328399811390987 -1.353058458717354
0.8029638087455123 0.27795427400342726
2.2075812006147046 -1.4823900762666815
2.9265000757933515 -0.333558849711047
18.40470422902994 -0.8978725901013564
10.59381381067525 -0.6857747856159173
2.521891695266245 -0.6407996349614666
1.0543812554813603 -0.445857908379798
7.242979932157562 -0.30992669565316366
2.7944233454288283 0.20975411476853734
9.848489895905928 -0.6298554113414484
1.9370904906055388 -0.4567504296076521
17.09369473774065 -1.672835245392582
9.736115469040517 -0.5575412584502647
5.090493373835797 -0.21676820732264132
14.274307426926807 -1.4824493318826912
16.551641646649035 -1.3768757255857247
18.176114119004165 -1.0735246258419868
14.605032377835107 -1.7991076191496391
10.202583412680188 -0.5795997259708013
19.90234973285983 -0.8909531840547771
17.54606908992883 -0.6763791403146618
1.3478649096073572 -0.7519093972120234
6.920587639358044 -0.42468319244441133
0.7663957112563422 -0.670076132309778
14.267651071917108 -3.0235258657562936
10.856935569688217 -0.9998939778634702
19.350564209794133 -0.5967607214790007
17.803516174684912 1.0104737190323942
17.703759355300534 -1.6807159428086638
5.735087426320724 -0.35146601518071185
11.212030004667051 -0.6078217883709469
14.464187118247676 -1.752857149406704
0.7791567752525036 -1.3359087709458168
5.6571578102743585 1.9180835020750455
14.675066131160595 -1.8425907621388864
8.77367225032963 0.565814970506108
0.15992388263268253 1.6522202190123414
0.6795108270969659 -0.5995019674887748
19.18537288810137 0.138986651214864
1.5804998896085551 0.2501240495407682
12.435715547477786 -0.9099850988458156
7.806359662627652 -1.6112703192591062
12.882730486922547 -1.6993324259949576
15.150549727232418 -1.8092617676107268
3.042419337198645 -0.45886316342391303
17.378383692110965 -1.3638956098796442
18.179514151667217 -1.6593172106103213
1.5079154511295232 -0.5898649863477388
7.261484971378727 -0.7910225215112481
18.25877151194901 -1.9648819078167294
1.812657523003776 -0.8984357118442563
0.28646880210251036 1.3739793178181223
16.26392447469117 -1.833840693143783
1.0957932270013384 1.6176362899774774
14.276429803750942 0.7893675205510883
15.415514750210555 -2.384472702579872
17.71472007564973 -1.7083957454362735
16.49137004892321 -1.185902392140317
18.599385687943414 -0.11236061418536343
11.254699514623464 -0.4250452203766215
11.62694187346625 -1.3030134562805404
11.70129430660288 -0.9053866212606266
1.5571742673551738 -0.6100112384093909
16.43179290110392 -0.4047897384393919
4.285737315401149 -1.2015128654589853
11.604548141430811 -0.5456109237348534
7.088656638310972 1.4092426679016765
11.362923994518669 -0.9749952634889456
3.9180081699712996 -0.46471397562827604
3.9244289095466423 -0.4444308486346285
16.464082894471748 -0.7555510163361647
5.192205722681332 -0.5367203629258989
19.044222973572865 -0.5524025448193293
4.0862712565700425 0.10763802211639077
7.5061168352122385 1.606711647609651
6.645885467731551 0.25791382140306374
17.269236755514882 2.89029419366251
7.670787968984366 -0.6270398521482594
6.661859860234598 -0.4645475699491035
0.38946246140039253 -0.01686576444819238
16.275719023270394 -0.989691073311429
12.933834156460938 -1.725253647595144
13.057543051327654 -0.30894262050218
14.590507660229493 -1.6693412011194144
16.702620861834262 -0.465771288225414
0.8642072796627165 -1.8668300377010303
4.840565061531304 -0.17527061413293923
6.86018410443646 -7.667744577923523
2.2330093147019494 -0.5678363675002635
3.318651742040104 0.2512238433777666
12.550346193115857 -0.6598301470530662
14.53891063621019 -2.820880830078778
11.834146955085398 -0.9861172744257409
8.896663156856581 -2.940415698005215
4.337657678248861 1.8818479135161073
2.245035859444073 -2.4274929599062482
16.111954055013808 -2.3584448577723407
1.0283264134177563 -1.6379072292255596
4.91616996285186 -0.31193522677188024
14.958083473138355 -2.9108170625292993
16.609609411469343 -1.1855365633491723
3.9179260971525482 -1.32526476014535
6.644610749870611 -0.26467356702112443
17.11088011879015 -1.6480640451536248
2.4224190079182963 0.02883239954695599
12.788565301623873 -1.6968931256960775
13.912964026571755 -1.1342624180385623
8.52557784767144 2.2844726986203256
12.48725894046673 -0.6906430265426086
7.787452603490812 -6.669507187523608
3.167991206163718 -0.4654902453940122
14.22496224077186 -1.4554991180893155
6.469683242097607 -1.0524569629375167
12.640928086937937 -2.7871344105034366
19.757765545364407 1.3462107333371587
8.65615002708958 0.5459259435786794
15.908493606312643 -1.2500441919200265
3.3778518907821917 -0.8769487419558268
0.6432971942092119 1.6542662242477386
18.716030582997906 -2.1017317544321488
9.095309838884084 2.0141513257136996
1.174712378684915 -3.5567329745434106
1.605926920123657 -0.595770175922295
17.66187861908667 -2.0796892761813934
14.887111864912871 -1.4318644061949717
3.2648688068664815 -1.2695394495978705
0.6523351304469691 2.4201516964326633
15.34365778098986 -1.9360107942735068
7.452582926008903 0.2267979233224396
15.654351265182058 -2.183504620865598
11.437965120696772 -0.5935519873645807
11.31666815283234 -1.044724823696783
3.7509120558930515 -0.0180571630722082
10.715420094443768 -3.300055387566102
16.32297979595831 2.5649999487143043
9.882438509662594 -0.46069031940663746
13.095234645332772 2.5679330121667543
15.266685993550526 -1.519506394381747
4.982438830345881 0.6429991377588768
3.3553107697033684 -0.2915345306495074
6.922589462620801 2.4700673457314015
1.1912837636392386 -1.0236946773013835
14.727284069725732 3.41560242291876
1.3888926801747195 -0.7917268575559682
15.586160330503178 0.5213612372053755
11.757516450296931 -1.602843989083488
14.407889520176067 -0.05887950769471022
1.368985385318218 -0.7097080714751147
19.362788556939464 -1.075795384625682
11.858752319133258 -1.9019635984419767
12.900104564231262 -2.2285198117582112
4.568894265369083 -0.30851521087346034
14.16129417076938 2.6456867873031857
13.868819813988774 -0.309589006222177
10.995706067399748 3.1110922349459047
5.581591564292008 -1.5266709289760623
16.904144182737788 -0.8967416831400099
3.060351314091598 -0.6084025269925558
9.840671318677298 -0.4167600641059627
1.3114169256053774 -1.828017306282742
16.96247291998608 0.7144740704822274
12.679070437859298 -1.3046107505948548
17.1187693550598 -0.23449421406053744
12.867882574941179 -2.3787508351846305
6.303335536088023 2.643693138197666
15.19552943013857 -1.688446629621252
11.091597258297469 0.6602117355780868
14.74407430153258 -1.1362666428115165
7.27876169651098 -0.4054076822345809
2.0103302435427493 -1.5533122923394902
12.168475541210201 0.29915135000050264
7.5477597454757195 -0.06690912128114368
16.249102426625676 -0.801496715968283
4.835912987375624 -1.5712165811601975
16.632259732062966 -0.5356253929091526
10.681774435093201 -0.4542708812856561
11.98134701427991 -0.8535481247906346
18.358744642657665 -1.1789459780359992
3.84234394538303 2.218257485703334
13.017820863358432 -1.9728052020744389
7.512910599998615 -0.6973580670722119
19.4150303139426 -0.5350166625104354
0.3202334866996445 -0.2724004731099991
10.21517839674074 -0.7933211253722413
8.202807700328671 -0.4080128896248629
1.4954429008056351 -0.5075003345579483
7.382215383187959 2.174771397208785
18.948407448730414 -2.632254191701112
1.5258687542020504 -0.4640126219945061
17.059339320534882 -0.6728170305904975
5.079281109881316 -0.9175704214237738
15.28592149805739 -1.586328380590534
3.9808089200312695 -0.009010099628459445
11.198851597825493 -0.8898448059651792
7.302972017556408 2.8294920039707367
7.334941749708344 -0.4599492586106252
1.3723781006741944 -0.9408309618703896
19.85180823397037 -1.085960972152418
16.330188792621378 -1.2016119138457562
8.954543183819775 -0.3991432410370307
12.511396288872152 -1.6642049093734161
0.26252904334648186 -1.2338389081574894
15.382194277199549 -1.335927110979038
7.85245249333738 -0.6391381197445173
6.122394971712549 -1.101663799047971
16.446445614233287 -1.394841384727849
10.453280371947544 -0.8082987300177604
3.611680594191751 -0.40892449892202243
1.142747827232177 -0.3846779354252672
16.42976485632767 -1.9815587371785877
5.0532329083174465 -0.245482779423234
12.573003673944067 -0.5863794533081762
3.0848860294380542 -0.17308005494130746
9.587930853205712 -0.511999266080308
8.774430005665222 -0.7832749420364862
2.5923049532639677 -1.1451792630351305
9.381732710504858 1.1994792994512449
6.153640040783808 -0.3208907102701767
10.972952317190249 -0.9329505690265071
7.3764384991354826 -0.3859512835979895
0.9111283129876331 -0.32284463705282673
2.2327109683327464 -0.26623311757783436
11.223428962493363 -0.5352929132050278
0.28029302255417543 -2.1098384232507845
3.356621123925866 1.3956946879082819
16.560154584734843 -2.015476972982134
17.21388417104102 -0.7678813306190472
10.734856842689526 -0.9254266693511122
11.80420275843141 -1.145614284469454
17.69886014439507 -1.0318512135301616
19.35720174103944 -1.1188637322226802
18.708594416784962 0.05170789917297805
18.62402346651085 -1.6862075825476577
0.9305279034667601 -0.8923479049828136
0.8394731457359419 -1.6977741636127694
8.07166622830388 -0.6869737310811204
0.7422744759662219 0.7075541445881315
18.765214605390415 -1.4424576870331396
0.05798317061654831 -1.0317161696947448
5.648958088283074 0.46788675419487313
15.607806314801211 -2.311089580194537
19.080473545075407 -0.8346795439883802
9.572865802200068 1.8937261832719532
14.37136687772855 -1.6295597508362043
9.47931252857766 -0.9635888638884839
13.369857407700783 -1.3348051332214643
4.170715975595862 1.591627530335093
16.650992144499916 -0.8245312417778884
5.030638590782573 -0.4509225770606976
2.3621095197628565 -0.9853337828235168
15.316627464608612 -0.780874731630635
13.613717421892174 -1.2848394265368617
19.860958222911215 -0.6412245981575865
17.222124024915328 -2.9469499045686893
19.495614145423986 -0.4932341808013134
12.708426418781608 -0.5490011462599128
5.6160284197184795 0.2638216348183766
12.77612518970097 -0.9263065043629986
17.666626119280238 2.6725682974606704
17.92064288391374 -0.005013990512570676
10.000529792787175 -0.5061842183375213
2.884696227884442 -7.737145372828134
11.04699707561374 -0.7072289720094326
2.4235492442647555 0.17001617425102095
8.007788893722308 -0.01896527347609739
16.900331244697604 -1.116243132519552
5.937168855213614 -0.1496409636503634
0.5791042675489974 -0.741212634300843
8.558447603528398 -7.367289187072834
3.3725119851619523 -0.0514764268502846
17.452349548990306 -1.1321545988671555
1.6065245924072997 -1.685513700398141
0.1847068405162835 -1.1289917064936046
8.095145901868422 -0.6967965357398196
14.689402840586878 0.024539692193419227
1.1581937711938277 -0.3917788346055301
2.8757690048452336 -0.047854973704433645
5.574471169901999 -0.3069751376333162
14.4260156079259 -0.8880764974895633
14.017003861087677 0.2977862391282623
14.451931695781983 -1.4785211373295306
19.677106997211776 -1.1092706224277442
17.75895746496122 -0.8433629099796836
10.140742948542915 -1.0149214312859236
13.341918083935333 -1.0853945750181075
7.868581639763822 -0.7898107945105366
8.404550290779786 -0.7658566816277577
6.749119488829029 -0.07468792771479385
3.877340093471239 -0.4718871529930317
18.77349458385176 -1.4992295883048392
3.598523507742661 0.6881187501714019
4.1499048937705645 2.871326045129461
18.579888749665017 0.10429089048445923
0.9516685576708922 -0.49615054129610847
4.848363420529872 -0.5992010238235801
5.110858342303754 -1.145163928722976
9.902772761109894 -0.41399099647890175
14.097819368531631 -0.8990696940624049
4.580596038549754 1.8991482168008056
7.692577056285236 -0.15645358322105055
2.9672342070881403 -0.38569232402753456
3.084277496399656 -0.7976732531432185
16.255149799342547 -1.8978742827704294
4.265354311383661 0.30639953907914347
3.2111832138144942 -0.747703661976763
0.5391127942410325 -1.0228455300429504
11.941783638281628 -1.1942316854336974
12.297272947851607 -1.4439283228935733
12.5055764928055 -3.4151562479327375
11.883437147677473 -1.305066794297718
10.154219583222819 -1.1269551054303928
6.89294561844632 -0.22842106334642992
16.853545442171907 -1.5216134052605446
2.3037362154814867 1.9636475025377618
12.668536916991817 -5.152185801816244
19.953490837864702 -0.9819038953029526
17.906956964632286 -1.318656605493704
16.470937147940035 -1.5868908781607367
16.294855396896253 -1.4059284637470268
1.0321427102804022 -0.37852561130564566
8.195065696951639 1.758094278561277
5.617084074553226 -0.5744238416016341
17.429983314781254 -0.3039067053856839
17.25641480618601 -1.4130716479616752
3.5647508079307544 -0.3845845010382791
14.745405883636515 -1.6843533888062148
14.715550616579723 -1.4714236381973207
5.767633259579475 -0.13093700374303807
16.6348893551271 -1.5605574411381977
15.750437648676103 -0.7004338343302526
8.451670431503091 -0.08339619394126511
8.330394227054393 -0.516556981712277
10.091584164076224 -0.25354186551894703
2.244799089044503 0.7032012897515431
17.169805503150066 -0.8620883760440264
18.260977249371553 -0.1866010112543116
17.441176226156294 -0.26855869848447467
13.957465519833987 -1.0342711798450008
8.59214665912144 -0.38481625603677183
1.306341204452558 1.5504165397012357
8.35809936275894 -0.24761605563503725
5.288481637415441 -0.02650721295916811
14.765554296096978 -1.059724313479432
5.381204015692002 1.9652753876640596
4.900347031895775 -0.16057540112294008
5.817564073006873 0.029051002015660438
4.274486384824684 -0.46016889657892607
11.519115869390554 -1.0167797053931762
0.916426409072234 0.5623032405727032
8.19058642881347 2.3756547451418135
7.825305407478624 -2.264345381347533
6.749594916867954 0.9911147018027879
19.306860004464994 -2.336619878483359
3.0602520743714443 -0.13691621905432144
7.072946679333329 -1.7049075389743258
15.613755694413621 -1.2555906473106322
9.107333883003363 -2.049419045508716
15.88482030443114 -1.8406070128601308
4.434241508885126 0.022608060380725215
18.707575512754364 -0.27966408196796316
13.282344826116649 -0.749288070419672
0.4627101433169869 -0.7409509109153345
19.644450747154252 0.11844022920308128
3.254781855356577 1.2611026793741944
10.86826494785975 -1.0420095101260989
11.834404951400847 0.5705751228165475
10.660288261430258 -1.1429575563654275
13.113746229722503 -0.6029999588295843
17.88076041271673 -0.7548405778984744
6.4703145740271895 0.0815183146129666
1.7561601061687362 0.43363819021971933
11.462760862600893 -0.941736388299059
2.7455546807645526 0.017875464739989383
4.220743164971388 -0.3320047831309129
15.668456582926762 -0.2839546414083178
18.837800268514183 -0.5323441888932465
12.891479713422564 1.0501905550374935
0.44544105924761623 -0.7912919589645176
16.519823341785923 -0.7225631641330583
11.017835389131495 -0.6271419232481364
4.633734156169188 0.77023408836288
19.017929013021842 -0.9342006936350781
17.435756317505408 1.9551244625779187
8.185983082574003 1.7634668639547404
4.540671547129027 0.9305156843880262
14.837682019836652 2.517176965309672
15.83475191829302 -1.6296330871702671
2.84510825842266 -0.014621782272995376
1.3945591624904512 -1.3402862795200263
11.520045664430825 -0.9853061905441635
6.260659452773204 -0.67597682206329
10.705994316362284 -0.352717602912841
15.737828076290267 -1.4635761020757314
15.223430121159796 -1.3832449239834705
19.83895888895 -0.23352705099348045
2.202919820211536 -0.4600185900016743
19.125905685456384 -0.40939898165115257
4.953753353848774 -0.5413014204592256
14.518509873960676 -1.4560281875891592
14.841663864037375 -1.4357087318822574
7.129236548734673 2.3971424502649934
6.421808706547025 2.1213927983262137
19.953597691152 -1.0416182026546728
5.150420228974627 -0.2297759628672641
13.50956953025773 3.5473003975475743
15.094191291873688 -1.9368388187284973
0.14336132797483436 0.9200453400050729
11.263652459203188 2.312704948342649
5.692754705300163 -0.15058082373612147
0.9852892661782628 0.3003292398288516
9.108709141097757 3.101509110896853
18.357790819294664 1.8336006869370665
3.844251537158689 -0.15071596707114077
15.440338838070797 -1.8382999631022299
3.6346316596694095 0.2878061904725028
9.491964884673818 0.9132494148053212
9.30314330311209 -0.6930094855340128
15.279957909238417 -0.05246514480139866
16.620059224525697 2.59350015989566
13.770503629340924 -0.7444267044719426
14.715554757762705 -1.2791469119829044
4.946074927258776 1.2597380971319037
17.747563126000152 -0.9428478452759763
4.803043096390053 0.8013248239590054
16.4821364868104 3.20308805420347
16.988398076404497 0.5908808231098788
12.844604485054237 0.47271833586225737
8.020765946966298 -0.6583625825194195
9.360646086783296 0.8424455266303877
8.119139839368428 -0.73708497457598
14.420184416840895 -0.41479122143562075
10.594884477509572 0.49129647176045976
5.071129078941386 -0.8177612432465441
15.645118419155137 0.1346086747694038
5.677836394313043 0.5445537567136889
16.149998662094717 0.8902110525432438
6.580594530672287 -1.9620961014335585
2.152173012371687 -0.28548035982707864
9.69146600724175 0.31648088740883373
6.315034120163757 -0.628046609809803
2.088181017662602 -0.28447343400151126
13.0436134120921 -0.5422223682816149
18.368400207539537 -2.0751239717212497
4.112098745825644 -0.10748471227583561
2.6952310858386674 -0.7210207016685614
18.84821924170722 -0.646803482289096
5.214128313321584 -0.35853262173338785
18.68796378027835 -0.5691824961663923
11.576610313732047 -3.1203683606324533
7.758293136567148 -0.43551052549266556
6.500785893944216 -1.235371037708594
16.321113148924127 -0.7172394318430638
16.468843296980065 -1.2038712739109314
19.752699353610055 0.3669169971727622
7.942474382298258 -7.483827440771546
11.899180296181065 -2.0018231309422294
7.160928587535082 -0.7640978435237877
8.291959691851124 -0.6842730548433082
3.250117050196486 -0.6924851401558927
0.2442416053159037 0.23486083750937892
13.217163456550692 -1.5867216520162841
3.994160974884481 -0.37864169212573495
6.870165197824394 -6.8236246005284515
8.217812609441685 -0.841120200376235
3.3892795674016925 -0.2837978290017063
5.353525085210044 -0.46065850891716126
13.020800289264235 1.3127398730339432
17.789215244710842 -2.141423468441102
10.424539552107193 -0.989300316621033
12.012511752490761 -1.3596876492632872
12.0009656780156 0.9238675887054955
17.247547736272868 -1.1719685133493087
1.5492709270337308 0.7210972292719922
9.267787453451472 -0.49548619442022007
12.126279590581145 -0.3144356319335538
1.9191575986602087 -0.3121059961127058
10.092016250750222 0.37502584553347185
18.618669208714184 -0.44384203653778737
9.151794670458997 0.5031618677371466
3.503580541812295 -0.3891050766891326
13.657635465274772 0.7467468934598199
1.841299423538993 0.9427893215018328
1.2013403527515247 0.8848513881499778
5.813567225640902 1.8166936995655132
5.855607334485432 -1.5163044023794325
15.973894613998596 -1.2734900062502763
18.018552530033073 0.27866872629044204
2.7695373055973906 -0.31923091570644635
17.21281813157593 0.12452065850510867
15.978626060483228 0.10643134454794931
11.255847301312512 -0.11321827684137367
7.963605150100293 -0.2063734882299605
2.375117227421094 -0.2562671339308574
19.82459935908812 1.2487766286262907
4.39352642103017 -0.09643428323839925
2.367127302224775 0.8809923927221046
13.18230141115409 -0.8442351625541895
15.656481699335473 -1.626899250529641
3.7493099044835922 1.8029097811817774
14.80082732021594 -1.8199131667953654
5.766822104590624 0.3742592884263569
7.864550885487679 0.36770234780819333
10.502974249403996 0.1673723398934519
4.794468409271435 0.9642726698886932
10.741074444478935 1.2284220194812114
4.593759647289175 0.31735355191451825
14.606018263838337 -0.8652371312408133
3.5710557983736777 0.033602702599671255
13.815246456480779 0.4379160306692105
14.42439700984882 -1.1838968342471399
0.12038457934478128 -0.7271117359505181
5.691745361494397 0.0661844721148509
11.290508082683267 0.15858469388304836
2.629548965303362 -0.32321793305435953
3.770491023025678 2.0234721298026797
1.1971338289533946 -0.6604428974009965
11.010996613830295 -0.3014223397516927
17.525862210327016 -0.29148211886051
14.223470481940064 -1.4669725579043946
13.451307658533173 -1.950247729161393
14.61307497441903 2.765652504167941
4.1857283810587385 0.0294190805258073
18.08845083302874 2.7931237791895107
4.387839401636211 -0.254261318474914
11.741060486949223 -1.151808788129498
2.8175747713123847 0.703845915348262
15.411435516117198 -0.30974311878597766
9.731765625599062 1.3783809778979146
3.9338289830421127 0.2069061956022396
2.4037275583008086 -0.10734625402611957
18.35581153643689 0.7503680588707117
13.931445782406639 -1.1086683700183555
2.2912480689466044 -0.4421659441372802
7.912710779662485 1.8239204932347581
11.545807823696919 -1.2658765877377705
4.486800378506569 1.5967750417587858
0.13622892266550007 -0.5396924468749705
6.312579449836546 -0.6431989890973997
16.28664774153976 0.4643453694622264
4.425609245738766 -0.6769533832543622
1.398460657173461 2.526698413873524
19.57045099239354 -0.822774183408367
17.615953792381276 0.8542548607129056
18.30677058736482 -1.1910146303137454
11.416897558707952 -0.15651311316302385
5.735014515070896 -0.18581137517424887
2.5323155350024265 0.506049511512742
19.302487771739614 -0.9944794156381417
5.560732544176638 1.011778871846252
15.960732123533939 -1.5565864485689012
3.172183570327727 0.7343441229840637
6.26586102478092 1.0532888786604273
10.253728596542095 -0.6593593490888999
6.575051543009676 -0.2756450739934794
0.5574060515962128 -0.5627923713730449
7.458223206762667 -0.6031206429836755
7.739126806194051 -0.3036310628878806
1.0989260397286769 -1.009568935860927
19.75540859420982 -0.8932732733987317
8.435209325578588 0.406649674382029
3.384585020684438 1.217906804528352
13.721958552666637 2.34031552941947
14.537816586684663 -1.150427114766413
7.155455279712877 1.8480001554826417
12.946976689589167 -1.5555998708097398
12.850984501645504 -2.673742521215905
7.453973146543293 -0.005948155653200227
18.9219762550996 0.5869744834440516
17.00994431437309 -1.3704263212549588
9.822756965591875 -0.661939702567005
12.456087456597588 -1.4357669457063986
11.423549294312691 -1.2370669760052726
2.623185120528155 -0.4278337078968596
7.740591661012774 0.1941667453602291
16.424802982092913 -0.9419782660992353
19.541622030066364 -0.756726923540521
6.652415018698131 -0.28046753522107104
17.730475179155476 -0.9930188416840511
12.913106611708619 -1.0501754374420489
6.719768738242319 0.20059294979665016
14.923203908869292 0.5199092000393336
12.282347844378666 -1.1128833007071521
13.219277554846508 -0.4778588039069915
18.779190043668507 -0.5175601338747641
12.057928132031117 -1.295189128791341
17.40644457552581 -1.0060473396996783
9.927592917513966 -0.25115582552054855
6.320272703865477 0.7678198556763935
14.41237173270505 -0.6301196407964209
14.504562866851458 -0.8782595341224498
16.370065795759693 -1.2598283195598672
7.625152829495306 -0.5474943468507656
12.55649137460994 -0.6090147694268586
10.683696158103064 0.7957514325562833
17.73386476861514 -2.065905513189424
6.75732735135318 0.07194738259551972
12.342536428691423 -0.5631395520315099
14.09342431450357 -1.5294321692556128
2.0469918051521003 0.2312105087224826
3.9922451363977034 -0.29955748491297274
0.8600666473275268 -0.2513724479373538
4.3054280339173925 0.026006477107509085
16.1184036498455 -0.04874467434660745
4.027709911244159 1.1482118607072875
16.227604405220863 -1.51411749824021
7.321302039269185 1.0231054863161935
19.895839627210037 -0.7487386603369418
12.479751247853597 -0.8350043631616207
13.260958144962686 -1.0709164266668643
4.0663939133103435 1.1483821580149125
2.489665167905412 -1.3811982722135538
7.898715963969899 -0.24926178181239256
15.977013429133148 -1.1768183240788634
15.121736909796464 -1.7732260876714925
6.758553446331729 -0.13003448696503497
12.825768406513403 -0.19072625005982125
0.7981741387715992 1.1033142558153644
11.349753772118262 -0.7369686423845978
19.360017046746098 0.6028288073533498
18.27625448680773 -0.8632747226958976
1.9305213652462276 0.39111285089240483
16.848069322398242 -1.1875830349603256
19.530565566429797 -0.34196654428830825
1.007253541354948 -1.1628510112120054
10.423641078151018 0.19888454560458552
6.890910759551179 0.20724429600066452
5.00885817385334 0.23561587029067374
7.55402392640616 2.6121794034885992
8.4425021733012 2.2600855292675863
14.572971364938095 -0.47643627587644943
2.5222764864059246 1.6747440353018253
5.007773663287746 -0.11572929341300861
10.043804746077292 1.2358964793301868
9.24848518111448 -0.38012305559660836
1.996044365449039 1.9128042509775178
1.3741542260777189 1.856545634890656
19.605449245350872 -0.6510344064453297
13.536668567978012 -0.9160434475280405
6.21554677133706 -1.0083801045756153
13.06159019547644 -1.1102302706237481
10.730320831203759 2.5732839131822045
14.258314506470162 -1.5955286989772983
10.925720910480964 -0.3438578749581336
17.21309041792413 -1.1006756855052726
4.45130380108917 -0.1603067525938303
3.663917322537755 0.2362936173393337
19.86291385570948 -0.6784709695039649
14.947110667071511 -1.3516464225604277
19.814309269444927 -1.406325179612838
6.411858187668154 -7.021313663151219
14.121416064500432 -1.572874868566455
7.550554651617213 -0.7874601637380445
13.647300544931246 1.5290864425040749
4.924483360089356 -0.26023128333695145
5.274996925076899 -0.010023128211788357
18.67277086623109 -1.3847694577215088
18.21376404434471 -0.3989927241161557
18.59607191056809 -0.369105847181373
18.19817486548502 -2.823556343588992
2.66400653243983 0.20877499088078627
13.688574897395938 -0.3077701791020381
4.323977887047684 1.7629588804753502
11.560658362127688 -0.5768861420839925
3.1866226871039176 1.4861994930896048
2.414422937423602 -0.25810702426014287
6.537307442769084 1.0003015777886335
14.94929633960173 -1.0264413281340605
11.152196874229093 -1.1561871516898377
11.088185945206995 -0.5746565061431161
16.0154481028103 -1.33686575301891
1.9325404774028547 0.5115196756074003
13.165664739420908 -1.0657710350234455
13.086654679364724 0.508406671365922
3.3897491200751726 0.009501944380178429
16.103642413547988 0.32781133291330045
6.042525057434886 -0.07613073820241853
5.056619372546374 -0.17079031774903322
16.874874798089078 -0.8610910103813274
14.337863904612432 -1.331531991113059
18.80973780889622 -1.222659673756744
17.17353146579943 -2.6447239627119385
5.752920512108661 0.7579201596601461
18.96799310923962 1.3851841620252567
13.119285633975755 -1.6657723645811868
3.9716789155018914 -0.34392468344270566
8.334245680585262 0.5608208420598342
4.45391194075068 2.303300355258675
18.31182204105378 -1.5418013346711172
13.143243150585844 -0.3487015613333978
3.9381269344797154 1.4940408074268656
12.346788590539376 2.6850926882565225
8.502418516304898 2.18530289759174
8.86546924786319 3.138284853521739
0.2584637675224209 -0.4000699931455513
3.3022156408735523 0.7874443217270689
15.430031270231085 -0.08931503449639332
12.979011698301584 -1.736561013362407
19.440701528500153 -0.7307325124034185
0.8986594728777907 1.744552598267308
19.19689832737053 -0.8945896856688867
18.3808269465022 0.8235376795846457
2.8206838767889644 -0.549574548744474
5.061195448387504 -0.4385825096322069
9.74925485349914 -0.758746457919762
5.966303367410154 1.970299906081123
5.952768554412876 0.534831976573286
17.131428008471048 1.858192082457498
13.790537503114281 -0.8854809867786761
7.862565868388719 0.628798667925283
19.672057619655128 -0.720795889878649
7.439292023219542 -0.8229828163204611
6.526748122356357 -0.2117925014922953
5.203560867315219 -0.03137769981947566
14.301604085890732 -1.2839941440536105
5.451964811394517 2.444084230662559
14.025129710924555 -1.7382744043550726
17.99596858474973 -0.789691081774335
13.780492815822656 -3.0039837849407474
15.948018663590101 -1.615703119267317
7.314068869802374 -0.26745337822629445
6.0707851452619925 0.19207317194681317
19.20169513823044 -1.1182773421887076
3.5299167698124556 -0.6623673525655482
1.87983958826686 -0.533704373690635
2.029623151942648 -0.5066554657667576
10.734709341587974 -0.851548801576695
16.69628616320074 -1.5359625811969084
9.810347991304816 -2.4411812307500536
8.05299503148739 -0.6672146852685854
11.396353253360633 -1.0698241718529748
19.263163530857277 -1.1117776597483082
0.11133473990357601 1.226193234162619
17.73405091125958 0.4795711944289748
17.63061394473742 -1.6740704947199152
19.166981596965037 -1.3394271204045678
0.835387569487345 -1.1876654093877033
17.11439982739652 -1.5672840737152922
18.62247734554983 -1.4352654979363257
18.473014596867213 -3.955384930334338
0.8268728293290485 -0.4094593528068494
5.534264728318265 -1.5392020190358033
16.444780900142828 -2.96843618934122
5.734720282750262 -0.36928303542989527
11.314132004911055 -1.0739249936365576
10.801134369992145 -6.646649534402489
2.613651603611627 0.7644508633642924
11.373995293696188 -1.0853580381189258
11.50789550416061 0.8418396458077669
18.47237513572194 -0.5069070195393433
6.89899606738422 0.023436746195248215
14.129833089219934 -1.371692093562091
10.683712757434888 -0.43405686777145497
17.4096779788565 -1.5730785469728417
12.33967980344411 -1.7264086641126237
16.37075946039142 -2.7617290768857607
8.183079000739305 -0.35223561274695364
8.79917037741693 -0.723081367312753
2.549149396258429 -0.5043021203062201
15.32553933978116 -1.2066483730033197
3.2104993302766958 -0.2311109568642531
4.638764844883172 -0.5974320848642292
15.861950510323393 -1.225250264540457
19.842963089282748 -0.9900172893104607
7.467605320833848 2.6232919021192727
2.4972218828756154 -2.7635144608827797
13.377752840969164 -1.9862815802948486
10.098725945485372 -1.1181664983051653
6.019936948615794 -0.3977557987377973
16.752571646099213 -5.338553391250761
14.072403974824276 -2.961793432917629
17.822238026381292 -1.7842161088338266
19.389165144602426 1.267301526353877
13.672153167947705 -1.1463294577086112
1.8564771266029847 -0.34919010942022727
6.054408118196603 -1.4669885860082303
12.379324035276738 -1.1187603946047628
7.804176105758341 -0.7851151680666665
5.99567802555012 0.084569198128284
11.95568800777711 -2.129226711886548
9.758053377427588 -0.9951179994562529
9.655232206304543 -3.041407050797336
8.900982755873862 1.993756311168873
10.65593205700972 -1.2823012782628735
10.471419783011012 0.815757585045649
11.53186512220779 -2.8020899364193617
5.71102394522836 0.8489446880580696
10.662730417519777 -6.31965456534166
3.191521601303679 -0.3352891990089295
4.039068262062318 -0.622153937354856
11.11218129956604 -0.8760919135204417
4.17636105268875 -0.2794403304956275
12.374974644228868 -1.2064661305275965
13.270182593517267 -1.8684814509298555
9.364079092858477 2.1028856170542585
6.393083721251906 -0.9686794747282012
1.6107770706149482 2.8503701829062944
12.148951931552503 -1.434324429353942
19.122496034318786 0.9244442661598599
15.260439707438843 -3.3038247016082734
19.148680524817745 -0.7663117488688246
6.840099283981963 -2.712667190600781
14.876770072120221 -2.704882531845067
8.783218591107039 -0.61447162957204
1.2844945772581624 -0.6668312903224843
2.4744977845311054 -1.2273579735644558
17.624897566883188 3.511523313330391
7.597415653628465 -0.8736014626418711
17.089332147857117 0.7927322531458403
8.955331589563842 -1.375365391842089
8.446551802967718 -0.07819521682382961
1.9153456914537295 -0.6301738361203045
17.173786829210545 -0.8508029903551221
18.871566486751064 -1.1536845944785095
19.296468184863397 -0.8943296931229686
18.946230733702013 -0.997535833139732
19.285057260126862 -0.8548652764665647
4.749324824957489 2.323585084603686
2.661875615322328 -0.5766697045635154
5.1736974057771326 1.2270529555707408
8.79891588457808 -1.6849483662927585
11.597519977305232 -1.2464112822945008
7.610316687587166 -0.5886596688197612
0.6461044115036939 1.1425742156966463
0.10023582488450539 -0.6980398013297799
10.923324601198019 -1.8594388780391469
16.22165094437983 0.00871185277957498
14.90864574191282 2.746355454002376
0.25114043579467316 -1.1004878817177184
0.23665027762022905 -1.2001772172514273
16.226865732771955 -2.2470348142150387
10.248844852007869 -1.0655857883332236
0.6294250858406685 -0.021716596488261557
8.404877011991726 -0.4570684083046365
9.809111028568699 0.9946339313474449
6.808778357656225 -1.2957596453930735
10.95849138310253 -1.1925048310815913
0.10340543750280208 -1.0845917749205785
16.710380368142395 -1.122055998283707
6.635563985346716 -0.7129744475611661
19.2396578340175 -0.5752401691371388
0.20525127387284223 -1.2616430237951402
5.583062780931827 0.1420852046354146
15.378219881346384 -2.211506959729282
12.378332923238613 -2.2614416869247167
0.2196289544191209 -2.5256104371565926
1.5847506291109765 0.0010874892931504246
13.391986041457097 -1.4023255058876338
2.1018217066805174 0.13880287537970223
13.653175975204771 -2.3186343995941345
15.984688229739655 -2.2436248753733583
12.209284250174601 -1.2114006600675036
18.394647180436625 -0.8170121259128171
17.52051684508724 -5.491781266227169
6.623470744126092 -0.5446265895572848
0.4272063889226159 -0.8644556512728538
1.643667100653555 -0.03789143461515257
10.460031474226273 -2.060467927128385
4.378600028709619 1.060980020203952
10.169594417546744 -3.3935108882058866
15.500582243067731 -2.430976798335893
18.641968620689475 -2.945322407235341
16.390516789325943 -1.2279229467252608
5.371736503784395 -1.222084510030489
13.029969281331047 -2.12619365999821
14.4803554130067 -3.851031416523932
18.531323078718888 -1.1217047748626487
16.292056185886917 -1.755194190820527
16.598541175780575 -1.065393325549089
2.592281964363534 -0.6508850749734201
3.0395964015619947 -8.110133849110895
17.172710505105805 -2.9549918753869506
0.1385275221274298 -1.5386170722336006
9.621664075205626 0.5596338018171938
10.394442272985188 -1.038972848598423
10.009636060448054 -0.696572411728292
18.61299397913236 -0.9262779019092534
12.420223125380907 -1.0658075153498707
15.201403114364435 -1.5290432856707468
10.151062650976316 -0.9360149005939308
19.201274027672376 -1.1393375120719553
15.359981798087446 -1.8616003479585645
17.056459578116687 -2.0639941061725624
12.546700960912728 -1.235213655787772
6.470750398167676 -0.460357104793506
6.002728918883158 -0.20053218248984206
11.205235823648266 0.6078530080723068
15.683272281586214 -2.27765775399407
14.351790014024715 -1.472280796290317
11.721037257019363 -5.659304516572324
7.5538198627460735 -0.43906442005051527
18.137901722764564 -3.4116463480040116
16.478124650965622 0.016289584981074273
5.700300330097796 0.8130169536431473
6.772117714606079 -0.3661028175051929
10.520598279485432 -0.5769771840265275
14.759158688319284 -0.9999053028764854
13.91564830382001 -2.130699339750819
15.213718518551856 -2.699129536144387
2.3177392250108735 -0.6752266854213612
9.745472892727241 0.0007901723338808245
13.196053513006387 -1.2335705599314697
13.060334380141208 0.1777376775734468
17.735270519144596 -2.8021597413869945
9.231605718440905 -0.6721863509306157
15.065595559671126 -1.6312838240656522
16.102739761244585 -1.8027259243044618
19.08324372805364 -2.6258139739067023
15.64687716967235 -1.9437214589064786
19.64295931569862 -1.0342742559774147
12.499090492849945 -1.2013921046363223
8.795346610034038 -0.5638342235709668
16.674529645100122 -0.9925766285167918
13.769201019612678 -1.2726243635840706
2.7550717651295207 -0.4880613720558812
5.9018404703312415 -0.17791984336453523
5.111685079623612 -0.444611510555998
18.1243408715243 -1.8922691237147353
14.933580595258032 -1.327828731953642
13.293633053840473 -2.0631392180815
15.193868978174825 -2.2629176685934698
9.430862574088836 -0.6559209887816573
10.841958786813965 -1.1929829551798
16.824158061878098 -1.7445126176774262
6.306089801869855 0.06951401071869459
8.757747976297445 -1.923584957129094
2.362751888971443 -1.2635282769474119
4.317790659795647 -0.3995145134810719
3.6404213591496757 0.7812914980089347
9.264734560745735 -0.4735674311214209
3.2748882379953383 0.16372047130956868
14.120197617209204 -5.163438908578697
11.677812527820752 -1.32257490621829
5.187543787285336 -0.8606696829842008
9.613549492498098 -0.4915698731832312
14.627354009818578 -2.6271603803801047
0.4352587425004693 -1.090031158642098
14.552251096003983 -1.3975698821057696
13.225898675475195 -3.2514111663656533
12.664310480944051 -1.0563700130036398
2.644279184978978 -0.6146102028999084
14.705722397725822 -2.722743452534513
16.756279558553356 -1.1370164300511345
3.9289653787813563 -1.2872402385868713
3.6575392899396086 0.06823583220943492
9.901909064775003 -0.6590212933385055
19.884025432001728 -1.1326566954657737
1.5406298210537148 -1.035561019463863
10.921619248866676 -0.8942480108167066
17.686029052903095 -2.077114468660219
12.437149056249456 -1.4304782208787263
12.441708672333842 -3.0493303567800343
11.814586027619805 -0.4220781667177497
13.603664735245479 -1.4200628040205578
13.11933293556677 -1.8588787964920839
11.922461087610934 -1.5549832399443133
12.175838877149134 -1.2352015645322623
0.7895976969099507 -1.945457079033646
3.4162019090527656 -0.6632212934557382
14.820720444439626 -2.019238910112527
13.566953381355642 -1.48131338845107
10.91384288570183 -0.955901415666823
12.482416545558756 -1.18307334926604
9.281401633467581 -0.408598102460589
10.244983840280467 -0.9576472730946092
17.154628240876036 -1.162569558221577
9.49365889795907 -0.6224759077782626
14.7790141818477 -1.5760877354472826
10.329527880791098 -1.0105025228049531
2.0718288632631534 0.1371371894829488
19.25561570667066 -1.3150276559890581
6.57481757011999 -0.3685823297158126
18.521530738634397 -0.9077506767017076
10.285597274227976 -2.9980517081800944
5.584157643159315 -0.6227375686983336
3.6483505909500558 -0.8620405945870079
12.043329400154455 -0.8614490341636117
15.704330188569482 -1.5050128933671434
11.584922520337695 -1.732080875192268
6.866840662301738 -0.9312878948288122
15.845502080794516 -1.546433237099108
12.775130720636762 -3.350514555982251
11.240716671716406 -0.6464457648714813
15.510541697872677 -3.5369014708071336
15.41602129635371 -0.4745044951171667
18.386768703380312 -2.088022777366561
15.920383741199284 -1.2923061748426121
19.62111209844684 -1.989112290325353
11.590953767710703 -1.1282530623018936
8.434358126665503 -0.5344375593588695
9.380392203509466 -0.5181486630594109
2.116641506234314 -1.2962360133318647
14.29601157959287 -1.4210966311829145
6.818107979191356 -0.3759972697499289
10.128161025998708 -0.6346144908905234
10.632909532829876 -6.269971511062938
18.738096029070356 -0.8500289608605616
17.290339555161683 -1.675021223360692
8.992021001481502 0.49651630784180867
12.71624109473823 -5.780989631833559
19.45817746858988 -0.4442746692089424
6.588155039459945 2.2733893435675205
4.888612981717787 -0.35662145808345247
1.620864870674537 -1.5937459550691027
6.132052365998438 0.7931769979651248
14.689309255527904 -1.5442254830755984
11.963214889529066 -0.922887185450029
18.673658644742282 -0.9833697819126406
17.358500876660628 -0.9650542691555436
13.577836217513145 -1.3979759926855784
10.097016407987798 -0.3190722786312608
13.410494116836686 -5.152517079263264
1.0552304354842468 -0.5471937315836766
3.055347983614785 -0.4682177894044226
3.591936655368194 -0.061014674265012545
16.145527213531956 -1.9690141884454095
15.350415581213053 -1.60697666285681
9.136008906965323 -0.2638294797562504
12.710348853747806 -1.7492180943411009
4.196110978869041 -0.25450679308378604
16.124160264363944 -2.3031155303474753
9.788064969635405 -0.5688011290810335
15.785844742935023 -0.39974382965409194
15.036073687056321 -1.0595011781055794
9.67752052636555 -0.6232489342886074
9.057857877477993 0.8726596626585902
8.596225014561774 0.6644382612662761
8.024243355653043 0.004764884499517702
12.299282558208713 1.9845763472093374
0.5091877799850438 0.7961750325884565
