0.6448270625442939 -1.081441051804788
8.6292688539559 0.3246332473204135
3.600123523024974 0.0778364748521427
15.973360090413728 -1.1706478096745772
18.931266988273972 1.989105144529828
2.6376862656817175 1.2739240699823156
12.554671515511037 0.1593934237450892
12.389583800345187 0.27113625462805985
19.456110949078493 -2.2315292682458057
13.475808444179615 -0.5992296176917554
18.88895098731383 -1.4346269916475691
17.390713350269525 -1.3210984164466153
10.884800520602484 0.45648511991107427
6.275316402943181 0.2354374449376074
10.85039901351505 0.8036929568511413
18.14735842533092 0.5570331294158719
16.83601020904485 2.16870535213098
18.387481771683174 -0.1989969889876232
18.987269415563063 -1.5226010375811994
16.959807345607935 1.8089774540426404
4.082354950934489 -1.0606529219173424
15.080640912960392 -0.08248694610444568
1.177538122828921 -1.2575288245716025
5.268030686760719 -7.820588278584202
10.283854188010244 -0.48393390200035247
13.875075108516528 -1.2249840585614593
17.780495105275893 -1.8371503310981283
12.08105994838877 -0.1440007898689788
15.182200155789344 -1.3737458187830554
8.156689843227827 1.3808020619607368
16.749269880840927 -1.4603785703394552
15.355369423384651 -0.9186784605488535
13.328193975837154 -1.7853969565838301
18.263337465956713 -1.4978949819428673
13.196093444913492 -0.7234746468596551
17.834157940309765 -0.8944775726219234
11.682963204799155 -1.2036644269479218
15.830193763564768 0.3423570068774362
1.3442808635220078 -1.5379488308128548
19.874924459812817 0.3729858110872478
17.5517477352831 -4.352970928153915
10.181876157001275 0.5930747316006411
16.799180242852938 -1.736827727656718
13.408450822641031 3.0633186720414014
6.719347663496234 2.9744395165087614
7.511971087393534 1.8655649635112765
10.729590638170135 -7.062127871277291
8.30770359458244 3.4609578804454015
10.84053628341947 -0.5372392290567962
2.266490743919326 -0.9316718727290173
19.349844489750048 -1.7152150094015304
16.22548941250476 -0.8209038548037442
17.62190003772148 -1.636272885823539
18.744923440061523 -1.7324729407650843
19.929950961012647 -2.4752578045685967
18.046861888667568 -1.4540730852502415
0.019746926118520733 -0.7952906368501065
10.615649067397516 1.299475675986057
19.826339537238926 0.9333311349238765
2.9436370576400677 0.2932033064451689
0.0705372326867201 -1.7741564629934572
11.995528898159256 0.06999342972027883
19.502449738567375 0.33191508606338477
7.870397676137406 0.3055583260136995
9.827094148361594 1.1890611757582792
13.230405111098083 1.9953999793925468
1.3089637714713398 -1.2036920682692962
17.917894903952696 2.7052229350190102
18.146557466869275 1.2779359759907034
17.490742084629023 -0.4157385346553786
10.661623097857285 2.7692797689817295
12.288642675841425 0.3291878193303391
14.931743732902925 2.1153773622312815
3.109406154735377 0.34972393862984075
17.056525129506866 -0.0814426663321792
4.766522528292592 1.3785766721068944
16.72385808511337 -0.685871545443
2.1980871407603506 2.152191617969167
2.185676818515615 2.442914081736221
2.536323537004548 1.2904641009145856
14.488572074491723 -1.0517099556173146
3.8789122672424 2.1243780534079457
5.821172555199406 0.6429092906057405
13.612932674831299 2.2781128312942176
16.92159667719496 -0.5508254172478635
2.37450175300407 0.9825789637890245
15.471041904592598 2.8385153500536755
17.866338067689547 -0.721725795918591
4.404512343077525 -0.7127028159005458
6.525344808038703 4.279064923744157
16.087257363440536 0.7342551127662157
18.639199828175826 0.4630561161252707
18.936323343039636 -1.918949379518494
19.332235875589785 -0.1386761306661788
5.585920143279964 -0.6739080780652411
7.870616463111456 3.046157824437725
18.059494334906436 -0.8220664350271747
10.148315145799716 0.06239838882254395
1.7771757505653791 -0.16404726126719477
7.20205070246648 0.4374177112097023
14.523496569986433 -0.9717882318291308
19.939028884256984 -0.9785565066350939
10.839185268023533 0.1671032622875509
15.979389574192101 -0.5367331561547766
6.582277626039342 -0.9620482579003673
7.531481934688849 -0.12744080896087157
4.009860610624859 -1.1134139593361765
1.6124108539337754 -6.716032315260726
17.19086166845276 1.5348455283214488
11.23886569399548 0.018194193890371663
0.6233684365898993 -1.3248610136640142
2.493202066701422 -0.776978777968984
15.701072118693276 -1.7111243563551746
13.192815942217562 -7.2074386503332155
16.17740029998406 2.0602636701543315
19.63721202033428 -2.5344803562772005
19.537551903381605 -6.28448092440829
12.117137821178774 -0.5027106998745957
17.820305394793866 0.7402660025818882
7.454659898080316 -0.306035538825359
6.233723162159587 -0.07162965389320783
16.16914083647619 -1.592860593250714
10.99823054429051 0.6088026444779562
2.802184054616255 -1.1981663379493759
19.729766729687565 -1.9897255534545328
7.07603237391711 -0.5058014235119517
6.0706209134134275 -0.6998101280144858
2.673548319738897 -0.3159637875435499
11.233600902600942 -0.349681553366193
18.486528765377145 -4.262041412742074
0.3290619627830788 -0.9115845675254559
11.778172624117301 -1.329604145340876
5.352585162990134 -0.7467659411579054
7.49253753184799 -1.7196718414888879
15.140502252813803 -0.4192403586304259
9.618643353984515 -0.2255313302265588
6.784771141137514 -0.062079177507017136
7.04408394274457 0.19189879413880234
12.549408003449726 -0.393700713834161
12.514018566210272 -0.2856510694787635
0.40645807144060236 -0.5799253643381381
16.20715624035955 -2.9488331222659236
15.879439306362153 -0.20225214387139914
13.460469134440078 -0.44811292858041973
8.737807928669302 2.0637181553330013
13.773325002840455 -1.9121422466445235
4.970819239542027 1.167445766619112
1.9887099338637606 -0.4213305913284497
18.12655717681708 -1.6153905991511985
3.647742159168543 -2.331721034477361
14.605820812956834 -0.6854071646649735
4.733873818851059 -1.146519685663427
15.10239696411943 0.8501627633455998
13.381579129128344 -0.9258939051073304
2.2132394442347874 1.9563107099606456
9.310142065973851 0.3984612000265718
9.989988197404587 3.367830003571386
18.675701933666844 -1.8223962865225858
14.749180192319244 -1.2551840154873737
12.005303758293078 3.4879468650921175
17.362824550076486 -1.0990014559624086
4.966591426630997 -0.09427377295074599
2.382405291776269 0.45637450177589767
18.978534060326822 -1.893138946375764
4.5880726462977135 0.32961012476841495
2.1795894206701685 -1.5867830531267555
7.5888441900118755 3.572318843823362
17.461378159649065 -0.4897588307331635
14.1149460496524 -0.998251293044661
10.172972275356393 -1.2072770864713198
19.570550271738718 -1.9162570211011771
18.430430523923 -1.1209149172622663
9.174793354399688 0.3446121179266082
9.337368762137901 0.8257947473676741
15.163166000870445 1.163450865838195
4.141586294995061 0.2461104196916819
8.880796307190266 -0.0985569136603257
14.185891294277893 -0.7699006572587412
17.54276028560486 -1.1576255212083923
1.4293779379756444 -1.516781805185724
18.738670981612845 -1.9296204858896775
15.576130383654519 -0.5861054082093364
9.721021160177266 0.11077467759350734
0.36272568970279107 -1.5573468582916425
19.11508050179397 -0.6465646910809928
4.857979197743323 -0.5247850768163651
3.459007009363071 -0.05955458785757166
14.22375385449488 -5.443815896496189
10.589292417508645 1.4372907265385106
7.613434473374051 -0.05827081133299805
11.254734712355294 1.8559055119257692
6.9892017381135645 -8.531257038691448
8.901585432041733 -0.5867511459620669
19.443376411231768 -3.297488279780723
1.117412050658962 1.5069633607940984
5.780751393687085 -8.130175176855353
2.319313257183699 -1.085473097627554
6.993622874268801 -8.305209134914815
6.3385325807019575 0.25812252094430865
19.687453606314016 -6.7795180042144
2.384903381069413 -0.9253784253216409
6.58408556437827 -0.19281188433080143
3.26883002560777 0.3196495123942673
2.178108581062999 -1.4775596937418674
2.3176974193518376 -1.3117184120861656
15.815213662592534 -1.2653625485156557
11.723412813689764 0.2555848066764616
2.4748247548908977 -1.3916305534400066
3.2773439023105477 -0.8094924074094132
11.02343199928369 -1.2582763321030788
0.19474639774306157 -1.6570939300109615
10.653921611462401 -0.31217652839225196
7.9238927898166045 0.5734191289249421
16.75532789572405 -1.6816698368776906
10.448973268881494 0.5128172356313068
19.406673027892065 -6.578427618747472
9.43924863160928 -0.27268559108444357
1.710833182410398 -6.501809520974391
17.237095118154357 -1.6112868384270427
10.897361371597508 -2.348580029375355
3.5836926873171318 -1.3056817025062892
17.570123867366377 -1.2678811434180144
11.020809143561149 1.239502953005153
0.47527001846855454 -2.436722974382335
6.362897788310571 0.9748812054299889
14.489496762690468 -0.905658930063614
7.018928111869948 -0.1838730752114487
11.469187488197164 0.8819458493843861
16.587106958631992 -1.1585667250054033
4.05492104728599 -0.4919798131275204
18.257552522128098 -1.0642010761061025
4.884486716326308 -0.004284091558289224
4.0014773427938115 -0.773183397463064
9.285756832133018 0.5205333287822784
2.515328124062017 0.4580341048581278
14.033878271673569 -0.634190712989531
18.020925158325632 -1.3733991543705553
8.079913312593126 -8.383051465124236
18.567768521068643 -1.837460334247278
19.772226299219362 -2.1187186278518566
0.4590777280897277 -1.3447785988036123
18.013720597412323 -1.48287929798574
10.164135260243107 -0.5072033076207859
0.03603096435209363 -6.486141364093597
14.95390147517127 -0.6127137076422756
7.898395078940965 -0.5366153256998538
5.638402303623304 0.9562672162534692
16.781278831502142 -0.9949552876478975
4.2273904766279315 -0.35131940272855994
0.03944536508583635 -2.020713230738634
8.462882058054909 0.49621897814891014
9.567519356962604 -0.7543308255631151
12.375142376624288 0.21911284251982333
1.9099238722092875 -0.9279686254160502
17.79044223870099 -1.9049633004487356
5.799047376339378 -0.1727500146154237
2.62108619894835 -1.2615680993549367
2.152127444275574 -1.2882625322171808
7.677590195556593 0.0007358110684855257
10.165181074353136 -0.1830375006770787
5.84787140176427 -0.3237979353199557
18.34198964185328 -3.1529643203366255
6.696378946530951 -0.197085522901977
11.89544731238109 -0.028014427965160182
14.467421509715992 -0.9361208922902486
6.041347053483795 -0.5625055404206268
9.903758459098896 1.793884942817253
4.876277078952392 -1.8619559143126576
15.452773828042954 -0.2960005944593016
19.451605398568397 -1.9959199337248665
1.9655134690577023 -0.07333898552709629
6.617164894877635 -7.324991093204334
18.891791059671966 -3.3513753564581665
16.13383530926139 -0.7430981712993754
6.605871075799559 0.7151623425976954
19.990318460717045 -1.9698827226259623
19.35638849751834 -1.0938878185326328
17.003382806415996 -1.6910810081959555
9.059383970737247 0.006115065370908723
18.37531218743807 -2.9956124577226753
7.642187885318655 -0.2504677068375829
19.27173384068894 -1.347821661043111
5.623204321975645 0.5630067176750665
5.170335995062219 -2.4015230729880033
12.140743841011236 -1.4934902146404216
3.0184701383864962 -0.8818675693496297
1.0362245136204329 -1.9496416102683116
12.575192462334272 -0.24548994755207176
1.9057414034031896 -1.3143014958940766
11.059533362228569 -0.31218945788420027
2.506721554417394 2.4649053419257
17.41295451673162 -1.5502980083152174
19.904594233158022 -1.6976314067854352
0.692952114403044 -1.110547791845339
14.205385539299726 -2.446843943956292
12.544767596390136 -0.788142712410342
17.63928236165995 -1.633600073801174
16.007337043943927 -3.251379422871229
0.4245158114578353 -1.5862806156107618
0.9798402345245897 -2.4787981421395306
10.294113721777203 -0.7812421844192142
14.338234883115428 -0.9885123253789369
4.914387399445787 -0.5193419400255678
19.49093516291231 -2.4498089809972154
18.752136475625584 -2.66431095922957
3.2065093435823675 -0.7602376371475654
10.325832732121835 -0.5338145861445314
2.0823147467525134 -0.9591076448720233
10.108011789118816 -0.23757015663003356
13.061643082922329 -1.100714924831775
17.591989871264932 -1.2524743909776732
1.3457564103759143 -2.4477629875468003
5.685501775207032 -0.32094120603122056
12.491426947518214 -0.6841449688641419
9.107650471018204 0.20574072112852587
14.954472699595199 -4.59861498771914
3.887554764230304 -1.18534927813487
18.624249463011818 -4.1800473925287225
3.388375103828677 -0.4505989241883682
3.587755063576157 -1.2929368631768392
13.363262608925213 0.9318091847771559
4.066307359429154 -7.3920099757734405
7.04792453625031 0.11039123678817514
0.2371682503849757 -6.614219163909277
12.479191078702245 1.9519196206793763
17.24250596505995 -6.747457340764937
16.796363349634152 -0.6833088235926559
4.522681220351267 -1.1449522671263277
5.48807820601905 -0.10975509895078647
12.20904318952166 -7.931554343542909
11.172837587938778 -0.40705188056717034
4.101877186426107 -0.7686081811692274
1.8296732797413957 1.1111636876579056
2.7212230147200343 -1.7033550588723958
14.334251806719228 -1.996421376780797
6.905808135585479 -1.4099215233854592
13.704001325773898 3.282068033555051
9.32326692078864 -8.200308918367679
13.515186094349472 -0.9247123151638987
10.082133486341778 -0.981029349814049
0.08168885113868313 -2.963743947573303
6.696669031223531 -0.962791839559304
3.1255979977050825 -1.6758769214357192
8.24115258713308 -0.15115125200493357
8.134758139488786 1.6506971071842347
6.8933764828947615 -0.5497765889198412
0.5720563748415559 -0.13027043272716568
1.0604620184411537 -1.5264898346552978
8.92255417031267 0.36452634736076234
4.943153164998403 -0.562887915574567
0.0964317573945332 -0.6124654801144072
0.7774787068786344 -1.6978540892068734
8.348122845769261 -8.408151867053308
19.263243650764334 -3.157520127083135
12.006962394133982 -0.5606154432030521
18.225533976025847 -5.971104188662303
12.890462921714189 -0.7235028301875124
17.022777129699943 -3.5274754286027914
17.2035655247156 2.0300984661002786
15.685347152076865 -0.7483439416603928
7.820914159935191 2.695941063940845
0.25530116682997445 -1.5247466472583233
18.453423278591675 -0.2500589539972038
14.410274115021807 -1.6424487472646379
12.629428778630619 -7.283684110677994
18.150858682172526 -2.2695644632183827
18.878585440463564 -1.2067333484533747
16.526588676226623 -1.4116237453333071
19.845016509501484 0.6279652210958477
1.139327063516558 -4.423945314529592
7.3973354154990325 1.5732181890719898
14.677223996482102 -3.850415116067304
19.919710509153784 -1.7131159348800937
15.963508017099464 -5.896132410916301
15.794323122850855 -0.9819590876099057
16.994297078366458 -5.755225386340812
0.1286458557912465 -1.1770005732495796
15.970407794378074 -5.324203561860045
2.7525754417297006 -0.7552951192271758
4.992242503472567 -1.1557301482598188
6.799392209029078 0.3611756520619772
18.90180604076789 -3.0786199130754217
7.24025047886493 -0.2214216457329054
3.2327998247272434 -6.914854340154485
16.211178242091183 -1.130168919410895
12.388842442958204 -1.1574219941137638
19.751987736477222 -1.1448548444390265
5.4437921760817325 -1.1627116950534238
12.920519628764673 0.3120064284504279
11.21760016555975 -0.5910383794129896
11.071435001100975 3.552842140223458
14.489425127597322 -2.7661313994461025
3.968935528880513 -0.3634504147229449
0.19297927471676096 -0.9618057344447709
18.532325490854316 -0.35041559812741946
7.391724003310146 -0.1878127747849767
11.64568858144759 -0.5026819439439878
7.771508338917705 -0.019645012679829432
14.482427860843757 1.0938420316385598
16.417552090088545 -5.443988446818148
0.3453424202267336 -1.6449615910379318
0.9325485709602901 -2.949438817061573
14.175107344421951 -0.5799102747878819
19.052268052049907 -1.8563021603521146
12.587749035822988 0.9480764002192414
5.773844322471548 -0.30582952664023166
14.862878170023295 -0.8575230670881798
18.64047620281991 -1.8775065106975564
15.023948567015713 0.554905628501234
15.33916344151081 -4.248571720770753
10.167128660889256 2.2805143005986315
12.1894982421687 -0.9315412194635938
8.945430312666467 0.4007718293835677
19.3240855588457 -2.4103996576627322
19.266273215697097 -1.6839409891981023
18.62836539687409 -3.8586905183043423
17.194849604748885 -5.075097493133311
0.9045240250984221 -2.8846767940441587
14.433672973822782 -6.414784743703178
15.31729287693998 -1.7912212426344019
18.38500996555399 -0.7726110167028322
19.981564142970342 -2.0928328835288075
7.819564065340466 2.3321930353459024
16.887213523650342 -4.7227135475515984
4.780690561535177 -0.915021246499231
2.7787500625240815 -7.074633272262056
18.307286573723243 0.2809228018375595
12.933778168308708 -0.4490194293029973
5.239482791160301 0.27781515483002917
10.700020453074218 1.7949073284564756
17.557600380379974 1.832947266907755
13.800881270470207 -0.3047787455179115
18.774470165335554 -1.4470122759400683
12.846239392858 -0.7493683458823097
12.63423470768994 2.331853850090334
6.3122824824658395 -1.01269307616779
0.6582148138907338 -1.0513206385026828
16.15575745959979 -2.2230722123064828
13.357008081331047 2.508364467288697
4.494840986921076 -0.5528183319885248
18.640812427865512 -2.4951257524510355
14.752029451396556 -1.4007734993783116
2.138736408990079 -1.5430573379785726
15.883301853697972 -1.1110019272014668
17.80378988877962 -3.2163315708303473
2.756391899983399 -0.9875632560746531
0.6712559366263025 0.9073211846808815
9.399357814999192 0.3989518399951295
11.770907002547206 -1.5758165400637059
10.846861368736969 0.09271472514020651
7.518131978753255 3.0358074837281825
2.448366649551828 -1.682409118603615
2.1016962550605123 -1.610651305332468
6.918467714984732 -0.04160399314616886
18.8716614718192 -6.881165038379597
14.754396328528294 -1.1110237349070549
17.890530624040935 -1.8137670367764132
19.345007436369006 -3.960533233874578
0.029284530027917532 -1.6226404697826615
8.68449883814044 -0.32067467363320956
12.805348892040985 -0.41474384183483026
19.175442700023073 -1.5256908838226644
18.226790326339767 -1.8451044302931556
11.93004970951607 -2.0626883091980552
15.237727738233009 -1.225005792549561
4.49026785546089 -0.6906436510860724
8.988961980721125 0.028638888205958224
6.4095798867041935 -0.07606882356169184
7.1864557410888565 1.6043066150519114
12.861400688561515 0.6400347722174491
4.276058107142386 1.9907829830247572
17.96249500957151 -1.964461165636686
18.0926921146858 -3.1458690208675537
8.134341145200152 -8.467957212645596
4.426098309807556 0.08235120637871882
1.5101419759894146 -1.860509717012648
1.1998411660975876 -1.3608072113803364
17.191350550598212 -5.228233443877217
14.000960253935492 -1.0265143480846857
5.109575258189811 -0.374608669781179
18.005329386656975 -1.5078044525903962
16.953363608581125 -1.5268386969512626
17.889167953827638 1.7217851990973339
19.166623097547543 -1.8463379024942852
4.096628138962309 -1.1975155248249107
17.76610978140711 -6.404760717912516
5.270342370151591 0.26537457652797863
16.180093313329383 -1.8031608314630254
14.680961081399554 -2.1968836898579656
8.855627564057823 0.23562115043448856
4.291437284013278 -4.120856169063026
6.9979359523556885 0.22467984054528312
12.107292729907348 -0.09246850082996277
0.8565605677138508 -1.460020300309171
1.6961291697164547 -1.1594399568384643
1.9046163191370926 -2.361610474395584
6.174559167090164 -0.19139160058914492
6.259740454800642 -0.14134287663276354
6.747689062128719 -0.10942759848980577
14.097650803060313 -0.7164448348028412
3.508076887800761 -0.5186181605719782
18.974876348184253 -2.639752909559447
19.59125242099988 -2.5036315718454674
18.13886526932174 -1.0701880592569895
10.440086528566694 -6.8851573814963825
16.360677423844756 -1.7628149008429488
18.76389116271512 -1.9874951390615097
16.79450745192631 -3.5545901388737198
4.6136252884423685 -3.825717626366686
4.14416991069152 -0.36372597055325295
16.998491724839734 -5.2561547223477225
2.1935833113910133 -0.9823365900548533
8.205822033507749 1.5233156550541997
9.445721086355583 -0.09004117420235846
2.646390798914236 -0.6326162679413558
15.750594003555312 -0.8417473407338507
17.436929207648465 -0.6890024140041912
18.248336852678676 -5.325021539928523
7.227529731268258 0.12641015759189694
4.196077191413782 -7.560787207173313
4.330984330662366 -0.6824829667296717
12.218374796369307 0.0015821503935296577
13.68444256290291 -0.9506611553388278
14.601054617030414 -0.9490164131357957
4.2181896240472385 -0.3552873146033408
1.1983380366798027 -1.386700305223896
12.148802038766162 -0.15554523957185343
0.783078655333612 -1.5650950232483467
13.605911927320514 -1.0189864316201973
10.235132033673944 -1.0758531001323672
1.1543127387627286 -1.7146051279267283
18.01645108195499 -1.7284727158634825
16.428556309187588 -6.9040333763397435
7.673683766820973 -0.13051999494851085
16.270511593864143 -3.3970898841566552
5.376298866818225 -1.7840117830461864
0.5435562060052501 -0.8765965219416847
19.225433721210383 -2.3906205252045316
12.351402181878404 0.6294777946338718
8.04172721986786 -0.5847886716314032
0.049578009059653705 -6.0701294874675655
1.6830736123321515 -2.6798275969822036
12.476970893940662 0.787263171367916
1.064285754210602 -2.5671681043217838
17.043352494490176 -1.3372506895749536
1.0204809813272218 -1.8464162337966856
8.811034255202086 0.3262782601375296
8.348201982074086 -0.2598101804844109
5.723282189780391 -0.4582417272097905
2.8005555750661046 -0.8875444182634803
10.826561245368532 -0.26574954050381044
18.851785430038596 -1.2639695095799557
3.2361570143725293 -2.5732627100565764
2.314094460689326 -1.3418903396614046
17.05208413485481 -4.962340178002628
3.7919361274045515 -0.9855882300160661
17.31439014485058 -2.1826108621853226
14.534598024991968 -2.8562171477928406
0.9155385958694415 -0.7906634018277483
0.8410062292620311 -3.2168806273462347
3.5658461273520192 -1.035602724389044
1.3092420886039218 -1.2054973686807613
9.764235281392965 -2.14372108005494
19.09496063517311 -1.43816968193839
14.401985159745623 -1.1931055036714164
5.675190842704109 -0.8944687757029353
18.621666593629936 -1.310404407107491
14.293569151294982 -2.274540516642762
11.733737242399673 -0.10383687747478376
19.17416189545898 -2.2193002246418794
19.82594179558282 -2.2471166681763353
0.5335950996697169 -1.446310230619289
8.539296854454303 0.274868010012906
10.567099241289592 0.04538613598127625
3.46321395944753 -0.6290697901631683
4.38211762577367 -0.6942432454591566
15.372926050323505 -6.317053062115026
17.20663968127468 -2.120951502646632
16.914698806596686 -2.316094551317258
1.4034360927628364 -0.9224501656513128
5.206336365773073 0.36689025316419765
8.862268150693849 -0.3138439268400664
10.550636676108828 0.5506586982135383
18.4436058594355 -1.887917609430945
6.4928305784126294 -0.5974998221507017
13.96442957820283 -1.1739425974776077
7.266399055450175 3.0784407893499437
7.740051420184622 -0.15953127396639188
18.833764947723527 -0.46734469584721294
18.244193199845284 -2.068777141743037
14.872461224289507 -1.1541118559082004
11.816375081274668 -0.06352101566351215
1.2349351240246047 -1.6387080714287956
13.352450617731359 -1.7951647863333051
14.487903380739953 -1.1097511248925311
19.20187654740649 -2.1506647318768257
0.648398262698702 -1.506196239131814
13.85590549289267 -4.311038627930261
18.364878237806813 -2.1206290400523344
15.274186903011232 -1.56516737601004
12.873861055940562 -1.2590201457071575
12.114137292692762 -0.42904555727008814
17.573892851788234 -3.4986815361318953
2.095991812893176 -1.5949008639723616
0.7682182926009833 -5.950675436116016
5.504266052411756 -0.7215554476487637
15.215189865561932 -1.2105299659323165
19.473584824719836 -3.0780294667380415
14.307120436111031 -5.156681061194303
2.6014032587063523 -0.952784187469381
1.9747839320889615 -3.0954909555554484
9.126771549011696 -0.6776944359451071
5.337636374401618 -1.4018951534754027
10.42714853106267 -0.15179023261873387
8.852227663620686 -0.32453391810118604
16.083612650620537 -0.5951024108352324
18.592562406103838 -6.303109213049603
14.268616810731974 -1.1194460190486875
18.358196835507915 -5.081300251974411
2.022939198444397 -0.9513605828575478
6.341190792679899 -0.26564441171868736
4.12932562854783 -0.7963091393249421
15.968641837681604 -5.564436967319422
4.976329224074142 -0.5972208168627668
14.729802910302245 -3.480447144580146
17.767588163859397 -1.7594120697718467
19.24530477280712 -4.035889741819532
18.977244865793686 -6.670312379161607
12.30719284806056 -2.4570597437077346
18.58473763805588 0.42714971728747314
12.489464940125972 -7.080579166637445
17.17290828664938 -2.479936456471726
1.2019538225463924 -2.56273645435158
4.819350866106971 -0.6667880641672044
5.743889426466677 -0.6125773049071264
17.245820421670423 -1.431695006162275
19.736878106366014 -2.3833719626441696
17.859039180877538 -1.75452016921428
5.860117793050145 -1.0130437134542787
19.655028856276857 -2.283335058985056
19.499514080237343 -6.130536574756644
2.364332265689276 -1.8814128643114825
17.991279621397624 -2.171468570219289
5.03149929578327 -0.7356538237930119
5.926767141500997 -2.0419722928900708
9.84685631127756 0.22407493991581523
16.667280707944332 -5.347827631231395
4.70046926560155 -0.1554814276625122
11.01658608890777 -7.755383117764961
4.729089056892686 -0.6554262014880053
18.016262714293553 -4.882026749015026
3.9786269076776266 -2.8894623267198276
1.3031486212987298 -2.1550390091103355
15.596846401916663 -1.1793249243707886
14.948485062166514 -4.089421525409114
18.998537295148882 -1.376491733127525
13.195121098739454 -7.480603141679209
0.5446623592946835 -1.532966826125059
1.2801830115653192 -6.707300000067097
2.987570308136985 -0.951177821508958
9.786459675175136 -0.41624362228843803
15.30882348506832 -1.0095566234464048
10.931839812288077 -1.439408843717172
17.738336954400747 -2.010663877606945
0.1364552892988267 -2.3404285089776766
3.990125791579298 -1.0551972623489887
1.9067600091758659 0.8087080873764446
6.172681852784834 -0.08307518452212109
19.8038290734286 0.23495569851345965
8.479152230434968 0.5307548996518254
15.657936759414248 -3.589300307955277
18.016530582498973 -1.835565619243077
19.763780700204133 -2.3055319667814564
17.186470451897566 -0.707165253033819
19.530079210606488 -1.986840900585097
18.362950653699382 -1.9341412658636428
14.875994955760593 -1.356427325897461
15.783896142906546 -1.5353675182487994
10.358810654420852 -0.03806790781736949
8.16474520295628 0.20577382536861957
17.973246243505013 -4.44290749374369
18.20603640542374 -3.8601554882357307
15.61315376427957 -7.237051349150726
10.763902150664894 -0.0863386684351177
13.675053493255227 -0.9389491506447374
16.4611393090023 -1.2805212546480438
15.908511844132509 -5.842126384269949
14.872982204814571 -1.5300194354931556
15.191932718295593 -1.8087327882610558
16.046485267921717 -1.0991572824508804
4.540607944188162 -7.850685057332952
3.253560379923853 -0.18333238746028985
17.192881563180816 -2.3648495100077285
19.582565470162685 -2.258430345675583
0.8709809679249017 -1.610806381465995
1.4479246354349022 -1.2612774077073052
19.927674906662812 -5.783829042163336
19.021861144859397 -2.716555371346726
9.640478731167086 -1.0437470602040921
15.849526838792002 -0.940970705356282
15.011351890352739 -1.1790476528695073
17.18975885662875 -3.7041955925698486
16.217197036461094 -5.206461208237149
3.139527969924502 -1.199978865331565
19.70417576121954 -2.5444056410761076
16.859462078175362 1.0288419369109243
2.4696445615674505 -6.563608278289859
18.32688449023566 -1.993569406998745
9.609016762823906 -8.306044094696748
7.979558439023208 -0.002997185274021652
19.756023043510062 -2.7041491479107784
18.448554882626336 0.5121196158515706
1.384936126747177 -4.738699833414256
8.171356910644956 2.0215040288628074
16.096939134721097 -3.715249625937563
18.829435967134497 -1.5226077415873573
11.994322879031582 -2.1610154881299053
17.742983093806817 -1.974721348673608
17.46875832823178 -3.6482074589682694
10.783293883445518 0.5846461148021476
1.5839566468373434 -6.7632099653936955
5.136944111622241 -0.22772560247105247
16.596512754461003 -1.7057357205128896
1.1938898629133565 -1.145088968549757
18.436936059200065 -6.801607646158543
9.701759687178736 0.07461992544513685
9.850401254962566 -7.474719411251203
14.24585415947973 0.9015848018635049
7.575821919020575 -8.499828565113534
9.608686293269376 0.32254745441552385
12.220931543192462 -0.2884965031029074
3.2189159166522106 -0.21187769844044851
15.72377969816649 -4.975356138325536
17.442482568234926 0.32139729148665597
2.2694986848848338 -1.4722903476279452
13.538818102924813 -0.6829660014413181
18.922820065669228 -1.3706359349029418
11.0271978710487 -0.6157282765894229
0.10982554539333989 -2.6457755621617753
15.758167571768517 -0.7728981275283837
15.366878398860313 -0.8773596798379136
18.44985086508071 -1.6301760555003253
2.6031721672675174 -0.5362462201612992
7.201923003484878 -0.2764377316951589
11.789025087410883 -0.14331436981329693
16.957442066052955 -0.8852481244963425
5.25506784645102 -0.3966536422948551
18.640502246499956 -1.5324977308269108
10.564988657400407 -0.023165248430054325
19.32946505083237 -1.4959956694181362
14.949610807730892 -1.5017646506663307
9.183667328266033 -0.1808297225862891
19.830492475875985 1.2307190230186311
2.008268743342559 -0.7321293254949875
18.47126408957098 -2.188139558700156
12.019272066321966 2.8277155996985512
10.439383585427695 -0.5125627544716467
19.513441635866847 -1.6052428556357277
16.059821018486776 -1.451232239863004
17.54782052399013 -2.0668388717163286
5.200342434160697 -2.1523567512816677
6.140277046947901 -0.06747486923248089
0.8578580302868855 -1.5553310771572648
8.667887893078518 1.143448402830068
11.401141908130901 -0.372393626434426
17.96979611204435 -1.3014718337680493
18.07408447735297 -3.32602057163794
6.402171898661782 0.5446564503810581
19.001675437942882 -2.2408454239098
18.675713995877192 0.05345106651476639
10.037253238666285 0.008189158356023907
14.964462105170906 -0.7050516032087368
10.649084781620518 -0.8047338070862342
3.399154075251542 -0.6142324125931727
2.5791624544927894 -0.9672312780362619
12.553232351354195 -7.644273581511146
17.935173164101002 -1.123629177361629
18.154446653440893 -3.0428907109878263
18.900900821777487 0.5472061128013024
13.613409649103652 -6.781308928781122
2.1598619998815782 -2.088513904622014
14.352415816292403 -0.8399043355468713
6.6779930862226236 0.3364174225706836
19.850986296136476 -1.6730426449177747
19.160687371314193 -1.8860700798063115
11.491373787154181 -0.6848379705337312
17.449281267952802 -2.0561388236197726
11.965089385519839 -7.095827212304472
3.3768674563426893 -0.807451486509159
2.1055814847395875 -2.0892345037505318
13.31644312531798 -0.4373150665932747
7.118921130657298 -0.04236721670693855
8.338148994115189 -0.08007113729133675
5.598825331216485 -1.0973309340751711
5.615729596914206 -0.14841354793438044
0.917623921122087 -0.9445763184858383
13.111326726518769 -1.2366743418641768
2.355628281152577 -0.5425392239377245
9.459393957717905 -0.04662870998478841
1.6402664192713439 -1.4287193200131
18.366594083320493 -2.84438558061313
2.570633042646951 0.543768263733191
2.17761723400531 -1.5566414183014674
17.307368019388083 -1.1696549062369233
9.67147705490317 0.029342443938876556
19.518877412229408 -2.0221169123481784
11.235056381090128 -0.5615468526092648
15.999375694467167 -0.7354105648046996
6.1807490832833265 -0.7542842575265314
13.968985262602112 -0.8961284828919338
3.6093796223955175 -0.9063821913123071
3.3926712606908636 -1.27864719479795
8.990216167502105 -0.1860039767470129
18.811476823544048 -1.5073644998803026
16.452321461842523 -0.8934644671384739
14.99819331389542 -0.9691295147117049
10.362959353069943 -0.04073592975609777
10.41533581569895 -0.09159105525372283
13.814869537299446 -0.826748805082571
14.976609571814121 -0.9271164107046406
6.468827362032587 0.16942001397820752
8.594307558586525 0.0657972690902574
10.353920736035851 -0.20266853885365516
10.19589447708002 -0.5235622176013015
16.18013552255515 -1.5747544090245664
13.451930390940543 -0.7397473790560151
16.78152302826385 -1.2087531390991904
11.883995457212086 -0.2586337031079127
19.66461257992181 -1.642683698397131
2.4932319236304146 0.6027162057394241
1.612113027282543 -2.2522405685635243
16.63714333874878 -1.018500785021991
3.078519030398683 -0.5888969147267026
3.7931878351484323 -0.5099372602670027
16.18189205637635 -1.1754180592510897
0.40668329065630016 -1.6826526946462796
11.790770330299301 -0.5794457550276401
15.615815222724569 -1.54862999258382
2.1742635547663984 -0.946964885033393
6.22717105395287 0.055608129525373806
6.693765985032589 -0.37111734932575124
4.433180313528426 -0.9856712905035145
17.0529423620524 -0.2995813128137086
18.563680592432803 -1.3412556944844947
9.63019534291778 -0.16445741196557928
19.192205923183796 -1.9349280547074557
16.31344891326636 -1.2916685992037282
13.139106457087037 2.746521050620718
0.8319417189950096 -4.494710108945176
18.134180442622444 -1.7393992880556044
5.758748397829199 -0.22661613996947524
17.60213004786018 -0.8837091324468148
11.30565572202045 -0.1624370232641773
16.795120567691136 -3.9709812120529167
6.868691778319494 -0.14867607712776482
13.37983665447555 -0.695553850835939
19.117073860292564 -2.6257849629892065
6.917307166933831 0.8279938139751317
6.297791136159878 -0.09899313536931684
4.44131190002059 -0.07056140643276064
19.899456359914733 -1.3434456200150635
3.268512351129047 -1.229238058310691
15.110697051052245 -1.4444902156928485
19.298445539228414 -0.8353123789036496
3.779934502290814 -0.9200059152107853
18.936707548090784 -1.4629087172645145
1.2535300821961033 -6.789496637706269
10.912469620975177 0.32370547267809935
13.064214629307743 -1.0298302700496706
2.626056815828847 -1.001680853294069
5.264066388691537 -6.489089742677801
3.570972913535317 -2.936390898516482
12.634298976531696 -1.1348772445787836
11.301084292412808 -0.2025211139652864
3.041693558894298 -1.105541096636242
12.456828473342402 -7.595433140245298
11.087689351529386 -0.5559028165538212
9.383662981351884 0.1069152810172958
17.558973930100755 -3.853596130349172
19.494760638560397 0.29254990711495016
16.783833218631216 -1.7235025506942794
19.587619630984854 -2.1732830963058456
11.286322539898627 -0.653850676612854
0.11744028954533739 -1.937916193085262
19.95602462489397 -4.034052584421025
2.751627675075024 -1.0200419488461687
8.421166832244923 0.25652141893001
18.760495404064784 -1.8899656145257027
14.657591378465339 -0.6653853240144952
13.964892852271872 -1.1032852971345453
17.273817817841927 -1.1234401455826455
3.3769599061069924 -0.582011762577922
7.5792808197663835 -0.6088013022637453
10.384970763496746 -0.44550779729632684
15.549135770904055 -0.7154713517646221
0.4415508325501969 -1.7812166516818668
13.943341207454015 -0.8972268319703203
5.685642747187511 0.27097543446982547
1.5640324517338247 -1.0914226972172854
16.21916654554807 -0.6691222049077041
10.929349873285254 -0.08270952148253291
13.870369590841932 -0.9732236387314309
10.08437077943099 0.1481179130583556
5.2554790138166405 -0.16574727564554784
8.919699511755303 -0.28874284892015295
12.954081609464316 -0.31713804085744834
15.353326936835064 -6.645010482174026
4.138717368456247 -0.8694927631316748
12.588505882654196 -0.21119694150620616
13.75456809780068 -0.5098023095759961
5.1999267289414925 -1.0982068017998226
6.054559267565167 1.3114732547338412
4.957683773372968 -0.45686328350585137
6.787171773458704 -1.3554535301664539
2.7766240167031073 -0.5117725503629018
4.820932652274694 -0.7167621986980331
0.8955664946110304 -1.4756851463192833
12.780648450130515 -0.5184579457790208
17.847734496338656 -0.42199117252069873
2.1067818492485917 -1.093843637223896
4.00315518426071 -0.8693067340216794
18.074113135637194 -2.1051518180400026
1.1274909109467228 -1.0922950922408206
6.948870531952399 -0.7411954356631425
19.124817398949133 -1.5353262191086912
12.114825274854415 -0.4798786900923312
13.5355848366371 -0.5723852471965761
3.032477192171375 -0.023381983365825157
16.31054947070001 -0.946204479756651
17.82354907643017 -1.8396677991751489
19.332415836259504 -1.6680623329700555
19.32647118135441 -2.5151717081611142
14.221904503432686 0.11185968311175729
1.0616981338357103 -1.278315495145227
18.630944454865855 -1.9589678354063074
6.034560136272847 -0.792359641918836
5.433576274159469 -1.1292382587069263
4.002138850633604 -0.7574939237065246
18.87710287995497 -2.296644065583486
19.902646538741347 -2.0700612847030118
19.554614358814778 -2.361701499540358
0.8196391285383156 -1.6017590469620666
14.44563082227401 -1.3909741424467914
8.116011435987676 -0.08911033360327508
3.34579197515597 -1.5765458726300225
4.916829617773254 -0.634918030424726
12.088349109939134 -0.17446204619592973
10.413077593973068 0.8742998187888469
8.319842242722538 -0.050859230020836865
14.073945966520828 -1.2263400530498438
16.270075545442086 0.34667796513639904
15.276872466568557 -1.6404564637694612
13.162973769756519 -1.3479682778984692
7.5501840243501475 -0.18720635625184262
12.455779426174882 -0.5026427578363316
0.19358753067655537 -0.9187155870045142
11.047563092034618 -1.0480481623298403
17.457987992381724 -1.6136836932260321
9.080920501937637 -0.9682560917308483
2.2449226844269057 -1.0677518753487234
5.322214288732514 -6.908976029633064
13.091912156863954 -0.24154016636874318
1.3426366930755074 -2.535871371202473
18.628227912123325 -1.7014817056709677
18.074443563309824 -1.4988119385340837
10.39759950838878 0.3436612452211513
7.172779367063491 -8.439714697107433
11.756789610434284 -0.8768795929738769
5.695038962495792 -0.21041928311279653
18.84461902174817 -1.2486553722580676
19.164494586651692 -2.6406669850737687
18.84079360587183 -0.17522269726530926
18.589714140949276 -1.9002748721587595
13.33927993026516 -0.9338387003895078
19.453313233496075 -1.2125946934424743
12.71891850635721 -0.2027997293341413
17.65696469904751 -3.2654369929819635
19.93465593620847 -1.4164136011531792
2.686743978981711 -0.7166782367108921
11.246093724652129 0.026769759162844936
4.87297341723082 -0.3824218069060271
12.395593377818203 -0.547257028256619
4.7546710119149544 -7.824483169157312
9.3789598994162 0.2040357563482888
19.597813141426396 -1.2422749852933226
16.132254904187175 -1.6104396371508123
3.927949782579685 -0.6163215710980701
13.64347977077046 -0.6573347654041444
19.456368762771728 -1.6716001334600228
15.929804034738257 -0.631734160406537
11.025975021936084 -0.2388844021763714
12.076293933654908 0.10595904261884631
6.487699071022399 -0.38172732938986015
8.542446397680242 -0.342096376498925
15.653968399108551 -0.8677351654456962
16.118436580045305 -3.2915381505690653
0.8042792668604362 -1.4444955306538287
4.19795530065097 -0.2603274641161553
5.90330488210605 1.2836314490979959
15.24041966344303 -1.2911703857700556
13.06318409650292 -0.5330217767838457
17.204017392120562 -0.9648938026043645
11.151087366032613 -0.6772535086035012
8.406765597593065 -0.6680011021236734
13.816805141043892 0.2984716969201478
12.038327478259442 -0.6842278910099575
13.02514857096873 0.3104738842990141
7.351439884977342 1.4202950993368981
0.08172045846830842 -1.413071189164034
3.1230432561045802 0.6253422369307954
5.100941901826411 -0.29985951334464633
7.162840766555525 0.04845670978789096
3.5721059448907697 -7.158308524581822
19.547943298626457 -1.8992640682872635
8.531445189953608 0.22450750828354374
9.781274138852273 -0.24152026078344097
10.506485050473136 -0.1087813514087757
15.083129499421792 -1.501784500209671
17.187885300231418 -1.2785753947638332
5.628495863226039 -0.503799241306413
12.843703670034175 -1.0501186937601374
4.13773314094978 -0.5420068407975407
2.9581607451188336 1.520660741414931
6.661428786078175 -0.029107327271943734
18.826074412696624 1.425935287568795
5.736680994390669 1.9697430509130434
11.05628697106732 -1.090520222624543
14.56554605515897 -1.501415786544239
8.449336640226386 -0.07995678547224006
12.496141772323579 1.2050283388767224
11.431698142773765 0.6701829639015413
13.218118163767828 -0.961098488562256
8.20307883744223 0.23347371034687267
8.86638694371404 -0.20169018148272438
11.350621358452374 0.2634861657178137
10.55202738426193 -0.6160983140932994
11.320105245429144 0.6279630481251663
19.265146399435444 0.5538124849044948
5.365300182016208 -0.2607822573309635
1.989334941855275 -1.4182597875861
3.91811384082475 -1.2145045980470563
1.1156317641327458 -1.1901069385386218
15.411852031434028 -1.6076961177949474
0.8818192905179667 -1.1776212613887838
0.23788606027861256 -1.7353822533257506
17.90326742146987 0.1949480781312937
4.060849694513117 0.14843859244613974
11.250865069651319 1.7832458999006504
3.1870444542619 -1.2732999144526762
13.74891968007213 -0.9405589955742925
9.196415502343728 0.3813847539109176
0.14352511512763777 -1.0070021288877553
19.46928942947394 -2.071769401760523
17.714439365776567 0.9825312710149362
16.31138993234092 -1.2493556457651132
6.79948234537269 0.28393944875193616
8.294592378607158 -1.0507933470038113
12.007312437464416 -0.40311619774590496
1.5263291108230814 -6.062991414610486
2.740529675948647 -1.2544135831616996
12.927585808412989 -0.0061184102419828135
18.72479698852461 -1.2427592696562313
16.796265722117056 -1.9952802991362444
1.400154479887137 -1.3655204570406367
12.998788506674689 -2.2639595823517165
2.3320641322702236 1.212046816772018
19.03085021205466 -5.908851677284453
0.4863961525982843 -2.69563743873495
3.8680547143190673 -1.3125215504629482
11.721089186424772 -0.40631518554362367
15.443350989653576 -1.6371535486044548
6.368140462975622 -0.4523330240733539
2.7804342865666793 -1.7126493485342535
2.333253137022437 -0.8107092672655491
19.1857043507143 -1.6577445317758865
3.9571159271732954 -0.4435229221965163
18.61488320578857 -1.6442104252808627
17.761955680147576 -0.4458749622361934
16.410566726162397 2.9165359908842676
2.631507133190624 -0.23550447470392477
4.0007387886171255 -6.274728783810165
10.628769443346137 -0.2639339439762627
19.464917390575888 -2.3909115212046568
19.330630540515102 -3.2315712892760637
14.600620611709118 -1.7895645523811012
19.71105288791485 1.0103163448968817
4.933060568254001 0.017120705756190416
14.77723300898234 -0.8903476345935285
19.24219399360668 -3.116095721151713
10.086207184627447 1.5788712888447276
0.08470253751358231 -3.3224519397687784
1.054075245295205 1.6687074186313215
12.978139859832513 -4.0694722460473844
15.934228242281842 -1.1358488803292288
0.3410545647091326 -3.0227268479661755
11.620532484597586 -0.23714608402340992
10.978180621818177 -0.7253835004112141
1.2788622340476505 2.0663261010094924
0.7595378408152842 -1.5875560830117958
1.7901393641637466 0.944730215055164
17.20245627128364 -1.5031026476781664
17.693828167917562 -1.127776124654374
7.3947670472386005 0.21445085226040594
0.03316720330055871 -1.0974261729749717
11.776841255548714 -2.101017333152293
5.536955428215619 2.3707105079255513
7.6245558201569725 0.032730547052888165
5.371245690710185 2.350275217840009
14.174583763390894 -0.6853189343713879
19.585647119022966 -0.9855955047279171
14.290154922033041 -1.0177216098176978
13.740103206693002 1.1790647852761906
19.640353435494603 -2.404067745543938
5.163619620443743 3.8521609638343848
10.094927216823503 -0.04374717779629084
19.42325668193928 -0.5583444777515761
8.341438459318189 -0.1114881786869708
14.41643697712772 -0.6049792463142911
8.272564501498417 0.017996016789985803
8.825047756361599 -0.19537857099589717
1.345354273588621 -6.651205855261061
16.67138096029514 -1.8719945465339127
12.84945040202392 -0.5863961728830489
5.795502539924369 2.474292958453469
18.82273934088632 -0.8123828070996741
5.9190998764244265 3.2807293966753117
1.894989150796326 -2.679257186072794
18.276184891973383 -1.2527399702456914
6.783101560336125 -0.11552148954948721
14.74199105455566 -0.6583289613328603
3.415431348606799 -7.5701790690261905
1.1448483307644333 1.7435509451615205
5.094912379414764 -0.3329117858094688
12.55205115550273 0.0771786826851153
15.871233445860904 -3.3247307486397557
2.2157627861180336 1.8756456862780366
4.356073613787847 -0.43723123345404497
15.82237455072061 0.25822337675851453
15.771033529867363 -0.9992379201762273
18.607974753169902 -1.7039234983771023
1.527016829225361 -2.036641995578975
14.157176755356593 1.066585342181696
11.221021585567426 0.0025143073651990033
8.030681751289636 0.7151079817661904
12.582952730656185 -1.442851877577722
11.76787596894934 0.12468636980753806
1.5044739346684264 -0.4069836756210969
4.989207447246276 -0.6054463529802137
2.3301619351179927 -1.3575158637381555
7.421672625336768 3.2481598188906604
3.192882359043447 -1.4902816145346076
16.456440868240787 -2.367057297124968
7.1967163185151986 0.46160506966037407
19.684048655039803 -0.39877415697850216
2.0154692621828225 -1.263908909961817
18.600948773870652 -1.857193870216547
0.05528674483024992 -1.4223643495880955
1.5515700582779657 2.1783420653822967
12.072158783502703 -1.064933789750003
0.47168274115116937 -1.5996542238654445
16.05618643392072 -0.4667196203646073
18.854966783467805 -3.291218901389104
14.803634036141942 -0.6514427470040837
19.98596702437043 -1.284041339886604
9.26738124222303 0.32653529964454847
17.0504231457127 1.2888865937225962
17.365623656038224 -1.4011891703374262
6.870446392149441 -0.2713249028802048
9.554885144686898 -0.05283748969334745
9.197195052093615 -0.1285344543222185
3.1579592640208767 -0.7599822583673674
4.4816119322800825 -1.319160952356325
19.15489296693812 -2.372329627338781
13.272052667348582 -0.48518908713950337
10.040729930573834 -0.2882320737561414
18.22062126095023 -4.461521831117489
18.28755088157583 -2.7422921431238145
12.963983582001045 -0.08651090767920003
17.979111303983128 -2.661344501903971
5.393699860534482 -0.1432723653029698
3.175801678666757 -2.2390764165902874
5.612558644931724 -0.9264120673622165
9.014027960781378 0.8435026091564222
6.1910552271064185 0.28966029461911147
9.528982388305225 0.12842717809638585
6.060238046738335 -0.6875340400186024
17.89503016619015 -1.8883969369958098
17.420845842692458 0.33661730294480174
12.978848527682855 -0.6608927938829887
6.708286861656669 0.03956116767002307
17.72430496022064 -1.674741101265719
10.702777817888622 0.3160527083284517
19.940842230200573 -1.952633025347335
17.17151830455316 -1.1023780584507947
6.170433243113767 -8.356158384926646
2.6168977775334175 1.3519047076926811
1.450378736120805 -2.04440950172899
12.56574711996244 0.2470157369920311
7.20633450183417 0.14229419517527964
6.39410689298487 -0.054429405626194444
14.857899949147258 -0.8781184052127567
6.912733341359045 -0.06866406041260004
11.286881298603912 0.7812838428092503
0.8350673059111897 -2.712588904169604
9.094727469296135 -0.017329340934787385
8.361161749362415 -0.34292536408997376
14.712195109034365 -1.0144097267617185
5.825527767033189 0.4122329219531362
16.21676500730918 -1.6548043699986528
4.700128121371264 -0.9074209264095207
10.276100916754608 1.2222767293665966
17.69420138919168 -1.8532160311636305
18.092728474884463 -1.1935705375352397
6.80059198017691 1.497040478242721
9.669218829371266 -0.3292906392778549
17.23003520735814 -2.3834918482648155
17.082516103808437 -1.5872338922069624
4.77252773568824 0.7100679631571666
1.2992375041600912 -1.0486143928930045
1.0221094521485163 -1.7732855416098023
6.214099270859752 -0.7412053874008593
1.4880770546093784 0.6601300369861273
0.21092233184958437 -1.8040915594306002
0.09881676619370447 -1.7506119112180982
5.024228947871041 -1.5080374690297842
11.530160337823872 0.08068425951452068
0.30213441131092467 -0.7877528711788974
13.654372506342789 -0.4518330231655096
5.201515809959181 -0.5039101294238941
3.9757888621251762 2.112764311104293
7.891909440704265 0.8923922223528393
11.958143748834852 -0.039322732482903466
18.72687154495412 -5.3594101084234245
12.906161616169882 -0.2935299567178925
5.4008676745958475 -0.15394879887143506
17.910108820637916 -1.0520175700451841
15.937677484501933 -1.087859432760496
16.850036612447955 -1.3681807058155684
7.633936923155143 -0.10269502402597197
17.518726131118576 -2.458446408353242
17.815598881178456 -1.7867206287981099
8.773974397204979 -0.15568751793455743
0.9070905756439714 -1.861391974943821
18.210976588998218 -2.8162474126739796
7.976240283443797 -0.2035681664030905
15.535768519928492 0.8697378907783794
5.007592930983128 -0.2855947398652199
10.862477563081958 0.2024125198432195
6.69043862176213 -0.5351558300641435
7.884315508234801 0.5513291342834485
16.368872108168638 -0.45574434846672446
7.861633815150952 -0.027040866433838906
10.356661736831619 -0.1180572557953602
2.6120132707119055 -0.6695353260192518
5.337313283162232 -0.45690610958001143
10.327256303362155 -0.011750362109766738
17.977013061592704 -3.359335577775548
7.855350911391983 -0.25924535408303967
19.68897315590601 0.2028044822741643
17.53338653150771 -3.1624643547389257
17.06116735794523 -2.2670568771496638
5.618092890645128 0.532026840314053
19.066410349558243 1.5739571214435564
18.251889712676295 0.1228112720207567
1.734435877311749 -0.9782017375716839
13.649788617692518 -1.3201969686362673
8.803950247212333 -0.39780565133360135
15.899853410370007 -0.6340760033473074
17.24411758716906 -1.2380740839710294
3.840625991994199 1.6030614194817223
9.798321286461801 0.37336427928257726
16.5681476530159 -0.8867934014038916
19.373197232284728 -3.199886148660949
18.753539659273013 -2.5807771222125275
9.384180831887718 1.2334170712800125
16.091267529273786 -5.815097144155436
7.731375007471521 -0.14265797640198374
7.762032097065452 0.21126197401758443
14.115343675188848 -1.2098869887098131
16.55744778309146 -4.628776495661329
18.578637100278918 -1.7817654238588174
17.232258886084757 -2.3981260609833464
19.426558086906468 -2.3621289931268135
19.065827275819377 -2.416150127035376
13.104092102675128 2.922903229066036
14.503616578447252 -3.597592810857777
11.076372182337266 -0.32780021110572133
19.291719107116464 -1.851633343497285
1.5697320553730227 -1.304662983521947
19.97908735159148 -2.0962012943276638
6.216244882586087 0.12772429715399564
13.823172730796848 0.7011196595966567
12.812002953903185 -1.3925947834130277
11.310310857395702 0.10926325590045427
2.6081157332719522 -1.0892758277299603
4.231434228642072 -0.9405194014107644
9.149452719479795 0.07198047835411842
17.235438133739574 -0.4923515131413669
16.596401846389774 -1.2331633541844291
5.374071834260165 -0.37300364267960484
7.46254069239631 0.3526641457972754
16.20917035469997 -0.694331413522274
16.83099566687523 -1.401390460195584
3.7805795953084598 -0.3015018204996829
4.635741426516713 0.21315396581712373
0.3861656485384629 -1.5269407979780008
1.5186959193603318 -0.3743817660273118
13.545201596816039 -0.07246346519055091
1.6117776221949311 -0.40106705127263037
19.36769280504703 -2.4027759850784425
6.762866466665771 1.265465978134549
11.69247810368344 0.012568488669902844
19.7938837939114 -1.5365277739791454
1.2222237242291512 -1.1949923763747912
3.8126710636518357 0.5482980297792035
18.272886933690312 -1.5215033202253478
2.05237837150162 -1.0501229951757627
13.538409927798313 -0.9559614217010997
5.549227005385104 -0.29994677457697083
5.0673539002640355 0.17197358585288564
10.646929687597982 3.488127414871507
13.964934229907206 -7.2710277171357784
5.751062250641696 1.6997167310263217
19.50433583548511 -3.5919668136635488
6.169660344658706 0.32265119431199285
5.546226675940712 -0.7473504012115557
18.08931060088209 -1.0337530572922367
19.553044859348987 -2.613635705311453
8.54015240400695 0.19469925913947686
5.882757699025961 0.26289197385977925
10.952018209664926 0.050495314989209006
16.034858394234618 -0.6718163045680656
8.373527294714593 0.009080595288012305
8.218084531434373 0.9102458613900604
2.6313787379898566 1.0236941831099338
17.299267166333667 -1.9304736817412274
16.332193281549625 0.27988571180204413
19.497313688579233 -1.3457164260251315
15.923845545849336 -0.8004681537120335
8.726434402435784 0.4555829116385477
12.932702709558816 -0.09135325395243968
18.035015763988433 -0.9685362318738233
12.636319960356097 -0.02218720059725071
18.582364564643484 -1.7281391690537276
13.147770537064078 -0.6207432672803466
14.214378335622492 -0.3425590514063731
16.736085387245513 -1.2530388324970656
3.5237176427734527 1.7393334246558063
8.973325868403066 -0.007587498759559719
13.814204484024918 -0.07020912145669006
11.234075231807184 -0.05814584318474847
2.4898560427693166 -0.32713835034978467
12.09667249970994 -0.3700103860191089
15.742985818726877 2.53655224274247
10.268753282678937 0.9479371808828474
18.224830206859412 -0.003574357221400898
8.634750058576758 3.0302589023921582
4.7081945112433985 -0.41630056657349
5.648824166013508 0.04480188637819715
8.29004631831766 -0.6864813669050409
8.153655701995067 0.05655504119340837
19.512678630330104 -2.9335770285470075
4.362447314168033 -0.14547475242816477
10.959531720951068 -0.19912105797231566
14.81879142516691 -0.772075654357497
8.132921129261232 1.0306086433332575
13.11356848530754 -0.7936026160660135
13.984104524175011 -0.27952319111191953
1.9728341385597055 -1.365434792779247
2.7946505337698384 -1.043774412699353
16.946619715591552 -0.5528140991039373
0.3426802738065921 -0.5683114244326388
4.744421527164068 1.3443886722930316
5.090470695883728 -0.7329702069331199
0.07039213990807262 -1.1580863720909222
2.958282818628475 3.4192655285379794
13.637029164300081 -1.2471318005881313
4.836570956601715 1.2489276925485255
9.785003430844247 2.339025533877323
8.529477327243251 -0.34359678889302114
18.213189573075486 -0.2279518562671841
9.539687213306514 3.6419203737217396
6.5957460382707 3.1901825588449184
19.579183871348746 -1.50451123010229
5.956776379528403 -0.2040377027139296
2.1978461561632376 -0.19433165102267771
1.3685614144619447 1.1825815183660144
17.919922896347913 -1.351180131436969
14.654844940410804 -0.5584385969478441
4.574936468385725 2.099611915283592
1.111238836532825 -1.050538248080254
16.812237282901116 -0.5545453925800052
5.431457085099112 1.7997193981894504
15.927791057629625 -1.0858446199223841
2.915271676342976 1.266141533415041
19.476576408537667 2.325155579096066
1.4807067575666257 0.34652434765474877
14.317614302943372 0.8992743849201856
13.61587072765104 -1.1519433936172674
18.11245730572151 0.4225282744700412
5.823325240003194 -0.33078292721511293
19.39438451601533 -0.07795756122106795
18.894010618301362 0.9316096158079832
16.838195897610724 -2.300952240900068
5.596534197497022 0.41419734993462
2.306577107485603 -0.32429940427552906
13.630554454426283 3.2185001295277753
16.884672198128822 -3.6561044779614487
0.676543387561707 -1.4533560751428523
4.1522921752762425 -0.2589944353731357
0.6311123739385474 -1.8072751908046856
6.992490028992981 0.4663330937904033
16.067179611971063 -1.048985144976489
17.659186998952492 -4.191616227653933
0.34902652654211747 -1.112438190494025
7.04270811373253 -0.615909248439725
1.083552053967241 -0.9964324968968797
0.42804358087848177 -0.9861905117340584
19.04961785644016 -1.342718332734207
14.89301871940249 -6.82837676918062
17.665159967850542 -1.4888638373536787
18.714072730158765 -4.023014350814069
8.087905232619994 0.576943404061191
9.01137566619873 -0.1551984450310448
15.793694463332994 -0.162589324814489
19.60626807611919 -4.169389631160756
8.981949884235075 -8.433885722426584
13.124543680559231 -0.7003069213176811
17.867661684379136 -1.6606066737180372
7.1123288008491805 -0.7147933612298426
8.989533226993814 1.1263853718875059
18.621253793730382 -1.871636862183377
14.349281478512934 -1.053543803005137
3.5272814531973617 -6.192358590959135
17.874514334444182 -2.720467580094991
18.199813689894874 -1.3055108670572437
14.955834237287572 -0.965694462910882
0.47460656262411205 2.4941026686631003
9.215616285862609 -0.7815717337253332
17.352324611187008 -1.492242635313948
17.45817605004964 -1.544435857757502
11.44055106983129 1.5084831261669536
14.055109704997486 -0.909592475289126
19.60760312866599 -1.1692835259796253
19.259605149454107 -1.6808172919553312
18.647395081518244 -1.0944644953416707
6.553545188681144 0.3182178303496113
15.120379455430891 -0.21580370434813412
0.41979683957265546 -1.2775887793490326
12.886998406179893 0.2106573010203973
6.776338399283292 -0.2682380380628358
19.301372414796663 -1.0268950209861147
14.177201548808387 -0.07695406086136189
13.014280885573905 0.34317597876661843
14.84393172590967 0.10807442534873447
4.026061354081882 -1.4786578388648486
14.610473907951633 -0.7226907426564294
9.621756843667512 1.4878654623488394
14.158396647197291 -1.0382007397402364
15.83505187031912 1.029476063594037
14.38816872287115 0.5299270158422782
0.9601030671502119 -0.742829531354633
10.75730846965188 0.036596291316784685
3.3020900885762305 -0.5305586555105182
14.627382202129088 -0.42991944528813647
19.957945477884945 -1.2493553633774028
2.57374427546015 0.672705751773811
18.300912262315464 -1.1967991534163003
4.1133457376532405 -0.5569934898076585
8.414536949557034 1.4398035572108427
17.260838666768745 -1.7703680159088897
11.552281281227451 1.3071030959305099
18.968076228012947 0.3561920514990453
3.522212458237804 -0.19207282277330617
10.776657358846226 1.3400235637603664
8.382462976715708 1.0317962313039968
1.0903207466700182 -0.4276650867871521
1.9451200840396046 -0.16513656922508124
5.743661443739215 0.13795002666280964
12.450908090250376 0.7009521497172405
15.51710579803217 -0.7264195255129238
4.715046603552983 -0.9499728328744935
7.383429873141559 0.26281548955145084
8.588437863178598 0.371448525522233
17.327144606049476 -1.34841039985053
13.640684525499887 1.4382615032481472
6.904076814744556 -0.2146543914800068
14.167333247773094 0.18014869073892628
11.510367321083475 0.09584290329391859
16.367646912585624 -1.4161600197410062
17.186967709451476 -1.7846120632840607
5.960139932724146 2.2421836183367594
5.416602997700833 0.11216824236853314
5.506380541293505 2.028987465946498
19.80077904386479 -1.65831177303412
1.5867045383109053 -1.2466568525585897
5.571489673784502 0.496126936798746
19.914569920634733 0.4206401773037673
9.881483035514309 1.0033309922264046
3.3172145787628913 -0.702165205484
5.166177478836945 0.07162328331768984
1.5352935667029683 0.8270336928428393
16.178959993790993 -0.746471309027888
15.311583060003706 -1.1404522795353353
10.864563527556486 0.8514323051074173
13.982557266107175 -1.2145954954784945
4.200956439924956 0.682001559649416
1.9272401128375467 -0.9173799090310013
19.84100890122617 -2.2742409910013923
0.15038047841011534 0.09546927645663617
3.8338641213634648 -0.5619761927822304
16.655346852510743 0.9221041641317582
9.867943460395836 -0.2081672592815278
2.7392231154802067 1.612084622942625
2.296379523748934 -1.1717402166715192
18.13390237429044 -1.2193655314826777
7.5073950081648455 -0.34288992872894214
7.321066202514907 0.8982408970317846
12.563065973840033 -0.3225624728150554
16.762820152835946 0.4743031113466832
11.272879719210163 -0.10692094764139587
6.891501230548277 0.9701239328928346
5.847975615775662 1.400636876614885
8.290717753129876 0.2100868133269528
19.405636770190775 -1.386748828736641
0.08703899909407717 -1.7344344045498337
15.054095238390513 -0.7789544187925761
18.028771208952627 -1.774641690337213
3.6937835819605076 -1.0302852584067346
11.469698293540556 -0.23017790906556437
12.202576931516752 0.3322329624345718
13.469285001998385 0.27688843040479816
9.921651095699342 2.6922114147285674
12.918063320817934 -0.3799578931064682
16.293807197744997 0.17868837944834137
6.787695963758704 0.2317156160744167
8.751680777371655 -0.9686282021066159
11.02837148076177 1.2568984848790414
1.467396611020114 -0.038955819700486435
1.3294866640122238 -1.4918198031592553
18.4090889328378 -1.6699456683630147
6.060571478655442 -0.11004257741611065
9.887107976755905 -0.48548904965215034
15.858024187195113 -0.9343470149629676
3.5498567490189856 1.2815054042590113
1.382810609678902 -1.044852906312779
16.273904261158144 -1.0556845714655079
17.62438274719817 -1.3590604064490122
12.24958137734028 -0.3108169052832841
12.261217655805078 -0.06006846328150478
18.719844827853066 -0.927543853825963
19.956993097024476 -0.7245573278263431
0.26569479015582953 -1.8250294972182535
10.429265335818364 0.5216795769436158
16.512812776208076 -1.2010395261705984
1.9459484956600306 -1.251022813910138
15.189274551644571 -0.7459112196820673
19.67237324826648 -0.48417777463804557
14.636903934175788 1.0346918708242836
16.844503885483565 0.8685043339935665
11.312795450949052 0.3951872694784952
11.020611509382759 -0.17028726393229932
15.314877498996415 -1.1559785370742055
17.560717888700427 -1.2647357016761753
18.949494352622306 0.6431830090312269
16.821206685865445 -1.3957312487952143
15.59292864887159 -0.6228567860172263
0.39451825955120484 -0.7531100423947108
18.83054522608517 -1.578101406294086
9.244948224695728 0.4314657311351405
12.511004854705238 -0.44245618650386315
9.96627895505364 0.11756793553591954
4.9016567953983285 -0.045448914506433624
16.294938503585684 0.5502026878362516
19.087809845016668 -0.35852531749518146
2.029673115597242 -1.6003906520666613
8.952465957642243 1.5656287513549383
15.858308821017722 -1.0699963486611639
16.02940036503252 -0.7523161474369888
7.411805607288547 0.18949620446544405
18.03997408365575 -0.9090381013114754
16.193512441141422 -1.4565594631522634
4.314732970794348 -0.4276535372129395
1.246831993851871 -0.7073878454388599
8.805340731816104 0.22923265551965236
10.106717821046564 0.28203169186113125
18.665815377561266 0.9414963546768647
0.7949911123688048 0.14812439173574082
13.110520200146452 -0.31455021612109446
3.165844850012164 0.28385254492283307
2.0604655340312186 -0.794961335272995
14.16828044340929 -0.621896770581885
14.763387928913225 -0.7803365151376646
13.924308437854222 -0.5525323846724123
14.356875736251377 -1.50394756724512
3.075311717171652 -0.3538647179691119
4.139069736820912 1.430206553525121
14.931465120795185 -0.5978248286633133
16.884214668727417 1.860621019012671
2.5299342502912507 1.8029511508896556
0.6099040459562663 0.36027202253844454
0.8581785747329397 2.0085250710468374
18.232213672795016 -1.3011518111232667
9.555880088858205 0.9830197825481651
7.856864793356813 0.07698516155040688
13.642255922697643 2.9836483910937215
12.717600330721814 2.9738038893919834
3.1441361620993464 -0.5737192227899339
1.8915241895987023 -0.47510616031383485
17.021474265623645 -2.6357056410599813
3.8553422634150913 -0.7877910194998452
7.646058201055533 2.3288127437029376
2.6992418608609494 -1.8787415828201621
11.340523256264584 0.7017779643582582
14.915953963674083 -0.7606304393185164
0.6313853529287826 -0.9603101786188788
4.649071961480686 -0.3441851689738681
0.06622511687034999 -1.4084509475905505
12.199422068547246 -0.26480662304347213
5.910725904536816 -0.8531525533825406
5.754671133753845 -7.457126072132025
18.182793819382294 -4.372702659261755
9.92884381157177 -0.23120302657318187
15.880048046879693 1.7918894449898635
0.4523653734107083 -0.9391270750321477
1.41660651955633 -1.1419617118354533
8.560394079686045 -0.682050160181273
6.835448426100122 0.43491817236587627
6.506443821219536 0.4370689706223903
9.312603722375716 -0.7918822338950073
4.3211454269839695 -0.36168476279487316
19.8881539375353 -0.2651943972160864
13.612455882388424 1.4340259039728827
11.030389700267936 0.7585652380584105
12.98019440994544 1.5183211659242393
6.3937036001085765 0.30273912136908565
4.186742678846704 1.7665048900322529
15.155027727071282 -0.4231732560685338
16.386352023579445 -1.3031996671378994
16.56952541086112 -0.4677111062124359
9.315937296369336 -0.11364152405657024
1.9206905859507624 -0.5742114146983065
3.8966788249383773 -0.9075861161295395
13.039517055725756 0.4667454234779056
19.839439452564218 -1.6607142050898693
19.825756804324126 -0.7197801094641199
3.797752337174987 -0.5187059780417049
17.8515364907448 -1.3560111462121194
18.084086119936785 -1.329354945606326
4.149210910715506 -0.8579067637350041
1.2076979333544673 -1.672973227149775
12.791214513315657 -0.8304497032275753
0.007471848010175275 0.03084042822941907
7.082181004575569 1.5423534593475121
16.274613307240763 -1.6145570757719672
0.5232495991218652 -0.9426200841607439
7.222831305955403 0.6552418088386354
5.304801327997671 2.9878308031201994
17.322431741628524 -2.2760027346067804
3.58692078665333 0.1209399315165703
7.556126205639306 1.3886964479723751
6.365702131588872 2.4240500045981643
19.982608447748962 1.4802214318661258
17.349544194193143 1.3348026473069488
3.5319732892228264 -0.45192254883526095
5.552141387451894 0.37041722413681266
14.46546299089332 -0.5136246797872671
5.977661359319562 -0.09965090592125078
15.482433149052408 -0.954579433496099
14.591343619714584 2.921212886051938
17.735266518499042 -1.1688988248089074
0.2916367084890349 0.14975199998434993
7.1592200549463065 -0.07738351143706601
3.7148362436920688 -1.1629831809008577
13.732647659054116 -1.0890298311610844
4.42825361123315 0.5318349949042384
3.3477073961785777 1.3430374038659023
11.151750931473655 3.473631218499374
14.142348087950067 -0.7431206353236794
12.290204068189032 0.4670927552137558
18.02337365371859 -1.308058218881672
6.051994958358967 -0.37916772635263196
3.5452447764920167 -0.4589652216034562
19.21459164244604 -1.4198647625516232
7.220737150606074 -0.07965969622826125
8.39236109249732 1.3586382033912754
12.069182001169652 -0.897748540667328
8.439531186064803 0.733541606334271
5.732067736222664 -1.124995133170828
2.310693014351886 -1.374442465669985
3.2690352437908117 -0.5884055209042376
13.10147107591438 -0.24251507899330735
6.746485495233455 -0.0912014094002388
1.798558339711845 -1.6600964601809332
15.420873239878427 -1.0667680889290996
15.213917103619078 -1.0442889690121235
13.14056724466853 -0.2667011979446059
5.570730781989728 -0.16676915398192402
1.0691737062695834 -6.76018186814732
12.375682100320164 -0.601963862966798
1.6799288072588963 -1.2065030595838868
6.488144811791551 -0.08579679853644046
14.56324195088849 -0.320147775149187
1.1319240066167107 -0.18175796683216885
14.200667606045664 -1.3779173405331284
0.7234039282287734 -2.9070634970739015
18.06793847343209 -2.0438990840970512
3.7578919180135313 -0.8487804389603875
19.319766053096107 -2.056214924863214
5.759968381192592 -2.2752921192814384
7.826982511868382 0.3495922193277993
0.9358102512141565 -2.9632660655157768
11.812512889852124 -0.9620936214362557
12.767481148396927 -0.641582367888454
2.674224207727433 -0.961107707808955
14.521305996379636 -2.661483878253333
19.589602400156792 -1.1648897548984647
3.0492145980999554 -0.7850304449771842
10.756670380504193 1.035905724305492
16.880937609377554 -1.304357904655666
7.85806132081007 -0.02488113490816307
2.0304919167283115 -1.3077622724760924
17.080552010671752 -0.973721509696779
18.602868028271775 -2.969963972717575
8.410830399772028 -0.3553985790248387
11.101596521786082 -0.8626085430113473
19.5559284313581 -1.7835715275081072
13.9305183339287 -1.137294582650816
9.100354358552606 -0.1812154483960634
2.346922946475368 -0.5107972224589594
19.678706080399607 -1.462306003757522
16.774668236946354 -1.7879600865020673
17.904669019509896 -1.0775842384784686
14.503278757023716 -0.7864051555746638
17.230043837658215 2.27376405828506
12.619787352104064 -2.7893612943491983
17.405163115245145 -1.9072915138222164
18.072874621021807 -2.698019155959128
14.055397939183266 -0.7899535261643014
9.33877049430469 -8.261571512812047
9.982222131268076 -8.353226765219882
1.9220445527876908 -1.8964682225252179
3.7135923239462274 0.16831190807073954
17.34423004068212 -0.5423724008620099
0.08161899594887098 -1.4777663082937151
16.579593534973338 -1.649656832085732
12.6164081856062 -0.15967477899712057
13.918678183460385 -1.5857261211797107
17.9061398585949 -0.9608544624278632
12.247860998004395 -1.5000582359099581
11.78772638984443 -1.3771240332812869
11.5632075778689 -2.09886026184505
3.8018441125771685 0.24000938182985104
9.586321769066524 -0.27672123618229555
16.654487827414624 0.5613467784689564
18.018917978267897 -6.139947119909486
0.7202236085038165 1.6816804547500221
11.67708484553755 -7.364389711250739
14.885822141529415 -1.0284735198829535
17.645750868430376 -3.236208995731351
9.545068995057177 0.29759927556101806
12.783997455952774 -0.46845392099201677
4.076802526814211 -0.5561144946172452
16.462394726918664 -1.6672179592586827
16.918398798187866 2.101991912035103
16.65783593201845 -5.210992383269239
6.9992447871057815 1.7372289697146603
10.349444988919451 -0.4548821066938461
16.387985724547214 -0.35769917801215007
18.06458229647837 -3.883165143204411
16.228955729057002 -1.0998495116031717
14.72952045647484 -4.213437087487866
14.240660573664346 -1.6362707639189995
15.153909322237414 -1.1640225296791804
4.38162298468239 -1.0778367077612288
18.766143778271715 -1.8063630185969843
18.75241714238775 1.6511415615786305
1.4925255190307176 -1.8610417571291062
6.168224877375854 2.0083582753988263
19.712206802544795 -2.7576227332104666
17.33970338711624 -0.7868570726891634
1.8849631738133443 -1.7260958296464395
8.285214413328752 0.7305651312874626
7.9628435544017275 -0.0774829063290064
16.467808135309433 -1.0905538147268476
12.149096601623098 -0.29507350252060544
17.809302058078433 -1.2724677195836174
17.628077638367174 1.0728675509176713
6.001820673699983 -0.3525585786171851
6.076900261459724 1.2388295252532058
2.9255516117026383 -7.033060358531229
19.10350808678746 -1.5697909153389262
10.1587657039535 -0.29168944495291677
19.55619814406617 -0.7156006740673253
9.882588555836273 -0.1875802638579518
19.582758482571197 -2.71285385922897
11.247359252742832 1.1649367511773412
7.257804145439182 2.035835143827156
0.754912887681823 -1.7018005000577636
17.38461094734761 -2.208391533287617
18.258642328807486 -4.261616739515524
5.4483156299015425 -0.48011071232018343
4.307181744885575 -0.4319104669821374
10.913873081598815 -0.612475782240905
16.68110057877581 0.3914527978482813
19.38087186494438 -3.6258982712851853
17.492705906434306 -1.4598831425179934
6.6381158091817625 -0.12244689015357679
16.930581481903637 -1.0649784798899402
0.5611749158139288 -1.8301730915377683
17.09163770973312 -1.3385617686506182
5.611296056350544 -1.0529743132245166
11.410212819450361 0.024479013375227954
0.44945749073351776 -2.0703654810473453
17.219360621138595 -6.284812272211316
15.44022271402581 -2.7039123696583447
13.891694061487378 -0.49410454050873276
11.036288635167235 -0.6136640450094483
5.114760537858747 -0.2666190281309303
3.1599271426305497 -1.5625253626278743
9.53673813674865 -0.3851961360367388
3.930356581464185 -0.597335795408259
0.48948696027902117 -1.3728498816294534
11.86322986764526 -7.908488392696319
11.832815444898845 -0.3575144323885577
11.84098416607594 -0.3116365606446566
7.705538864640938 0.31652285810473163
19.20152126778568 -4.67581786998762
13.766254460169526 -0.037132152963854276
14.06714043530836 -2.9675735607475593
3.4592438171870197 -2.0786763172068934
3.7464047032613603 -1.8133077758312433
9.742789368727943 -0.12470401614632642
9.876700138507488 -0.6375595159702984
2.4583520834843253 -1.4255683222555058
14.223943323096027 -7.089948395050145
13.253198306644318 -0.5619519734787517
0.3111455211437085 -1.8429835230705858
1.5278328633498361 -0.7557214302615143
15.32861430643264 -1.6417560629277779
6.356550229253319 -9.105882716145171
0.8921374840875533 -3.038790923591511
17.562019356209074 -2.593590340394379
2.620352327623771 0.9212062166999839
10.503429971095663 -0.34282175617112426
2.29328640120836 -1.1307960003483681
16.65560518967507 -1.0044049485781004
11.139936813606463 -0.07145045906286762
15.576801949579005 -0.6736653513942561
6.981033775123333 -0.42620472765904377
6.867812094134943 -0.15490357222147616
18.672971362419712 -2.8493174868596336
13.40813161155539 -0.9675910940758808
1.8043458706195559 -1.3072156426420494
13.430515977804646 -0.6347462990343425
19.882373995779275 -1.117455050225028
17.496938833432424 0.8643125440455498
18.954023570290733 -3.751041945897001
3.2644950782782565 -0.8577849134654125
10.703937582665617 -7.315315696000341
16.004784472655416 -1.2299026625447234
16.953062606984723 -6.7587456975215
13.781691952401959 0.28438778227076084
9.611583203199467 1.3052334134072852
11.40880108402273 -0.37547257191354355
18.115590902424472 -0.7195083438758694
9.549400341924162 0.5633982559210128
11.340473963286298 -0.6553806386941522
16.709025531863908 -1.936978944567623
18.953187234218277 -2.0990906975081023
17.899650663512386 -0.0018631784628483916
19.73577436761327 -2.214087948699212
12.585123346865707 0.8152708582674507
14.566875412891026 -6.357947971134644
15.809359868677493 -1.2185721577829487
4.468800428723084 -0.7177729312284048
6.593635166527112 -0.040573466684622445
4.690301904456191 -1.5576302138180607
19.843195064935397 -2.1075743131210793
4.950109035534836 -0.8440251568292556
1.63028778417554 -1.402562203138876
16.12254934352556 -1.1810720073673997
1.2573852825055398 -1.0281765045146212
1.6689662666928213 -1.0867124407955586
16.56458207554739 -1.0760794634889657
13.059751835024098 -0.5689476740089134
17.56573350457625 -0.8842311741868124
18.001430308613493 -4.507417173173526
15.488783933894277 -0.8376923345522104
0.5859954673278491 -2.228230675628268
1.2008111313822025 -2.0259639063201544
10.312886693742037 -0.4471958854636561
17.36529579035111 -2.104716170452803
18.73026930061764 -2.7696919327758014
18.835594565558985 -0.4993178085230272
7.431804223700873 -8.466739131291526
16.251770218521973 -5.578123356493972
11.883838103442017 -0.40439421680783244
8.194163489375523 0.8546350066731927
0.8569917685401791 -1.4731459418301207
2.9764245111564276 -0.7663284231979344
16.176745400143446 -5.408466850417937
13.152604001820167 -0.9588845457096238
11.255290203488208 -0.7760726898699892
8.32881247947434 0.06399741040182313
2.412464234191234 -1.4242737287815692
9.765406039230111 -0.16862451221126096
11.011031652372303 -0.1280063623416568
15.03623092446505 -6.659138773812491
9.181523012904838 0.2465697078813474
8.57428150347563 0.05960883668226569
13.26901037694909 -1.4547651714008407
13.030855839666472 -0.49668038543563564
2.203959845386708 -6.658290719271553
2.8399676956554676 -0.6564806716076615
3.891467695778996 -0.5155306856283044
3.890319984525302 -0.5671209216258264
17.12232007567454 -1.9579102743920473
5.808897795361716 -0.17804332000890485
12.641680150597713 -1.1043427202799567
1.910274993906018 -1.298385023463074
0.5965947034729886 -6.679172885284464
10.368140255083373 0.6526577118435237
17.442568330491678 -1.7130326950784034
19.602646591685556 -1.7956487370855814
4.949653291729721 -1.0316710634373272
5.1186027367007165 -0.4146090261343701
4.491252204313079 -1.801585431301902
6.918599355327974 -0.05496618562973826
1.293046265929928 -2.6452060181887744
17.485526807879285 -1.8207726219537923
5.263617901078869 -0.30210399765079343
1.4896643078869107 -1.301342390654586
7.78374847158687 -0.01712354236307123
11.210130529948799 -0.5435306142452443
13.65553189293648 -0.6593445958449697
15.247008293263248 -1.1899359270383745
3.2409911313563162 -0.7788268734530144
10.95429063978857 -0.4940070946887504
5.644665633823738 -0.11943793915018674
9.17162978416946 -0.5570652284146633
8.301535339075034 -0.2989111908609508
17.025961569372797 -1.159496978453287
3.6742815166112694 -2.7414624270264185
5.385929049023732 -1.0910106434578868
17.090337777454206 -2.640961264339377
11.945328106359444 -0.2190594548762797
11.650766121883343 -0.2133894536990389
18.84043456917273 -2.8535896360706507
19.180640300797528 -3.9842917118683863
13.138930617347807 -0.3774002933245223
14.3209902435745 -6.264145618576253
6.9870438697375565 -0.09709678876421768
2.914668429262078 -7.063395567210664
0.799867732266664 0.5710402277845281
17.014125219420375 -2.8798244943261886
16.03665233394784 -0.6337995715526377
0.4366306363732479 -1.9471039966540364
8.831098946719205 0.30968608265961217
16.848954212162532 -1.4014710570410656
1.5836006711333672 -1.2140760587720494
0.43424952913479 -3.025207224035152
5.1643075569977634 -0.505049160852235
13.683602207255916 -1.1579769135503342
4.093897491662304 -0.8144948097215514
11.175972116154563 -7.29875416405504
18.350993223977277 -1.292752438041788
16.255613741680577 -1.6581490194435167
8.915541443300162 0.6145310376761237
14.837067660337164 -2.992277491631808
2.2659174834567657 -0.19675018506969225
4.147204810786092 2.8569877449630177
14.346891992826192 -1.0271311280551636
3.0082883601197983 -1.3641090022908406
19.602962030604175 -0.6484451548184997
3.3588815628007183 -0.839143499631731
7.0432079812509905 -0.1351790601377213
12.526720466183837 -0.3933062319480939
18.041303587984572 -1.2395547852708904
16.55479820787021 -1.6898305590866949
2.162184870224975 -0.37783282216168745
10.407591051185738 -8.255208907496836
14.732882446934106 -1.0141061148343822
4.754753173994305 -0.9406189267872888
0.24417764348116158 -1.232871906261508
8.580926499402835 -0.48012905913364834
7.116574664543855 -0.08146195522345845
19.6027228560555 -0.9653601216612148
2.9914631928383604 -1.3849263266613578
15.014650805492593 -1.1121393763655618
9.39966979411454 -0.4257024178679506
5.369929388255829 -0.29714959049084977
17.624006136682567 -0.23679482768645246
11.197419867422509 0.4059121973750447
18.960812473628522 -1.6635683918018591
18.778690207014197 0.9136548768083483
18.567758611629902 -0.5177861153294361
17.227156370125957 -0.961827763513639
9.98046179126779 2.3931109544561435
13.119602958841025 0.6576280370137124
