12.298349626492394 -1.0493626672381249
16.62910213205506 0.13392569128334797
4.646330665156032 -0.3177754769366983
13.933860084802618 -1.0855224222346906
3.2026515140616714 3.1409515516549367
8.715255912426969 -0.3849470595954671
15.778505022886261 0.19383390325080274
11.676592143889149 -0.6027567073665339
15.871698069875887 -0.18777435954742225
7.157883701599079 -1.122409385117727
12.511577140324068 -1.2499438368956883
10.77194254101752 -1.3997885805171828
15.899721342018626 0.02006785480988909
13.85424290468739 -0.4815197319744634
5.010630436907368 0.510903006414845
15.55674718403356 1.4430733188132843
1.8604761735942852 2.877222564327287
1.0422313251530655 0.4954100422780444
13.35663312400119 -1.0198977327104073
3.028787830940127 3.134163957361834
8.812207748003036 -1.86771068590335
5.1810497772290764 0.7914670008272289
15.538636647196201 -0.2676543741519063
3.3085410432351035 -1.7664000690166746
14.338955173771984 -1.0407616623883806
15.10104972693001 -0.7382864283972935
14.577227184612763 -0.6763361835468041
5.696600646387441 -1.1767077849179015
2.0954323799356636 -0.5123041625038118
8.869652883384246 0.2726324370464878
18.614040712997387 -0.4814858945661158
6.440562524871867 -0.6931661580383514
4.488664170684313 -2.397292033113578
11.817508629422544 -1.2283339317855524
10.295384190347521 -1.901073563715454
17.606827534921106 0.6985552453960766
6.75548397670689 -2.075504080908084
17.39359010134324 1.3839365476760261
4.4717361729459135 -0.8713054762907638
15.270187303414536 0.3581455528069926
10.382822175548634 -3.550025090378091
8.37871065486022 -0.5297909387690267
3.643858339572358 -1.1968357703696844
3.384989663242632 2.089827720535639
8.271284370593662 1.456197974762192
13.063014739919918 2.149012199748638
2.3618998323145184 -2.4800393558975724
1.9696224710024985 2.4135204942864252
12.734800147255536 -1.516522045200911
17.619392190043655 -0.10579584735865975
16.582960571201422 -0.23021880373495734
10.599395633596918 -1.7211056562462326
18.304922692558502 -0.4794700812672845
16.214524540279015 -0.21251642039727417
17.5761928614203 -0.8963269920226655
14.113019931062981 -0.8808462606582553
15.563842306419367 0.7594474251773512
18.76498470286136 0.7343242238227282
19.194630740156995 1.3683152858490961
7.053184258035079 0.393399023195527
12.590315583527332 -0.8339103994760632
14.915211869365198 0.15523708365193467
12.55932391044446 0.17086973643658532
17.51832000188731 0.1867099000435763
3.296861222955097 0.43123444554086576
5.755335617293666 3.199758929321663
17.07517382134928 -0.19086351704895954
19.73987449159692 2.762069396130979
19.23342749104389 2.284764538490677
0.21355306144037103 0.3383494133780649
7.300052349194099 1.957991356878079
9.77134455522007 -0.6147578326683965
4.095339740362412 2.7615321340574237
6.30835035299835 0.574954468719508
7.734981764640782 -0.2278856185187024
2.0175527023559243 1.8010424761249348
4.027868743898008 -0.22567104649658923
13.626194682867588 1.3461432276267815
5.2203726605181995 1.1958205939139643
0.5692801842667438 1.7337742581869944
11.979139137321898 -1.371806067240779
10.594543822701436 1.9458935825699297
0.3354890736804428 0.7112838100893147
4.75777140750932 2.5597496244551063
5.786354798592794 -0.8290672688142696
12.719128422645435 0.2103465101220983
3.7268039644956907 2.1912887819788667
1.633406599881268 0.4258015736447196
5.115006613878149 -0.9827840545411621
15.897845886532389 3.3575958691550554
0.03507155052215438 0.810644879534876
0.17389752370196862 1.4444775030452608
4.3571171077800335 -1.1497684568000173
17.051469210066408 0.7176100252340165
7.489896708863708 -1.3061510192533041
8.881411530950116 1.7231011503719191
1.1671237846948328 0.385704446208747
18.913244944951757 0.2451634492991565
11.79992403434123 1.0023205099561037
13.894822125816193 -0.36878616975522927
7.8531030459388385 -1.195359112157412
8.176402899034622 -1.0887903684970988
16.310352734005082 0.21740408751688492
0.7193777706240554 0.1669093941942935
10.678241295847783 -3.086924119676636
7.3112378933591895 -1.5925374933066354
8.287742644675868 -1.6528409223133746
13.586672192924382 -6.577182276673604
5.666858330006002 3.4439064607906653
19.754811018863517 0.13209129180431298
11.684451834182987 -1.0686268261112997
15.523380131559945 -0.46486907153182533
9.053329478851236 -2.296070353434826
5.472985587861921 -3.925952238402773
1.9257609942137535 3.012676823174673
13.499399135128808 -2.208675469426767
14.925247553494021 -7.089728117668729
10.991551646612274 -1.5995321231862056
17.12175867893884 1.1431805047855204
11.670592493910894 -1.9921487722822742
19.89928890372217 0.005843161922541779
18.494328342467423 -0.36575388340079273
8.017351982313567 -0.41802986914433565
3.252412695387945 -0.56734442840323
15.605583414210809 -0.26637542919724805
2.775532678785774 -0.9507683623567942
12.15227484124581 -1.7162736077148228
5.5763307514151546 0.024475129714279495
11.69168379460049 -1.755079655198589
0.7250488575490114 -0.882270454375193
10.58688394319721 -1.314938542604981
12.230604159494906 -2.8025968857567127
8.331894355653695 -1.6236838174548682
12.32999523392674 -4.543599432935969
12.266045572460738 0.1736455065621646
11.09325323026037 -2.0353842352556044
4.422234076524386 -0.6868055044709355
18.52657693186875 0.07457655642759732
8.748218414201661 -1.5084195354432601
8.508004103798777 -1.6204635544212405
17.297943793567857 0.7965640663146543
2.0256867956315383 -7.882840155403848
10.923600931398724 -0.6278085670275954
3.6904845266786155 -0.23112605787501891
11.045856254853966 2.5191764708030906
12.943852407950597 -6.721423314787201
4.521318349875649 1.1918508854233152
6.9399170108637005 -0.8155645967913854
12.286716474368594 -1.3699547354066104
2.87588504472617 -7.828142789928622
3.183530329218724 -0.18000203035666812
13.682982274430387 -1.739619330305332
1.2094160332547799 0.7974040142415166
10.031228566387496 -1.873254954075538
12.890948136759752 1.5177888201854564
16.27081008850675 0.17657827212046226
6.397342534162605 1.051233309163449
3.6427096999415696 -1.0936547157611736
2.563571076429753 -0.6854419183813966
18.91796178615441 2.5656531138730228
5.4170930495855965 -0.5488289173690644
14.545965656789596 -0.3271879452351481
10.1456939416333 0.09188671378883378
3.7971856820051038 -1.0932475652783542
1.1004018795178185 0.6660606148441592
11.27696994005599 -2.3027498347664057
8.831236110020502 3.484632850678804
7.118851616157358 -1.2382968572711883
8.902120888377665 -1.5263567958116209
8.359848130553285 -4.449213877548136
16.06453475162784 -0.1843591680562186
7.491856419590092 -0.7467224365471967
18.781996246785734 0.13666710257795656
9.094463040814556 -0.7896321759507389
6.6771847838559895 0.6754999378603577
18.317573735765137 0.7202600739274377
6.757060759037534 -1.3464116577414869
7.8551992658315895 -1.294932934036587
7.974777782577074 -1.1864867067782117
1.803619689541647 -0.1842292701637721
6.525580691991421 -1.7779312912287994
2.637336122523086 -0.058868118851125
19.22824928378027 0.16286254063433908
12.102558925923546 -0.9611584198302034
14.690720262279466 0.7064776113751262
1.8432352542385775 -0.15898287938791766
5.403722858413545 -0.03494899899444666
17.396234161532554 -2.6942575026959408
9.241636908841881 0.5007768055423676
3.8119730143020347 -0.46431629191708496
8.217373882944768 3.024883136441872
7.754230251166727 -4.251614028821998
0.9469033414668024 -0.6264943297357861
17.848577729386964 -0.8271617344703351
18.031629574408512 1.3923450718946297
13.394280638668468 -2.353484611148754
17.963935483434607 -0.009564840659173207
16.254902863068224 -1.6315976847203375
14.18228645158392 -0.4961425352984655
0.17331290353466677 -8.499385180957198
17.58134585030443 -0.07763296827848892
8.298943886581736 -1.9671550136646034
7.888886412442198 0.18615535078198173
5.8098264426613735 -1.3169183984443984
5.4237859833250095 -1.174185211848532
1.581514520259359 -0.527008013390815
12.170446440670135 -0.05239373572026659
10.424864590382796 -2.485446504134623
3.806574759219979 -0.7211777165909259
3.707974890251772 -7.495339677682601
12.039911838324759 -0.9390782531285122
12.890800337031376 -1.7400761464669043
12.215503388880416 -0.5930716507022527
17.593550251927088 -0.3533297462435578
12.522236262803489 -0.19462523306604945
8.730694446646787 -5.057053677961807
11.926663310615842 -1.4820782868921571
1.0552542068310757 -1.3565668306930587
18.35754724207593 -0.40069574574403544
13.37488581806992 -5.014672207299199
9.042649824568205 -1.893629352653829
10.312640678956212 -1.4871348629168586
3.7601946961568884 0.11498250158224514
18.449244736730414 -1.01192405585835
7.432033011218214 0.38623607572426577
6.949194299980237 -0.9627989716406509
8.949261143542213 -1.9797837001755854
19.949579709512154 1.2052052904838857
9.539086502374044 -1.4712703252172519
2.3880197180862637 -0.38409973360564376
8.673441068617727 -1.3361898301060988
10.84538143493513 -0.9285191350280769
2.592190779244331 -0.4559225466678588
9.617110044032682 -0.6648750498858429
9.453576983070786 -0.008466827670095045
2.92023503792742 -0.15471833194815146
12.958926973058917 -1.223427841048088
17.505026078531856 -1.191229401184004
18.0742621802839 -0.2300337855877013
17.886301614851227 -0.13621147160828861
11.688692964951503 -1.0386357705569933
14.48558762596402 -0.8713686206395267
13.365662816186921 -1.3927421994831075
9.672880214439589 -4.587133374219885
2.161262468057496 0.16101150601266354
1.1389257191214461 -0.7873289215304992
0.2525680971820178 2.0264462598263546
7.821035958408402 -1.1405305536519474
15.06335065818188 -0.1788313413941941
3.923957654173841 -0.9600117221000092
13.229966903468213 -0.48118425749609517
9.158471776147213 -3.110316747353123
13.240436429667511 -0.12952922854637486
12.853004170809914 -0.7452529842026807
13.731901126048477 -0.8695146522099441
19.718950171348883 -0.1203872829509067
3.5751282242262867 -0.5840079208143423
7.638060689587358 -1.9527669154196001
4.205119989805087 -0.6257505601780632
6.9258557115760055 -1.401461532437975
10.069216506612923 -2.2681821451260538
7.420827529727609 -1.9861817973683609
7.851825142942967 -1.860763307938939
1.562242970200479 0.06484553881731411
7.660456435522135 -1.133276344710024
13.478861271236154 -2.1018581572306383
11.503264163687257 2.5960317005519604
1.281624876330445 -8.127592498738451
11.253592489760607 -0.2223596102249082
0.7764583937542949 -0.3287139070023996
10.679181749649274 0.9214458230865521
4.143381122320473 -3.7551113727701138
2.7660260047334506 -1.2776013055876165
6.593846876378062 -0.9838079744549173
5.332818038680943 0.15873883837751357
15.777201927715181 -0.34261423336317465
12.755902459273518 0.6996890114850072
17.65396209433521 -0.3292759142423532
7.897808531181556 -1.8125725783760414
2.319251666553385 -0.388893173443597
11.511004256224568 -2.0644184444345335
13.221711183864475 -1.0658631672834487
18.24052569296576 0.7397816676360373
15.007829065903804 -6.651240952642027
8.782231983772677 -4.328908754866635
4.59680854593445 -0.9163225394156479
12.10077568124003 -2.358748407390914
3.707719956164368 -0.2392016362333154
1.6191814851457424 -0.14406994430589204
8.649946262356597 -1.4927830584547408
10.312013044781976 1.3324296680522802
15.3406574916077 -0.615539972730622
15.994996266900252 -0.27070448150570076
12.537455930876368 -1.0938135315508895
8.817835923262491 -4.601917965263592
16.283704801773222 -0.513276104547134
14.531457704313574 -0.7302416631424383
2.7554156960139187 -2.064638844086382
11.288101724973831 -0.8706707084888683
15.6401039983062 -1.159261175609554
6.710185333812666 -2.303555294302207
10.679795082084466 -1.577381608278241
0.3647801820068085 -0.15853787896919927
7.464675672077672 -2.293747593046428
1.0801998877391736 -0.26010389779200493
6.934164123360571 -1.9771681499822946
14.889685166556564 -0.9727044216297337
17.64755864035149 -0.13831985271318104
10.287661025048513 -2.136440942298092
15.759446985628612 -0.8881532217013003
8.923443075049258 -1.306170929185495
15.162576016195551 -1.10123865975418
5.8442334431286 -1.279316731469351
13.479850234273437 -1.3288883085339471
2.7458027825971123 -0.3025225444508356
17.199630972393106 -2.4593857497824954
9.955589321084693 -2.005215742090771
2.911899621525598 -1.0680978993381178
9.240938966845967 -0.9980595230496441
9.898479606662262 -1.9921474488119728
1.9113964147712517 0.7212293635610716
15.962983584039643 -1.6599489618108685
19.654760410408226 -0.034430361760000944
8.06367672512716 -5.648836158402668
6.8443646872178086 3.166373387053049
7.839690594915626 -5.708231061986884
5.074859440304277 -0.7001480074040519
13.325701727967255 -1.8996594894893009
15.976107789943194 -0.028519492400620287
4.948052090169699 -2.333055909476161
13.348118966361273 -1.6183776405705266
0.908176532367093 -0.034873270045536864
1.6623792717929113 1.612560198631211
12.878694829201626 -1.9388981825336957
6.292526419133737 -3.224342780915687
17.61277292468018 -1.3627022197449319
14.386172882477737 2.5776575469492964
5.643766086955823 -6.4748099291776215
11.217662375971463 -1.7729245248608105
9.127962156217588 -2.835602196821197
16.81747663334707 -0.8437295058561576
10.361211932820586 -2.871545383305488
13.947156422748083 -1.533603520172945
10.434508429806614 -2.2211611619276495
16.478401591764037 2.034808320569938
2.535884368962927 -0.8585868445299479
12.148381157807057 0.830199589518801
7.817585984361528 -2.4085386474025383
17.071571267195893 0.12763627469730793
1.013044531985363 0.012382947719239978
10.748713596145935 0.6435198606552184
6.715652918793249 -1.7036644515782684
16.650047890563105 -1.498047210930611
3.2849616623325426 -1.5080821796798034
12.240586890054718 -1.5312659347645268
9.934297852169918 -4.468996871986074
10.920467915594708 -1.5823891622662032
14.715018362473307 -1.817134592863866
1.964907173147076 3.0235868658158123
10.036549372869706 -1.9718229525186979
9.202747543078972 2.292181661108079
12.57034412915367 -0.9104564007372574
2.2252901980005455 0.22370414165994834
12.133557309833588 -2.5923853291819743
5.43068608767663 -3.77133609248552
8.262019030320161 -2.144595177188278
6.492932851155832 -0.6670583233291506
18.86663242298989 -0.4065593561047205
2.8673547995407085 1.5388863735222762
19.472874584171073 -7.555173776562272
18.2597219870859 1.9750709117461551
15.925426975918645 -3.0135046365572498
15.083757362924597 -0.5638368480473109
5.365670877415961 -2.0412314145350496
9.249655263925572 -1.4107122137202204
10.370185907541716 -4.306332278784528
12.654994704954134 -1.108965586825085
6.398785032668282 -3.846877592598914
16.661754748667818 -0.0659620849365714
15.398404199469732 -1.0054557813079106
14.335684665398547 -0.3086780169402522
7.347044396466686 -3.4441986700589227
12.069758866105323 -1.8229472803422897
3.8886695806396965 -2.007169383577304
11.228264039353906 -1.3764306540603064
7.7593177992566345 -2.8379582730366866
8.273483751052252 -0.9751099796205236
6.265002551197459 -2.314623804442409
11.019741402325499 -0.6611712111556468
16.834800423597656 -0.4537834506105563
13.52942663908196 2.6086694185596673
19.908728010984426 -1.6388273086172644
15.470090339720148 -0.5199460648042554
10.115336888198312 -1.4290584307943501
5.689759852054422 -0.9061223876750898
10.607723661847285 -2.2950843981196676
11.618255549351069 -1.382945144210647
1.8790174238351263 -0.029429857782571733
9.873730648766687 1.230861349079221
4.270283681548891 -1.7414585316748123
14.341797884710395 -0.5806650943547549
10.235030861442342 -3.303748702058768
16.690234202928107 0.6326813894993772
3.875934780985509 -1.1222439736649283
2.5465500291982064 0.45327525853685524
8.87185622496277 -2.0611816283313322
6.544660396253682 -0.8264983165784263
5.610051691987 -1.6907589436044785
18.021169774296247 1.287599603602469
17.73034652588393 -2.0960177575151895
7.460790630785185 2.824449686187754
15.336304084834364 -0.6764024282620839
13.325147572253575 -0.16226724369126141
17.427146728094343 -0.21663750864224307
17.547042884494598 -0.294737917450146
2.3174208763587028 -1.0656567105405375
1.6129671246071347 -0.87380409776823
10.958536066382235 -3.4732463211821165
9.941168940178553 -3.748589847374921
17.367067726891314 -0.9398844973405347
17.933305019054906 0.6554827289067159
5.262148829927486 -1.3480114473832474
10.34230397606943 2.3836932119634655
6.293100848603435 -6.503635929273749
8.119337123122211 -1.5470182533866537
2.22042721338531 -1.2997772571120838
1.3811540685256314 1.4221033777856307
7.694049052991876 -1.254945636797101
4.101963164419695 0.33663214597050173
10.527914374152719 2.786672348175514
3.224267543894663 3.1037241869953385
16.673518889755115 0.46552390224162893
13.427995638194368 -0.9791593174123556
10.85237165602204 -1.5605711495691166
5.826783493900224 2.350056625863424
11.705663955473344 -3.1487738422792346
12.280807116638845 -1.0652422508529893
3.579526855017371 -1.774251948654292
5.343959804627051 2.297533339648846
4.335648487784715 -0.9102574814947488
4.623675856958983 -1.1223777023031
2.224936270395543 -0.5179311883079933
2.829794070843612 -0.19920803500803833
10.968164899839515 -1.4801224874178005
8.25995238265294 -2.3950295104445005
5.386970992221579 -1.2667475964967787
9.088925856371562 -0.461126925362553
19.087545049264286 0.043468233915758256
5.193326150800774 -2.7235539947502323
17.63170623057899 0.3066694883216419
8.937796462941757 1.6646233261349788
14.471961471232369 -1.8172633652836898
10.198006411916825 -2.492067527239287
6.240281835339083 -1.410964839792152
4.618650970479688 -7.8450354321766484
13.43190025880093 -1.2008196927766774
13.785101673920309 -1.0230940440466347
10.610289409547205 -3.27561533732691
15.879984731628058 -0.35685163450784174
11.66559415949601 -1.9099412605085568
8.211703603926775 -1.437357121487058
13.753857778084292 -0.7672078021499315
3.108420469073341 -0.9609999407872521
15.437456041841198 -2.889821570599488
14.46024696048981 -0.8151699735587118
3.1176159184316337 -0.64395653143648
8.048951706882258 -1.8736332113562015
2.7083752092423263 -0.42752926593027063
14.101712490520189 2.1118584188564626
7.524031858796922 -0.36572380084029865
13.083930321128872 1.8370693475449162
7.008293895701518 -2.0678133784061865
4.652155855822999 -1.0881987768876413
18.81784769723287 -1.1851560651658473
4.419178903072078 0.2252981925435988
8.405475740369118 -2.0559531238127384
19.102360228490184 -0.1807904697004396
12.566219748224485 -3.273118126877863
12.413511658719552 -1.5000521511388447
18.944590548702475 -0.0005542786133549971
13.893192516761543 -0.8671507219023756
18.467250580154143 -0.4993852531927163
4.671961878880379 3.2552745178368165
3.515540206810566 -1.0385021720853214
12.808823737047836 -1.917284341277981
10.871598667481155 -3.725577799112852
4.042873043036458 0.40477711184231885
11.19708855946008 -2.9251166516063516
8.336281278215093 -4.32910976069372
2.933697274050818 -0.3903522853543156
3.255502660544795 -6.099230973452731
14.783371859247168 -0.04895434396696377
3.618669341514628 -0.4636643087062784
18.57466268918851 -0.12404028213527085
17.55974537564735 -0.10548471208713511
13.266828235807882 -3.236990884124548
8.484975279780377 -1.9332828029047953
4.6220984933816185 -0.8057678860474947
7.78544020481628 -1.8619068055166843
6.994241905249341 -1.1563692539625023
16.368306480369608 -0.15907914996599423
1.17419081399251 -0.2963999246097305
13.384469142024166 -2.210747944301695
9.118377473055972 -1.4598216705024085
19.91593213594911 -2.510384947780331
5.7451355348825555 -1.609327303837582
5.404567522279754 -1.4277611476885759
8.141080559540562 -3.8037413129515483
2.824353745066566 -6.10168053174281
15.657416040609501 -0.17969102043674257
3.512184440326273 -1.3737165244401377
16.70437471656144 -0.08113966526178638
19.060281107600584 2.1571017262623293
6.465678819945241 -1.2272762917775724
10.38141163447177 -0.99689425782355
9.374540822755064 -1.6440448218810342
19.98017903032001 0.4438104321866349
5.39602928727453 -6.887931875499022
3.56714006297877 -0.4745631509152055
15.250607541042076 -2.0333149224938167
0.7046145556948753 -0.043329257029749046
0.2533607534553007 0.014120701120971024
10.471321059268016 -1.8151078032075092
9.777616461677573 -1.811204785683277
15.218942007911435 -0.20967975687435092
0.12670919613986953 -0.2515860052461717
5.2787453121403685 -0.9824387595411754
19.735229843898665 -0.17000241477608924
13.668976726379029 -1.2567159086262805
11.087409606029327 -2.820713781373974
9.82137349501858 -2.403601448233804
13.717041417220186 -1.085823701064103
8.258457311768726 -5.340664044553705
7.298820819149927 -1.5910469590712115
2.2180027060055845 -2.010751921226249
15.966953162226096 -2.3514457827258077
9.924705069254198 -1.3441853737141394
18.012606142994983 -0.1612878650400807
5.873593217271453 0.24348424275454977
5.404587752633535 -1.984183536213107
9.525808174822437 -4.768341051353579
18.645221344131507 -1.3161286778428856
0.34136880402179054 1.2263600038361813
14.188368019658533 -1.8335444001391072
11.060467959769953 -1.3476063772467448
12.458041561882208 -2.182487765096025
18.488244757494 0.0993751052921897
10.857862942248056 -2.150192748683494
9.523699037395975 -2.182931959641591
18.564085032509208 -0.043856939703023734
9.641957086018929 -1.7898141045456273
13.57487154703275 -1.0945066881006864
16.32237882244576 -2.0562693612413923
6.7569550499508075 -1.7176642794636976
5.132624987374535 -2.0847957853252725
4.949584945392318 -0.8538982571072966
17.053053342470395 -0.23401875175699816
3.4510515088200804 -1.9516847793394971
11.527028169637523 -1.1687169949620653
12.635943583154557 -2.6298701319468103
5.021005680464478 -0.9539468630817286
18.550387482368293 -0.17152453165926573
13.801757564594725 -5.521993743795863
13.895687391353539 -0.8221195843487038
16.974010908999226 -0.3989602615593818
11.99088454737152 -1.5212166662498818
7.082022673375643 -0.6030769310018749
5.142199570503374 -2.634461403972801
6.284369523882014 -1.2733904525662538
2.453578654452601 -0.5361170097043643
5.896299798581413 -1.4807128551292883
10.817174139054547 -1.1102184190167441
17.957568157978294 0.18547980248035922
17.84211770679302 0.3706205643422461
17.650059634352523 -0.0012879162127615584
2.3879037955812032 -0.3250531936377682
6.708386258931471 -6.304333990557334
19.09864938291064 -0.27366846681207724
5.459279103909822 -1.6274433443445957
9.409573811696447 -1.2303705095032236
1.5124560369550786 0.5752198128357889
13.413912218767209 -1.437091790918195
12.828646841710684 -0.37239748522284016
19.08834995839074 -0.2533081661224217
11.832351805733394 -1.6756976967224877
13.768432103502022 -1.1693533668568548
8.451409305677254 1.4263758544035479
9.51501722156813 -1.8243896962851465
14.867166531321125 0.6798323472756624
8.87062753911624 -2.646959858052549
14.607502027463733 -0.9125036992478021
2.5889924304597396 -0.07908055002958189
5.965756934101357 -1.4435747132073362
8.777070821740738 -4.621904839112295
12.430935814168075 -1.419981622810877
2.9144566379185637 -0.770403739418463
19.378106772294817 -0.3081826851857715
14.850343107260855 -4.098535448798706
9.514247958578663 -2.575067277175186
5.4562701646248515 -1.6389508142252602
7.240805234137024 -2.532158562438425
13.405314463019677 -1.5380040705084124
11.90387068117426 -2.46394514105962
6.173026928993688 -1.4185882062823063
9.272836432468477 -4.685132534384622
11.911416360387236 -2.1009273397489117
14.710552021208525 -0.904695184723303
1.8393277652942486 -1.0789618168834054
16.777050977591436 -2.9949082215264684
18.057571103305055 -0.035420165501779344
17.629816959154773 -1.3239744068806885
1.1485406281791777 -0.62032395481947
12.233759771560393 -3.0577576845546712
6.3054833926297125 -1.2116693998204222
19.153745635825782 -0.7664805278746313
5.410030330780682 -0.9901279759789967
9.442841965463652 -4.232517949384812
12.263278135309996 -1.4456952296414858
7.72352012778534 -6.459948224629611
17.00830772969364 -0.17754125507294205
7.03729161807114 -1.688220798411634
1.5691179275038916 -0.048273364436871385
9.875006694563439 -3.9015211127758733
5.286413031804271 -1.0307514721255582
16.497355065233112 -2.5725649190292788
14.493431211381877 -0.6998659967783881
14.294425854056671 -2.7555015641490894
8.69108012283362 -5.130497289806513
13.147980936930612 -4.302840584224195
0.5657635523612985 1.448313776100215
6.4022195597817095 -4.472366763858656
13.075272391558748 -2.2157610561683385
14.77333442604061 -1.1081044233074515
6.1091050553588895 -1.3876832674476205
7.7925394053155355 -1.3693188791269715
17.559473494019393 -0.5094038634937912
13.100948216188698 -2.133653868932671
13.83870501969681 -0.857789278666368
6.014353516543396 -2.202935749858355
1.5230072154635983 -0.25496087699535036
15.582526550282745 -7.317494222028769
14.253192280985832 -1.620354410071237
9.477825301029199 -2.6996178619649673
9.675252614886633 -2.1389860067261575
13.921384129039291 -6.032834297361466
18.946008647606956 0.1867313064484464
0.6982879309128492 -0.9414876425716705
15.877635418184278 -0.06811885989995253
5.477662857496011 -4.121568342849599
3.108240605292475 -0.5556149273674688
11.63940267539375 -3.1779905350460904
15.25971549218332 -6.876216738363673
0.8691265778961232 -1.1393898504299864
14.748714402639974 -0.8983934854885426
16.802655332703413 -2.5439763336831263
12.343971236511049 -1.313577194361887
3.5568428552565714 -7.410942979049023
15.406805424788972 -0.5603933589378848
13.414136425997057 -6.536081137400992
5.526890019457883 -1.2953003330868287
16.033335374710244 -0.9097590279969048
9.576894478392727 -1.5213754503199706
1.277185144798453 -8.280982490562423
4.829739225792046 -1.266716224224081
15.703707589037137 -1.2880290908906118
8.955408199988502 -1.8724182008640868
13.954523901161565 0.26912024601968265
0.14908645869831372 -0.18911172753352004
0.34047761226015916 0.15340764674674312
12.558604697465029 -0.47956875879845395
18.83887771405949 -1.7496126165085395
4.8454592506843275 -1.2944807610223026
7.547787739645369 -1.9822108525194162
18.764904994735993 0.6196140567108778
17.830296479814756 -0.21522002672993676
0.766858453840455 -0.33613447200429303
5.144014637850337 -1.7170395765532405
19.567628608723542 -0.4364933251266506
5.701593688290388 -1.1942960148756991
2.8027299908475203 -0.36911859643914136
16.990127877232364 -0.7180260020344201
4.296693736411874 -1.8146874923666725
8.747509581110934 -5.45759030196204
6.8420504915268525 -1.5498950287541593
10.184404294841155 -1.8936418506107107
14.42621955916631 -0.8799802607271346
3.5513058682816308 -1.5052268331095495
5.618504792299663 -1.7309345198913817
9.4735691126379 -4.677675276395673
8.506767253942588 -1.1356598074907236
9.330433307311951 -4.355837610665809
4.9656545757298085 0.2711386977965915
7.154051778619884 -2.1772111626578607
16.59222605387469 -0.22744129732864132
6.703885146008539 -1.770275707857722
17.374552151529997 -0.12333530372851154
14.670210916810808 -7.159996315084728
2.3195123343992314 -0.38533403334656213
17.09223445649306 -1.0106932355127347
10.553963072118963 -1.708494921282926
13.313245053892821 -1.2444888970893344
1.7065795979640062 -1.190552603050977
7.094890275195338 -4.403847744698452
11.234177028351114 -2.399728676415033
18.074689928353393 -1.0061363354981734
7.920953865733341 0.4579518441831585
2.5560522292745875 -1.4754098759083187
4.854926585881025 -1.2960197607868638
16.10514709489361 -1.7244309610121442
6.505019235175923 -1.410083831777928
17.668227156255217 -0.8993172959834511
17.21795030588542 1.508794385428038
19.88215642667597 -7.74751079390183
10.402092635035856 2.607202093778753
1.8694572364665711 -1.9715194820644404
13.138822122474819 -1.0049628938636368
13.541732806470957 -3.7935862852836117
15.080194097372953 -0.5766177821358404
6.886059464671187 -3.1792903089359807
10.085973300086325 -0.6917050196400354
2.390861575094183 -7.847584509270775
15.148828926328601 -0.14911290976692254
0.6004515661353648 -0.3598930912013211
10.299985373573788 -1.0764738470222754
8.24143333605102 -4.429950872952457
1.5606395036836052 0.05601467005733479
1.826619019900393 -2.584282497445042
1.7223800613592999 0.6815829246286591
9.969900453208673 -5.329376257157585
19.517494415815783 0.07091059264264621
8.545543192586715 -1.593769650993226
6.592644977424316 -0.2987982787203054
1.0758915352597211 -2.016576473823833
1.0736962849642047 1.317908428707069
3.6131748931523693 -0.5357854270543886
11.117259349914427 -1.8319279573444067
13.154522471115557 -1.11540239695371
17.607502669383635 -0.5586487087680219
0.36653669482313017 -1.0664402881090922
6.453972946588101 -0.9843212084959795
6.235686302800036 -0.8507048399727041
17.171273070768283 -0.32878747850969553
9.456691090966899 -1.0820862706899586
12.050212688921478 -1.831420262247639
6.359681881077485 -1.2708220816848432
9.967365605227132 -1.7675567241985994
0.3014088457248759 -0.10927177660194856
18.127269264721182 -0.4906164048359044
4.789702093277621 -0.7115375250656638
14.383693860441642 -0.6040439463446288
0.37710389615835 -0.4499916671400003
9.461917107995545 -1.7447819726153968
15.594732130211929 1.250763958187314
10.264385691525733 -1.15345979595132
8.153016599212192 -2.1942517420307666
6.4628487146146325 1.7083200935210248
14.02805991070338 -1.1633965674191482
16.21814041216514 -0.3340263850702785
1.1853420003861195 -0.45819577487799823
17.12118259275542 -0.38100105700191567
12.81058075911968 -5.272442232284412
18.10652504591838 0.13251552938104133
19.705208906679903 -0.17006575488085587
4.17680289829269 0.0830668549108137
12.637303972477866 -1.6610098579687171
12.012014373117498 -1.3209946171318139
9.501413503349907 -2.2849897227534868
7.6446208605792645 -0.5539017046146781
2.5696526932936807 -0.5516195772401026
19.305407744838366 0.2317013154249023
2.0046947222219833 0.016346859730755475
7.464235207787783 -1.1900553337158803
6.665043979710475 -2.494233755152811
15.546116999536627 -0.2027660337256385
18.24223921986805 -0.04414759765470831
2.698542003451255 -7.6911733762030545
7.766529426332051 -0.852925968877007
4.3187747209572525 -1.0099452973982153
1.3764444781474876 1.446288542859214
3.905899795956615 -2.0537270451881215
14.307038881078075 -1.1355198434395424
10.742508070972518 -1.87782467854271
13.952688139742724 -0.39958618872728413
15.062013900379169 -0.5675078734565064
3.560786743402512 -1.0371128004288617
17.43000136783579 -0.5084099112461566
17.036950005713962 -0.36985188933126145
6.242830642710224 -4.114943062597595
3.948792291341387 -0.7039941606281391
14.25889525771808 -1.3589513222066656
6.009001856788787 -0.9558460331411203
4.50599066992025 -0.5803800689884765
7.427530325441532 -1.3983718677282775
7.647943511980014 -2.882168693091943
2.014796777184378 -0.22869903101647676
11.85377488114219 -1.1739673539754345
6.1334798367128665 -2.086605795814705
9.730633794897807 -1.172896902868427
6.893072925014015 -1.5369059164243388
5.019981811799876 -1.172522575422735
3.445162906526738 -0.9395441894022272
9.24992264090144 0.00516845384203507
6.326477003721715 -1.4482151398895047
8.847380853033389 -1.4274952748070688
7.3706620274615275 -1.8032011080264791
19.14805219019232 -0.24141253009393634
12.426832525550388 -1.5228768078882018
6.364626393910425 -0.9319567512160535
4.215978517920276 -1.5456412898664258
10.267961883279053 -2.0834176087435448
1.6569822653573678 -0.08952040217071236
11.541758486459152 -2.20731144390117
10.175868985630313 -2.0687486679381286
13.418675722255976 -1.1289393790905988
9.566179148407262 -1.6977260146511473
10.067008401465728 -1.6374508821356655
6.40224589101518 -1.4245240703238573
6.565793223357227 -1.4141748373392045
10.948436115751342 -1.767440551018825
11.259174534752551 -1.5830119560380946
14.138793802201688 -0.21562826098713514
8.031950402398557 -1.9044891379071325
9.142872353676514 -1.8265513061795167
12.868006876824492 -1.4458158581168634
19.153177162127122 -0.42623999588004724
10.646631433413736 -1.7879007406814797
10.108224269579123 -1.4935973990926545
5.848416371027422 -0.8863297939391548
15.372313432119583 -0.5736022128206061
9.894307901331635 -0.2030089892350304
13.989351468292584 -1.975101502886221
9.507234832813406 -1.6714247065083554
13.463058987054929 -0.6614004985450501
17.000699970542083 -0.08209263230695797
13.368189044870864 -1.1665099668760757
19.545571023129252 -0.32414300247593764
17.243617446227454 -0.5711275695910388
19.199136466095023 -0.3308120862607301
17.550503383850234 -0.15360055056675326
1.5151120179679973 -0.11506176127774809
11.129728568770869 -2.134048749044456
8.478610271080248 -1.726481186731899
13.749964166925892 0.06604916933462751
9.459053943534299 -1.3851488012215982
8.759919265683783 -1.7335835761191525
3.2825342277999057 -0.9057307237098439
16.25212760271498 -0.43965217055969774
5.953549692408588 1.9638467464514031
18.317576137794955 -7.467304396623283
4.639274202119001 -1.2933850985501354
2.3480724596539595 -0.29553867022471125
9.914963983137927 -1.796491100590022
5.770594901871798 -1.1160063148813386
7.134091468569464 -2.951856907300869
8.562672879437077 -1.92758277272211
11.636189466381133 -1.5534938784772347
19.950915699239342 -0.20544032938935008
3.8330360660618306 0.5508250110591717
3.3979686193154444 -0.5076424804132134
7.046156946724899 -0.39992749548166173
14.199581543700186 -0.7018169615774171
10.006602978129894 -2.075828214564832
0.1484396329712786 -0.4464811959390622
14.682578511579468 0.7212299726560819
1.8600333478713127 -0.14083853165600801
13.572678658030009 -1.0697102025538665
8.376149296604108 -5.105602122044839
15.319833938299428 0.004518771708647465
15.121192845440504 -0.9343618605268221
4.740103779374586 -1.008573695210904
3.4867907495689394 -3.895039515290048
13.793589880515452 -6.168425405815875
19.157827144148495 -0.4493363133129614
6.401765726104443 -1.1189459263284398
3.0775764880940435 -0.6617661542094687
6.684445486171218 -6.243973523090896
13.082074033891054 -1.6825736216689888
2.383140727712436 -0.11873041665039935
10.945263559700832 -3.592216678496507
14.403754202223176 0.23465645771416763
19.47974952259928 -0.3637923160931865
15.799596907718447 -0.35374254862051646
16.14429922708127 -0.48975152869203864
2.2943375698181785 -0.36329256375065866
5.646663353216105 -6.885619026618131
4.043010871609974 -0.6218640332421842
19.438118554918912 0.08593234565085661
4.953451810061993 -1.1868767494344978
2.5624086254622878 0.008956809379324887
13.693330194837266 -1.2309254052592091
8.154914314601156 -1.2438512916697146
16.33123795696386 -0.14740612717346915
4.685377795337645 -1.644854067799693
13.241376267810567 -1.380968431513467
6.571274340531407 -1.0968963938068754
5.993384841164549 -1.4629970675961221
10.37385538101518 -2.0975619008834285
15.050580256312868 -0.5305039837256913
15.79777949213386 -0.2103625253249731
6.095229653814697 -0.8284938786908886
5.5864447432848605 -1.136686130769427
10.468122410520335 -1.809466436295721
18.24291974714991 0.23409955737169
14.308235515766393 -0.3353920940868078
11.397712942648667 -1.9222193995781576
3.481459042224614 -0.21856088930293188
18.562953312569437 -1.3045180999619725
8.54656994020655 -1.931988975443621
4.40079476400113 -0.4797096770109852
3.140305429563122 -0.28070459929503444
13.928851240712897 -1.2929060776504746
18.195904260359985 1.9231615030360865
2.410171126268976 -0.3783675132076598
2.5542252266586454 -1.57576217995125
10.057898088387258 -1.0579613269043546
10.412483715808678 -2.3420019430978787
17.902048603916427 -0.04579821315393348
12.338739567104176 -1.5926046838805359
5.428605902523003 -0.7835429335577297
18.818606437608253 -0.008965934151307753
3.1871746557274463 -0.6953823511725964
5.67607071222024 -1.6598794936249934
11.007055536250322 -1.1798406142473055
4.5568566687836505 -1.552425732781584
13.871055061274536 -0.6878537770101681
12.71715622179641 -1.6691246555581845
7.1944220746712295 -1.157566223551909
15.699276055552794 0.8480808957758732
8.95429610593186 -1.5223059298998116
14.787051032791835 -0.6796375961789544
16.366050477463546 -0.29033803510457634
1.0541175402874747 -0.26769164899525905
11.930734954603235 -0.2140572405528452
11.513773797924685 -0.8942319389428781
4.988661327214879 -1.1709925123826095
13.299152130019904 -1.4434028452031442
4.55041745032858 -1.624823275620294
3.9081317770285207 -0.9412498510678309
4.881388607786286 -1.2734380236772282
19.590752572294743 -0.3369543579311409
1.3625277178991715 -0.225967615002286
1.293951916061582 -0.1970016769584884
1.407532144562863 -0.38938928906660497
7.279605337180797 -1.2775699652954178
14.494087625821567 -1.4096914114733803
6.750181894404644 -1.6530324763119992
4.971825167721297 -0.7971224841006337
4.147729338578476 0.6804256998707044
7.478615614701639 -1.6213747797106675
2.811537391080998 -0.8418074024146787
16.906806258352866 1.3925867599348294
7.133407310172795 -2.181840229236712
5.40278978132708 -1.7732842618974596
9.636836424957565 -1.8419809666459
11.667031613116729 -1.3644267410172144
8.388790716273782 -1.026552401588719
9.550064480680993 -2.8973051151521156
18.890325951404268 -0.3669223267718795
11.91716658724113 -2.5806911215543344
18.78673627985191 -0.08081171449316094
4.648054009074081 -4.37931470632592
1.7089434133795331 0.126582691244434
19.66617070349352 -0.8442007254064634
15.722827144872147 -0.5556769339848195
14.031392999253624 -0.9289469305870985
16.143596319740972 0.17372054310035465
13.853563829130158 -2.5105944466939984
19.05199004604869 -0.4693250631147684
19.00317319491688 -0.0007757244685077658
5.338500385173463 -0.46471124256941876
3.171130724206293 -0.7809614853549859
19.136476665350564 0.45495563978098863
0.33185981821299904 -0.42531734189473125
11.682105849204506 -1.3193309180845734
9.918068613597672 -1.5292205981602944
2.8079459254568477 -0.15093018385511645
6.671484758638499 -1.7623404085874759
12.49073882219086 -0.9898032906658358
16.807406054340973 -0.15051567575438102
18.18643449054683 0.3175087920299551
18.713886289512075 0.04394402239229675
10.762755866190718 -1.6203499267894323
17.279670558458243 -1.0248126570002882
0.09722880195156655 -0.051316071309184724
12.400687272130948 -1.2939815041724867
19.172643890637527 -0.3526274871266146
4.7343651379456455 -1.0239149672577676
8.124730816984718 -1.3804260214765092
17.951396131018416 -0.219845001000023
2.9646931416618543 -0.08271509208225028
8.889254769446017 -1.733231508646338
13.726762429279043 -0.03926511299300356
7.462693553564496 -1.6205490730924312
12.193340373604748 -1.5909561160965373
9.729127728011905 -1.7943498961424178
2.004793403679354 -1.8350421637429737
17.920868690200965 -0.13559232478517458
12.513674981440506 -0.7229406166873329
16.325501874399354 2.0097901603055686
1.8883869567783906 -0.45019899259018004
11.06508900596987 -1.8395325464922934
5.128841040642505 -0.6006951999913871
17.04514979342991 -0.4344349891319478
1.9072934596459972 -0.6338547090017033
4.475965898205564 1.0703148843936856
16.224027005626308 -0.4743272214457145
11.940657475404862 -0.3471097146032413
19.54890348415132 2.079128050821314
12.004065490250932 -1.0238824472464323
7.756359585001409 0.139026135613004
16.694175633475247 0.004935980438477452
4.32840021452673 -0.6397495317004053
16.611991217620712 -1.4346407431979742
18.975353608188886 -0.20582657001810872
2.886587865555714 -0.39982724374424167
9.76802821112842 -1.8530330637155379
6.324002735449563 -1.2943165391963225
0.6728252520788657 -0.3560553202167866
10.30007472852985 -1.5291745770955645
9.549231596526935 -2.2052209722358693
15.083196090387808 -0.9204285500287909
6.254322998659628 -1.6291678134883005
16.32280758338792 1.771098643960395
2.959736429442693 -0.4985019177067825
2.444394165453441 2.1825436687734054
15.203344377963715 1.874995140535681
10.4139870325581 -2.815709047127106
1.2273532335001602 -0.34076095342406487
7.242362497562598 -1.3198691459593523
1.8629390651394875 0.5152996308072024
8.345825409798055 -0.5526159898864531
14.645355005294757 -0.9406153756642787
2.0717906988077255 -0.16445110155661385
9.674245820577411 -1.8379036913271356
14.32574066973015 -0.07099797878707315
0.7784823923378942 -0.7477252303474807
8.943663665604262 -0.6053491003086576
1.009945563442611 1.6058187535326205
19.286962208579848 -0.10290295028097157
8.075205668830932 -2.0033748755688587
9.701203116616112 -1.892358303453647
11.496755596271193 -0.9669324072054335
6.853563416231662 -2.0415082786345344
11.795221592636837 -1.1198767403572556
15.416833113401742 -0.28067435147821607
1.1005830798151037 1.4312617993713999
6.3393920112163595 -0.5141133634483274
13.96519217396032 2.197447323372377
10.277016977488614 -2.2137089992244827
10.416933105079702 -2.059627450059107
17.905399185859807 0.17960496660710645
10.14657053522149 -1.263283046728253
18.999141168545925 -0.20140476444366184
15.822971906302865 0.9607634695999195
18.240329700418673 -0.5840606966137977
13.956964197312963 -0.23342110880934183
7.989525869503302 -4.429140701653267
11.980900855178131 -1.4630321393826753
13.52952307426359 -6.783178241928466
7.649699648910754 -1.873894359424702
18.577408239603155 0.3280753508894037
6.633439664295487 -0.7421629093459814
8.882115823912631 -2.693321346506117
1.6115112261763032 -0.15522987621473738
14.686966104554598 -3.3786433155350135
4.126798795461583 1.309167106632729
15.013261071414659 -7.033655966845405
16.879340159583293 -0.8272025579998726
13.061346545874793 -1.969459605261445
11.923742275245512 -1.4249691774520534
8.637225867645062 -2.765636544658506
7.516671263528398 -1.2849455475513927
14.105584976083877 -1.7647509823643508
14.783169873689717 -0.5813599891638338
19.700201976036496 -0.3739679151399804
15.01929329108534 -0.24893298550161858
16.75840366509866 -0.3737314231869141
5.974092501030324 -0.8782369135977404
18.044598387341097 2.65587451341828
6.680316364327641 -0.7025659384287944
5.036631598335812 -5.135880459365979
9.783577617767792 -1.8496260326962306
0.9547963327572949 -0.27482600193214657
3.3554082138768297 -1.5331229920649014
10.027590043251752 -4.3382420458362825
15.348938434140361 1.580995521538872
10.194913260875145 -0.97511879493273
7.83246703994638 -1.1872941989238441
2.241539156043573 -1.2242448379358128
1.7555245233737886 2.181243485762087
8.385803049108603 -4.2602664253846445
13.742833824545652 1.452541567826145
14.933672647497469 -4.919671295591056
10.574497287793475 -1.4449671110111444
14.627174455584543 -1.036913473472058
5.913529045309907 -0.9679560399628355
18.83865077198829 -0.604265141344739
8.807136583661075 1.2380756544163098
1.6985147917537124 -0.2087002184737378
9.662511730041823 -0.23622770122707684
18.16135758285411 -0.5571384584307576
6.036543869945324 -0.7084655230326424
19.335457878056904 0.04994881597771106
13.05647020227188 -1.1002280880700512
14.112604044603756 -3.671703892915784
10.833888410978926 1.9423928102358032
2.3155864470883993 0.004477840900878993
9.82070582762424 2.091497798932056
6.0045577898186036 -0.96417548815281
4.641163474022177 -0.3684805908984675
11.49953083376778 -1.3649314098669543
11.955159303158657 1.0576050289635797
6.6012313705739745 -1.6639604443359497
0.7675050168318049 3.6253924553840005
6.9693047732020865 -1.6475459906744547
12.56942320873008 0.7389806152991089
11.262680186110751 -2.139890240342501
17.553782410587853 0.5597869205892068
7.793866938795137 -1.8468360317370665
7.76203800148287 -1.33044972469987
4.506184917276549 -2.1583535875963875
8.755515829694929 -2.6497588759192077
11.43243282415265 -1.6182924622431842
10.094440595117662 2.028220541397711
16.85171364816609 0.8261817871494519
12.895557039576337 2.6388432454245487
12.27704897328381 -2.722603887778612
10.343479654390475 -1.2895919524381307
7.205433675890275 -1.783884505081245
2.767490980720648 -0.07188306187792665
8.031569598066994 -4.285468843613018
14.112669042885091 1.3163042950978268
0.5941873900627911 -0.17972744829039905
17.658659795634673 0.4591067742439397
2.039785467657963 -1.83060297272963
13.782121870613894 1.5444980006598763
4.450902835098476 -0.8543624791914554
19.399064430398504 1.2774368810356869
8.803601825503057 -1.2999904467764123
14.771109944179807 -0.6136744505483082
17.72958723381242 -0.8920070776903343
17.87518047536814 0.8444714898241433
0.9099755616885861 0.09515594862406271
11.737019520142063 -0.8590746560308667
11.42928744779594 -2.999298051892198
14.16321329849978 -0.037002999082324795
5.932240075634268 -0.629358915290349
4.591273474416321 -0.6942621814463067
5.695673110020841 -1.2679806730293348
5.967459800615614 1.095674314504608
12.275320879014874 -1.9729614483518356
9.507826896006113 -2.306738258399534
13.780566656259104 -0.40325697398265037
19.15235634355031 0.5513496379214874
18.850757740208465 0.01661045257935939
16.19668101644803 -0.22650516265183188
12.261312952095548 -0.9959158360938385
8.218159756996757 0.7428534241151283
8.194014548847894 -2.985636725770959
12.890604491749201 -0.7912872801760986
14.069582187476106 0.07945753441730763
3.1275726775294856 -1.4580970253312338
5.238685165020345 -0.9314648323844354
13.726738514734857 -0.824889535537957
0.479128812451669 0.037312415523150844
8.854407575708747 3.305157138528247
14.096168201623732 -0.8629722941140627
7.158363444740782 -1.550038290955326
6.932205551452752 -1.5519772778833834
6.747354694099996 -1.3080538518182396
18.113813884974647 -0.019732997022451626
13.396329042756118 -1.4451236609224254
3.2306659318361186 -1.005448408945827
7.477186707660051 -1.2214033517066953
10.778020513501737 -2.075263646946295
0.2595664296472179 -0.8959158049331034
4.786538747043961 -1.0599782395333983
0.38298259566775733 0.13809842337467626
8.152300964201235 -2.0613004707196887
14.906284902500339 -0.06893852068654148
17.341172975494263 -0.9966484764310326
11.911464936072496 -1.4887949972121133
8.089308001910135 -0.7026560533218353
13.757969588449585 -0.5248970698884797
0.8246602054428939 0.09149754490004114
11.97490731169697 -1.7526944761879677
4.4862837885957365 -1.3631930257034985
19.26212393335396 1.294988757015096
11.390410272357867 -1.8089406795991192
19.70421567763421 0.0016567099806683305
14.553023736470795 -0.7965863987306637
15.727675524518432 0.08179091170451964
13.14284626745963 -0.7089495050709498
6.315423313734516 -0.6713813417382893
8.387799631279185 -3.7724065468314323
17.71572178043081 1.6570148983286652
16.333521546214023 -1.112341334693145
13.388443780596784 -0.07367035219097609
19.470411949425877 0.07163342586853993
0.43865355135276723 0.019686298380829304
8.072593071479753 -1.2759752286265755
6.671827516980995 -1.5491356940935495
5.741727629906707 0.31212606893046896
14.510221116887033 -1.463530086310844
8.002291899472528 -1.7053344511186006
13.206101010666236 -1.8166030690892696
12.229272266333856 -1.4681488074455291
6.178407178491163 0.042882459224878766
2.910164165617243 -0.8421834479154017
7.858452117838705 -1.4579955401301683
4.240224276073848 0.07309557357945476
15.510970953225891 -0.616016929562474
9.932308720728283 -1.5656412834275935
15.35734546265051 2.0402376506709508
17.498214229994527 -0.6648074059560405
8.481371083746653 -2.318088481382538
18.668803983879872 -0.3921264531997022
2.9914720814586024 1.786843365080283
10.726375671667054 -1.1474536632870551
8.828148633388757 -2.06721164561372
3.5890147165006177 -1.3573058689790416
14.599218057931166 0.46877184982026293
19.68726006678493 -0.2865490272157233
12.6731087091542 -0.7911394268724372
9.632219992081282 -2.9700773410486043
17.315676756286013 0.35589161416894216
7.62929006815853 -0.9336396765040988
1.5420661731715175 0.19053979154605005
4.61728713349471 -0.7170390041772269
11.853877922828092 1.808591588291444
4.154866151411469 0.5539456929318941
2.031583235648139 0.04018159093531798
11.273845164603573 -4.955990048209042
3.8237307341767792 -0.29010477746192403
16.496601963853905 0.007853939401835638
3.7705451916819532 -0.11507624836629303
9.130191876140128 -1.3600150382433291
12.907867021732645 -1.247057378152781
8.19822851204854 -1.7661908878041894
14.317252843367353 -2.373925047095664
13.345895217439047 -0.96832977292134
7.289462618345222 -1.3842922981632606
12.333152043720647 -2.387579685970115
5.683526844211327 -1.5510164345761386
11.109471045307055 -2.0642492762132805
18.878316359920444 0.8955726286882374
14.79894102261412 -0.10336008039585852
16.414172920220693 0.20989098842593149
11.861757606196102 -1.5838968264861366
12.186958801185215 -0.5498218936259591
0.3856042300108702 0.5931346197067365
4.803303841906305 -0.7385189709452222
6.8682285980656115 -1.5600433278891879
11.863560534510373 -0.9303263369010717
10.31141232052841 -2.3658587181475172
3.6052308704668183 -0.44038075447100883
9.529853442815318 -2.2846216356176408
11.38858106008688 -1.9699726367727821
19.454836842019628 0.21447941942734952
8.180592630061694 -2.0742864393615035
2.7835039359658893 -0.757596528909549
4.892733630018553 -0.3205387147700234
15.837142342958384 2.3446946861328737
6.163001589854105 0.30347972760319325
12.320092956888878 -0.9405835465457983
6.020411819108412 -1.9777498598962844
0.8223439358785212 -0.8324345411325306
3.0003906573392918 -0.11446224371959589
8.718369364546312 -1.2908373412503573
4.296155169862402 1.2456504359779585
18.98381980345452 0.05755670158292364
10.444686356152795 -1.7936989504280234
2.912652315368617 -1.2581424540865793
2.026405702308265 -0.33441864847337394
2.7649443869598644 0.1707968534090917
3.878548510516083 -1.520917443396249
7.480818364387828 -1.4508978024675958
1.562818051405013 -0.01417209900994415
16.133317954220903 -0.44579061109149787
7.132894932898413 -4.139797794004717
16.32792148263368 -0.3734384521819266
8.513726069801743 -2.312148225906809
16.745941861450472 -0.1830573836624527
2.4077171910261175 -0.5293494345980122
5.5509516610842065 1.515055077725953
17.015018285870404 -2.086317991291187
9.45827019093037 -1.6923244134903936
3.34183832009474 -0.9740830669579156
4.430626532316196 -0.9517354947224376
4.9213012788091515 -1.1270660544906523
14.908678136330144 -0.062088401225918285
3.140425370875137 0.8824003479233449
6.816407590287666 -2.0491857380955105
14.99283487504341 0.09749950014023724
5.4494711443109995 -1.1990276654196426
9.324581258667811 -1.9523751954899955
3.8248328713653947 -0.5148676392003451
5.222914097928138 -0.8880535079423371
12.449444072467397 -1.3911296818690513
3.032347243418262 -0.6165104024043954
12.964517414513505 -0.23171818373535435
4.019504707457155 -0.22562511822984646
14.232462191803526 -0.9121628113134154
7.398500820328204 -0.4835701628553962
5.949590409054336 -0.31434811289816694
11.637473966098161 -0.9534334495680588
18.31262347521715 0.6346057170945473
16.169357199926583 0.26143280140798353
7.080427156297768 -0.9136029731106681
17.31737702155433 -0.21755120842669323
19.668808850645412 2.07844567268719
1.101633257402861 0.12081619786398004
14.641674212730821 -0.6382166102930552
10.807118604120806 -0.9409792327104963
4.872820930948495 1.0902872884870018
12.301127740526923 -1.3640979516625429
17.687872107531376 -0.04800504025308858
9.961026902615888 -1.7783772963903617
0.7712955328410834 0.01946777040464634
4.4729719625377475 0.3961470143326832
17.23550396810696 2.563395254704239
13.633846987033918 -2.566915281684244
19.31537608126134 1.8435474821800442
8.68785945219678 -3.504944688772264
13.903403534960566 -0.5247579849387455
13.77371982992563 -1.935110005760423
8.434433375868734 -1.2550685066162
15.232329432542658 -1.4390000354975023
3.095330268396744 -0.4686810180235647
14.893737720867598 -0.46379503383661047
17.615723647972995 0.41480096359649565
7.05018468038243 -1.0254571673772306
8.136335327675166 -1.7714514065130962
4.8319090153403765 0.42763936730054297
12.769751761439448 0.25774097990414324
17.300186391951723 -0.2984836692248765
0.19257298714620957 1.306956980002616
15.164046057486546 -0.5937234717980647
7.524805457895582 -1.092953421500746
12.783027669232728 -0.42585662310651257
0.9943908460215997 0.14914571464531298
2.0970438767985904 0.3578801579771253
2.102553309604371 -0.08542029556791708
14.170654595921095 -0.5789547699354555
11.686754370748158 -1.4589253928309576
14.955520201933433 0.19810283858134792
11.56769986283802 -1.2170132075983526
14.788822765406909 1.740712128224794
8.029694571801993 -1.7539400310590614
13.50525744974883 0.011125399186651369
4.2434511359472555 -0.4234831505451795
6.407297058211453 -0.48501756123149453
8.779316010590778 -1.514080555295305
4.128923413984955 2.173160305244562
2.809308645979443 0.8724259340517043
10.80424282159945 -0.2057340338734975
8.848031604915777 1.7600090999613593
4.3773583722286515 -0.9325429965223572
14.429281764079638 -0.4641717150101085
3.0521699669867774 -1.0166569167605748
2.230337134184909 -0.07115859837528288
4.383022493014725 -1.9935898560657588
7.520951851934656 -0.5187602664591942
6.129572109979962 -1.0632567085858038
7.591231028777999 -1.153956070313817
3.578040158038808 0.45327956489325655
10.474559816493581 -1.6323270250607584
16.191862715341298 0.26192066747696263
7.188739422426836 -1.9911024352420057
4.490606887658331 -0.7860736418751578
6.1580526266163265 -0.9125988220027278
11.623960442594711 1.0402850535483947
5.121948231858126 0.8832482662326276
8.058544311166967 -1.5710368659899492
12.921281472742912 -1.0787490222278593
19.804436673382735 3.540730508081324
19.03248604783937 -0.4407129326349877
7.89861696874721 -0.01785916663925738
8.138597587503323 2.7443167104992714
12.04558966217382 -1.5416908898599562
19.502951902005467 0.4197496138169905
12.023109163289742 2.8584028433100546
2.439495095991945 2.246397065412137
13.531349617602755 -0.7631997747236992
3.379758559239232 -0.5303959668272752
19.951463835036297 0.2678378687700214
19.251128460454115 1.703240135635759
13.134366905127514 -1.1853711074104858
16.217673085084815 0.33824905047926357
11.75354947020428 1.9736034626161179
9.803147177078142 -1.20896620351525
6.371101040259598 -0.9827046827779867
19.09190498844558 1.8098579470153104
9.631226293469467 -1.5068410376193158
9.502692350924107 -0.1895225190627007
19.52022578259926 3.3656808981669664
12.03831231444442 0.4948720487270488
1.9473892680798452 0.6516737718059148
12.784784201647861 -1.3212708493856316
17.82763429356031 1.403636348067628
10.072609227991212 -2.2692996100570557
16.48656666809747 0.7230947466065663
16.719960786969978 1.2097224219494993
5.911108995271272 -1.7792740742348072
3.749826991606878 0.5359795009126548
5.840514809260089 -0.4860543378076591
19.120320990705725 2.5290580054558105
6.939098850047675 -3.2099667057727417
13.026734022655422 -0.741124868186762
9.678211437521956 -1.017718373700328
8.467580488863856 -2.1202081314788512
13.420547152657646 -0.5777993353072819
8.505170134354275 -1.1559590293268753
9.299972942145049 -3.9645410066013143
12.855096620708554 -0.9947378633082662
4.7026549189645035 -1.6732975468462612
10.801937493818667 -1.2661738540321443
12.309723904385688 -1.2387916586386922
11.13832369841551 -1.2975532871069082
6.666683595239136 -3.2929755091968227
14.829074402992337 -0.6733583717831516
18.589375276877334 -0.9203737085046849
12.583989277399205 -0.47834636574547396
6.749635012513365 -1.3092638313372529
6.472533566661221 0.162409618282871
5.756893670420443 -6.917227444089288
0.47411835254228524 -1.2699866490248533
10.412913219139247 -1.8807535960488808
13.615603045817574 -1.008332637176686
5.263192013584617 -1.8097472170275948
3.4332546783383964 0.414737389124047
19.08826190599144 -0.24772206855031895
11.925020714821922 -1.360410665540691
5.100950349845068 -5.450492091494922
9.555710876699298 -2.298084282243232
11.905133194565824 -1.272935812194992
11.025801302284874 -1.5648494528985593
3.5501480004112365 3.042221671240325
10.663231516005535 -3.2203383560352505
15.296913265906946 -0.6144451508650185
15.994982659309587 -0.4434232865127964
7.084320348672599 0.5276791149575688
8.290941735325532 -1.3351772690546702
6.368536709982811 -0.3111125256168723
16.2480007782933 -0.3408500666597094
7.740362147505408 -0.9811323516473054
13.769211444035577 -0.4452063260856689
11.209705614924417 -0.6244089587442461
11.916836890865635 -1.056836351286079
12.784863818347542 -0.004045490860909606
8.930760638226458 -2.014436908012925
10.663053952140046 0.6682500352453538
11.567512430349963 0.05220555758009751
7.571871914319925 -0.19728752625181792
3.679733135745395 1.1468266497457469
18.189385284036202 -0.7620949322194285
7.4826811187910955 -1.2524509107248103
8.122483976985766 0.2989770600944111
11.728336788383666 -1.3064236352991407
8.167239367464639 0.39946329529837427
5.112452273197854 0.588877417922799
8.201566222864292 -0.943772455406167
19.531657249280805 0.16137850076782495
13.229481001346684 -0.6669841499523985
11.975311240983597 0.21446485197820186
13.000951826723178 -0.9733860963933284
10.471301609880467 0.03062619508578515
7.688691310726522 -0.7643226809518553
4.513207417600789 -0.9076487598782154
4.027361577122504 1.59099258183602
18.978736571084 -0.354594398148102
2.9851980372118767 0.09185403024261102
10.30186917545779 -0.5806864296847865
8.896235455197225 -1.0932994022932028
14.079763196744606 0.8724931105148029
3.708965910647651 0.5957401867427758
2.73482526039496 0.1547278692329685
15.142250972443817 0.737772450157602
14.688957332526021 -0.4410122176095751
4.434564096582424 0.6509696544603499
6.461490366874123 -1.018946344302543
8.983625055115462 -1.8587381852489315
18.052611368013125 0.12578762735402943
12.67218282085426 -0.20439719118384447
11.868832771574535 -1.2615930072671588
4.742479332720509 1.298435313779803
8.52689880244543 -1.8543994402669401
9.003727068573376 -0.5676162736372835
15.104624941865987 0.12538514775399323
19.08136128228879 -0.40722598150986755
18.593070655790896 -0.2989528524148456
11.547468609188105 2.112010679569327
14.859684330667186 -0.40182534490762023
13.283814390568539 1.9418253060321393
13.460068272692965 -0.7134968958800612
19.16857274681803 -0.1315022965752854
5.644089614399373 -0.3323867538347332
15.044718526758547 0.3037300909639212
2.23777337479938 0.9051279498742646
17.85482488423737 0.10775963026064028
14.086182530950092 -0.5499559816198172
11.744341837197595 0.32273496928171713
6.650635442391784 -0.7843030927729342
11.108455620890757 -1.469835553965349
2.92219642333488 0.8803746095450002
15.262163960513794 -0.6429657504169802
3.171866262509435 1.6939706552557015
12.644783589670583 -0.7551304128842409
7.103693404534009 -2.020184004022061
12.528455527265416 0.6931733888936888
6.807923434023086 -1.9196611809842343
9.475544474182763 1.251296559336526
9.42096768844879 -1.7530153448251602
15.31260550299861 1.693722185494532
5.285351582005283 -1.2364640703201628
8.105324598687549 -0.932526454137959
11.790781581203229 -1.687185859837876
5.71831540234342 0.02833226220081715
8.010862680504747 -1.4396454359915978
16.14756683220312 1.4289743465754499
5.531828725649296 -1.11905955914117
5.360653568684334 -0.3406390795375122
19.497298678589072 1.9196922861442598
1.2705845704209058 0.018436276122992618
14.277822171024049 -0.6987190227732852
12.743353219983941 -0.8106025787794933
10.548569698739671 -2.0968145104894993
17.06796137643764 -0.24730128253334038
6.858348842321705 -1.6366117517644145
9.096292238315444 -1.7675678603618934
9.988682728418993 -0.6443612091883618
12.177915813506848 -0.02954270321045044
8.008511174887612 2.0814615627352446
7.158410823270439 -1.1663445137167199
3.1971943815108257 0.9835533870162095
19.470928904260862 -0.11970686474094003
13.563114645547827 -2.3773373566102745
3.684035249107639 0.08072166294807286
9.78178582076602 0.1937147344158331
5.075415146838013 -1.1722718854119425
16.9861426622482 -0.2951223738632789
19.775644109936064 -0.10913419433974109
14.266811760614317 -1.0881777693249406
10.58288640138703 -1.7207909049800878
10.191576813235667 -0.2586090263972047
10.591772072353043 -1.1245868186717343
9.891783425769534 -1.6881000669363286
14.184923029184814 -0.8272885599035863
8.41807245595252 -1.497481869141738
3.1175122717498427 -0.31074526657005624
4.507535889984603 -0.3754789028494555
10.456034906867416 0.5735131601256609
1.4345802434042947 -0.19471840221505227
12.539077361288191 -0.317819970709756
11.378991058049731 -1.2704337019751921
19.18389848143454 -0.09478132298256864
8.651010931500423 -1.4598737358383875
5.756323125885666 -0.5834651157879948
14.66628762702686 0.9756691039584338
16.552633798420445 0.9797831500465768
12.848472168831234 -0.1667551420020183
5.9355430784462735 -1.11506263736586
12.761105006658235 -1.3310676506377586
7.571037450701117 -0.7439622832408866
19.71188859218772 1.3576527323157297
15.7326879249769 -0.6175474098834405
2.5755738333143334 0.05670013999559301
7.333872164913828 -0.7672072870060218
18.056279662545883 -0.5164720826198391
16.722139165599998 0.03162481615853743
11.876932083271356 -1.4227121199573385
17.86911116474643 0.35825696944216734
15.005192925549435 -0.36542664602729913
19.44187082818053 0.7866731804001671
13.484629879240611 0.6156941166968177
5.208529820545682 -1.1023299047744448
19.962253153287808 2.0630150699545475
10.101717155427611 -1.6097920586611065
5.662165182474081 -0.7303086416027305
2.602820470559918 -0.38426863573914904
13.600057160275364 0.6606940037530604
1.0262264186427352 -0.5200941617608856
18.14639067300747 0.03972410744605005
10.056483642424729 -1.2574324992370511
2.9017154730695336 -0.40317437802111117
18.48645027746582 0.18842541346635838
16.636224227052704 1.1367581786980785
12.769684406847519 0.4614242474404772
3.080866413032667 -0.26549916563328996
8.57289266101376 0.1664618777171027
10.958550732461063 -1.1007308308134398
1.507831042835288 0.3664462499380212
7.772986900040957 -1.220477291938809
0.9300645565886075 0.50154228767283
5.29146893880096 -1.582691656263294
9.127531429959282 -1.1025525872194528
8.209346182047344 -0.18368047340909116
1.3795911233262066 0.2509408463260637
2.355639010010651 3.0876817697193712
14.142714459724639 1.6567530198794458
16.1353863143134 0.6325019279622826
3.314607292827543 1.9047289031367172
12.952667174297513 -1.2144343296476925
1.9863755670705927 0.9612741711229559
2.239866699136601 0.05438114612691264
5.354533362165905 1.58125237451613
4.924385801925011 1.6648447707248684
12.574053527104809 -0.7072803156680519
7.40387897561613 -0.8515610483240739
2.9076673299892652 -1.4502495858789486
2.1148707503731825 -0.22534037529293766
9.03635289786412 2.550207457589418
17.41079245302872 -0.6729381256495544
7.962159054748184 -0.5410996843226943
8.624007882445447 -1.4414060256273333
12.522773270769116 -1.1683170956353668
17.70895063865693 0.05073372439098669
12.132910055687168 -0.9456961649032862
6.379817704312147 -1.0612651928372385
2.378594139138455 -0.8479132266957147
5.610263800570545 -5.135382654680286
17.20563432995721 -0.7025056835209319
10.089964295878678 -2.018080528648207
4.909652898432061 2.77299911159967
12.412133118044844 -1.183269442534447
15.276984052766185 -0.379867994355408
2.864769012707939 -0.907870633525231
12.924579038155237 -0.5351955920307823
13.042327513069681 -0.6190692308437752
10.125585882108396 -3.049964869250545
17.77078347509848 0.09506663107408521
16.563828650010432 0.828775792600762
4.3155277618717545 1.5106660999464157
7.9116072296184585 -0.5918431247899811
0.2539836191749473 2.1686072503075295
13.475652965298979 -0.5804959322084664
18.417687512965514 1.6294306981665712
13.322999193616777 0.044377091922235296
14.821091567895683 -0.8386294084535189
4.716704017613259 -0.6128487755527562
6.488686414620525 -1.1980274866488771
5.2461138603121205 0.14718619372035735
2.480446831261552 -0.36878684369484804
5.419476272480893 0.6147387024159294
14.204649354934693 -0.5850154304227105
11.276932664413456 0.6708468200658873
17.280442234417688 -0.07087581251645014
12.773912677745628 -1.2412376499336475
10.319977427357673 -1.3249522860314742
4.834969756682919 -0.7883997546922361
5.833179168998422 -1.3932106273490672
17.08206214257913 -0.5273471961702744
13.398388364884543 0.5355420570312793
16.817554571483736 1.9838480921732384
18.55704298460519 -0.36265039219134376
12.310995582111522 -1.1727042213425058
10.346826038454433 -0.8864577069680637
7.36434712573042 0.7534177055046702
1.680019162704596 -0.36995551290039785
15.136929560813503 0.7744466344706298
1.9651387071915367 2.072314785224729
10.3574314811619 2.240496149991749
12.1753939985931 1.0751954860586865
11.371729124969455 2.762527686352135
13.093329927184683 -0.6647270720113566
6.817595807890481 -0.36934194450082025
16.196181072329978 0.32850933933067517
19.408330631564016 -0.11204148042829462
9.985526128214774 -1.6523267070776997
4.317739046215704 1.963118013692711
9.160481907808032 -1.5097803149389986
12.714611633028358 0.6095962972674356
8.738625753652789 -1.9727321992553197
9.42713107039328 -1.9986492388633015
12.979182530018598 -1.3440428719654611
5.171253765411807 1.0090252453084914
9.60398402753558 -0.18797944204015357
2.1871602414369904 2.349483075143752
6.893631572274543 -1.1124285107820029
10.735437125384761 -0.7518497228667357
10.564669328730108 -1.3972950780318207
9.585128231600882 -2.1771779699839433
15.22879025241732 -0.4306970964637385
14.495616140882616 -0.6748674686870589
4.961337361731268 -0.8233791741763705
10.657322415366826 1.1132931178530185
15.322973269848273 -0.686048675882882
12.193471194293867 -0.7736336571597147
12.048498000374536 -3.201266139073563
5.1504682126969294 -0.9904805281904296
17.39734989927559 -0.17490914465713747
1.015088878683791 0.16600402182188542
6.593118196781617 -1.5075162944519014
7.152908677723763 -1.797110324630158
10.595077888398219 -1.5210101153888664
10.173966771029082 -1.608652486654828
0.3716739403146857 0.11235200128819922
2.7901965701712808 -0.5583544552476309
9.195233305224157 -4.346888203233241
12.345088979535896 -1.5766102670262008
18.904495667438376 -0.05310817740006657
6.547741625565669 -1.5272219170967765
11.689036326384082 0.12870382428971627
10.057394968746856 0.3623031986981486
2.0447952858179326 -0.4835012052546535
2.6091014122584664 -0.9606945628127003
5.364311100380063 -1.4095381065666235
2.9008624514107684 -0.6029984406382817
2.875516325358482 -0.8050491372654506
15.745313493518456 -6.9124201517311334
14.52185266552329 -0.11802995038635812
11.547952586747334 -3.2017529360910295
7.4751947455764025 -2.678157822583843
11.211108171829881 -1.7806473978223671
18.301893326440418 -0.0017999319762817961
19.64817545375571 -1.6067733595165365
6.688820546864655 -0.39564210373037967
18.134699642116427 -0.05991395870492622
1.5418613609446041 0.9528335902614299
11.081679304500957 -1.3689045807669689
2.031436293369357 0.13837447216485765
4.371634784783662 -0.7229017946529235
5.735073186546052 -0.62987678615866
3.9293519251622793 -1.0019882961755142
12.762130103695496 -1.6968005174204064
9.122090232208121 -3.0934090759006145
17.123506674843057 -0.24122735975479304
12.693159706379499 -1.3733091014332406
9.737311700405819 -1.8473846430615033
9.218946140018554 -1.27089335105237
12.884152472849392 -0.857191699814245
6.497336640600611 -2.013450581015138
8.528809436445268 -1.3452013387921649
9.266038983641405 -1.648177999082667
0.6647150431219081 3.05808537922972
13.905149995417398 -5.005213188873058
17.102025736288397 -0.3843070414491808
7.898133170854142 -2.3466528482346756
10.85509045980161 -1.867479314196367
5.8643099788279605 -6.342819686023329
19.51348036331212 -1.191864035795466
15.873764451505071 -1.169406494382809
13.29187531467877 0.7489859010292444
5.4360446002447596 -0.7976329276455207
12.833338943522937 -0.822768281276772
19.668713710848696 -0.5254868295658006
3.032719444162109 -0.28671077780532
9.099609566362306 -2.2718224173082624
19.983687807259155 0.16363456934533246
19.262323597101087 -1.1456193042716618
9.615423020054063 -2.3513022860813164
13.985152326509679 -3.6720035716591033
10.088360983093908 0.887447825765824
11.50057936847401 -1.9182495411735776
18.458971551807416 1.0836884773781983
10.563472483095095 -3.8341365948725934
14.876877318684691 1.105070694622146
4.559386562350284 -3.2104477629544648
11.166366217660622 -1.4676418821204011
6.909338633950786 -1.9331577628000747
0.580646622622164 0.0564889720263923
11.859522214108022 -1.4400492122097126
1.0609983280136726 -0.1521026900026984
18.74003615564635 -0.2972640223759607
1.6221404240116062 3.0346127762607567
4.801811628390872 -1.8611939624729543
14.170531809679398 2.009226776519943
14.3998454757121 -1.0513938278622974
11.293179916728931 0.19300069417803828
5.306280010635474 -2.2283636301175367
10.072522308404372 -1.554713724735828
15.785334020261764 -3.239443440324302
10.460216288252417 -2.6816599284480027
13.388240110008217 -1.2270820194503207
9.20793233925418 -1.871431774733594
3.9239349029420922 -1.218312563282327
6.5048194634586105 3.575271364446697
8.873335828691532 -2.0747969762141567
15.639176331544608 1.858688474760644
0.38595658477128203 -1.1786459717494973
4.2335548131339955 -0.28980170217372103
7.758529255993746 -1.875692685599736
12.009674864724948 -0.8182212742052666
6.975956442486816 -1.4864637784738008
9.744410977844305 -1.6136500224128272
8.2527426026605 -1.5496970195883335
10.490579215351568 -1.3283399521588648
8.908460536036934 1.0261873173331197
8.32271587739667 -1.859375340805941
19.558263980507093 1.9546335385992015
17.87171300151499 -1.1142154939430355
16.511871944497866 -0.3127303944206522
10.654574026218539 -2.1421546854014317
13.22704848093861 0.7077494260169338
9.268711788020815 -1.8333040623083112
19.5194467641253 -1.1347581629088586
3.0344756184145703 0.45353646042540174
12.27233847514059 2.172551075851972
6.4181161390334145 -1.5405290727673315
4.1588356137432285 -1.2158809518962297
17.664744428605367 -0.7808982756990016
10.401586453064116 -2.3239224791013378
17.762182995511623 0.1141951345472234
13.597776440264406 -1.2899462618375381
18.58497266919366 1.2066354891286553
18.99420148943531 -0.8074588150603154
14.969029844210173 -0.6730513959525609
6.741718435780675 -1.5927834141707296
8.64811663812677 -1.4058481674080556
8.598601441017287 -2.118219825607508
11.624753004825983 -1.2067357217161814
2.9281403709795066 -1.0168449813630518
19.152879532510237 0.20125016825053152
12.429615427797778 -2.163485211535872
18.020355489201457 -1.330674388507868
4.249771830749913 -2.4241818540989097
18.26566871235231 0.38335842807783405
17.64695567231739 -0.5660614743630772
15.770070522542104 -0.04996159382245895
11.620999583533026 -2.139148149577492
17.782138560954156 -0.6872215769947395
1.3844827176240784 -0.1301614128869838
11.27934732263693 -1.0846379891737268
4.732817004013141 -6.889466613275794
11.003749977667674 -1.896054492242747
8.78910812744422 -1.6111409523512321
15.545006125778313 -0.043660767613470146
17.380170050655867 -1.3594092090368532
12.571317593601782 0.09996270294329512
15.607034727859137 -2.9438038383319425
10.054957424287501 -2.9539435457999885
7.843737823411959 -2.9212696082606007
6.2215405911327855 -1.1784240022404484
19.969996517419116 -0.7177658473690846
11.30052155113063 -2.295525436585139
3.5788997454285587 -7.444940406015467
7.885471297509319 -1.2933023992365966
4.418154933857549 -0.9388618715658038
9.293185388952114 -1.3046002306490723
6.50457435606226 -1.7911082887666332
1.6015018010053628 -8.737747258231915
8.938626764039963 -3.1030377434585126
16.12808768834721 -1.2456912474925659
13.283702806090659 0.22392333407036466
13.096672815523112 -1.4510361724004954
18.661213338305146 0.03536601289351078
9.308787520934377 -1.590547839889225
3.858726592017651 -0.3687748118376685
5.628847867000308 -0.9746294008984041
11.872257622106977 -1.9010414187122686
6.613127973447698 -1.493884197545698
2.2731083617840357 -0.39437309260879955
15.719772978958199 -0.9405322030856457
0.7586290713808465 -0.1840476304172392
11.20048944421703 -1.8363124472210113
12.577490739143169 -1.2209941900260515
18.20704127779606 0.946913633059678
16.838885274020285 -0.7684712891643714
4.28811035952226 -0.7190120492549844
2.825629939318804 -2.6580238709864608
14.341745770896305 -0.8046047036871353
18.48884409140055 -1.3640707522931943
5.786722528947085 0.4729893027485656
14.470021138568113 1.000543381507196
12.241193248939943 -1.5703711298716219
4.6891954585296505 -0.57669645937059
11.977728684018999 -0.6593553624879223
16.16621020327025 -0.45442687340036736
10.265873211050469 -2.738644615109369
6.2052627319161555 -1.7502675548500564
8.456996413129213 -0.44533310279058685
0.05841150074355933 -0.21813753303021835
19.39651263269371 1.1112373131202524
9.508293975224436 -3.7716363738481338
13.196485936059196 -1.168789240014485
4.946814677736266 -0.857942841666637
2.818473097407071 -0.478643868304855
7.993891800416864 -2.9827090393741273
1.204362684445156 -0.3059874553634039
7.937585640039676 -1.4394745574899168
0.7754079800353951 -0.19192206152595306
13.713057236824648 -1.1450820129188173
10.394992521807797 -1.214501142883604
19.946886973073923 -0.3121963564685476
9.99959948376742 -1.7304411781391769
12.090087482659898 -1.5175527167011962
10.009884169765579 -1.7866075224404183
15.311492344592365 -1.0335458063591223
6.658416296840749 -1.1030299974132838
12.042949167255388 -2.2188921371968204
11.377127403015557 -2.3936281756208624
13.10478567152307 -1.4017115288363278
15.20890167711581 -0.5651310120154035
0.4718127390172733 -0.2969088836142695
19.964614610620682 0.17575273353801707
16.37859605678261 -1.3591061756171408
2.644279728557514 -1.0965706939007418
11.663127519766041 -1.4109289059697863
7.068338327182516 -0.3237570785125442
17.983760804552862 -0.06402236389267768
16.04866695568369 -0.08030862890390103
12.691412016556473 -3.3241931370808784
14.614230949512464 -0.9354301512297641
5.382037643945944 -1.8546207208468206
1.4573584791749294 0.08931773797441606
10.808352685756924 -2.5688996674716322
7.167351658678496 -1.5065028382402448
5.110592190491398 -0.8920768279469395
6.316303626829837 -6.426237986969222
2.705478431895518 -0.3741397560171109
7.311551337041455 -1.7699320621369339
10.044512386023658 -2.6647793975516456
8.435917931667829 -1.406384645872403
17.465312423412247 -1.0419357724375657
15.226587679319701 -0.2889165091827027
18.171043531629703 -0.01286535324357907
5.89296456219534 -1.5360064480788993
4.990308944121897 -1.613584365925308
19.861607608163016 -0.07814497239368864
15.126758696428235 -0.810984237134342
19.90606509239581 -0.15156215650884902
11.006428847708552 -3.652995470533297
8.587114870747941 -0.6501995203948892
17.884051736342624 -0.5338189584360215
17.797436771284964 -0.22273308653709442
12.676881978674025 -1.7364863783426017
1.575848225965337 -0.08919402984795993
8.367571328977798 -3.894930239358418
7.006160415940355 -1.7225970167019304
10.035473045605496 -3.4253184109841235
17.720702858893812 -0.4702708295561487
19.065953990905097 -0.033090907057365226
0.9133568624748618 -0.21469109104046827
1.4211657567860674 0.09590963028141763
13.05267795575909 -1.3856320477267363
8.561357118371784 -1.4280112042184028
13.851884670872623 -1.1340389706199416
4.236179510351117 -0.7414734284949193
12.823427563629075 -1.4738309859984506
15.92227492421278 0.0034592457177652844
2.8935735581595234 -0.9727246765801066
11.31164998472009 -1.93128464213746
9.569667121189141 -1.58511339838262
12.554805029086175 -5.227020686483573
5.392401455545055 -2.0131795426238517
2.4724029599696906 -1.3064533236649831
4.793178615152199 -0.6799490926098591
5.714098204170528 -1.0684808461848867
7.260928679066245 -2.221014859550746
2.8452177525551776 -1.6206606045532765
5.713015992999156 -1.0556547806379484
7.324412252143734 -5.662400335032141
4.626291298673302 -0.6311054438258138
18.93320403508614 -1.207784522560142
15.08225355032944 0.44245769752801023
9.179220087862452 -4.034734807945633
6.849135129275447 -1.3027291057014714
12.060007745705494 -2.4521396986445545
19.183289532675587 -0.04873943474887102
14.09544973726477 -0.9340677119850995
18.044266025446237 -0.0506048824515401
1.9200663222059595 -0.9009810538533607
4.769219001343324 -0.7425062183928562
12.613644174400465 -1.401627883393349
0.8309865851837396 0.02184010512346951
4.759752283797726 -3.250493667244095
10.492954725174553 -1.3070729910179857
19.512324063253836 -0.38204565630426657
10.795695575554467 -0.7776908806085444
17.574901449972128 -1.7859617234618042
18.56700065086685 0.6064389307046991
8.332149000048 0.7916207362495675
11.299300074685908 -1.4637431817372477
13.296629698444143 -2.0994400110623705
14.076477373888913 0.7240349602683536
3.9354991661581793 -0.563468653288167
4.193047236118079 -0.46815711317292963
8.73290999836991 -1.5043130446442026
9.54741205962928 -1.4361568350621536
18.973222376028936 -0.3044830168606554
6.411545698415274 -0.5813908968975329
14.4544980395733 -2.5625340069896545
10.926692832260459 -1.522071342177263
9.305801536715526 -1.9328182531131983
13.270485249744123 -0.9182833789561308
18.144763026419064 -0.6610497636407681
5.140414613663482 -0.930333076277081
3.2807267105880036 -0.03542074043554003
12.402321097964949 -1.9983926608887286
12.054884852934553 -1.357281145381207
17.86004290870577 -0.6273145480674133
19.99629194779463 -0.10073936646854117
14.800266756073752 0.27120527332980515
12.896411600888818 -0.17286825799299954
16.393586448451867 -0.30205099591791285
16.49790132361263 1.2117954865833807
14.173764702815037 0.7089766358561487
4.821705673603817 -0.48534351414501675
7.253861634799073 2.6777736037991966
6.792208198873003 -0.16021688745257578
