2.0926450576898263 -0.5260207319663432
1.6163603145737195 0.035080512515426425
4.291617589134558 0.5949815293301419
8.490190059860954 -0.35984997675263763
9.886911303563304 2.005609854690036
8.906162463618678 0.2563963138675097
17.05240437035476 -0.421573239953421
12.504308005182589 0.04046918162778278
4.143519352920085 0.061459195704117106
13.741632459218769 -0.6440052899279333
5.599300640346972 -0.19956549184090805
0.870639209463935 -0.8278482821786471
2.0199633194600324 -0.06866456335535259
3.3345228130281166 -0.3121699952571192
18.306781300202896 -0.1459534327465257
3.4328227339791573 1.1275900923487454
14.878532111546765 1.083178232307218
19.89408361937011 -0.4991424500967172
4.8000830532418055 -0.1521306452200063
5.595709708350977 2.8261081746820484
0.738217008186866 -0.8739344961746796
6.581091085934922 2.119086136257285
4.2658921996520744 0.007372625873624403
7.733388295115434 -0.8586839594514599
11.492601294533534 -0.9925852898442752
13.946024003815133 -1.877099449723099
7.044934470711403 -0.33092840229363085
17.887475971587854 -1.5461153354563966
19.271048064731726 -1.7327142636067108
18.906527286707707 0.24281792390841397
15.72175977445329 -1.9705548726004443
12.20074984448754 -0.5526939917199954
0.2842944396196065 -3.011854403115086
2.683378258608678 -0.5082570511168463
5.69691698777294 -0.5050060143327624
13.773852856838836 -0.01154400600313106
6.022200797086478 -0.5952051298614143
8.594613390455958 1.041452354065476
15.781763717981798 -1.715059872450825
15.649427459188411 -0.2628942829014518
6.095098230525219 -1.6962020049508388
10.906276509152978 -0.09456017985792882
3.260262314422084 -1.2486599681407682
18.996303371616378 1.664674531755294
18.178950826092727 2.1066319492719487
14.759745031833315 2.840706747147838
13.374762822078745 -5.696614456752772
15.93033509994649 1.7300095221454503
11.765265613391607 -1.1971420858051038
7.584703529888544 -0.196194289485245
7.838094103637097 -0.2318451167267229
2.905816542082641 -0.5471897812770384
15.286936832059851 -1.7658661034781427
8.125960115112205 -0.34812724358628594
16.79913671915121 -2.0848989709405976
7.595456452710232 -0.37431356844689323
15.457880921784225 -0.715148436105473
17.644177564525382 -0.34416643501923894
8.529862360055713 1.3562930807505038
16.267313437137556 0.0384069497066902
0.431141604643957 -0.6514356841950179
16.351706211872497 -0.37022466289001166
2.4581496903363544 1.0440200651076892
0.41174460141637625 -0.15535221517911324
19.3565358032989 -0.4502557486886174
9.09402805695561 2.231912423555916
6.422925721966475 -0.08400476670362397
13.60356915067247 1.1862370122045949
16.970703312987073 1.4289354717352933
14.708704921335906 0.2582676056115676
14.54285796630183 2.3696594611757735
8.14538413844431 0.4962500014735745
13.814747404419489 1.4996395053752742
9.571240519580975 1.6629799993865702
4.684287507469163 0.6761216528563863
5.150471922925007 1.3021254976781986
8.418906099719997 0.02724397852894961
11.323527390472844 1.459801465539205
3.495025267651448 1.9984030059689974
7.0334438967821375 1.3573808604554678
4.105622941831363 -0.3286748851556036
14.169069867272697 2.7378536456943587
15.406947741072548 0.09202479606763997
14.027076925340076 1.7303133606125942
13.752959533399766 -0.9073279495703467
5.753562963035832 0.6598627414402267
16.570632023657012 1.9005770829790458
19.884383414689577 -0.014907912471894325
16.559571390335847 -1.7138101051364798
9.2220538741211 3.6610019083619525
19.17876948254621 -0.4563645484778666
7.973055025771709 1.5418946513566796
19.076725090407418 -1.4373398916887872
14.093117325126403 -0.14898564750145316
17.32274670274534 -1.3283748591494462
15.057924894082989 2.473315359366886
1.1757885067019813 0.22270293211930292
5.289261845283044 0.06361848672509515
8.969623674446916 1.9401108969922982
19.372893347795696 -0.6669549075345477
16.77208614851307 -1.240739149346096
15.225117217505412 -1.2129839439387868
1.5870488655257802 -0.3945264790787772
6.374142918680896 0.10606636457587601
15.125765349130184 -1.829774368810927
1.3602476284852267 -0.9862232454986157
1.0596397641792892 -1.11858305011404
12.477256691126435 -3.0392805158431164
17.503359917755485 3.289265167665666
7.915083283861836 -0.08966110757776205
18.598601718523767 -0.8904044291382966
9.15512215589414 -0.3438379840653174
8.22611356701922 -0.7296659227817642
11.520000431041822 -6.15884614996104
10.614505250140825 1.8282905614431404
12.732321151818534 -2.5722505404480662
4.367353073007035 -2.1922031035171696
6.44772969939508 -0.532145909027735
13.732251015610164 -0.3087796679208803
9.465924390769173 -0.5794899755692497
9.071181647237344 -0.2343700199642308
13.629408505396857 -1.522725796629801
9.358629603137302 0.15863343419473688
16.51395826245477 -1.7774516581985849
4.785718375155413 -0.03978375607611703
19.301224112186862 -1.550983443412552
10.388365392935315 -0.7401811700613414
2.414606766817534 0.3572338453587663
5.800942254706705 -0.18003458817548632
5.330324892765468 -1.1101069703454363
19.071456793405066 -0.8248024293439695
12.893306831018082 -2.7492547885555605
19.836242938171047 -1.1902906111574523
18.350538287469373 -5.914652081733951
2.3701737310350715 0.8895259810986677
7.164663920459898 -0.44323764707809454
12.708503601912279 -0.6796878687687636
9.02540958476053 -0.2551958302577383
19.1207396030501 -1.1331964305250533
0.8805605462770236 -1.1378461091700647
13.158225673779471 0.11675222555991875
16.323942586592384 -4.092537380411891
7.758085021156262 0.6270293151572276
10.19259243961355 -0.20704702681739023
10.023451913945017 3.0679041586660616
7.426368273677068 -7.720309037042882
4.273075121995918 1.8214678407051696
14.542621933546487 -1.0964471551384776
5.368601947883995 -0.3005566751908841
17.024729019169417 -3.906206641019792
10.319453014659553 -0.2922232505778464
1.6974785889202566 -1.7679744709780834
12.452192699006698 0.7478908549575679
4.4915930506036545 -0.5384550906445689
2.0980159911938654 2.590296323979282
1.5332993100934225 -0.2890181577166681
3.1654148187817617 2.1330560404672623
19.24963760728565 -1.5011167260079752
19.803007101304555 -1.6649192269736537
14.488405783271222 0.9720824137159583
9.759550933691475 -0.007385365045130182
2.1933255367975497 -0.2925462223189917
19.856214278647137 0.9852373688733655
18.25878261358959 -1.4429160617526302
14.074334841960235 0.38827677209145117
13.64022329141807 -1.9717564062139237
1.210615547210432 3.304182359954877
16.02330370957995 -1.3834662413165604
0.32672900720703046 -1.1648073096653757
4.92705610614335 -1.655755316566879
2.7579192529503964 0.07077003681199812
12.767203416660923 -0.40751655013014415
6.6618547366158545 -0.03247993178728667
11.036224020338116 -0.0010594172318039718
5.674556884967205 2.2389408927495698
15.339397081291677 0.02191519387678169
17.47149012957644 -1.421530180384897
18.929219000815724 -1.2296345305181102
16.73153789030268 -1.2265131283538553
13.163272449323328 -1.0120249374675807
2.385173112517098 -0.8226090053286693
9.732301226806262 -0.23133260497259875
6.586282418750665 0.007143196516594147
0.9717992223422918 -0.7967269342718937
11.110994343182158 0.4229264984599042
12.839849035782168 -0.9589000067160266
3.3351179996532268 0.45138652896556675
8.382376751988053 -2.9003869764083885
16.80975224571821 0.08641534988541971
13.919667136669775 -1.0525565904495529
9.421243165362819 2.395479216471295
4.315365437359404 -1.742273992407965
4.129190836581221 -1.2566467716711789
1.4155793047411953 -1.602009516686152
9.964254511715074 0.8498704867352768
12.543279150224343 -2.30874465210655
8.52309743576391 -0.231689496032752
11.971230801346806 -2.1027811104788507
2.387854014369247 -0.2422120074367875
8.675851389594092 -7.484569909316206
5.435948581544389 0.026503492929010136
3.2554427842620632 -0.6618384176338686
19.07015758534339 -0.010072188954063699
18.979704833359907 -1.3445207436010485
16.87357443845623 -1.3577909964095025
2.59781142785902 -1.5408498042976293
3.1227249981111864 1.0974331542812872
15.198876857656334 -2.5812440231334213
17.08816890943673 -1.6121848160391852
15.34920010472442 -3.4369054653167495
18.39005115671055 -0.6510264527046273
13.313107927209849 -1.6077884990247473
16.17917158554388 -0.9279574309792801
15.659143750632524 -2.0503447104667822
10.296987942549082 0.4722408989631112
16.103074785714043 -4.2785535795152745
4.995866943398968 -0.25764718791324626
11.903694106743732 -1.6898166423185328
13.646626333310582 -1.5303202014861912
5.0686958630541925 -2.3866333415403242
1.1511886279102828 -0.8555978741530114
19.6507783298186 -0.8819795838233287
5.914782720422061 0.3107552443083668
10.004399547699022 -1.627517640748299
16.90734304367237 -0.031638869301005984
13.987542764320223 -0.8008457382230182
3.202997764163592 -0.6186644025115872
12.39302317926341 0.6486159754144672
17.62870275776788 -1.0961834559595385
13.842993049388125 -1.0383419297076069
15.463268990721968 -1.2131030187345633
15.801563594749037 -1.1650846334971048
16.90605525740915 -1.952549749696968
9.726930197287205 0.273968197749716
0.8796565305211375 0.7643971635084539
10.311871110685564 -0.34426272318471435
6.242926887150208 -0.2263273823427016
7.3871315661117185 -1.3454607392830042
14.357109198246793 -1.5051052581348046
10.6372169813975 -0.7230035498647651
18.286524554275097 -0.9283665965029249
11.71333662168922 -1.082453311653266
10.169492272357425 -0.5861465339978511
13.257280812164312 -2.4454618266211856
5.612168442284895 0.31961919695841745
5.015503498559718 -1.2004019026380743
7.433384861062371 1.0988873598812807
15.91676875036881 -1.3006366401727327
1.7526854532306144 -0.24366012911374807
17.718178870818576 -1.6831955814458148
17.79592901899738 -0.5301348055128149
18.427964008469548 -3.1812377204488618
17.185999699908564 -0.8953728433707865
1.0756006008694023 -0.660001508859911
7.09375238251345 -0.3727414898901201
13.574197023095875 -1.1251618987759926
16.391204168845682 -1.720109548886059
3.9678342056790856 -0.6539481072323923
12.79721829514711 -0.6787828432532033
17.706711219424932 -1.4204947669646009
8.332844160361214 -0.6408252795911348
3.8978080066271725 -0.5419745358506266
1.9680209291258222 -0.8470242164288645
10.138561713447205 -0.38784862075119253
15.239362319926402 -1.236132003591791
9.655858470182253 -1.8989889046787942
10.408128896317034 3.001915448551069
16.598055827235306 -3.9578733470493
5.118453100032951 0.7463500644938259
16.330258001241933 -1.9590067512148697
8.212121532385224 2.1455374196898513
11.965339918446276 -5.216253720772354
3.814167424687223 -0.9397066041874558
14.560273495015398 -1.0102201542986282
1.1999361649953633 0.41792954231854884
9.032530823458922 -0.3530107487199958
17.376119418319377 0.5291833808283558
15.487289465462512 -1.947956254244265
1.27866860754416 -0.9229594015875628
15.067020190444422 -1.5678829904982725
10.456473745031195 -0.7740618521480467
4.11567840103282 -0.06971197815125925
14.340620194727219 0.046324205608664584
0.4729090597640884 -3.853341066798017
5.712664060426717 -1.6876747502297724
16.840474187326347 -1.8445336288206948
14.610350586568051 -1.6850944791555658
10.037704182962292 -0.1351013147208408
12.070323580309099 -0.7687698432421599
18.97904043594372 -1.1673905467387666
0.9295517177041552 2.4376060705833025
11.310727555076166 -0.9408735829984283
8.370061232774782 -0.3050801779938507
5.2318537056144825 -0.36411985061668767
13.03885871722898 -2.9413417765483683
18.105019142958312 -2.4179031376272975
7.839188818765069 -0.37104342506406296
1.0276787509496175 -2.7189447818845993
16.197663689123807 -0.9889440434946662
17.60960163518068 -1.885454157839972
15.240765883839419 -2.9368485721125754
0.317208906999042 -0.8072852194006686
13.666254133878594 -1.0961656500825794
12.594204211250476 -1.6844773890685254
13.652876529342098 -1.015006988207152
4.189238232303422 -0.6229914554302152
19.211790927394567 -2.1131775548373755
9.322870536625127 -0.32596844774227696
7.28516018442003 -0.5163072465908143
17.634103394630124 -2.293574967505645
16.096981302261717 -1.2361239136068645
19.25456677316546 -1.9316251293862399
18.41600546770975 -1.2772276858193956
8.943421609926276 -0.4051559071455443
12.299182982738273 -0.7809493052304028
10.647608454670044 -3.2174508098284753
4.916054393924074 -0.4188779152625616
2.694085067739239 -1.40312218402569
9.808438137116019 0.3889016366779116
4.799573052723181 -0.475170831104215
11.362335525566918 1.1043085758311881
10.350251984065668 -1.7418149152163307
11.590901890140465 -0.770782923427416
17.66841297380201 -3.978352384478674
9.454953500547482 2.2058203558947627
13.85974679398502 -2.75308224480489
14.019692352904658 -1.0705382892103579
2.225780265752089 -1.817816557814581
2.418168151055343 -0.01525607585012724
17.642786943510597 -3.2689096207632344
14.473518911417855 -1.7956938728831575
12.997848233482989 -1.1844578087095963
6.210365124362523 1.4558683515347859
0.16670178548036807 -2.152080451911239
13.991941390503804 -3.536027541746493
10.898258990320613 -1.5474601742233545
13.056885517022254 3.264770253778054
19.680593495781377 -5.919060039366899
5.555992830452812 -0.3833683697955279
16.40918741258732 -2.8940540345540677
17.48373921498813 -2.554257629038151
18.232732569208043 -3.0785980408717992
0.27724346188547877 -2.051395623594416
8.556002288529802 -0.6589064575851846
17.565188121238695 0.8742764646343033
19.68560624800726 -1.564539376928418
13.682432513517647 0.8924133711341686
13.314642743317679 -1.9616821514177765
1.2482909975737642 -0.02406287971642542
11.743196067508936 -0.7847470924744954
15.631004577164056 0.35570519835377556
1.9052289697722815 -0.9922541674952549
9.273669115606836 -1.6067461423668716
5.877904351805046 -1.0006153348744418
6.812045136006732 -0.3222344221507354
15.525391455085078 -3.289623469568782
4.222700515089035 -0.4742599653160942
11.544539783493864 -2.047574096440912
9.072077548900474 2.1779186873195826
5.982346679335791 -0.5167099959533508
10.650143784963811 2.7775538752325115
1.3074012650546425 -0.6220558523003713
4.080864207375288 0.2502578117184975
5.149366813283229 -1.5667991482591854
11.133212718255628 -6.2962514226325315
7.213325476480589 -0.7584832645601776
11.74356901470817 -0.4414242353512181
14.577384330373699 -1.376909373309351
5.041692705668105 1.507849783046744
0.09538854273734243 -5.624141400628205
18.5229792235857 1.3954504516913506
9.508231005084035 -2.867307203353408
8.729344146905062 -0.3779927636891716
6.714571768931079 -0.6848041111420704
18.030949351819945 -1.1076531619166972
6.363380156982517 -7.591724656610417
4.351401637926586 -0.1675497017963943
8.668326054541437 -7.146001399760646
0.8345607625989601 0.05805447134941469
18.433438541691693 -2.029384028343926
2.354399135153746 -0.3632501231673341
12.177327925579814 -2.7857095501001266
13.877320351409406 -2.053120640950045
10.86638573831802 -1.385656406017774
19.847378874025477 -0.8811727389774178
17.217378957903797 -2.9940819294358083
12.301690316158297 -0.07242897447435155
16.079573774261455 -3.2318505502539336
8.09346403857801 0.7063935201524556
18.09455497386237 -2.864479096866392
10.811641719310362 3.326756677716561
12.438812333590954 -6.42802755512827
9.38933107377543 -0.3741120359763593
17.721347197307107 -1.0339246582997998
15.377452839714907 -1.5310377751458504
12.732889615776314 -1.5829821869250884
3.7313356664424795 -0.43923500009181793
11.957735683503225 -0.8517209990720007
1.901108004099465 2.411702608045898
5.389665111900862 -0.9058977924824163
4.326448320708576 -0.08343322832132519
15.180411957056315 -1.8787228725861025
14.51183178472539 -0.24109881797258326
19.650472417049613 -1.480861240729252
17.8391385092346 -0.1651633406639354
5.56120442793739 -0.5355192568558322
14.948189669717927 -1.306994157453908
2.2787115777632767 -1.043347130908575
11.847496982049794 0.4536862115441967
12.085261661431275 -3.776917505346541
10.666292591172013 2.3100202880361094
14.339513207973226 -1.632107367421817
18.097180226975983 -0.802736832319283
9.643413000983507 -0.39613555784525584
13.259115061846481 -1.4852653106087501
2.3579987054543823 -1.4604327494272398
4.4437448744511885 -1.2321191507518905
5.3681457620581465 -1.541169127510651
5.208436618083423 -1.6362315405049168
16.718974928808688 -2.1993264717046936
13.994134730817487 0.020411943229384638
1.47285790240503 -1.4008107716426863
9.943437427228462 3.046862918737011
14.685962909310813 -3.0922259683481927
19.59246177526587 -1.168883769300559
5.093537128616778 -1.0040734341196962
6.757933667497051 1.6748537214344739
17.80589566237371 -1.2540271992068115
2.7285651611397124 0.2588485260108744
7.219132121879383 3.1160402726403937
11.694321008786842 1.6740572868457397
16.341426350610774 -0.2782976997142014
4.217283408807053 -0.09442499051112699
1.5653113496145559 -0.7138111473175078
13.69226755437654 2.1461013574870815
13.80239404312974 -3.178186247912701
2.0489869286454274 -0.5420347296107896
6.225076359056312 -0.7020673117631179
13.951900982974397 2.06602933815751
16.157311062977335 -1.647041455360906
17.17454033899679 -1.4520286049735418
17.506954045974506 -1.6629604245101972
10.887179612052421 -0.49540425256725407
0.4512792283916527 -0.752258400617673
13.339964384613342 -1.956028665112253
18.594357126366315 -1.3011850818964728
9.754749901340805 0.20592063452751871
9.794792469285522 -0.39927704003414943
0.3927329628309648 -6.52761667427168
0.9864158116043003 -0.40890687827319316
16.49854955756323 2.300745208038368
11.370373854587559 -2.112560964963366
13.235167341243777 -1.8381901730214487
18.26536659571767 -1.2106492305632846
6.904015843637673 -8.170787400658519
8.97848116369678 -0.48960285730331166
8.058800317469494 -0.4518035612923429
18.459852508626714 -2.2682300447374275
8.542325757171307 -0.3046078692481834
9.732941965200613 -0.6182177653487229
18.265255437181388 -1.1572200263751165
3.3621677113225696 -0.18268376717560997
19.503711901903202 -1.485792867677453
11.725005283674081 -3.391417278700283
7.9316772393022426 -0.37501245793252114
18.969765195265378 -1.6215434225299703
3.55685917647265 -0.7070529812321066
16.34418369652668 -1.9185181456502198
19.076279842536337 2.662738755942987
9.152187546244384 0.0712496378878116
17.263943393715234 2.6629581098621413
9.269661612854716 -1.1119720353236402
17.067278906483846 -1.4547463855640586
12.571418542403059 -1.9018758047684452
4.366314906536202 0.3136250394543664
3.669957611042686 -0.48284148352301504
12.19548195631005 -0.9674613940721953
14.874089996265388 -5.076569469231117
6.202170975584073 -0.2228834616246213
11.176533476130464 -0.7753500041247434
7.225416849599029 -0.39050714932307073
14.929946348012063 -1.5370433486182928
2.5574871619378112 3.085906124237294
18.560678969873678 -1.4060236447292394
14.466575440425874 -1.728340608638534
13.315543836288875 -2.847284346616295
0.7382183936262393 0.37099562486407023
17.534062450055107 -2.7978462291891906
0.08563615154246196 -2.248125719552936
15.652703141087091 -1.8055959477289645
8.51837842970823 -6.2198018445589405
0.9712956512244179 -0.6571557211839951
15.095007485008916 -1.5812344754061958
14.361792096742132 -1.881915202885172
6.325798989743808 -0.06853838616866573
15.358377690075613 -4.813208364391463
2.6096107007244544 -0.6983527215589205
15.23243324056412 -1.5119242559726527
1.8516849646482607 -0.8794094405770808
14.586105742898669 -0.9716673282862391
7.454035250523088 -0.28236728039578696
15.998729230061086 -2.004888124387211
11.42325111176646 -2.2149818085912027
18.761537010958637 -1.149803978678868
10.596351316352669 -3.6052932809082496
1.4775444558588187 -1.297632986118055
1.2696566185056308 -1.3668438026396534
1.4015018178300358 -2.137466004994658
8.675980150436216 -6.072615560600007
3.4512749525211293 0.008017870376055738
2.651484525458135 -1.0960518525186556
5.383317005188154 -0.02956029804001753
18.098770155652936 1.4929454495983212
16.517251654275753 -1.3544068993533
11.151537559803371 0.17633866757788486
19.38194215784951 -1.0490104346545228
0.0021743019978188727 0.12661721572573106
14.26802114295307 -2.990740076641639
15.2170713637518 -1.6447354853168596
17.95180794591723 -3.593691428478528
13.17235894851419 -1.2194542510487165
13.133179821735366 -1.250118763937911
4.959000592315432 -0.41466335000512555
1.8895833653746756 -0.7532930205353775
2.39635018535935 -0.05014568102270413
16.62817829077908 -2.0199726631004893
16.19341398510601 -1.585900116553244
13.542055562575847 -1.129967373714694
11.172812329473466 -1.0420822072906035
15.122440958111547 -2.1328196600486824
10.642973470294681 -0.9626275116109813
8.567604844627768 -0.4713818131411883
15.304801244600297 -3.8702016896189986
1.361565465577007 -0.9806076555329551
1.3507935415917365 -2.6716631302831435
14.814093179016353 -4.982975785395937
16.842035901855503 -1.0913292077886432
14.276960551683574 -1.6094556129660962
19.69766758015318 0.10913800564136868
5.182672711844696 -0.6668131836927305
18.636306214245124 -3.7252866791831987
18.331769096659723 -3.550844244366938
12.325083636914961 0.6761898906624183
10.717898707860616 -2.0218830537192622
19.082346027752543 -0.7122762310869786
18.914628808693248 -2.175074039602367
7.70504782001538 -0.10524619183062531
9.686103042603705 -0.6884950641024734
7.681764949681654 -0.7365942502521198
13.141217246706182 -1.40070244285198
0.42688129265679503 -0.8529250937188891
8.632503065526905 -0.5164022957577576
13.008588615330696 -6.475786367634725
1.6931594969915011 -0.9583538942550337
8.436006063040857 -0.947452421263306
15.495564862537721 -1.6023983521861729
7.061522053593815 -0.19894237122768907
12.301924263882267 -1.634315963246467
18.658984768367546 -0.7594337484549767
13.373902929288253 -2.8457833322761963
16.350242220923942 -1.6336447573028627
14.17983568358594 -1.709745898012737
2.7078817079746282 -2.938650579880077
6.063581820606039 -0.1724049295703995
12.503200709053079 -1.1226731310462872
5.431617990104121 -0.31763974342471735
12.051966111383896 -0.5119419061844774
8.375492014579018 -2.0942615017525563
17.466786014552806 -1.4559598251399088
17.495987394128075 -1.6561517647218569
19.78170140278881 -1.3833348081978964
17.022944850917593 -0.9621429659354541
4.848959148318376 0.032650284011560116
0.6274464380020699 -0.6586394527234212
4.188182772224044 0.06898504919654928
13.082683597632673 -0.9911877280764386
14.971882743723693 -3.219828390127536
13.632820734960255 -1.3525645875174344
1.1117854008831196 -1.2945570526916383
14.55270135328367 -0.8706127194870262
19.06424593335708 -0.4173043750238463
12.832005463051066 -1.3802283807472135
17.881022589774165 -0.9491431492133978
13.420889377094293 -1.4372969050370064
6.535508402623095 -0.29905531714148315
8.460793279940964 -0.35561619879694684
19.142167137447 2.0449075446731673
1.2259253144471043 -0.8287755393442425
13.745109413781458 -0.40868408059078176
13.34354500927537 -1.9145721775021747
10.805556176906798 -0.8589209858647204
10.345339987099083 -0.3908558985255773
18.738092206399546 -1.2824077946501715
14.039035916644588 -3.4435256627052007
5.624311654293208 -0.15547274902561428
18.795065421760007 -1.5186425760377487
16.25923053333441 -2.1262267265496035
4.650004240541301 -2.7390154988067663
13.708983609460383 -2.1219870259814617
1.4216578789604246 -1.2956881204184596
16.903463924050243 -3.1281634165890813
13.625446332891693 -1.7483759063596882
14.525417183777213 -1.7536153138206638
18.459115546914106 -1.2443466260461598
15.530962730025342 -4.042285231753468
15.65428898691807 -2.5814472987308887
13.226128476437031 -1.482043458617751
4.097643333987026 -1.0325346115779532
7.557752697318317 -2.7403440938094215
9.058945854790691 -0.2617885437312846
10.422565292308558 -1.4836862201009149
3.6434799131822837 -1.2833014026680636
13.35384259533559 -2.3607876903150147
16.604900812072245 -1.3419485889370175
7.198705642834259 -1.2514305619171335
16.425048225450475 -1.6541273451457277
12.621424880976186 -2.791727204117522
7.882691882520085 -0.4991642859727565
6.945047055478485 -8.115272776021802
6.179864350358649 -0.07680964314712213
3.232179687447451 -0.7690695130830459
12.80154784334777 -1.1422725819222992
7.372658925696174 -1.7657669581413553
16.759549424574168 -1.7181543964193178
11.123077263807938 -3.3779896296573515
5.798800063310312 -0.08652254755806119
14.685143112359958 -4.644732798299776
13.834378105331961 -3.0299025757642175
12.955857233665668 -3.3386024301408135
8.984465577119787 1.3743268336322545
6.5485619254735665 -7.348795666657251
2.298607109697578 -1.7703059783709965
19.1385409208074 -2.042194689776484
18.109595359131077 -1.2536750221426582
19.917044937633403 -1.259190812521419
14.588989997062647 -1.5253621527819547
1.60998799761515 -1.7345269555694802
6.510683434090465 -0.2257059073881291
10.744943576691721 -1.0939591811941296
16.378376358844097 -1.9398973334934377
5.184434032973226 -2.087939693305976
0.31183812438574987 -1.8962115210854646
15.354813149400924 -2.6905652989349096
6.714221417393835 -0.6060318685473873
1.6517435800125437 -3.3467355352154056
5.740321466713015 0.07434404109119475
6.875262397663684 -1.1224305189413892
2.5148780101863437 -0.027188057116972156
11.20794792730414 -6.173167098482661
16.423275633349082 -1.7892570240777477
11.298074055948245 -2.2742451798479033
0.30735490058521625 -3.8299537490149507
8.570445155502215 -1.1413500223375805
12.786334250135207 -1.2771697721795523
11.035243458449363 -3.2945094070094973
4.6300593013221585 -0.22114856174281017
16.413718124586005 -4.289069327492756
9.196843899527902 -0.3298027674968026
10.859886170130219 -2.631289978363621
19.450337986291927 -1.4075818810719052
17.683728852502977 -2.19953257700229
18.26746905411766 -1.095991914805528
0.377738197590947 -3.4388525767006297
19.153333436997766 -1.4320015705650904
2.458914328447513 -1.7165246327285506
0.44173976457402925 -0.895067841594298
15.703926646021843 -0.9438672472276247
14.119864601393585 -1.168793913813794
10.419191713195213 -0.5508026651416659
16.349128102311784 -0.7407580786945284
13.723494404743064 -4.701769499491313
0.2636859642150252 -1.408575083900381
3.9899963943507624 -0.6123444035813508
18.9170890215776 -0.38534987095819373
14.433526590483945 -1.9754821982355848
17.34916909759886 -1.8749102796785533
2.6889453785119732 -0.8800419486557649
4.226237034983605 -1.3317932244321704
18.304853015934196 -1.372143221165645
13.504137758417288 -0.8929859404188806
16.014020167014863 -2.1589276149242265
6.997919266028566 -1.027422564299799
16.247310989630073 -5.715183240187256
19.4759052128453 -1.2804586719614244
3.5997610762916517 -0.4295150680666694
8.928699192338355 -0.3905090337923691
4.482665980701272 -0.9387574930358129
2.662552225189986 -0.8159715931209914
13.300386790051952 -2.610759624685489
13.94883083221733 -0.6662631943152532
14.63619517155665 -3.7704738667191986
1.868519152884137 0.3249455652135073
9.724432018040286 -0.8740550814472776
7.802620891480897 -0.2241822112686704
3.952106121021754 -0.8040614811811799
5.287986427622895 -0.000201553262830112
4.262428223781672 -7.496963197024452
14.832512662510096 -1.456453602111726
16.76816638281169 -2.161218487548552
2.1913590748413747 -0.5961701544121264
8.908231517550776 -0.5123881137320762
5.96980059668223 -1.066563120650283
15.002313078342993 -4.02773938157165
15.930994252684693 -2.5030785335329147
7.727989114350107 -1.3920718190669046
15.056037647343517 0.3960401915185898
7.7679858575564635 -1.2450356832393235
0.5779013002197051 -1.3859794832243686
11.123988986404873 -1.694333991239701
18.668943461391827 -1.270369663237667
19.09499196149959 -1.7299396354290055
5.585147394452261 0.971772111153717
19.025997761617607 -5.247236111415147
8.667741965270874 3.0025138616877873
0.12931148860214114 -3.223016396650079
3.71986268920437 -0.13412802026805148
12.362196626874608 -3.259676833558588
9.278081880445567 -0.37083455933095777
4.368077803168742 -1.8612387129050654
8.875704719475134 0.46408264242520036
15.599628464377076 -3.6415194244602924
1.823107148111938 -0.20992027170064728
19.08122279786833 -1.6888286467376241
12.678647989546434 -0.056074586626374795
2.159846960536957 -1.965661294532652
10.260778366039217 -0.3977186376715343
13.25173282630455 -4.999671762125709
12.165204330308667 0.8989907750642736
6.676900014505164 -7.983361109387217
10.700734995917994 -0.7076310948074618
0.3292006773484684 -1.1680562266591772
0.9295820226248349 0.5978910944698133
11.710374778439556 -6.655867035396174
9.822665108189822 1.2144655734578038
15.8618041990851 -1.7978036644106918
6.30293994552124 -0.42044055979044187
5.251835101158399 -0.18383507800110074
13.881165285461122 -1.308824288991805
9.249988566332053 -1.344547728960029
14.770757239732339 -1.1242898069323273
14.409706275536408 -1.0675771313231421
11.2852848561517 -0.8643689798432693
10.654065134143286 0.29409352974502373
13.881375285621427 -2.0456132095781037
17.459582692267002 -1.4470151182749231
4.313604849951541 -0.5364872647422296
13.280925347559734 -1.0571382368319657
14.075465927964428 -1.3229319931879049
13.510040377692643 -0.849717065788816
4.8243837185793295 -0.07701076962127296
3.577844425767175 -1.3478320150808176
19.853611638292602 -1.0277330987470534
6.5205518104447755 0.8941939191709145
15.54953352604467 -1.1597056287603118
9.159497099908089 -1.0692860181001949
18.820540151921243 1.9026905024651684
11.83921736890129 -1.0675779531579366
9.45399705070167 -0.3683798887218838
1.7943766381726503 -1.6348516664797184
12.722894099469833 -1.2063622557635107
9.356083097723591 -2.444159729381467
6.776795966986564 -0.11068930140711056
13.61430701450592 -1.1402126181364574
5.584539155467114 0.43096870643238383
12.752641978594777 -1.472660481740613
3.5515195885330213 -0.3740350508789875
7.939907540228777 -0.7390570497653024
10.87710739376443 -0.12719867791183542
18.3143753917765 -1.8240639053047136
5.7491900702364624 0.09486615313302887
11.000286624430466 -0.5861273096273695
14.996883297069777 -1.1241439570162526
18.343720987476047 -3.261611535233347
2.8975839831385 -0.042258027612009766
14.121811297997676 -1.9439711784292395
16.103794125825004 -4.011462515209558
13.165166862243419 -0.47178021865526804
17.444739422767952 -1.5764876538782122
7.057062444126739 1.654579599212652
10.944977857752594 -1.2476734070448239
14.462925940200938 -1.7440190200431842
6.4902823686862385 -0.4709722842393519
3.058379379804057 -0.3650062729065241
7.946771931994462 -0.3599992497811213
18.17656811577877 -1.5037330638474002
16.06685435131879 -2.2065196238123344
11.690388994210215 -0.9258704268088377
9.08039999635296 -7.077587846327164
16.192473176481165 -1.7255040428676054
19.51850498924709 -2.047098943272762
15.555538618597804 -1.475953878174334
11.002006985679364 -0.39983190580093747
19.89569223126793 -1.2877776329893214
18.89647656497551 -3.2983819402497145
13.239168970235532 -0.9102192033057105
1.7509388993892554 -0.6977549003078144
8.10335295939244 -0.8823627080091359
12.386945791575593 0.047095302829040384
19.22230737562946 -1.2756793095698284
17.24039387760479 -1.4442477160576979
18.25455305939369 -1.5699565287537907
0.04267741624323662 0.9288269941300726
19.84000661556325 -1.3675604260774907
18.259395140199512 -1.1448775725380393
4.0334435175238355 -0.7620265310979246
13.652583708886906 -1.4199431017507238
8.780352344073217 -0.5994090791485391
15.223346406128751 -1.3434637695449971
2.390234423241133 -1.0511450334729837
6.939908878242741 -0.4633349460899625
12.39699878332341 -0.9573848704113598
15.679393990939369 -2.661733733432323
7.9374024284677445 -0.644911742737823
8.491076891716151 -0.5281367419574421
19.861494139450446 -1.093437305787069
0.6945385259219156 -0.8245340910918308
19.442545271721936 -1.3357292725403571
17.998818797666924 -1.225824668681731
6.541434772837204 -0.5008584743474356
6.22148597662913 -0.4936243508632193
17.503579337574777 -0.45402113859289134
3.767243008353728 -0.6603466196307359
0.207304270601255 -0.9692550935982833
10.739234033210494 -0.9097900899379168
16.616527010661397 -2.0324007355362923
7.582971666701292 -0.6703607526162668
19.15110399564412 -0.9767052193779842
13.908699881400388 -0.9623672972005661
9.258655809053826 -0.34106574657322675
7.016797465038416 0.27859741814281425
11.808781858649054 -2.300029140846522
19.96915402196185 -1.160674712905055
3.173467596939858 -0.252940256284229
4.783197420923203 -0.014413891159218206
8.641777505075389 -0.5305403990717474
16.26196746657637 -2.057067378346075
16.762552784817352 -2.4544389725532967
14.371589519442555 -1.2792912635391858
8.387184645609072 -0.2226756288471749
12.44323153941562 -0.9517755848677473
13.100780450672229 -1.7372542868096013
0.7070871397202956 -0.9201857222400027
17.40691167980099 -0.8707874514184271
17.353280339182152 -1.2040927492012712
0.37525862040094327 -0.967893237416087
18.315356873552652 -1.4639056180103163
14.473572224655504 -1.6239391289564629
16.872274485626466 1.9511563830378373
19.59787360577929 -5.2759242887823055
19.67232736334884 -1.4450823935701038
12.931271698297143 -1.0007456952598628
4.339870136041021 -0.5341394773765842
16.553122174581006 -1.5996171601128968
0.0701644767029409 -2.824563871097171
2.1546234793717502 -0.7569718332104333
4.437359674865721 -0.3805159483284508
14.449124269006 -1.393761515602029
15.141897848923794 0.27978308130481594
15.502354289252738 -1.6801505315106648
8.800994690267386 0.034066757637461975
5.451480089794234 -0.07992426241664499
7.523009703259669 -0.5932535908125656
5.63400991698144 -1.4229181986344537
10.578745623179097 0.557112684492264
12.064887690216413 -0.7279355505529287
8.39379084530842 -0.5335289470187365
10.747233964537122 -2.1780590608354835
1.5151581459914014 -0.5507796992326986
18.32889319153978 -2.097964415085942
16.933652549648407 -1.4883971087479333
11.229734863745634 -4.72530551078202
2.2348380560284262 -2.9154425307730762
1.317271337479752 -1.5981904597843617
16.071546965622147 -1.4464859849479916
19.108475591994456 -1.6432711796950443
13.54780985673471 -2.7564889224527893
14.059058554287006 -1.982578754357856
12.132112627772258 -0.8801592751771473
7.850218745686545 -1.691990793594297
16.46447802606425 -0.6186512823207261
18.782722855782207 -1.8027857718269755
9.078930074806555 -0.33769615999095504
15.308127320923058 -1.8413187146385395
13.595934804303798 -0.9221615711037775
18.22923071553231 -3.7647659431626446
15.07525315826903 -1.4744467791827833
9.841070781457177 -0.3891172889150343
17.835860114522806 -1.5768357229434147
9.186081272053036 -0.179694654914419
9.156546095983822 -0.37016021212833694
17.388401333721472 -1.3245497860845632
0.7546326986277774 0.007358869382131969
2.7658712597496633 -0.9056848613789208
10.195182867933266 -0.6050731836014744
15.600290038087772 -1.4035774801387484
19.589700967318695 -1.3631691841382225
6.892065933357222 -0.4429347865109979
6.602241162039064 -0.17818324183808784
4.242562005384687 0.024820180318742766
13.301834008380737 -0.6739345560618263
16.57275244992342 -1.6103702665453012
4.3322269055132825 -0.5101716496904776
5.028861487009471 0.0377752086789766
2.7310000200250717 -0.3789392106763916
5.995000668855572 -0.22023676730546862
10.324288859864907 -0.285641446182575
15.116708295398618 -2.9660940932197537
2.4168161295319672 -0.6842388838979665
10.218142669179256 -0.20845267837333364
12.959684433404448 -0.933697042646042
14.459856499949462 -1.6409608861543157
19.910208587310095 1.3368961419420382
13.982199433396671 -1.0875933372231605
7.520286469908813 -1.0152400161189972
10.044305585142922 0.5143609856404248
10.599562506530836 -0.8958667593824441
8.614890790865214 -0.24578641318436573
8.902579347557927 -0.5838553797160767
14.184093146485168 -1.105081998048771
10.385609904664419 -0.584905321351963
18.782779729215715 -1.551492147635989
1.9940587429284962 -1.0899400784545201
19.038513712761738 -0.791398142240463
2.0845138388273226 -1.2164077930233774
3.90746957522625 -0.25689986606906146
12.348973156280746 -1.3305250034100071
14.23878360227019 -0.8239709079101907
14.992425492676855 -0.7748494958501289
19.600937105422602 -1.1186318889983733
7.122945712654812 -0.30093173605293144
8.770155360516588 -0.30588876061397124
14.395055235840653 -1.267066481060275
6.497842605354672 0.5143076129282442
16.35856023394129 -0.9153760514125165
17.22333954376061 -1.4412939247298766
9.846643185631391 -0.5010802362201388
2.437159988858738 -1.0368552169410068
17.571414227633134 -1.6429195097550124
19.503276367087814 -1.4295556660603956
17.308202294067616 -2.0611184997879306
13.302174993964917 -0.942501016109774
12.387622871373443 -0.8365600448029821
0.5629475772008922 -1.6798511810341232
16.263047561172606 -1.3297773517193028
0.07721553652315635 -1.9551607487745584
1.3238480137924462 -1.190411087835958
14.712581113364973 -1.2337146730134303
8.240903587382233 1.9399740247783877
1.5793405975363128 -0.9310988368263782
19.05963023029989 -1.5524149165140166
7.23441091942926 1.0020862490700124
9.852800687810392 -0.8594142561007194
2.9288413825489035 -0.8455133935465212
1.5762125902786457 -0.7882513352294778
3.4226530060526557 -0.37957761561131653
12.838628841181936 -0.2172815394449446
16.338220996313087 -2.67878836687353
15.371884530789039 -1.8044467437804148
2.668624720002695 -1.9091260363236051
14.19105884466166 -1.9358714536517647
11.402405679890155 -5.5266354240499105
7.484212110828426 0.0412530706062732
7.423626180700513 -1.2713602371974155
14.679543947263621 -1.647727777336741
7.741124931017043 -0.3713299718932246
1.4198274918784457 -0.5086793084483171
8.502650639682756 -7.425554767282035
19.002751036014338 -1.721349746697219
10.75227966929124 -0.7454533794750193
6.4313404601668545 0.3144954945124443
18.751640275403833 -1.475443823560173
0.7437840400428293 0.08784671377779557
2.6701440163947607 -1.6259717915506713
3.0434189183998552 -0.46781925747963604
18.691818888629705 -1.0234826262320542
10.775479708294984 -0.5041405732323745
2.732167537299964 -0.7859143531080431
1.2092443113815834 -0.6103606054063261
7.326133112605422 -0.24717745222535112
2.749940629045842 0.06289268304069018
10.01091801666841 -0.4432904936219997
2.0938470466766335 -0.610203581847099
17.613278273751806 -1.8016547697549048
9.877874521191826 -0.3762685622841163
5.157189910797986 -0.23858707374283286
14.710761505451117 -1.409429590182912
16.97927693927841 -1.4783284377287842
18.517586191070794 -1.2083948717005968
15.139320178222725 -1.7459706876063008
10.350100950118241 -0.38742269066385854
0.19269523207737477 -1.0335141420756861
17.768422971374637 -0.8140470939391976
1.595975988954005 -0.9230793965279707
7.040731823766521 -0.38501505252919743
0.9891447068143144 -0.8447196845301703
15.167609033358621 -2.9632947359496695
11.132307691176083 -0.8127074491056037
19.555523205119545 -0.7828700367235355
17.51966551470645 0.877266274012386
18.226735010495258 -1.8087060731206466
5.841298032531734 -0.3709575913841658
11.369810621025922 -0.4207610066470103
14.984588314564451 -1.6993763234245023
1.20104579672845 -1.50045735428342
5.083327593281868 1.8963038455252765
15.225330622399126 -1.8077065565358754
8.587897086861538 0.676199935630737
19.69263854829774 1.4502504425070744
0.8827447014750709 -0.7812474979938836
19.166818892066367 -0.020210484146277505
1.5280009349293655 0.07895405022482099
12.679121723559447 -0.6800434306108044
8.277223612673195 -1.5179276833584963
13.369150719835718 -1.5093333121697823
15.695193563415934 -1.8103853278924635
3.1949340869261755 -0.58457191265179
17.806930596457594 -1.5020838484168226
18.696237151935474 -1.7899627660944482
1.7072586850220444 -0.7616265143996281
7.4876087313602335 -0.7116024521746691
18.8655408748411 -2.0867231971423608
2.101919663745852 -1.0518888640837032
19.889288161458218 1.237293082383102
16.82678520877768 -1.9238811325400187
0.6330517252400064 1.4346307080365621
14.027955235513385 0.885386402025393
16.135096077669903 -2.399155372761346
18.245999671632735 -1.8363858757482563
16.860648255078097 -1.2793669559768988
18.65074985724315 -0.23617337322739382
11.357647160584037 -0.23798443865268493
11.990161337041355 -1.0894232115446343
11.945225719672012 -0.6917963765247204
1.761741255146609 -0.7782579590916449
16.564678417867746 -0.4712914700866507
4.656192201537902 -1.2853639914666697
11.741062463581795 -0.33882247280113875
6.659023113359564 1.4456023981900168
11.629515737039277 -0.7760556566442187
4.065332991477008 -0.5359816916492322
4.065668792954256 -0.5156985646555847
16.703113513971658 -0.8352951094028553
5.355180575318928 -0.5598646239076399
19.233453517586845 -0.722633117342038
4.061606500768559 0.03758735459739841
7.015756517458699 1.6510342881497153
6.561971269622694 0.29279775723677637
16.414779361213398 2.8166885653652547
7.846128497776062 -0.5379336698765307
6.7944280363806735 -0.4279479862674842
0.4215505062190691 -0.2211631395274668
16.582279994327298 -1.0485001785221153
13.428238477477482 -1.5414861824694677
13.126135134375584 -0.11270554600743277
15.085865535208043 -1.616204269576076
16.856924823255543 -0.5672240003684735
1.4456679786187547 -2.0329342936148795
4.896139995701096 -0.21072039917434449
9.14736508703608 -7.564634719229361
2.4211799503204303 -0.7102473782366818
3.2549909616431267 0.1461111852261226
12.719185477266114 -0.4319438799884289
15.38266214783069 -2.785996624475767
12.101008591855921 -0.7608456073307035
9.758113762395773 -2.7889520467103748
3.7817519087020037 1.7964870714992578
2.9913042741326525 -2.5721449331956148
16.829767349227374 -2.4360395975346294
1.5411102698311534 -1.804011485139409
5.012509333713911 -0.3403365988306165
15.833306262062788 -2.915311550771396
16.979842955427753 -1.2869892754922319
4.323182128891106 -1.3968140135098954
6.717216725138292 -0.22807398333950515
17.623032294729615 -1.7768835695159475
2.4315385080998664 -0.11330663429225853
13.272034455398526 -1.4952258751111407
14.241691471328405 -1.0416344790836007
7.826168641323617 2.3776864932523343
12.664862494857427 -0.46070135830759745
9.770477531266941 -6.531020977999375
3.3193446523982746 -0.5706029035456561
14.652032522052165 -1.3769133773638584
6.779202697710731 -1.0183365002724307
13.451677347778114 -2.591698808617999
19.381018063038205 1.1568197630987302
8.476445435547024 0.6555319298485058
16.28918222977947 -1.2757851757555234
3.6513070557389615 -0.9717851583805664
0.17245982754093242 1.4865264282410577
19.368365596034685 -2.264701067550372
8.473611449881401 2.1306319435768097
2.2634111156011776 -3.7171267014258946
1.8061935856034452 -0.7631767896390059
18.304546274293212 -2.2076794064933756
15.315948240920523 -1.4046507358160838
3.6570055192722375 -1.3682515881213513
19.948188584783644 2.25395485286053
15.927667456847344 -1.9470025957140495
7.37292803411652 0.30066071249759807
16.314367368743543 -2.2061999678910524
11.590282973678526 -0.3993851794734656
11.6041787634153 -0.8457852168520559
3.7664817934223973 -0.11206550845581738
11.68034225506289 -3.1062678631910914
15.558289597005746 2.5558254481044123
9.994152048584565 -0.2751737738851321
12.29717662632215 2.7941475832104623
15.725248955393115 -1.5242545444967623
4.792924733618455 0.5957925126076651
3.454112574201687 -0.3922437024851434
6.17555430009953 2.4891984949824626
1.5210017456041105 -1.1951703277233998
13.690976178319602 3.5290933478486934
1.649026795188873 -0.965230783801586
15.432217233190453 0.5239861774656578
12.209193342945214 -1.3714895664016014
14.417116290645732 0.018831057952564803
1.6045138645081156 -0.8832119977207324
19.71154669718517 -1.2645670791588954
12.399276329532567 -1.6660466455731355
13.545488734496725 -2.0447523466325346
4.668399011729545 -0.37597306468980196
13.351841778965966 2.7958427778586588
13.947686168061331 -0.19280740166936322
10.037885163338366 3.291488173754953
6.040245371668567 -1.5426143159877959
17.188209947213952 -1.0086879583352646
3.2575814900262006 -0.7297197903148229
9.939205781009068 -0.2312435185844574
1.8821778519128816 -1.9989387273690884
16.762109625353617 0.624391005656437
13.044360050661027 -1.0983283876517256
17.20463232494795 -0.34802992616833284
13.55833605223457 -2.194983370058954
5.509960960315359 2.629521997612891
15.703928724925246 -1.6895701899029887
10.86872499389049 0.8460822488150483
15.081598041204275 -1.0920792777775241
7.390559172933265 -0.3426584388067684
2.494897085239509 -1.6989522829038133
12.049102259356905 0.5272272940781552
7.555928764109726 0.015599753534586869
16.499205090479634 -0.860305821178969
5.309438260926354 -1.5949585419015182
16.806454838448502 -0.6290899567457345
10.793989161413856 -0.27263666890211324
12.207580816344397 -0.6193894251261328
18.729751362466107 -1.3013313428788185
3.187273324070844 2.115885951003561
13.589587550977043 -1.806208744825618
7.709599189440609 -0.6077876576609381
19.60155483755374 -0.7237883570436487
0.4293738479970466 -0.47963712729064956
10.426737156680517 -0.5988881705040787
8.31055851580843 -0.3044805076772549
1.6700767391612192 -0.6792618626098378
6.722447955854232 2.2131680571693533
19.763357576929092 -2.8178302255072136
1.6874562787886016 -0.6357741500463955
17.276812568128978 -0.7872034883004672
5.356293516889822 -0.9397826973549981
15.764914085544637 -1.5939492540707167
3.9922910375664205 -0.09098314479264369
11.441224706463261 -0.7023516342600743
6.446618517447299 2.8693675203147526
7.461743530819665 -0.3805291892740461
1.6772434469826745 -1.1143348881160078
0.201769670691184 -1.2619299623925528
16.702403938281183 -1.2766029337150728
9.054483362191876 -0.26078766690372657
12.982576938934638 -1.4476758652354427
0.6597065922734526 -1.4380631131019184
15.786066483803348 -1.3435479844592209
8.031689684234458 -0.5512519315304649
6.4495710892316165 -1.0838684319640222
16.87760655579502 -1.4848818241240846
10.671133666675596 -0.624222576724641
3.7445105324760415 -0.5029328443056317
1.2795937165303093 -0.5517068220838094
17.039078761455244 -2.0912227199318174
5.128543816909813 -0.26730164584342553
12.719807749970856 -0.3584931862435389
3.151665846620803 -0.2987888041691844
9.71680785275828 -0.340443933058654
8.990615695621138 -0.6562429101943333
2.9540750362643746 -1.289989531437266
9.001407269329455 1.340744262446069
6.2485307313955465 -0.317737419390222
11.228046081861772 -0.7453398084596887
7.480320166464544 -0.3034424087822589
1.0296058270452133 -0.4944272015740205
2.3303653232837336 -0.40758495759130636
11.359450916302457 -0.3482321314810912
0.9387691460285161 -2.3030945569436976
2.95088642733543 1.2759027943656516
17.17964396060348 -2.1251409557353638
17.46148042261308 -0.8895971484751994
10.987887491717087 -0.7404621216389253
12.118913498215045 -0.9203426173744164
18.027413771393956 -1.1626191142504083
19.71888038556425 -1.3076354267558936
18.71073803207719 -0.07210485986905234
19.14845138648751 -1.821983064772667
1.2193379583478878 -1.0568506020093416
1.3699110782060566 -1.8622768606392974
8.264489476535125 -0.5893735504818404
0.5542171850926223 0.5173734142276541
19.219767398207487 -1.6054270001513629
0.3871683146396618 -1.2033533897835387
5.509404275180682 0.4480476105765888
16.30609790616138 -2.333784927219991
19.355312240232415 -1.0118480019534664
8.984434230663402 2.0299531027183466
14.852935340161775 -1.5675732162084686
9.745279255733008 -0.7989457376968025
13.753485557492365 -1.1942043968648575
3.7018763210033097 1.5062666883182436
16.91292409198694 -0.9259839539209478
5.167581438666178 -0.47274144348088915
2.675522216791577 -1.1287730807429963
15.552509420318925 -0.7746252015370744
13.984100602730807 -1.1635222534340632
0.07638514635960653 -0.7837855561784954
18.125295736822164 -3.078096994987765
19.67009772271966 -0.6857093618141018
12.845045939910044 -0.3324721021219394
5.538312635496169 0.24133180662666748
13.02792352863314 -0.7200241414198694
16.882837455881216 2.5550663986240516
17.941361123641535 -0.1422552802585212
10.125367944169628 -0.31557243611865415
5.214834614093832 -7.8003701908974765
11.234374361180143 -0.5196182114426142
2.3902955809487003 0.028806751602059193
8.000770082203418 0.06907163324567361
17.25071889012346 -1.2297788446273472
5.982928465520959 -0.1695461950914094
0.8255773353611962 -0.928403115234502
10.74510396482477 -7.186547927632485
3.3996612858333903 -0.15658908500192859
17.811374150033192 -1.270342837404334
2.1331480114414063 -1.8457102023411913
0.5504326679485837 -1.333289081572879
8.290915991497277 -0.5991963551405396
14.676233504354846 0.0843303890919746
1.297169930246039 -0.5588077212640722
2.9078536351831312 -0.19057310269242306
5.6670702081903945 -0.3249533936730725
14.684975815670661 -0.8211916023277221
13.913657641555103 0.4145678436810761
14.888188574163207 -1.4165346027017949
0.03725367259620721 -1.284603743619352
18.03096460089496 -0.9741308106999302
10.418781800256799 -0.8204884764177609
13.649717837940903 -0.9372546262239526
8.09324594093556 -0.7036144151328947
8.61939537985058 -0.6638738041988899
6.764729772304811 -0.03808834403317457
4.027499020885858 -0.5482710142601201
19.24507894705034 -1.6621989014230625
3.402524992838334 0.591285300434507
3.29823233789893 2.775638784341397
18.56637984669606 -0.02208359385678539
1.1217627805821022 -0.6649545524054489
5.030882530507434 -0.6276023958823163
5.456460120738335 -1.1711238714405607
10.000441557413613 -0.22742607875945306
14.356348203187698 -0.8091358082994127
4.020106208831288 1.8201702948749259
7.726681551758935 -0.06554282175428802
3.0977977049967573 -0.5114010732554115
3.337251517753687 -0.9112102232721978
16.83722061031705 -1.987914722166665
4.1826890849816944 0.22742161715326387
3.4471266169585713 -0.8505942781692618
0.8700757307758636 -1.2100360109766093
12.270222508539034 -0.9600729857691958
12.700502447242778 -1.2112893253724302
13.504732304874468 -3.2197206460473
12.245126550594081 -1.0709080946332166
10.465868537180041 -0.9325221505622303
6.954707440739707 -0.19494816916899976
17.32554416942006 -1.63514911736834
1.7341816602341829 1.805471728215108
14.194266373897616 -5.015875340676019
0.2630761587812745 -1.1186200594742295
18.321993174392134 -1.4495539747754433
16.960511899901046 -1.6803554419973188
16.728365507526437 -1.4809194836163435
1.1669494541944734 -0.5473296224149861
7.654668736451448 1.8488702598764024
5.789917724032116 -0.5924020976413902
17.53987770248062 -0.43314328104532146
17.6980692629679 -1.5418911723239976
3.6902787468499216 -0.4785928464218884
15.248199162875244 -1.6494691832032038
15.154332668806171 -1.432570377705921
5.807400014821931 -0.14828997341709257
17.117902871442553 -1.6702214238914275
15.965025069992416 -0.7173067164657596
8.461650068877136 0.022405845211618064
8.470841795202846 -0.4129822044584005
10.140629609613104 -0.0629300833000799
2.0527712905337836 0.5531717322580485
17.44566386834962 -0.9838041939001787
18.336259576665892 -0.31809144523322996
17.540466211785297 -0.39779527414411225
14.25619559313257 -0.9416432408900393
8.69168816900701 -0.2782504526361583
0.8625673359878714 1.378551540892697
8.41786465308422 -0.1440412783811606
5.2983925450630185 -0.0496514739409091
15.080115336969046 -1.0155369484454397
4.794505235817578 1.9202193689790321
4.951513402162567 -0.19602518616434533
5.809716093614411 0.009145770574614437
4.421981787838736 -0.5448497800627727
11.796980826039034 -0.8099912544594613
0.7695588287418609 0.3847426090603383
7.465234864870012 2.463011410357801
8.491293758206469 -2.165353423248535
6.445720454639179 1.0259986376365005
0.03349262825519417 -2.503095175193482
3.1161827407880973 -0.2626249682821984
7.573235944553759 -1.6254874696377468
15.99472128781288 -1.2717397931125594
9.701102011654331 -1.8963119036169847
16.444305593880735 -1.8869232262602786
4.437658208192869 -0.06718579331403238
18.8091125865383 -0.4029327654928053
13.48705637423883 -0.5826916131708514
0.7106172490670917 -0.9371241239002204
19.636686833457613 -0.0794128032768719
2.891390434121078 1.1328864738542286
11.156271729026404 -0.8548229813682324
11.63606345958641 0.7773635737502623
10.979223384843658 -0.9607581870027202
13.271266722486061 -0.41300084500440915
18.12601778470508 -0.8841604962110241
6.439897489525886 0.11392312943014599
1.6476322653714384 0.2653914695374654
11.71861590455027 -0.7371039963473253
2.7586355593901306 -0.12898596698785778
4.329649188093957 -0.41248129090234553
15.757657118662845 -0.2955186720463572
19.01776629960879 -0.6753930820365825
12.547191608813423 1.2817121660690505
0.708450479412476 -0.9874651719494035
16.748957605624902 -0.802307257199749
11.181170502278981 -0.43904942896549515
4.4128630470822845 0.6804402346681222
19.32262405307286 -1.1113691516001643
16.866062707260784 1.8425001236431424
7.643974346455775 1.8542428452698658
4.270990956042883 0.8493126364152923
14.073245365525064 2.601838049615087
16.328606561745904 -1.6523284341957212
2.867222931331126 -0.1573399112609848
1.8190007807691406 -1.5112077006063727
11.788468566624601 -0.7785177396104487
6.460129477196867 -0.658181454979341
10.787743059171095 -0.17108339052929813
16.181727114238303 -1.482116149806502
15.640268904255135 -1.3843684842652075
19.93764367625615 -0.44287504667905087
2.358709816889675 -0.6013704300151463
19.273160211912227 -0.5865674396162388
5.117809854751938 -0.5631202868794172
14.949862381732189 -1.4025473616069573
15.269863746198917 -1.4008245262792465
6.403063198327474 2.4349810369367817
5.7837270772719265 2.1117992256694356
0.2810973042740922 -1.1783343668259496
5.221011508862034 -0.2513673171424005
12.419616657072782 3.76395836210535
15.677108243392537 -1.937962379010234
19.886815405232017 0.7499501703883604
10.54489327600783 2.498747116306311
5.738435449419399 -0.1685590797758778
0.9169166500946462 0.12568568760845944
8.162614200493838 3.202577063143993
17.82760301154718 1.6934521582213593
3.898245414926644 -0.232689012235325
15.996117226207534 -1.854449108904157
3.5584759759976476 0.19204818363748472
9.197620645747905 1.0536726013823
9.490205889845303 -0.5464221258819446
15.296529276910757 -0.03535371454404809
15.849192652307657 2.5636005540959044
13.97982129288841 -0.6276450999191288
15.095942578185817 -1.234959546948912
4.573284897896135 1.1949812623901859
18.04941574252278 -1.073615745996223
4.569793923223677 0.7279242424555905
15.526019856211088 3.1939135535935774
16.825455967528054 0.4905014119545433
12.673679224329897 0.7006046029268946
8.20532811960964 -0.5631794192746805
9.08743077745415 0.9837104896252118
8.32699646064813 -0.6394847939767
14.536184701432834 -0.33708065578834573
10.42261462904129 0.6777596038044871
5.318198732496723 -0.8399735191777684
15.608749960037903 0.12304464413136443
5.5152824804550065 0.5247146130954046
15.888103265937993 0.8702925335976942
7.1625743694625035 -1.9262917476956631
2.2563549686239583 -0.4300611796684553
9.572016286822231 0.48151643819082474
6.499098009957156 -0.6025482105692157
2.192455636277799 -0.4345029914950059
13.18218941947386 -0.3459852937868677
19.008488781983385 -2.2043630324590016
4.151970810341828 -0.17753537979482797
2.9297536004291036 -0.8658309700706968
19.06252306082059 -0.789852375432432
5.323646843601428 -0.38167688271512884
18.877037581960224 -0.697560206979281
12.483551981258051 -2.8892378403414947
7.876467226303272 -0.34837965071670307
6.864697338288502 -1.2016582901378847
16.54593862754052 -0.77604853705375
16.84271320529672 -1.293911713307167
19.670392409522513 0.16906396469280904
10.168459559059135 -7.333525935211663
12.469669629743482 -1.7661300804643159
7.38033311234413 -0.7013486000959752
8.482722081938887 -0.5806982775894315
3.469494896794302 -0.7953757563483915
0.20111080536553888 0.03040722518733293
13.673446789841119 -1.430376515445292
4.115380133355635 -0.44869235964472726
8.904590870803387 -6.726893137438208
8.45544922556353 -0.7361960409289087
3.484856026249298 -0.38063127873860125
5.493524837976367 -0.48474045368589724
12.599667319311305 1.5360332124005918
18.45156162169271 -2.278456509166157
10.696693322816227 -0.8052241633279136
12.390352978136464 -1.123770696394446
11.69549366560548 1.136791779818552
17.616871252671043 -1.3007880377116314
1.3555108394599973 0.5490025992113521
9.396044389019863 -0.3544777596424354
12.19098240330807 -0.08635968785590137
2.032968246733898 -0.46891481373524163
9.952526328711308 0.5645892555543957
18.769477804719646 -0.5676547955798177
8.980915874722047 0.637745296586649
3.6306826071890566 -0.48394149311387225
13.415451068047702 0.9051381629318035
1.5799484457927386 0.7768765277492494
0.9572360297522156 0.7129863893414388
5.269277472869457 1.7996702376830727
6.310076809407189 -1.520311186578779
16.362872953384827 -1.3086507772382647
17.954165954719965 0.1414274365444915
2.883034718535892 -0.46194904469443576
17.192579371573483 0.0036850489601619463
15.951153928136078 0.08955846241244245
11.26524686421251 0.07384250488256287
8.013012951543004 -0.11848730001590801
2.4697665876460078 -0.3984061677700719
19.47715198139095 1.0572894619145912
4.432655823423651 -0.18622813693315685
2.1210087441963763 0.7341918150565147
13.414284195921534 -0.6685420228421656
16.14895986299092 -1.6423056570446943
3.219239007589039 1.701672845128874
15.344288532851415 -1.7850289611923544
5.655050815061117 0.3562810323866006
7.741476232405394 0.4583232631915728
10.427881640495817 0.35383547193747905
4.512334882326153 0.8908720883852783
10.34831191522537 1.4101872910544424
4.508752699136779 0.22755969821976066
14.859945253321046 -0.8103447948763632
3.57141209774087 -0.06323074713722375
13.667616424651804 0.5761246203973406
14.772103318620855 -1.1170119390852988
0.35818839324462676 -0.8987489560393122
5.672396516858342 0.048206216075094566
11.218366754365938 0.34564547560698494
2.7449578632672447 -0.4700793647822067
3.1743978044083745 1.917843707844167
1.4178023646061357 -0.8313642052579011
11.076615851928848 -0.11332984546905137
17.632177905688984 -0.42517920312467516
14.653982795164893 -1.3883868171789375
14.021643785313529 -1.8388442106895562
13.771752058638144 2.879143429097875
4.184529307734429 -0.04063158699318506
17.26912985274837 2.6647987435522436
4.474316914600645 -0.34405517216967163
12.057963214132199 -0.9290393932944194
2.6248645147554814 0.5569844836204149
15.50682372560188 -0.30711817852569545
9.296308743333926 1.5271852904396679
3.8805362120080535 0.12493315043805536
2.4537006545543014 -0.24948528786533408
18.15004746896041 0.6175478368912264
14.252495012757226 -1.0160404310633941
2.44171757755619 -0.5845769548736987
7.353606367983461 1.8991236344654052
11.898271415881874 -1.0551752617969912
4.016415779247467 1.5223475352322213
0.31780694984268126 -0.7113296669637645
6.5011890534162236 -0.6177005898568124
16.154478723931067 0.43591223928292433
4.638696287214132 -0.7608045092620465
0.6622638180469242 2.3491836686722336
19.84529734311968 -1.0280054350686239
17.37838196524028 0.725550635376809
18.681827859028306 -1.3166246664444432
11.438103749429239 0.03765369472809133
5.791264424621572 -0.2037896312140052
2.398234595903496 0.3649696483964739
19.62685112128906 -1.183251110171355
5.258786132514617 0.990226727441538
16.435011243696167 -1.602902661969049
2.966819716009267 0.6061279174640978
5.949850883796266 1.0373310422946527
10.425098823596871 -0.4649263942207374
6.650948970369064 -0.23904549031186015
0.7504502765064714 -0.7528999315986766
7.62714687356852 -0.5173475180005526
7.817444698207633 -0.2145248806161519
1.4243323869193971 -1.1804902437178317
0.050904644788111617 -1.069243165601333
8.298561371856279 0.510182056329637
3.0321031072315776 1.1006223672778106
13.000242778742638 2.5152403287728395
14.877300571225051 -1.0955347784019631
6.5940246177403825 1.8858387421544298
13.390277155946775 -1.3656007569845645
13.630277195437538 -2.500226376768057
7.443853875488916 0.07656071916253032
18.765918227963194 0.4507792861956478
17.436718094177305 -1.4853451292884696
9.994845319461959 -0.47642315704549953
12.857389973128791 -1.2106788692123613
11.76800351257393 -1.0324345840535385
2.7699787509447877 -0.5746951396247068
7.669510057912088 0.2850775068269916
16.719761776521743 -1.021722359165926
19.796408262192806 -0.9545799560204742
6.729759184425796 -0.24386795153945182
18.047379094600526 -1.1237867424042978
13.204108713129132 -0.8551435616659855
6.652794758464668 0.23719253347826944
14.763700153853298 0.5693388200462948
12.586274919207623 -0.8771757887588456
13.341139710396476 -0.29593401549546844
18.954474265877174 -0.6532112556059795
12.416427264948267 -1.0594960783134275
17.72760644585485 -1.143318989328764
9.976446108270112 -0.0656392799990432
6.088083494530564 0.7627023610983898
14.592970543105228 -0.5524090751491458
14.760577985586087 -0.8113746389606086
16.76037960622671 -1.3395724126265578
7.77656955405792 -0.4565835853840031
12.710086045472336 -0.38112850236222134
10.42065960760827 0.979772623690734
18.372397294924088 -2.1938956435014068
6.728947041735869 0.108546966277139
12.481540378917687 -0.3274320400832034
14.54169841843596 -1.4400076153359924
1.9966929224327836 0.07723050674846091
4.089739032705029 -0.3696081524319651
0.9572045375737717 -0.4260160001577461
4.306930678968435 -0.0544700306639235
16.138563908063812 -0.07033035888742084
3.6921789355237404 1.0616339701884743
16.691776280030467 -1.581415891672954
7.006023569903682 1.0674281268562578
0.14352076931223556 -0.8912996183578508
12.70066320323 -0.6050626949266096
13.562158199959024 -0.9043199694180438
3.7308118483976367 1.061804267496099
2.9224527427884794 -1.5275969590841916
7.961015430601942 -0.1621309070364301
16.336990263867953 -1.2119790950668519
15.65557004199821 -1.7743496479532292
6.7907676975825835 -0.0934349032834157
12.856825388836956 0.017574522413243462
0.4920215089116169 0.9083883175914834
11.545096621606023 -0.5428018344934827
19.204055637615046 0.42372148746916904
18.554190222308673 -0.9946847263905712
1.8334980407010681 0.23035358878934198
17.219370729500017 -1.2990264225410701
19.65966885277157 -0.5344417253010967
1.377551353389102 -1.3298798978705475
10.338766065389697 0.38612130402620387
6.821972974040438 0.24071719017809468
4.941167162696047 0.2001660852492685
6.762036972735482 2.656091318632241
7.750123657274508 2.3567937119310396
14.710094819127024 -0.416645578977894
2.0380324356036095 1.5279434576362352
5.0441585260770445 -0.13754815983320015
9.647322790490461 1.4116956617071976
9.342133175035787 -0.23911462081882376
1.4428984491852923 1.7502791415454486
0.8385416290562062 1.6846806360821172
19.8287736629881 -0.8562656581055865
13.795226379608211 -0.7778348577999104
6.513710709560202 -0.982881705335028
13.37127978177825 -0.9202311567985729
9.933307583199184 2.7550734207028857
14.728692395122854 -1.5225089572775188
11.00418173984196 -0.1559178867857351
17.560877402348943 -1.2250347012630676
4.509594944289279 -0.2501006062885879
3.603181825943638 0.14228527195572455
0.08951469056178152 -0.8210319275248739
15.35295154036071 -1.33245694497087
0.2603799684038657 -1.5822941698529729
8.507040046347392 -6.931646323318359
14.583542710125629 -1.4895983038935026
7.77396112124601 -0.6965494022712819
13.168953497081867 1.7040112418574445
5.005311547920929 -0.2886326553956877
5.279962607300263 -0.03316738919352935
19.108464477974177 -1.5278183508648446
18.352763885497605 -0.5304831580950741
18.724459649766626 -0.49291860622340344
19.06279315148919 -2.9527954043267437
2.6198175532231693 0.061913559152939106
13.764650728498339 -0.16956158937390797
3.8035853325679003 1.6822028838131298
11.706555249783413 -0.37009769115027774
2.756511015239344 1.3515702777851177
2.509624264747302 -0.4002460580993573
6.232527447722896 1.0176534368412313
15.25650579219111 -0.9992276577551726
11.474472686584258 -0.9686939799847328
11.2357914910135 -0.3870457455762978
16.423811014307525 -1.3831819664190579
1.7994231090087147 0.3499203065387944
13.464108285929129 -0.8900778953114213
12.909520039382626 0.7100720690301137
3.398604909377472 -0.09561071377146556
16.010835869588327 0.3062256483724871
6.065222528536028 -0.08854038537647335
5.10952254263648 -0.19260918416922476
17.148245360737636 -0.9730372855765821
14.729860760444241 -1.2646470959512177
19.197983416491656 -1.3745955497134001
17.98632687599575 -2.782912201249117
5.526031761937729 0.7405178817590445
18.571816456497462 1.2533335438543531
13.59894247034639 -1.499175907332366
4.082482971368137 -0.413975350961698
8.151584585110378 0.657206967484474
3.7725917011161534 2.213562674234253
18.791685367852757 -1.6641866995139363
13.224474124100547 -0.15870244750822257
3.500133848636411 1.398035428731101
11.512838999439142 2.8931594386034547
7.832760250265649 2.2785166922237488
7.909074431621235 3.2361429274072955
0.40590498483048865 -0.6073066473262018
3.078872472261077 0.6701598844765274
15.459291054428892 -0.08669009423611111
13.476808229048308 -1.5527935482367305
19.685940807079184 -0.9195042069366318
0.4001353402822253 1.549626660043427
19.490232339361924 -1.0757932020263388
18.153111992811535 0.6907174576051605
3.0032007977624704 -0.6897852214403742
5.194436276042562 -0.46040137605239845
9.95038523397505 -0.5732299123982566
5.375931752684025 1.9532764441986823
5.793207125531982 0.5143014587665382
16.586601247531068 1.784586454160243
14.042501906508154 -0.7786130368568239
7.661094688518518 0.7197094293920456
19.916774478724264 -0.9295071145532259
7.674174342026432 -0.7372096913373382
6.584324282686631 -0.17938768667511593
5.214932921020889 -0.05452196080121666
14.678521608066317 -1.2109744023538311
4.721840841798997 2.3980962269270143
14.53533367823149 -1.6457521054842097
18.252315137393765 -0.9205884510560747
14.670565958103545 -2.91615231001738
16.44003278496185 -1.6620193326674648
7.384480055022173 -0.2047041347984819
6.013021443318365 0.17966352477275835
19.562363465599113 -1.301190996706131
3.7390305008669076 -0.7574511408510345
2.060129749613928 -0.6905131913131708
2.2004417940064123 -0.6533674408300508
10.965576630283211 -0.6665842538645081
17.172118197093972 -1.6479088563921631
10.515276508141463 -2.242512812811288
8.24021283495548 -0.5720315220238464
11.69139366839045 -0.8708845650082478
19.621970699470115 -1.29735369355441
19.77185750102355 1.024223457657352
17.609619692282294 0.3419032408044392
18.152014304621893 -1.8056138891344409
19.593994857798464 -1.5223407749219913
1.2128035824958574 -1.3522139927253065
17.60231801190449 -1.696103598077615
19.07162264014309 -1.571040980161335
19.68252923325903 -4.130050704656889
0.971436791036142 -0.5841029050272417
5.996796135685803 -1.5586935952392569
17.350588690456007 -3.080952877909689
5.846275995036027 -0.3887746116333492
11.610402666475947 -0.8749853867918305
12.767342239866837 -6.424557238444646
2.402085564647996 0.6223118295250778
11.67369586860579 -0.8864184312741988
11.230129975791233 1.0316763467087016
18.642200124153103 -0.632517055670041
6.885200546815104 0.05690964037267837
14.531604902343823 -1.2884155288891388
10.789863279701283 -0.2524226553879121
17.900979764331094 -1.71126678551002
12.828174835497178 -1.5013205876185867
17.21410770451066 -2.8708901720244806
8.27409663315569 -0.2487032307993456
8.997297994955725 -0.5960493354706001
2.7188835503978703 -0.6511635520340673
15.69024489521022 -1.211396523118335
3.2915389899523246 -0.33622361501589704
4.824552758770538 -0.6531330985707642
16.234490306987336 -1.247945611565911
0.16302782007700176 -1.1325782473313697
6.6726709754713625 2.664306133032463
3.343469191833419 -2.8954755221599053
13.95717912934196 -1.856336977714152
10.407738317305027 -0.9237335434370029
6.13912193787755 -0.4101654459118522
18.372041980433554 -5.463493133767427
14.952343808775938 -2.894240899264216
18.37694208714317 -1.915113478115566
19.032569087140182 1.106165529073641
14.001313813292228 -1.034925939236774
1.9815446901516147 -0.5099493715232901
6.491181671803749 -1.4491932189242815
12.685003156181267 -0.8861213970836197
8.027206411152063 -0.6972289798526141
5.97117458732387 0.064663966687238
12.564398415622822 -1.8935336614086347
10.030060274624514 -0.8085530817368042
10.5401095380951 -2.842228928314536
8.286975446637571 2.101970519938981
11.01657111564368 -1.0971264684399544
10.200330127144131 1.0079346203525918
12.343315799056837 -2.570735513737475
5.457152751967009 0.8291055444397852
12.53169996931995 -6.099205116853853
3.3038147336227106 -0.44040185716057345
4.233391046963727 -0.6937031907194013
11.350087924269289 -0.6875095780802112
4.269497740020733 -0.35991683826706006
12.707325129815063 -0.9765244622925855
13.814268843080566 -1.738536848349159
8.714269562159805 2.2267338471295464
6.677735070254396 -0.9365475609543226
0.778238323951856 2.6707710528627273
12.549311344975498 -1.1986169174056356
18.866873230378104 0.7815318850241593
16.2550450745797 -3.3187195139265744
19.40353115576912 -0.9475152652262766
7.644288368276121 -2.640625182317627
15.689615259863192 -2.703928044794597
8.94876328732362 -0.4874395977298872
1.5071535431293648 -0.8383069407445004
2.860725703317147 -1.3720099468538225
16.587210701137135 3.4210402023769664
7.846724665568244 -0.7844952803701424
16.8663228190262 0.6902605174634544
9.347935765498068 -1.2360004476611948
8.454971147206535 0.027606822329053565
2.1241292694786202 -0.7836269883597514
17.446259578703426 -0.9725188082112743
19.239487351801746 -1.3166539075967327
19.58995221751234 -1.0772433476403922
19.26900126421211 -1.1677664056624406
19.566701967778886 -1.0377789309839882
4.061673460945129 2.243880622476505
2.8533046199103844 -0.723068391434153
4.808073460860377 1.19375377699552
9.28457809225354 -1.5460075439586485
11.943758788684525 -1.0328210375585947
7.774083008740478 -0.4977489073529986
0.3294963445945329 0.9443656665721156
0.32931805839812944 -0.869677021418574
11.456220902257506 -1.670424152617748
16.227566463372757 -0.03329636384690218
14.077110853921523 2.8239223400445055
0.6083126767897127 -1.3047120866621473
0.6237293192753813 -1.4044014221958563
16.913684703179847 -2.337075253611274
10.542486950294451 -0.8741823794038719
0.660146578285492 -0.21182415671389326
8.526958313674783 -0.35126636915175335
9.487067905181513 1.1532756555250554
7.190245477949301 -1.2560915054778594
11.291451426390578 -1.004894070514773
0.45620318934337795 -1.291828429101229
17.061593014704368 -1.2306466800492126
6.842756452646773 -0.679261699990457
19.43718699104937 -0.7564436854945907
0.6107700574911082 -1.465867228739569
5.541867925764405 0.11959537644370549
16.044991415947056 -2.222246472752899
13.028751886884155 -2.046931052316679
1.0027346491418974 -2.715805583150307
1.6070404400703948 -0.1724164369524674
13.79587030304853 -1.2617247695310272
2.0791134324813503 -0.011226682113792456
14.335887258843162 -2.2203160795608956
16.667712317689208 -2.3109232688061025
12.542766532811664 -0.975693148119197
18.65750370077983 -0.9426221620435149
19.187282214534168 -5.6282186411847945
6.780062626154621 -0.5080270058756657
0.7121649167799764 -1.0606288642577397
1.6765981473067186 -0.2061381552974065
11.054120527519888 -1.8752931173054657
4.0689539359169675 0.9865525136773875
11.163026572951374 -3.2058941374733907
16.234253309230375 -2.4498147678120508
19.5483757541753 -3.1173258022692134
16.771258987942584 -1.3076670397919514
5.739486846859075 -1.2427134506436697
13.648094217016054 -1.969848523427218
15.634687943067155 -3.8381499077452417
18.885472360371235 -1.244973458387491
16.831322969276453 -1.8452346302167628
16.932731748398957 -1.1668460376921486
2.805975580074562 -0.7972837618440577
5.480157864920636 -8.166139026469857
18.078370509470435 -3.0867067248984252
0.627138520277234 -1.7428412771780295
9.431733838937843 0.7113633191648315
10.681277781014765 -0.8532465282602615
10.191590669847738 -0.5059606295094248
18.90919640253709 -1.0546556127221423
12.710376026413785 -0.8358658471148597
15.661981405965959 -1.5301668459524835
10.4054295434826 -0.7415819457257682
19.568260406006022 -1.3222511665893788
15.921668340050447 -1.8725921493991073
17.693390772361838 -2.192813630534885
12.888317084074762 -1.0121809804641086
6.602905036189758 -0.4282251910196274
6.062746823270527 -0.21294182966389688
10.998171638748293 0.7929700618947364
16.371534325086245 -2.300353101019524
14.786011511409704 -1.4053959011284758
13.390507909469331 -5.444510509052353
7.673020358081559 -0.34949401063924146
19.179628213731647 -3.5459944360298095
16.484686370703308 -0.05021214666618448
5.457207457160922 0.793177810024863
6.875184063147095 -0.33262992332776276
10.669055110416114 -0.39290103073340815
15.05577402601047 -0.955717937842493
14.543579751745671 -2.038177040879956
16.02661493444992 -2.708654861964477
2.538109681401324 -0.817508136625086
9.720513060755552 0.1723455053555348
13.54604980798211 -1.0669741026826491
12.982855093448787 0.3759931615981294
18.595837778010235 -2.9391927821120496
9.412775194135552 -0.5282527113469466
15.556032711578064 -1.6207778074679944
16.653494163873468 -1.870024317737206
19.897001529750618 -2.8224717133726824
16.2349583246461 -1.9664168059319327
19.981719684597383 -1.2429854806519918
12.830560150666546 -0.9783594293126588
8.945700084450298 -0.43680219172881396
16.986875208608815 -1.0940293406598514
14.137996261030738 -1.1709151010314887
2.919218314972852 -0.6307795010438705
5.956083744552838 -0.19782507480558123
5.246809813371784 -0.4668237864872223
18.71094944572388 -2.022914679198862
15.331206268993284 -1.300615061574754
13.896116633549262 -1.933194615500804
15.875950716328298 -2.273909470034013
9.605381448926053 -0.4976716891943566
11.17525760149673 -1.0057964264219332
17.362538343795002 -1.855956005258171
6.282157573912521 0.07995945419470032
9.315001161223806 -1.784644134794984
2.759846323600945 -1.4086429950939883
4.447674605214958 -0.4885818269745281
3.4164710198940886 0.6844580482720398
9.386415867324486 -0.3325589963436362
3.2374784692188205 0.05860781315792468
15.665094270328664 -5.133583640501331
12.045945090430367 -1.0998055113832117
5.4477972919982856 -0.8866296257017856
9.736297674181543 -0.3200145401615772
15.413209566984797 -2.5988815884367864
0.7878899225686031 -1.286204371626984
14.966066112130477 -1.3440890561235677
14.186025665870186 -3.13761550126534
12.953140662095606 -0.8398409688656664
2.847090339067952 -0.761008889770546
15.521322768910274 -2.7024888533805247
17.111980334645555 -1.24560711181664
4.32281405405237 -1.3587894919514167
3.6472211288844614 -0.025772513174174255
10.072479407597477 -0.4678998065756035
0.24799558571655078 -1.3086256857059086
1.8728337395959735 -1.2029676331805739
11.165086188284732 -0.7061555165340653
18.327924265853284 -2.205104598972201
12.836864955332356 -1.2053901443846893
13.328989065378536 -2.8394348345301887
11.912767312669756 -0.2052411005976289
14.014945384483587 -1.308659285548721
13.657263412199939 -1.7025336599210918
12.358890990460944 -1.3190662870754721
12.516461431125624 -0.9994940525839557
1.3943512108122458 -2.110005662371249
3.6255388394595087 -0.7580577098804778
15.42705924444978 -2.0066548461826628
13.996278750768536 -1.3599962153482716
11.175805846574923 -0.7678089213841817
12.807910983157852 -0.9579852727720026
9.383592141448082 -0.26758966768280434
10.506244383995462 -0.7662438641652574
17.520630960728855 -1.284285376077729
9.657291738281351 -0.4578327815865813
15.24932776507875 -1.5412035298442717
10.607822291082636 -0.8247762024667915
2.0496202948330122 -0.012892368010545878
19.675397874155724 -1.50060368979516
6.678596174196078 -0.3319827460341933
18.811493790838462 -1.0310193602265496
11.160391675624869 -2.8104349574475984
5.771485410767217 -0.6407158247380897
3.9162768408408613 -0.9463064277572912
12.271699041270253 -0.6255320812947703
16.160660263904944 -1.523552941097914
12.07666446529582 -1.5125583017414044
7.138966257425535 -0.8916197549135985
16.315107417815064 -1.572174220934605
13.758667915853794 -3.1860950939976065
11.410070068026064 -0.4589525931663764
16.578204676117362 -3.5801720473972387
15.560837918737747 -0.4718795548568845
19.031408123156158 -2.222370865392359
16.313750959542887 -1.318047158678109
0.24201893061953406 -2.165081280565488
11.901745113092215 -0.9146628175659876
8.579650173664831 -0.4286355202059864
9.513796706704664 -0.3664191457117731
2.5233320356022753 -1.4386470240682832
14.714059847907247 -1.3480768894831352
6.924142663405792 -0.34252437557249876
10.291194718196204 -0.43820199251297776
12.486974168346432 -6.049522062575131
19.013367491755158 -0.9930778540038976
17.81222414355263 -1.8132094618978705
8.824269316473929 0.6235483396839614
14.43335383193938 -5.65979130836788
19.61747939421057 -0.6330463637421557
5.90441325673075 2.264723659797797
4.998593169072733 -0.39207124312485775
2.1199579661099324 -1.753942457012153
5.894116136225221 0.7769165590779976
15.149220647278824 -1.500038118041606
12.210250409791369 -0.6887284857855273
18.98698863214803 -1.1117474927255293
17.666888217111104 -1.098751353419709
13.982160368196393 -1.27665881958278
10.165720977458374 -0.12846049641239368
14.944782502413426 -5.070041573042393
1.2404942383456334 -0.7116964286102047
3.210522738272948 -0.5895350527266897
3.6206445829324854 -0.1560984625504987
16.746168095403124 -2.0363125818781542
15.835715017645528 -1.6179684642973529
9.195059580691444 -0.12420800735831677
13.209515498115964 -1.547550843756164
4.281767604977471 -0.3349833008552186
16.82537476035005 -2.380710270109764
9.932211751459695 -0.38328458355952827
15.910225162848489 -0.4166167117895988
15.354270987009068 -1.0403117005160218
9.839600725278267 -0.44654256819674254
8.77741150935977 0.9952419944692485
8.381900707956884 0.768848522919441
8.010105496741469 0.0928017912212887
11.674943586951498 2.2003048153050084
0.2968913718885232 0.5950272043625495
