18.626237189903176 -0.5603080854545361
0.8414947222050864 -0.06929738268820561
5.313489420435126 0.37868244553292313
4.56859582483004 -0.47717631774028724
18.518230085868282 2.016946229857491
8.279595402493753 0.08752849868575813
17.435881195276053 -0.03189490090166108
12.534713466796036 -0.41606651163569486
2.376915400774629 -0.15462631446839134
12.173921870807218 -0.7155157126835519
2.0911509827594625 -0.4609684038037247
17.660799546437094 -0.7521521043547174
0.45415581586207 -0.24719435518318783
19.834600033980145 -0.6617742287129509
19.100375127523446 0.469917245373008
7.480317119772577 1.0042429996414444
1.5520125141578345 1.8485983445553462
19.329420324019104 0.2613572477535135
1.7860642885352895 -0.36617452775766973
17.211042379886123 2.3053576595174206
17.32335440062877 -0.9175961381510925
14.559927825043141 1.2926849297823382
2.3218538822403834 -0.18497521199003705
0.35390247588436197 -1.3083434415930197
6.038268610055459 -0.5711516461161673
7.453287406129071 -0.8391715075900162
3.2681068015873542 -0.45899550427168134
13.735221269721935 -1.43889985337194
13.319454422009283 -2.019430862697339
1.4457264704376207 0.8505953584606477
10.253755088344223 -1.2316987967526598
9.77659697949232 -0.5291327748066553
9.906942595240201 -2.7471173970481395
18.845549781699432 -0.6512749199849428
0.4611861487526318 -0.9285146339874221
15.349195904561448 0.10308785288693967
0.1450942207540299 -1.0788789769665614
11.564632657731943 0.31784812450390665
11.661620128925932 -1.157972513764551
16.153286710844746 -0.14989950496802423
14.26589693364092 -3.3570920669002473
9.634432716214794 -0.2934033838682827
15.601174826254153 -2.1352154763697406
7.3005670350469964 1.818628985209109
8.849597379372284 2.3392139450086695
8.719187905135596 3.023433954323536
1.6317025130766662 -7.230303914014811
5.001195776344726 2.0523455848357037
5.265737759323785 -0.7657452955214827
4.591090260063105 -0.28511827136875345
4.662509988243931 -0.3299059517698958
18.74547084018033 -0.7284126644114028
9.8297952889559 -1.302732380953981
4.44482404134054 -0.4169826482473864
11.42954274866424 -1.4506418123884623
3.5097546023044752 -0.4765049587790658
14.811359233829814 -0.48698722193051747
18.017132612056862 0.11333506673038118
12.921317967704155 0.48500067092914934
18.601499198671043 0.7031730081457157
17.968644029986642 -0.5178322797525371
16.674481751115078 -0.07268407518193379
6.595094757181383 0.9770402647938878
19.9649770906374 -0.045812039751941244
19.26958551917303 0.38242570604289117
18.526488819551165 2.1847821211876743
3.6760663771739606 -0.2609952365022451
0.07325382056956897 1.8039521995779841
4.654122415385954 1.7264942050556886
17.409364423639577 0.5172027024801623
6.317558112923198 2.5822646985769633
8.715720615759814 0.23659423216038883
1.8645557992438633 2.172253420611397
16.232321190585665 1.2299982186908542
6.04585743093688 0.422194282688264
10.240766595131122 1.0374806269181933
6.8811764847603385 0.06867411074671878
17.920615383349215 1.5133291832867597
12.029290690142322 1.5804238045669052
11.69509293842862 0.7192655957733246
0.2812815037627542 -0.6908783884927794
7.503229120406279 2.8691034896099614
17.606129612077044 0.40110000897441433
3.167628427660098 2.3496541302613116
10.844761007084829 -0.7912575051874835
7.74824476624938 0.7207669448425192
6.279484509291772 2.130046166482428
0.33905956989834646 0.3278175075615854
12.471096133400648 -1.2715292794661015
5.555710075332603 3.7746105599777526
18.756054251445715 0.1722330707116006
13.148229904889504 0.6543510608339036
14.215776235555994 -1.7691514374467001
15.375698165613423 0.042892456342809915
14.007664080450587 -1.2354164262762133
7.3307579025409515 2.6419087593957644
1.4907665069061165 0.16327056019927275
3.326453626339315 -0.15991491847538317
16.74720591192035 1.5623964137826274
17.870456023479512 -0.3498480998330947
13.715743758819517 -1.1251390508798425
12.807549851330855 -0.8538455961995047
19.237326462889776 -0.2752492378124689
4.85689582108785 -0.059265319120329785
8.939624594187281 -1.4492222895966358
16.974914666792518 -1.2222472744887716
16.323972809868213 -1.2929886211477062
13.355991375858485 -4.7980114417012425
13.75730759180415 3.232854569523659
5.617903730215433 -0.1569343197156078
16.12024646166619 -0.7881755939402463
5.1673711861509215 -0.5077032446284686
2.177237606809503 -0.854811458260687
19.87603253211548 -6.436441954716106
18.68970519669654 1.9488771250539516
17.631282303189394 -2.786340762736197
11.630703745614532 -4.010533548734034
0.8480901845606077 -0.9688341529638003
13.924864971618351 -0.23795324547776472
4.129211097850097 -0.7401480029428897
5.865298525213389 -0.22072179489817473
8.44322019634783 -0.8181744418174698
8.332626862979737 0.004596085306121038
12.0537572627929 -1.4001178223396589
2.5776951195543756 -0.191744095451107
14.105225515301782 -1.8431603028945363
4.641489007953189 -0.7616171526088736
3.172875598325496 0.340905265211313
2.218483022549549 -0.4992397858466341
16.847377634004147 -2.111461365463949
16.45664659295785 -0.834766361993709
16.7473617732399 -3.2692429321984458
15.837957078499644 -1.2371682062175737
13.054182498533462 -5.637743919080222
5.884080632311898 0.8990907614928683
2.7448341219474712 -0.563748504839079
9.816367406702042 -0.6813600921439559
5.697410863922792 -0.2751334624439495
15.466007288771282 -1.2359817634297585
16.260289706233266 -1.261935223361787
14.677464925943047 0.05807218693184474
0.3473478780743904 -2.4414358618083587
9.002149529662773 0.3287980182048832
7.732913595515359 -0.22977911542196178
3.699659231603196 3.3217128251077384
15.490274761250717 -5.821787698302337
12.104275063135539 1.4667167153643936
11.624706296886593 -0.9371966364797035
1.504971537404494 -0.5520128213423412
4.036146160979105 -1.8025737741573393
7.632627411469981 -0.2501398585844832
13.51643448074347 -2.704817197484452
16.344241877600098 0.7765193261380582
19.627038145428383 -0.9050373109841093
13.640860847693187 2.1495657590304895
19.507908818201035 -0.30614550266950497
12.278283319731283 1.6818990173680883
14.221694337682022 -1.8017805305233723
13.832351187568165 -2.0585928693937556
0.4227599426933051 1.67848342299037
7.8436586715167955 -0.13272549556063123
19.523956208692738 -0.48108059269909964
4.110983672643184 0.9329493092129804
13.836887817440186 -1.603418342257707
17.256536664253897 0.62992520765205
5.882328708156629 -0.9204774424427082
16.19782997894213 2.9300281797229344
13.023503027340107 -1.0243784862984018
16.023860299093478 -1.2102741391877287
13.780794741874672 -3.4099265693781313
1.8147791876289052 -0.035052228571934935
10.88251664408818 -0.6436638594997851
4.429826094816488 -0.1863862318222618
10.351243552865128 -0.2419342075849356
14.466209010932776 1.4482907906507005
17.02308730745312 0.25710360873294846
13.80376501453625 -1.311293510243737
14.978668549556762 -1.3840111544734408
13.724349209538564 -1.1147148506540518
9.412551457944337 -0.8363452820073071
17.386591864022545 -1.292722873644225
6.8501774509881015 -0.17210870916068763
4.520439337064514 -0.1614972644662095
17.85210905147688 -0.6738415727564667
12.459347453945995 -0.13985549053824847
9.038812347652494 -0.6882086541008327
3.952318136563704 0.3210890832164218
9.323170174979243 -5.632894365214706
19.40966436946451 0.9329327126997559
10.355368934348556 -0.9809438696384452
19.793908580420492 2.579431754109184
13.360404126033943 -3.385129298921984
15.323733181766912 -2.4689439733673653
14.047354596491868 -2.4231462251147997
12.475259936876634 0.08157245318201325
19.106853234826435 -2.321016275110641
5.392489738338101 -0.32633255317124976
19.396247510608422 -2.171343681356335
19.87175766431042 -0.498183538430238
16.22658524222889 -5.896145826087589
3.1218175947543307 -0.23084642918501413
18.224153845916884 -0.9964253324288108
0.8432194980847716 0.730551208382674
14.533852388758515 -1.5992234561616339
13.363762727702579 -1.2865960525953557
14.777963412163228 -2.349031719505572
6.980254634185039 0.898060242848358
6.598939872736466 -1.1975313084594443
12.67120324746611 -1.5532568124708364
1.4985795750325663 -2.0210091810864768
16.90916137605129 -0.5451336015308201
6.834940696177175 -0.8561211730764795
14.357300085970826 -0.8311100359766751
9.458930036898895 -1.4449343957023255
11.287862433356826 -0.05421113691169977
17.915221584513233 -3.029777375178784
1.1301750036848797 -0.6585658554210485
2.0314251122102776 -1.4956393788345281
8.433699227554103 -0.8232600306640788
10.93123903102195 -4.382349551257422
17.529353215956583 -0.8810795698142712
17.15267666395557 -0.7609739648835699
5.549384867217678 0.11726753127096098
18.45988436192916 -2.1046007077723545
18.91280038482957 0.7012464045110256
11.869606093857424 -0.8066118245279994
18.439271368083215 -0.8967100769758851
15.526952185884456 0.43666816912483264
14.914766250298694 -1.172078972007777
10.23628189094229 -1.0007766354382954
13.225730090246026 -0.8325934308128514
13.612228295803144 -0.8405715045947783
12.021989004653832 -1.4988329108662661
9.451179735186455 -0.039702671456967265
4.368601116810775 0.8752462597933641
7.304753008570874 -0.2318520470611598
2.69562388840588 -0.42244039216344453
16.97325780646422 -2.4503210265766913
9.154728007309737 -1.2399606510200898
6.102856730645313 -0.39973012737450764
15.959901245648206 -0.7890322084959573
5.839354298636805 -0.6245759637930319
5.176603737519502 -0.6226169233270396
0.29530940049539256 -2.0806097373789623
4.8508494839248275 0.0407920330517617
16.31553322004211 -2.281089434877668
10.875736629573762 0.6164704542624022
13.245711720588401 -0.9636263540776987
19.649689716918036 -0.39003114847435805
13.027681606902316 -1.603346582303103
17.257068815272827 -0.3056695352681287
9.076693607673787 -2.021023624132297
15.464890588362296 -0.771986904566916
18.228001037899617 -0.4864191733259716
3.0280643552383846 -0.523001998979082
9.350564234998522 -1.045231214374477
12.073413602134268 -1.3641621214262403
18.518724142481293 -1.0406062193097498
9.871179145031052 -0.7153743740237475
14.08133078086952 -1.3180038126348
2.95649503437581 -0.7257630314895909
18.96830316352469 -0.9476033058040435
17.59897499983257 -1.0478782272045029
6.64410210422964 -0.2612486370771192
12.718049845868359 -0.8777934938293567
16.094677844401538 -3.189313172638549
4.0998707294824035 3.336930512656793
2.396025253096574 -2.0151681595632907
7.128953434371601 0.6476662542633171
11.327954768988205 -1.3129377179318573
16.445764786486247 1.529418970664441
2.536208534867172 -6.841025839708783
16.87840974185144 -1.8226243610358783
12.17263373525895 -0.8812881476419907
2.524842260227476 0.39105809191323176
5.058532469713404 -0.5110618435106681
1.5918024917716311 1.2987272244961408
9.429176128644167 -1.434099424361698
17.209948890981455 -1.0942627771703082
10.430991641113609 -1.0935773209333624
4.537825386506104 -0.8041058621887364
1.4872174317583002 -0.3993931636273833
16.311893182564944 0.31335326192806456
7.636175754844301 -2.7093221154289675
13.971408550686329 -3.4537197407794182
12.42933989260849 -1.344868730028031
8.83587503926405 -1.291586497190041
7.63468883753642 -0.21096974162054793
8.424367984312607 -0.5152455702771184
15.199135628628584 -1.3105455253194764
12.295739044209995 2.17079479580829
6.04934248187384 -0.5331009848383962
4.715704524652302 -0.4287021454355706
0.8028403359408915 -0.7662584895011624
15.569057947372054 -3.856259558325497
11.068884836100692 -1.9717605491009642
3.8500897329635118 -0.46126916972799314
10.628845738880983 -3.121246875116803
14.166040136361874 -0.8697770336957988
12.135693016043632 -1.8021528227808004
4.870342843318552 -1.3334735789657794
17.579971960998456 -0.681020598646518
9.656052876619258 -0.9879147079780882
3.9627031012294225 -1.1852297041143511
9.972567358345326 -0.9574229559239786
18.76905586343687 -1.0273131922430583
12.079034482208725 -2.2797104009967213
5.6036540137549045 -0.3475284534170369
2.2743243270350195 -0.7090761799573596
11.304766441474191 -1.7834275424541732
13.556667062429657 -0.926342410329937
12.549028398022891 -2.2112979560719648
14.375143463242246 -1.5706911188614099
4.780372478450183 -0.5114311027799123
8.858829839769857 -0.5565132139771858
9.082794759117554 -6.1689452781608916
0.18764308452116485 -0.8774345224598743
15.343620370205082 -2.096592562596355
10.157645972319079 0.03345011014539483
0.012522162578672419 -0.9243679814808897
16.179772649026255 0.9087939020529456
18.201005773752925 -2.209143060169898
7.323447715135349 -0.5223832128402541
4.976890186471355 -1.767410280576453
18.93608315358811 2.2744536498954537
0.7957405917265311 -2.0240708361228217
10.546182753581242 -0.9234881631876278
13.568533969918233 -2.779363770534844
1.0981646309637745 -0.1538825168627121
7.48967424794518 -1.8975727487197434
8.359758705110204 -1.120618599725611
8.380485920456064 -0.6848245141896342
11.69202389138401 0.9254951305640824
12.295230105280837 -2.5432778223124766
14.536504034674588 -4.438788475797268
0.6595404866951025 -1.6457513676355406
8.203422254721144 3.2814285543990453
17.697348393464527 -3.591802206063853
1.0750226750150604 -0.7557577252159096
7.2550183380062085 -1.4921384397073907
10.618375704817003 -1.5697700776856256
9.261204118015732 -1.9319350619515707
12.73476044049281 -2.4406530517693854
3.099495253223192 -0.7320882783628219
3.0199585798776245 1.4101134362547318
14.081917257552236 -1.9765293583841244
18.734932319684635 1.2693013772603279
4.382891892678193 -1.2129829399255092
0.47583815931274537 -0.049983089675108526
7.5628863556632195 -0.5135291935719978
19.18677522913665 1.0761421351100942
16.943394427785446 -1.3745246990109403
17.594980786616976 -2.334592514296533
17.970216823826163 -1.6297075205889748
2.7977534100425903 -0.5083951421962426
3.380686430376237 -1.6680982917848368
19.628546176465264 -0.8557037143340948
18.77681941407903 -2.25241375668151
18.154270692634743 2.043655953173053
0.5518965470935722 -0.9571410131616165
3.3424391014049006 3.13447022869715
18.332216584678438 -0.5166835174584976
3.4724943341627608 0.09422100144102434
14.314737911916223 -3.179956208425108
19.40583758387987 -6.368539471749082
0.689939726748164 -1.120550744904048
9.536942992593183 -0.4573887903751349
10.056930541021009 -1.1605849203597913
11.16725311167314 1.1928250480314504
0.5310896829707908 -2.9270977228152035
5.664908986782889 1.6054635842803886
9.998298005491117 -5.663256785497213
4.786463262449121 -0.4698008105403
0.2605432254062321 -1.157880000950452
14.945591878772545 -1.2354864892339517
15.700642118471963 -5.529809331290241
1.2417674639563554 -0.5187721448432918
17.446861183606952 -5.551234340321535
0.6636385286546607 0.09179323460165417
12.120028647562451 -2.0621680847481376
19.293029634488473 -0.5162053112972559
14.456719535835738 -4.283890471692633
6.177613717794952 -0.9685385753528146
1.599013462504242 -1.4104019782916606
17.50068188203127 -0.6295467616207385
8.005554340638287 -1.8561002143860592
11.618293432983927 -0.46427241428952937
5.310864468669168 -1.415380003693107
9.684169328400511 0.30888367828517127
10.053859467021235 -1.7593706274777725
5.976931579352793 3.492821102215703
19.11185169742984 -6.809267034066167
5.33626496428434 -0.4726565496857122
15.22830431649547 -1.0131972535886213
11.689550513841052 -1.071991933034631
5.098632500970481 -0.9637587095701473
19.483699183585813 -0.780161172261909
7.709665093376332 -0.49611720027841727
12.719447684221013 2.018414307911341
17.93802293341348 -1.5593582308253409
1.7702831713273577 -0.31655421423471103
8.877288036769484 -1.4679348061637756
15.56014070331076 0.011909060474081454
14.391838234061979 -1.8434659022721387
18.746125297733936 0.4071674631090374
0.16019835650587766 -0.9994423424066508
11.650839563734632 -0.9994193225940979
16.728100115373035 -1.5359248671214745
13.445151489013808 -0.08164372093616332
8.03691205055248 -6.688909415693295
0.9198722353999005 2.567299353863735
8.663281197652418 -1.1746169431327065
16.349818341213314 -0.5718819662095201
5.657808399271402 -0.3629499337532715
7.453849012435906 -0.7453939832445443
15.181788479996941 -2.0824263439350528
15.866538702290129 -2.324072826968806
14.608703254296033 -3.058213554741847
13.956077061508434 -3.3712136811309317
10.947996548227831 -1.3918653020197986
15.832862953302074 0.2629190084717429
15.228332859973426 -1.8777925130862627
3.4204930774195685 3.2770440761546387
1.5596307959003384 -1.9274510457904326
15.592958958878414 -1.3140843865969791
17.302115446479377 -1.8427473426132635
12.742197423551607 0.8565689651521314
14.4408533080647 -1.362236215387809
2.901669034063048 0.22532537783217943
0.5026297256412255 3.176292184288697
19.390941763514423 1.9642631402217796
17.193479187690695 0.10001221068184799
1.5609284396391199 -0.37790783217083956
18.047232953298224 -0.7252191274685659
4.446902619217995 2.5899182432310512
16.926485333882184 -3.2879387640838798
18.604018027779468 -0.5585432274446136
19.583783030791228 -1.303194145288073
4.507414630653686 2.5412455446498483
12.147427640292051 -1.278565846738762
13.308936183949827 -1.3829429967476428
12.724417663260466 -1.6695778546647146
7.7252471959174525 -0.3310761823860069
17.666777523377693 -0.6785076990167141
4.47098101642736 -1.195692143442046
14.33824465588125 -1.6220167596248987
9.12721503648324 -0.07386216051473152
5.937082528772227 -0.3034041726192708
15.103222453953714 -4.862626058173701
19.082210614018773 -0.12097540739314779
8.131032470200978 2.542063549462871
17.773663664775604 -2.5573677141076785
5.129212676454254 -1.0008495164132905
14.53715941790121 -1.4852213673341634
12.884905825711064 -6.886182410343429
4.355176537547262 -0.6096251010872419
3.7744976686997105 -0.5110728148017494
11.315353734192767 -2.199193978569915
4.949086273355913 -0.42339735785232036
4.1885240566953055 -0.7779626936908437
14.866773442779687 -1.3158674220068312
0.7132052700966669 -0.4185392459814258
14.292069697270412 -1.8554918798877955
9.839806815832082 -6.085380927048485
4.013683046005682 -0.4456649884859358
13.287673393606225 -1.9499182465984848
18.124092187568102 -1.0952043433092284
11.450334065842373 -1.3211594106903752
12.125837602010051 2.591380443631807
7.705541281518753 0.021402679456067733
10.723196700742239 2.8408325958505647
1.1699333194878827 -1.2233139530153458
13.174395658091019 -1.411580038675453
2.0832556752624605 -1.573100875084783
4.183050126165117 0.21232144150314664
19.043677659579938 -0.8902660764902796
7.480810229337188 -0.6023276253334454
6.283667126360305 -7.561492599181607
2.641236584856544 -0.4339030145532491
6.707834815669568 -0.4625885669614645
3.112322896935806 -0.5260465795329786
10.130640466241859 -1.1888382966518185
16.20365587242372 2.657307500346023
13.933372310621342 -1.6805266547846063
8.519118673366409 -1.176244923451894
17.374474169115548 -2.978822929800893
1.8449077695110452 0.332073609534573
9.688053109339428 -1.6647396079855306
11.963034974229464 -2.5955689975825997
10.962410292785272 -1.1524446970690785
0.286780076005942 -5.307119904012185
18.39235926653202 -0.35533178467871196
10.554112053864225 -1.050308278049371
8.167945560605775 -0.9542093361112723
3.7064529322787925 -0.2404568753566864
9.927639116253651 -6.574910241443421
17.95441849478636 -1.0234276686902417
11.36805364572218 -1.0814857043291477
17.496675864980606 -1.0624218031341464
12.417146236272684 -0.8323765148917355
3.9372222446766307 -0.38270748090381856
10.677516915268285 -1.2004789519537358
17.131090123775003 -2.882508953420774
15.224084909361615 -1.2260873406035013
7.20402994677959 -6.530303422209385
15.830587090889159 -1.5424803519100334
15.26332443839119 -1.8095587267709294
12.188219822526303 -2.971082478782992
0.7696140000173873 -5.3208220622095945
1.6466229676780724 -0.20565816613484317
16.365711409884863 -1.7498818358677717
2.9241496455079723 -0.2498639202713473
5.644675571728376 1.6704212074149478
13.37580802162015 -1.1497368599318365
11.360759163987847 -0.19760648352496618
15.88712840041788 -1.1186696212416012
0.28419286843350633 0.2797768834443527
0.7936126267521724 -2.0727592128830423
10.607794614178939 -1.0515920033105235
6.675929347872013 -1.9386257607260287
8.650536573880688 -0.7484564918588469
8.421382555937 -0.7250224826240447
0.17005433179989465 -0.8947858727922846
17.92003294524179 -0.8630094367328459
0.7980553591794322 -0.23891609128737656
11.478579799118828 -1.3967360559268651
12.385795247458674 -1.2087641340321844
9.322694988544809 -1.0193615036998418
5.3554025438955595 -0.6397043848217511
8.02492621624889 -1.2628442246600453
3.88725871618818 -0.9508422662043545
4.088706772659482 -0.5515561573308767
17.68105439968 -3.074503101492841
16.981866248734633 -1.2255425531959148
10.743170474399685 -3.1853658865285635
6.688508559320791 -7.449307192931936
14.324504078246491 -1.05487281363903
8.700488111314472 -1.1388409261762038
0.9710050507043353 0.49496397785330404
19.092020439529918 -1.1245988836248724
6.989833826392315 -2.1011260712209907
7.289244092699266 -2.0544660776186014
15.537209846354221 0.4587044039486734
16.97917713714204 -2.8934661238913706
17.116019675389513 -0.6564030361996248
11.623386634080232 -2.294079324298939
5.112179245571474 -0.25829277133172623
3.692308806681489 -0.8358589386773271
1.119664857526239 -1.0551706903526012
7.477593718891761 -0.7267288984552284
17.39166590958397 -0.8160179257814467
3.971682919917539 -0.5810549664945694
19.25634243561807 -6.956317563129994
17.07614883773911 -1.258472483671091
0.8225546297943962 -1.2677316423375498
11.603880799217398 -1.0961603108935105
4.163536215705872 -0.2934668830007388
3.323351023158506 -1.2539191568740362
16.524938923154807 -0.6984438384022124
17.625032355007985 -2.8587710847277874
12.351365421227834 -1.2647063095887632
8.50139128209683 -1.0016808996926851
9.84791269880992 -3.7336553306031544
2.7252816482347044 -0.3916803944852652
7.249367925906137 -0.6913874468193946
1.480145795803175 -0.5709418244856297
9.739050046813254 -0.4886981539355922
13.544811915904802 -4.099615178420803
13.675984310937796 -1.3142074514278428
12.739030920000623 -1.66433462935995
14.938847684819084 -1.6414596096164007
15.078251658477983 -0.9289731110549005
2.753036601930953 -0.1744111862036006
18.814307144505968 -0.04996836023005249
2.5683695845746195 -0.09942008452488657
9.410396502668327 -0.7896295793782747
1.6734791537185856 -1.940036024402119
8.984571928362154 -0.9029659260327975
15.560546415914843 -1.6177742492705298
12.874001955075594 -0.6993273351194852
18.785280906381637 0.20293213362123935
6.606052308534924 -0.7892597737582032
15.70309648404516 -0.8040828379458682
8.291367122355183 -0.7528408483700995
2.489405700204446 -0.5269138944131455
4.568400133798554 -0.4707152778855901
9.423547512634102 2.219093600216082
17.600187135081644 -0.870024662767317
13.459140388584352 -0.38899636999253484
4.841255629103779 -1.108870008308007
5.748071662788806 -0.4683946647553423
7.134409720688287 -0.2532268647697764
14.59403388269699 -1.5276043946465558
15.667334281276679 -3.912493598520831
2.3047728306532775 -0.44792273216407463
13.545453310307762 -1.8553257710286495
10.585704974460684 -1.2567178860961479
9.927500495311602 -4.419844092948087
5.081174787035877 -1.0742367026203574
15.737215093163002 -1.5797615384734813
7.076475749440497 -1.6380994430775742
7.200104807566198 -0.8455679315177098
8.499015491894449 -1.1916065974071561
14.556137675526438 -1.501071215137603
17.34684782772521 -3.2507637015418105
7.4494539452023805 -1.2457622192768985
7.239701911872909 -0.7871670098065722
16.561361129299804 -2.0243264303385233
9.615080877903857 -5.367327636744098
5.653329952042425 -0.2922226146171087
0.028710346518894175 -1.76353838366583
15.233546557132065 -2.4169273119726706
1.4391567856316085 -1.81594064818805
13.38574972279903 -1.1930411113160087
17.357397392109657 -2.2082726001149484
12.487021646032554 -1.232401322669502
15.540372401232952 -3.811167737899211
3.082251978363564 -0.6391767163145324
13.35444155310719 -6.652787483512286
3.576923356254703 -0.2674396375743415
17.676933275938573 -1.2937048554054282
8.038998068782933 -0.5742978364717235
14.55746779475531 -3.4479457262803703
12.718797810566794 -1.2792873478944493
8.869007497910077 -6.3149927903132825
2.841558912552148 -0.328846876377781
8.64278632113156 -6.936140675813265
18.419778008374234 -2.6309631076836273
12.356806788418469 -5.339644433124895
13.5980408216301 0.5308207271216818
16.90691363062319 -5.139464485044389
13.909916606727839 -2.6369310074141192
12.201611385856099 -2.2149851925737964
14.373095869066336 -1.4811383940625615
15.5652440188323 -1.4026501766981365
9.378714223168295 -1.273089463067556
13.621049169482516 -2.6374097246517976
2.882212502441042 -0.4469900797881008
3.129850302977288 -1.1101154319403579
11.401436872453864 -1.3316759963100115
12.013933756683508 -4.107673059713339
13.267156113710644 -2.3315476974892797
6.370811570247859 -1.2544364100165215
0.799025779032301 -1.0114289017649984
8.932937154223938 -3.225734498304437
3.723875908915976 -0.14550023088686484
17.67866576042162 -1.9593043570053745
1.1012387170887488 -0.1642618029086101
19.81773727255768 -6.33939050009442
11.900429469122614 -1.389507282747209
16.39533837239973 -3.263147935957494
7.7037424451232885 -2.6677272184527316
19.642752763560686 -1.6411446761661397
7.066085502693359 -0.7423733752141763
9.120739658461403 -6.23119339923303
1.298847396723004 -0.5412165619852416
19.09524915548675 -2.766153162491741
5.3051748951883715 -0.463452526754724
13.089907756134417 -4.693874335024972
14.617573598500414 -1.6789452687442104
11.56149098340494 -1.817713373348784
15.231126305887939 -1.114267928377641
8.770507105683196 -2.6996126237592004
14.391208310218254 -1.7144357252488007
14.180267789997933 -2.5525472694765914
17.231647595678503 -0.8961596753013655
14.277194304931513 -0.6430238203363032
10.18522107415662 -1.0601989957679443
6.4445611833880205 -0.3206074011487061
15.027706367517817 -0.769813558733012
5.6338020611327435 -7.403123836444126
14.868072070750275 -1.8081532664215527
18.7421761733613 -0.9789920427700571
18.5741204492018 0.11302327236978565
7.934400846749151 -0.9184102668909928
12.185542742345827 -1.648472642471419
17.09139501619834 -1.5206678578178563
15.021805652523177 -2.652889795602463
14.011441161871774 -1.591096083938281
10.159227016380758 -0.9475220166572031
9.744451181814455 -1.3985867323300014
18.63058740312291 -1.556668758888093
6.625325136043355 -7.653784824501526
15.102404495026766 -1.4844535564064991
19.335136356139436 -0.8030237610285202
4.8684802834544 -0.49471251725791643
17.5016958145053 -1.6342209922584783
17.330200401227227 -1.3940898248786069
19.177112911812287 -2.404678910944815
12.506576965431973 -0.6991503168988724
15.841747969157057 -3.8617079798660385
2.6757472070065353 0.3205696209717951
2.7582042171032986 -1.0178858330314666
4.646222411979105 -0.3271284453635799
17.825635467951116 -1.3425164994104355
2.9747590892924975 -0.21856042558052563
14.983502893641278 -5.457721820878604
10.398803585968212 -1.0732479512018775
11.113419662884327 -1.413936752181449
18.319737028697023 -0.7337376568963977
4.20792818142719 -0.6089725122600596
17.593394317667634 -1.8757284145370992
15.060805102868622 -4.287617906424832
7.9190260734833355 -1.5000600902064287
17.238236935172807 -2.3387588545861187
18.38967220200541 0.817145119078557
18.31059482297412 -1.7543749090264185
14.94524815106788 -1.8393945812874395
0.13546008262636214 -1.831987901740794
14.606563277509789 -1.5062403271260967
13.018957461951969 -2.0450218932720268
9.283273794388268 0.8792833279752453
0.5342526981774923 -2.7722382594705226
1.8306103418695414 3.230972216845991
9.292981894137156 -2.5730478628633318
1.066554605726512 -0.41261878623011805
11.649547871106945 -5.55532069588033
5.106284379142705 -0.546190353160012
12.878033074105165 -3.5868098236260058
9.254358604963338 0.10088012447499464
0.9317737051913929 -2.194561415071054
19.783755056614403 -0.4017244242977247
13.137875456832147 -2.0253238569843495
12.47146506481992 -0.47443325611021037
12.889413066608867 -3.0154060982604682
6.848686879274729 -0.2738087789386956
3.904820033065973 -7.308011529923084
16.4688623421822 0.8791990312423138
13.77761360801543 -6.411177700996249
6.421362323566919 -0.373035979619058
16.005806201286106 -1.2262903209559
3.3524965677631537 0.633916354746364
18.46138504221504 -6.5341329901418765
14.051277784344085 0.4864998770988692
11.410819543082074 -1.2013790157459416
1.4481098831818895 -0.7197516667949313
2.1094683436015105 -0.37053957667542825
9.15570193619476 -1.12087707332255
19.328048514110478 -1.8080982616110528
12.17251437623186 -0.909155954068424
11.430826698328111 -0.9413087751633011
6.397693918505402 -0.5040702180610843
11.106939548687812 -0.14357920800563084
6.244353593561909 -0.969775681819387
13.70413856710918 -1.3083487215283336
19.38829804358774 -0.8992476669591383
9.356683988101773 -0.9054176038086941
9.460524278368942 -1.1310566620487137
10.362380126727258 -0.9160848942557451
2.1340867549345512 -0.3110107953032475
14.970276470034312 -2.545106629771008
16.723553148425562 -0.9090118223690193
9.54373353452978 0.649245707713372
13.467486206577872 -0.809093634992248
1.2484815623273495 -1.1815866347341923
8.395634777789901 2.1287852388114024
6.174885141684552 -0.6189225725645023
5.523067336223833 -0.4007154911796237
14.344840040118868 -2.350713062965688
7.3275371390866555 -0.7095958187359755
12.363628364952689 -4.785233793594378
4.1145148719442615 -0.25823217054489195
9.37518075283243 -1.0502353336641097
5.5306881916615325 0.16263783059949452
5.84549076474599 -0.7893613672673856
19.6402151658809 -0.7523451121573242
1.5470342810017728 -0.9310543617146616
9.421600781253094 -0.30291841646073964
12.905533545290458 -1.763302174656985
3.811660482744427 -0.14270278452821736
7.385144727353524 -0.38489548513320804
12.663247256822807 -0.8487409793189661
8.474557615209827 -2.12139551742718
1.3125860725608713 -0.20219318695309185
7.67919022132057 -0.812797649278722
0.036660287672033 -2.495025981488231
11.539680477723245 -0.6735419417783013
13.048910653278613 -1.5408536818670928
12.905248219887401 0.8086582158387895
2.82040648483564 -1.2034229510857548
8.497602857250651 -1.1502440132863971
1.3628198872477197 -0.7791717729606087
19.573888111072794 -0.6480713392767399
4.13564855410798 -0.42521165293742796
13.745728308885752 -1.5607278193272927
9.618465571467862 -1.4393984416728531
6.723505995853741 -0.5576273883519016
17.802551832530987 -5.627392701180075
11.958221979569252 -1.3022047996486497
12.382744692392052 -2.3180663178723164
12.263170817985753 -1.0900972234567934
8.312383894840398 -0.2778927155023487
15.41115834171313 -1.4685767745267972
8.998234412193941 -2.1349000000116125
9.706702231758603 -0.8731888662821706
18.258556374393137 -0.6319182154202294
0.7933323354853579 -1.2263866798107819
12.27282523607771 -0.46886149615530426
15.014482278495903 -1.4521638528266632
13.459486825381259 -1.330823327473462
13.607668907951833 -1.6052444188544026
3.9666478917807244 0.8852698246835706
15.082346241963617 -1.5929348611000174
14.941517341043436 -1.2710003093295719
18.083693652934304 -1.2161586844549384
8.857052880702646 -0.8681555725528274
3.6745786810428833 -0.6624354359175771
12.198248443502733 -1.0177119782405082
16.543366225287908 -1.6484698220882064
2.1150674220632806 -0.7015316714916916
8.073372855015585 -0.5174572737032652
7.250478083357954 -1.2414747225448222
2.2918748768928494 -0.7784499822795984
3.7787449595475393 -0.5878342934618397
16.41551729884595 -0.9866873001215762
17.517862548056407 -0.8090109089698571
14.848423870975221 -1.5825642912572635
14.468418706051848 -1.4292271426371257
1.2347402302849892 -0.8421600156032202
0.8289744713395711 -0.9314325808178213
17.398739386660154 -0.1809954548167894
18.427783898211228 -1.0179836054424047
17.00375063419527 -0.91552254688895
5.057673714918886 -0.7072274015232559
11.438241756149738 -1.396758951617219
1.447014929566487 -0.9144680812092134
15.963883869756275 -1.0307746840296141
10.978458198706392 -0.7878870463702398
5.315923395880379 -0.4700295951980709
7.201927887405851 0.40574742738145625
17.490166116333157 -2.7447185167059214
16.13988121537801 -1.097311044474595
0.23700239994084105 -0.5041338610948786
2.7044401069294555 -0.1628526146542377
3.884911529015898 -0.5952674315845361
10.87403786640987 -1.2805442283855015
9.81463746314385 -1.508472246151574
10.162294715757128 -1.1047918792237925
5.217716073652424 -0.3645920893542813
8.218274725554695 -0.5463286182275392
5.218096149780695 -0.9587416910558937
17.095579965007044 -1.029945064765335
15.82293985791836 -0.648796954477467
14.515812837514781 -1.1505457479928567
16.912767119811093 -0.9878287438669214
13.741960418105961 -1.6410495616022587
8.83888961979061 -1.2518680070019834
7.07826771862443 2.2288183033557596
1.6901256375443363 -2.6023243596779335
14.600907412366169 -1.7353069218210797
9.099527026549298 -0.7038471053330897
19.448685481169317 -0.9200325868758744
12.898432702109355 -1.1808243928876474
10.20357348792159 -2.6997363251832707
17.801418153012428 -0.9948051984927545
0.36498250904184254 -0.7393672078066962
9.70344243126642 -1.1768055575047485
17.92863147262029 0.5766785762242033
11.206596829302997 -1.1374253638704765
7.292072441686123 0.10219130214987392
2.574281961928963 -0.3440366230074896
1.9488593536618994 -0.8221593488051803
15.409642203527188 -2.708630583266301
12.269661278607062 -0.06843123812752495
8.65415029263264 -0.5305034541190524
3.682545221463654 -0.5698123620236978
15.91162657402872 -3.4034041297985476
18.856709836501214 -0.30774679110838055
11.793940879729622 -2.0951003369377257
12.951982561534725 -1.4457872792227697
3.7344034545768405 -6.696969080350067
9.904832690869567 -3.5604715990695683
14.052930494486514 -2.4003233099217827
12.80644399245369 -1.0779791437771953
13.397548000358398 -1.9686135950262014
19.104821320794276 -2.457456162980186
7.242559676458672 -0.9036040981298307
7.964319929442284 -0.46479397906111863
15.421042117170858 -3.12612646342291
15.724276659606913 -0.5060262916499298
12.858759309334074 -1.942077021023352
5.118400083930376 -0.507919836851424
9.340249213992388 -1.4342772528590266
10.164727064895056 -0.9681455152646867
6.340000467442764 -2.010477522362648
11.068423099640096 -1.0387892796265779
6.0417675033659926 -0.29683858032119015
13.649648910986718 -1.4317050594302603
6.411430062579252 -0.15219054796379472
5.002815603286716 -0.5448890399638632
14.105274848307207 -1.230426049457046
0.5712714936440411 0.11073847851813848
16.979567087605886 -1.5953570905648253
5.11613826790706 -0.6424379683089888
12.644541128654552 -0.9873799675084759
14.86147724877133 -1.6118581195346955
2.164001437669334 -0.6871735217584717
3.3217693516338853 -0.38502827698484776
2.4168688584623763 -0.15992414997817145
10.790127645386132 -0.755394235862978
12.867728217469837 -1.1995389583922795
19.582368260309707 -0.8549209491567011
2.96392479523527 -0.17543415833191006
19.50780560893541 -0.5666804260199066
2.2761359730867925 -0.521503418719499
7.728988754688962 -0.2427044780869685
4.129109968660198 -1.495064782981471
17.913202016702627 -1.004155974898286
7.81074909887691 -0.2012651648812418
9.438509368655726 -0.7452736383578097
8.758087396203932 -1.2349238221593197
6.390758800525946 1.4994831045300052
10.275048432288498 -1.0178174671988958
19.350252570136515 -1.526745793446471
10.983542274429654 -0.05737720742086158
4.228645736793128 -0.8900314355647942
5.45158028348272 -0.3209240168164865
3.804836848709532 -0.6652837825826472
10.80097385423548 -0.8662647385266042
6.1155529944078335 -0.36486246361590147
13.426765579023238 -1.8723260737480123
16.558851454473018 -1.5164339476437212
16.566691166424196 -0.8033710449981466
16.110784585251277 -1.62558604311804
0.5537614245783646 -0.5787027847887254
5.763892920603052 -0.7372417678286594
12.375575714000169 -0.7930185108680476
14.270444117133172 -0.41509804142162693
15.854164828584041 -1.1875894605085309
3.6532396222735897 -0.37246747251418955
5.2371491409071185 -0.42273315532300243
10.272553513772124 -1.0795472764649816
7.920595052692286 0.6564765234684098
14.484458793608619 -0.8800919307722149
13.447548860219218 -1.3329521790011405
5.137457781793138 -0.6045492135948821
16.636602248673526 -1.614582002094324
12.973600442234828 -1.5987874008691623
14.569153656622406 -1.7015777983800058
11.934356947785291 -1.6226420673310908
9.661727543452818 -0.9022958557130661
8.746709525843926 -0.584817837793771
13.89271860376837 -2.263241265718488
13.380962822598354 -1.0441254531856863
12.954533085827816 -2.322586773214351
16.148386817508854 -1.3977544718638106
11.28300856640585 -0.9956809177812417
15.366842464449 1.175271544314693
17.178344464736355 -1.1827436180157664
13.752332354034623 -1.8452234848457385
10.233718221828292 0.5639268569149765
2.8997531055385624 -1.024861374342945
17.342341059837956 -1.433098725654431
17.790938461961826 -0.8609994160332558
19.466684475165547 -0.7717280999777248
12.097453117124024 -0.5655867390473065
7.794002289670246 -1.6059143247490721
10.057215682885627 -1.2647408967314957
13.312712085445497 -2.9799499069848485
7.7908248418719275 -0.8267589787324181
1.5921697492873346 -6.498898039512509
5.725336405265832 -0.0639067387998222
17.695569933694344 -2.026357954839666
9.036755741506841 -1.3320823571839493
3.6380618026187186 -0.48393704877237365
18.980064369554086 -0.24082326436957951
16.34904084666812 -5.833243676417047
13.020451102632096 -2.0136763763008516
6.337774043538848 -0.39278621378476136
6.383515021672429 0.2914861492833378
13.718056452681038 -1.788380381129484
0.8065339735495667 0.15360675562083367
14.540185625944288 -2.461828864184852
19.149399295162507 -0.681082408068097
15.60181812055899 -1.0669861013769073
7.577497880215466 -0.33259921164131
17.527869652308848 -1.3024492414030577
18.32248416270974 -0.5012368701377792
4.091667033477198 -0.33624184200717194
1.7885106860972413 -0.03763417884577254
5.956784036126149 -0.33248475168643943
18.330469852314668 -0.694711509103906
12.353305993695237 -1.7857733890512166
6.2056314695888375 -0.2833554790585424
1.5026130490249938 -0.5295788942725139
10.247731400875118 -1.1283794013104638
13.00924875080203 -1.4488853212785309
14.900959511504633 -1.3289516842676588
9.409319627266536 -1.394151415224403
7.17790030294196 -0.24310311343260782
16.666008331234107 -0.9909614427685218
16.303302209593987 -0.49525490829116015
17.18778124149359 -1.1889920147914608
2.891748534084354 -0.5300886829417368
17.564262423917437 -0.83748671239861
4.3304595057062 -1.4536520428246265
6.459662462196261 -0.4685796551652823
17.548682067889395 -0.5460844169095719
2.9748227543883443 1.402928294745605
12.884023001496281 -1.7613722880634086
1.2718803931765914 -0.7290614423571089
8.886638188861896 -0.405940487934649
9.275840829486723 -1.3919084676001878
14.445626382336506 -2.198129516027228
12.825198176538164 1.3071126099307306
9.321306544620747 -1.426272384762407
10.019789256798711 0.2518878521098746
6.948806987913133 1.615124813227852
17.890652240873642 -0.6387420980328468
0.9090077713307977 0.72005029769375
1.0023169563988876 -0.010423880893739287
9.786491772314992 -0.6770436858610145
17.059441086818264 -2.5205985626554703
7.72034020884957 -0.687979378577792
10.996217587818066 -1.1605240324287762
18.628881901634895 -0.82864510472231
13.866067262965167 -1.3922108120154117
12.945066450254709 -1.8862532788079125
17.9176154216711 -0.8243393317288886
1.0776509536350032 -1.0439330611384996
11.94803712211071 -2.2205204899586075
16.71265041644525 -1.498853149697424
5.792070702545869 1.3825433905458457
12.074347358916736 -1.452580121821912
7.6903791897245375 1.6008669948372347
19.325154632987022 1.4526260879611574
8.600789531763642 -1.681562358649704
12.769672683712184 -1.8090578125828702
13.667626448187656 -1.168587966770236
18.948082104569668 0.35187530346843265
9.816193373462461 -0.35349932665169553
6.4470828457712575 -0.6196608486877206
8.618368418504547 -0.5161985593493893
17.858089289563573 -0.8766178353960705
16.609718600416972 -0.13264688609864347
15.746837544785647 -2.4045771808207728
10.085137955721375 -0.3644494568413423
11.840965255584159 0.8356985013647181
7.316011207348712 -0.5324287450106684
19.166879435415865 -0.9347692096900443
19.29510203524271 -0.8780808284305378
15.053910794036252 -0.8777011909875988
19.811908616554717 -1.0934991755296912
17.425725016698635 -0.5477583289536531
2.092921867577523 -0.19580728084846397
12.893062527065531 0.8162695106416474
6.523528332497304 0.2872403574589528
10.47603218709864 2.951029355035845
2.7865618112150075 -0.675202280953706
2.0770778171122646 -0.6900511332705231
19.80257579960894 0.0756289597239398
14.173244464319232 -1.0050462370399091
7.739130326249841 -0.6928210475931011
13.406330679858685 -0.3061093324338163
10.119947072392508 -1.2082313565620917
16.739089497055332 -0.1414512277111513
12.552249495832257 -2.8830499854904956
1.2442220836097182 -0.6089062997337014
16.03912532867333 -6.095959868909353
17.771474023912724 -1.0962930056195659
2.3477730208347554 -0.007731796365478216
10.645464926916583 -0.691955682525915
5.9681169657128 -1.2488139911250653
8.541225645875656 -0.5345696857966845
10.722611532502844 -5.475932265268983
11.362866116239235 1.4562596387252629
10.866147344130278 -3.7434605991579484
10.145526149822858 -1.4447979466723258
13.279493302886161 -2.732649904086232
0.5866960925461765 -0.7816068168688053
6.4130073584007805 -1.3341686211216979
13.777821942327947 -1.164628764777345
14.790947710705707 -2.7975124379953638
3.2013138277946744 -0.4335910596853785
12.438024456218455 -1.774122903119037
0.49996282586011476 -0.3239478861322806
7.420003678946862 -0.7566066819348788
11.273846010412845 -0.8891670916734914
17.32165889611171 1.9697288285521548
10.423650087372277 -0.7114123625457249
19.2767767841418 -5.784379037607928
18.688135905236358 -0.8287612638886264
10.310062864002484 -1.0920304338273112
18.20177502412292 -1.6817722310252194
0.036175980129425356 -2.1738522056196317
4.880431259561205 1.2448382653667318
9.808661986698482 0.23629207928482546
13.511445947051158 -1.0121808482481804
16.574844292740657 -1.9466283585967161
7.4937560342673315 1.6291359400402934
11.59116132181976 -2.425447825784564
17.012957519286058 1.7379971225683983
7.925133091121966 -3.434965832088723
17.94726353482794 -0.8217100624987009
11.406072246012041 -2.1410992457447726
12.110921823398481 -1.0553031975823863
14.85591056359715 -2.627071875995833
10.951013279894351 2.289252466910453
10.816836281341736 -1.193392455708736
7.330184317243489 0.36470139803573154
10.311066588806108 -1.3039098670825895
9.454604389628592 -0.45298194275019377
6.98764849975212 -0.5079360567086221
1.2521874276460763 -0.38946444936900776
11.598025559848379 -5.472773541829449
8.252737478873996 2.7534431642200223
6.916516386342934 -0.22278805496533985
5.30780134771004 3.046639949752525
12.318581743719408 -1.1061342581858247
5.640968673486107 0.2987992233410141
19.428388051417123 -0.779802547036524
16.006937851178822 1.7976217199769886
16.266211659848466 -1.4231055233591043
10.463860145372335 3.552548223256959
17.04936729992156 -1.27009576557491
19.738527128227304 1.329839232562115
5.09964700023469 -0.8885801611109144
16.297122758690424 0.280372900458699
17.396897623192597 -1.0735668091887702
15.334735901968454 -1.4531527789408991
3.4668448077983274 -1.2422542687561808
4.874773791635904 -1.1248729486384763
0.43479808653946406 -0.7678986538453135
6.558589621211022 2.910102573050458
14.893637235610386 -0.04886622936772765
4.857465745611612 3.4809962542032284
15.071698879211876 -2.9450735288194543
14.968441995101598 -1.0309736049167058
17.86610038597129 -1.1994499033567099
7.0227137709007055 -0.1949822938798163
12.69270629013589 -2.991574366012351
1.4411351237489538 1.3767260973475792
8.9544836133974 -0.7214994850591726
17.70038209437063 0.017933643188390774
3.707526733192658 -1.350341275426671
16.046154451882707 1.9355279235501235
11.596889472232725 -1.1467262254569441
14.114178967941983 0.34294347522680213
13.00895618380825 -0.7756091925508395
3.560252606148862 -0.4392594311083654
14.285142427684855 -2.5206085920307197
14.320041684214742 0.1956426913156326
5.6665728067200885 -0.09459205050234479
14.747592119416487 -0.8751537508106855
14.257912381352718 -3.2396362314816955
16.27834491800352 -0.3146264586830355
8.680215712388689 -0.280584421503778
9.452724611013055 -0.5535745529671466
14.45621837495534 -1.6026554872023016
12.223294651891347 1.6706098251487842
6.60832432603532 -0.9344719320946504
2.1170062128365688 -0.7998635943787834
17.916494152361075 -0.3647052304180082
19.24591791604726 0.12599683562630132
6.157950807240033 -0.3670760293712412
4.701205316194307 -0.4152942687709601
18.310930825738804 -0.5831587097849699
15.217512498896042 1.4371585853746038
10.113082594880215 -2.5911847650248765
18.51604881783235 -0.4959224103327149
16.09324201426728 -0.49447455493905307
17.71629788195042 -1.6705857602298586
12.090668518910812 -1.1746860227634246
1.472137467322818 -0.3691129501271164
7.434143246252322 -0.48402923025723765
18.22365154131183 2.54246549701874
3.311550734349583 -0.5085050729861214
16.51810907986076 -1.4332520990968396
15.521612818390985 -1.4765046215692124
13.55745743317088 -1.1650496925723766
5.653471492850378 -0.2912217377895507
6.678678760873017 -0.810453580878395
14.734151537743678 -1.9632659740170761
13.040149704463069 -0.9438809068354008
3.0077033654530974 -0.6770279869355291
17.55155501688206 -1.990416294662165
12.978606484964022 -1.4158235752562092
6.773223903177639 -0.36002858956960737
19.04233489026222 -0.9047158839930695
18.693564562848632 -0.3179452099557072
11.701577558947244 -1.5769577319822463
1.2139842812468908 -0.6500713018638938
11.018835761600164 -0.6002084408629365
19.862679715488166 -0.6694704238529672
6.232919537256139 -0.25183284583477134
3.5342466765814913 -0.723294879899342
15.62120208708148 -2.042706408177275
13.423503927238857 0.4858199754241652
2.0324997802896823 -0.5939883120314636
6.943032904596969 -0.4425650592031828
3.8399160878369765 -0.4048086201146036
18.7519914598651 -0.2516446393248861
19.100385529002804 -0.5347041694669482
9.24290583185161 -0.3758453859372279
11.949862509055226 -2.858579103795517
7.973064269702766 1.2384833387428686
11.661754520954165 -1.623116472238336
15.749177793964362 -0.7002870343886054
6.676460640305123 -0.4247791025844822
7.623618844244721 -0.5499055101912341
14.653388076957073 -1.3846001062253135
15.187377640518541 -1.516198463272339
0.03971058744286182 0.6822711164699726
12.770480899705078 -2.122307111263632
16.60258112014394 -1.285156022891157
13.02302797188619 -2.751790715599252
3.150112334643426 -0.6680050773169115
2.4633136276721697 0.49757426409979727
13.815013406707074 -1.8660481677704999
15.853811550554278 -1.3170910256429953
5.536754467515766 0.17513688162098856
9.501359781753361 -1.517038812574044
16.03018633054639 -1.0487196787254407
17.28085731278573 1.780003682542064
9.658078103548814 -1.2688350942795295
3.159815595186929 -0.9405382596760499
9.389802372360542 -1.0834037009793296
9.722868824573638 1.2630077362215628
15.057872904580986 -0.9184864355050176
19.983394716698136 -1.045307039539175
16.268393916149286 -1.7772023626412712
14.641847804766467 -0.553072787787979
9.91901149918255 -1.0433695360558517
17.8523327325682 -0.4736743904071362
9.06204069264365 -1.973554158732164
18.409927782605816 -0.0780377967344319
11.551592862100618 -0.5721999169993237
4.378002473025893 0.006215105382953445
10.073595096360657 -0.7857953631046604
9.87256722346544 2.744480788361934
18.90839905917019 0.4580740920987628
6.950836979773903 -0.24488475734658818
13.945336057010698 -6.106993535259807
8.1122384615019 -0.3128131470423223
1.3332592409470991 -0.10538101132576304
6.671462179505627 0.08815497998956415
14.33187830519665 -1.1471422683836323
2.6174425606374143 -0.412313983249618
17.09960732609874 -1.05157895668296
17.23964544891592 -6.219734890164127
0.9119477248576381 -0.3717739822416989
14.405327953224226 -1.3615943855198733
13.418748505524746 -2.8271406363892266
15.241468894923486 -1.6882736331827959
3.1215912115385445 -0.6878389611707595
16.78442491901658 0.3434976096509085
18.67090600324728 -0.32867531579828224
0.37266793744000903 -0.4477772178980869
1.5189740581571203 -0.5900874954109572
13.402740062579007 -0.6055957584848408
17.07958321581956 0.6137413231059041
10.890325005601369 -0.9631468496577803
15.355249428996515 -1.5310627768593037
15.650546636994218 -0.8585622234581356
4.061857933572206 -0.9059262044963345
10.290396955416613 -0.9601683087550883
2.1786641079243507 -0.8343157145371104
3.194571609016394 -0.7103461961363857
4.630660015563721 -0.1617928250311856
19.116869975048694 -0.9092066443915329
13.615728789726672 -1.9231614555660257
4.779156237034315 0.5165736430240006
15.38132684775816 2.2437140920630987
0.032364988985886356 0.7075777191505872
18.12712536130494 -0.5742634860908199
19.20423973603406 -1.0679626043426427
16.599415538275426 -2.2561668751080184
7.183138981686722 -0.18549241018857565
12.734161822069188 -0.7170711611390926
11.834524899984833 1.4538297641672173
5.375370634766639 -0.2173940658569452
18.941508867828453 -0.7322894105091172
16.823114805454882 -1.805947571966791
11.817374663023427 -1.5087358208449604
3.540467558838429 0.10117724226399298
17.17528770552412 -1.6253781503455411
15.969780413401688 -1.3500184213151225
7.7454479910448635 -0.5293558662063675
7.226631637425036 -0.7155524021408683
14.814149384149344 -4.257866977912766
6.99574542477061 -0.6511163119090189
3.352134341718163 -1.0210448315212437
4.0025690860026035 -0.3059956787468136
12.683131147364913 -1.633402258160001
9.950241882569504 1.7165547126461569
5.070572387420188 -7.562098531369265
16.26477614373479 -1.106087479522432
13.794979609838151 -1.6312430288063609
12.656452682881222 -1.4471998770358891
13.035248719866352 -1.3335905448441403
18.609990405407334 -0.3274082243976886
14.308218605422853 1.000207196915777
19.981784846667676 -1.1236813131975147
17.50929263810917 -0.15250500279097287
13.632584347939261 -1.3954145800531221
19.125690604316326 -0.8573020291791166
10.739834707773879 -1.0277916872800474
11.558614627808744 -1.050578633624642
2.4105215173743972 -0.45250382359572683
12.583893452355616 -1.5541402212625473
14.833300451595015 -0.6920535002818189
6.8921707595805835 0.061558863005175934
4.284262544902356 -0.511339117044479
8.607508068677967 -0.13593447126474195
4.111806485636476 0.6092553003108716
15.313696622786779 -0.9037702137553417
18.196244051645014 0.023705163323875247
17.653341966935105 -0.0899732159331452
11.815294782308428 -0.8565065082390969
5.328051441539379 -0.3757026076507735
7.5116256555460055 1.4989279676691656
5.825235807596617 -0.14887295156601688
2.7068558048803832 -0.2755554891835359
13.320554061892457 -0.7160566035409021
12.775453325062287 1.3606501716545019
1.4412907869487552 -0.5429057064950671
3.418665874045604 -0.2361241218812956
19.513728260685124 -0.9187641643264857
7.568005736041859 -0.5204966262460807
1.9224097602817793 0.3487278689393553
17.180531114683237 1.9626330762901596
13.224331478747638 -4.275017662288964
10.073962682714692 0.7456750794918884
11.122845142340168 -2.71962146032997
0.09092014135701604 -0.5489869731890851
15.460511349190314 -3.071285607191366
13.427034440655524 -0.9319081371778983
16.275101306717648 -3.109257155924591
11.66230151449249 -1.352628644645753
2.161619200198924 -0.24360687694265762
18.239723212823446 -0.04525612024311715
11.830735394041785 -0.7189738287135817
17.03611712692735 -1.0514248018399774
0.5266611810101847 0.4478200888057684
7.017091388987812 0.9385897636074936
6.301454346420744 -0.47646810888514374
14.891456420625213 0.4112820023356527
5.570731310015943 -0.5383829297482323
12.106445423481114 -0.6538153877553914
16.091404802404195 -0.6884791568514916
4.980919443099466 -0.029620949287693682
2.015311691459131 0.21690707668320527
7.770523368066764 -0.4482866422218009
0.7468243307100232 -0.30826318742446274
0.09642596627266799 -0.785894685079434
16.15902267329857 -0.16928324193762148
17.213238300748735 -0.6025707004365967
18.733771266100113 1.511699587069049
16.77140825165112 -1.1238893933189213
15.31310603372153 -0.7636088574916884
8.426775566024643 -0.3276211037897383
5.8204665692175235 0.40990063161939655
15.624118195487872 -1.2267355362107464
6.501538032629287 2.1136041208073255
14.283629281875891 0.9868820664845414
6.700624691524393 0.645769211606398
6.738128660173451 2.763186989635032
12.249505455808984 -1.2922698017129053
0.5494094664167243 -0.3880755008195952
15.034678249669208 -2.0146617442745893
7.785040407462246 -0.44835668401505724
0.07107432145255851 -1.2052095530907276
9.130761925514529 -0.2605058505952121
12.790243405533023 -1.1047280500760641
12.835843808707358 -0.9282679340441985
19.887857899840768 0.45798476387426357
18.30399704629412 -0.7761935948008893
18.170893972759625 -0.16092167085431755
19.5580628111105 -1.0501232083263319
11.091391628714593 -1.01085047991838
12.018570985972651 -1.0363190688310358
15.977107421025536 1.7510024506842465
13.973835360250368 1.304953141200964
15.900586389930211 -1.2775445995129877
1.6106145836656254 -0.4865825288437249
9.523311116033982 3.6616666557825432
10.359668611992841 -1.1836502420314718
2.9486559467838074 0.7278947989903058
1.6289640503033287 2.761705019666451
2.222815947198371 -0.48741908493521635
0.9831420223386249 0.1491778354138269
2.1902182219899045 3.435622184677104
6.596051948547728 1.9411034608985553
0.6510812249986767 -0.5503434687974724
11.433241630678546 -1.222123030788302
2.6730781146768567 0.018804117179482868
12.33435067168628 0.2361986964270709
4.35061519687686 -0.707595004246487
16.728263193041734 0.15661519646300529
8.693600533052162 2.809091457339044
12.795508412380798 -0.6331944656282668
12.327331465868651 -0.9755335844929882
9.174229468410202 1.0486071483018142
15.142996727638659 -1.1204212242493112
6.395051085833824 0.5443687382887684
11.16244649716395 3.2931924677170934
0.9044835983668074 1.1871794861419038
16.66743632256581 0.8762121725788833
3.2450322790484005 -0.6318673819393816
11.856245549572787 0.26848541533268555
2.956813568489123 -0.7244225458751561
15.205690071983266 -0.11097270269634184
12.465005595390057 -0.008443595411701824
18.217811513471027 -1.417406998473795
18.066371745502455 0.5576168515385383
6.150841837501803 0.3491177495085409
1.7603023982185206 1.6788427257911198
13.54209976471121 -3.898363897403983
19.00088879790842 -0.5116895663213257
10.196112613909882 0.08052525738783792
0.43078623698319995 -1.0726942484239563
19.00186575444755 -0.4949399745596185
12.259128786961956 -0.6060574823905414
11.552188903052517 -2.342672788659823
1.0370928790005296 -0.5088779719865004
17.192081475254167 -1.5252361154519634
16.57289558432098 -0.8096944569512332
0.812211928209913 -0.7802806977051282
16.869851782169455 -0.677548247425485
14.402792508880662 -4.3353566365835405
4.071157779423279 -0.42487717284872756
17.07158646660388 -2.32554078389184
15.144667204933482 -0.7825839625077915
13.582041065001656 -1.1914733969707494
1.1859495391285162 0.5374208459883145
16.85263510955136 -6.130274886095215
2.83690935043285 -1.3963223217139582
1.14804094273398 -1.0066920660477208
3.500671051303906 -0.6153668629169754
17.544322157377554 -1.4163999698225098
0.8072519200786762 0.329151149359533
8.860825651810659 -0.8738762678513701
19.730996692501847 -0.7784689911656617
18.90435659826207 -5.491476910065226
2.4958475724585933 -0.7986754551672672
19.52823831533462 -0.774569186460234
0.44177846456491204 -0.9022846487171269
0.049633836701787004 1.983349740410988
11.285887815884735 -2.1996389099587494
5.764744497349234 -0.45268582113797073
7.011839582553297 -0.6759599723861351
16.853043099111424 1.1053718311176457
14.355010702304098 -1.2708886856920436
3.5550348388786346 0.6139621603810044
5.524956889867397 -0.3920667610758769
11.453041453217901 -0.4511644866651536
18.86364093099116 -0.4637071787382194
11.046099419603753 -0.04192841205152209
17.290390637400048 -0.5321096082092088
10.328325412905382 0.2420689697271024
19.05061935158322 -0.8711358181844236
18.384892706750705 1.1696673416426582
5.069293318887722 0.9479805332272404
4.111222246811366 0.7782909043999384
12.587496584464162 1.2421788031249898
15.428188526808674 -2.830452750592859
13.474609770657379 -1.05465390667642
0.21532186669294795 0.7867979559225503
19.117367789769244 -0.6674545552343168
19.305112594689938 0.8041611107882661
18.26467960776317 0.5892010025048203
11.081020290770741 -0.26904685382229526
5.565437641269032 -0.18497404723526517
19.1837110417407 -0.5675131871758757
4.454260126837677 1.0979693483687294
1.3321889418240596 -0.4954139334331386
5.076408553500088 0.841284037508061
11.210325272678368 -0.6865566377730709
12.16646275748293 -1.2617792655231272
10.214892754060482 1.4211253184872463
10.055290831757482 -1.2625213038158358
5.158764669861429 0.09244906901376168
8.329371674474094 0.37611505543571455
10.95428474221818 -0.13029168467467903
7.496513641343857 0.8735731953094761
16.22140996329204 1.1040901363785236
3.789562045493415 0.0844586216812318
13.825616702881089 -0.5152498221670503
1.3884147591788876 -0.31605697247354647
17.38864475692927 0.7720388673416892
12.21661278325338 -0.8951765450525047
17.144646610707582 -0.9185486997405116
3.4423421252844153 -0.20657431441054533
12.242196097714299 -0.21064026157804305
19.066932853805643 -0.6359983486241282
11.233448053936211 1.5571425904512572
17.524406987404774 -0.9643885380622644
9.849746715361086 -0.28867184996964196
17.56765464830467 -0.14747038465373583
10.221296783029517 -1.1277160182353927
7.998400189879028 -0.8067122296666418
7.537708920318841 2.9623934852317495
1.7923550980010756 -0.28366459817369866
10.736850074749846 2.8426732295406674
0.6061751926287262 -0.6703394223856702
7.40488077939101 -0.5945768466536716
4.481850738628021 0.6030250351794687
15.850721048740667 -0.23867740471452012
14.859957728609627 0.834429080509875
2.5187263202124544 -0.07844784754052175
19.937971440696018 -0.4963052779910384
2.360089339465726 1.1682400716129668
11.411820300272787 -0.900700290932824
18.46636009990743 -0.7026116184028284
14.200986690570076 0.9992301801462867
6.40933780874845 -0.605617550878544
10.190360964704396 1.2562942014796654
17.83862215439229 -0.5475450629129534
0.3217854294887903 -1.1105606053854247
0.27287010441558646 1.2581837360097534
18.513187354855386 -1.1761328987815656
11.81007385003298 2.19545787147195
16.713986106173397 -0.9092841586905898
2.3679111331305633 1.3970878196810124
14.355317373570063 -1.637189997890346
11.135041057119839 -0.3020729937477454
2.0892691606593687 -0.5091542864075674
3.1937192456723036 0.3497621235672587
15.568017877988462 -1.3419896073077604
8.761606090018347 0.9103534259994056
12.745661534075506 -1.1723092721207589
4.710429921141908 0.5767113135712582
9.895770721986333 0.8166231415830515
6.961969911388601 -0.28809498725285143
2.98798301968016 -0.45468721724786376
18.108508078470543 -0.4699095687897462
2.634748688217723 -0.6525317673696094
4.7082646981355865 -0.31677473198282435
16.259874078141976 -1.4059181664278124
16.55186693120827 -0.9867961913722627
8.935190702046555 0.20439897600862544
6.936426002035501 0.8936933677991501
5.05249420435799 2.845422442594144
12.520566446010577 -0.8664058879276656
13.527359416281257 1.036509786236813
8.532685136334402 -0.783346993631923
1.6350167984975217 -1.8013633445577595
5.914548174908411 0.013904823146261569
2.0906929739510063 0.9756469380504712
13.521666691879009 -1.3441782652679772
5.701203228756217 -0.3875308249807074
7.74261249189809 -0.6144031726562651
6.245305387282399 -0.6019690848867463
18.630043833122095 -0.7294637099786045
7.5351094704970745 0.36091139058787747
14.44211088652267 -0.997030019223429
16.997594138228962 -0.8329552606893812
3.1376489919371156 -0.45157305589930247
14.863520227711843 -1.2749616424197288
9.880310502564475 -0.8286413689046549
6.310406904936094 0.2439368365239517
18.862500560401788 1.1076473671839602
8.869659883396693 -0.6339603058627973
12.973937150220854 -0.46903842278443264
17.12845951571115 -0.6313372506496137
7.4427772910209935 -0.6378237293873895
14.75796803810881 -1.2565006991712355
7.985869177763178 -0.13728303903512448
8.820115840245519 0.7643340730353808
14.423469057088823 -0.3013722305947404
13.543940054248479 -0.5963897931728662
13.366620092315836 -1.2479827898414586
3.156646946504371 -0.5967582741717596
10.876601510802045 -0.6316324456910785
14.04278420650065 0.3891184380995112
11.493294177291325 -2.141272035481268
5.573787420371593 0.014741897028631323
10.679296888400101 -0.6312086567333072
9.625461329560979 -1.2181064819360228
1.1974741639655007 -0.06059621420077774
0.07760714814969942 -0.7374293885816822
19.085220098771508 -0.09891947249719431
1.9596204119960936 -0.25203061985499586
17.74287489317633 0.29569134944970765
7.299720154309883 0.9069338404696139
12.939530499482826 -1.2745319729046518
10.409902352794314 0.6552840452455613
17.323296715937254 -0.7760197684733215
9.989505463062232 -0.6788094042689042
10.19270585300517 -0.9594826823760223
7.328725938947201 0.9071765200620834
14.802277068562502 -2.428691862543823
5.194859626860211 -0.2979437388736032
13.743952286326806 -0.9436556713512314
11.095411232698597 -1.1754646672931957
4.287402227409026 -0.23135894331393747
13.425974960788622 -0.25947008827150114
4.87858743887977 1.076612851809521
8.549272835411639 -0.43477264767269785
2.1733831521537494 0.845617145983068
15.736736249892536 -0.966036739568906
1.9919426256758892 0.1810815554390372
13.978198876242072 -1.2165017860941876
19.15628371289311 0.2712490583022248
15.56698477032914 -1.660877638106455
10.954475662696117 -0.11376661930809098
6.765274860025064 0.3139207430702949
3.8273208795175626 0.004801755632555277
17.47233562052971 2.1985094053994185
16.892759492417753 1.783136407720671
15.224372384035481 -0.1396863235449361
8.730160931689706 1.5305186692345034
2.0004197632239236 -0.34770539152855495
14.901605735316195 0.7866283275244863
6.326556230310749 -0.17628496906842553
9.540360373423331 1.7497231112972316
9.018452269292533 1.802217042471333
17.630343196823404 -0.5530866685203276
11.531446432780388 -0.8159061264150759
18.09920689321401 -1.6681281403157424
9.822815940435541 -0.8872830154303494
2.0265297244210485 3.002066098499648
9.612472021971637 -1.2621457252298722
9.510163867950002 -0.3125566505343365
14.509176645752087 -1.2497053705183374
1.0758634285386235 -0.5846947931623627
2.4249905701014884 -0.062253660927974075
17.65872275959517 -0.5941808916065191
12.496947016702398 -0.9806414544186555
14.274019879263012 -2.0358329957830783
18.164021065387438 -5.3770188557773615
9.52521688404649 -1.243268879106388
1.5944708825972547 -0.889473152503639
1.7154075127718855 2.2609661906543566
0.8781805731296707 -0.7219899079897016
2.764749151699882 -0.26300965880613253
13.943607761981756 -1.8074060055544718
17.33505011814105 -0.4152682368709011
17.619239631974875 -0.3572621998570912
9.895573267869816 -2.154498519555704
1.696085147540318 -0.04543334562431994
14.607286605197377 -0.0844425752998282
10.766972701094 1.4032410981794092
9.832903349730412 -0.3986429922085561
8.259071766675579 1.3400204878774113
19.219351051355307 -0.574094179974589
9.937288526249072 0.7589360580003753
13.759130775313894 -0.6274793994549812
6.13968966619238 -0.558235408964802
8.761870840469 -0.3886316355411826
13.28698575463932 -1.1429694233869239
2.7306441840926277 0.3548575894832017
10.085903412463766 -0.9167388074397402
17.11237143732769 0.9377106312819161
1.2031067289102693 -0.32371409626948905
19.518349398550562 1.1406806506702367
3.2459841596276773 -0.31724881974968555
1.8055047718092951 -0.40031263481939855
15.100387301836914 -0.9652748327316879
11.219799151746779 -1.0027279854947206
14.635617530208663 -1.604739421840389
10.23575614017212 -1.7236000079816913
7.759357275945602 0.7686266271293124
4.871869813677568 1.3851315304808822
8.461033194551348 -0.8150457585787471
19.906282393384597 -0.7726239967669108
9.49334229678234 0.2672281402699341
13.396161495991446 1.724924567916101
13.124530508232562 -1.9218194280508971
13.387619202405993 -0.32843263730120215
9.02403688457719 1.2599685631484132
4.896827575131529 3.1643932830742276
16.565713574505498 1.6273395671362108
1.8978188393907829 3.3820777334044165
18.10740913031862 -0.4342321948612179
5.036794625648114 0.6325325302886184
16.7954844417519 0.14132329910749994
7.902206877952983 -0.6819744836972235
17.018239449542406 -0.8068303505359679
8.122262256095828 1.768866910825605
15.854133507539588 -1.1700768982619456
2.6497153284730217 1.2019788174040165
18.155458300284337 -0.9708211272644953
0.08718432733323522 -1.0003441859682918
4.7348104656849115 -0.6942281983822784
13.321784476480289 1.3246050438041037
6.810261496245216 0.46066316753406894
5.744229663073728 2.012810083865933
12.203808717981005 -0.7716393827113461
9.306532262668863 0.3574200750700829
17.294182709025723 -0.7498633471120112
1.130684446725476 -1.0481488280947628
3.2460595778682446 -0.4048696230441251
2.64174110519791 -0.27640961891897187
11.337589672410875 -0.9908192311618012
14.669540691406223 1.7244078258545201
8.857805306318342 -1.2766854601518214
15.99170407995769 -0.7593239902356703
2.9452850920902875 -1.6279983656004071
12.460082718111286 -1.252680365722512
4.42179985480558 -0.28902369045135534
4.777404812679509 -0.027406861821182016
15.08809922568745 -1.5182385657877975
17.95515621416677 -1.2247535258246773
18.114785649424686 -0.8008195750623651
18.08015618984756 -0.8656059802351602
7.000926371454838 -0.3830292241583578
12.612117525302853 -1.5926147025063304
15.06453734897772 -3.7126863594162303
3.2391973217480765 -0.6407194846885478
7.014375563950123 -0.5340026327167837
15.13554138267821 -1.5137526131088894
4.492846475887665 1.0659936542447448
0.7585230097665812 0.9526545738155556
12.860270613636972 -1.7489557588712594
14.195022273740936 -1.9156212159894088
15.225058508326882 -1.8285811120096496
12.776335407905593 -1.67106516573624
13.677034322576295 -1.8643582578498794
6.462702610829844 -2.4049409247311835
18.412731884335912 -0.3985599125830658
15.011982212214578 -2.9514660947775613
7.872356697551104 -1.869276399033796
1.176994875996629 -0.7690594506020626
6.867754051235952 -0.5273715524472368
19.28243462769121 -6.882996808396993
4.665361777755265 0.6925057121342167
6.910381726341884 -0.5400784199803119
15.554601866991938 0.668348316389405
16.862747109205102 -0.6386809549421246
5.560780452969202 -0.017610445411287062
10.549441730800222 -0.9878809378391592
8.736347395441292 -0.3164669748253195
13.187290030602885 -1.5678831585545172
5.987727297246382 -0.7872970188231451
8.656377247344853 -1.8560837778537356
4.99006510457864 -0.3707927088675563
3.8455046725228597 -0.6733350430770046
18.280936899306873 -0.8515188920483063
13.418078654062557 -0.8658147623331824
19.668464173591296 -0.7077590257469341
19.203898710535224 -1.0266167241371673
13.581373182379759 -0.9690919444791118
16.087435257538814 -1.1557474421380936
17.361385812353863 2.1429442993548813
9.869280408568024 -3.956108295358017
7.589839521957463 -0.8040613506052525
3.2660500921444977 -1.0262513351912117
1.3223035758030899 -0.7528480720023665
17.153304884020347 -3.6511127699027366
4.054357405512698 -1.5017005970671082
12.526160084084697 -1.925546059854947
4.48937373522515 1.1876969333293919
10.747655294088036 -0.8637318028453372
18.754390058584153 -0.48059204759417345
15.78131481424214 -2.7261908218480926
9.05988159757202 -0.6535197402341336
2.045784263686062 -0.866973365598153
4.085416986923003 -0.1143338175184625
2.129593038748471 -1.5554783490348167
3.398418560400382 -0.937762477380236
11.212365651008113 -5.432240842368433
16.379020205504897 1.488696354440198
4.450973052959463 -0.8743962055272557
13.745925892808998 0.3244588773894635
16.54814668865098 -3.3179243903812323
8.202475104399396 0.8644704196289767
0.24285302289506305 -6.779313089086827
19.228666675824183 -0.7425232597873616
18.473766166584117 -1.129945103012969
7.382337273896376 -0.45968336383582564
0.27790410955531475 -0.7277783739671864
8.673367021939459 -0.6437180094205947
7.949034179888399 -0.7542684141614329
17.97560676419426 2.0648360760002498
18.66485162932214 -1.491688379805459
13.274530634676884 2.3729240412291217
6.906328800710483 -0.7284761869928886
3.1894941277720914 1.0560487058793209
5.271613876729175 -1.4571382629323766
16.476551709006053 -0.8878265654289462
10.160728020137833 -5.218733296316894
7.109096144109661 -1.2480914807266736
4.359708913394287 -0.6077986133099177
17.637224502725797 -0.9085110128104442
15.438377583585165 -2.0865858731914795
13.459573733812343 3.378463735408655
0.9736191307318302 -1.1386159779069884
1.8481138018672667 1.4808248899200183
0.3978028652619913 -1.5027812757677332
6.914730366118125 0.06903270929694152
17.688664770128202 -1.0726396832513923
15.366411686189858 -0.8693777439023004
14.863306710561382 -1.5113274060489974
16.070174158372332 -1.0675167112083452
15.37837080545324 -1.3189874690626864
16.25610780179 -0.988294591271612
13.724562929557255 1.7241346921391714
17.948396816542147 -1.065893721831785
9.317116451729946 1.0112029902164428
18.03256944451582 -2.1396319292383232
6.65734775827309 -0.6049099496420574
2.9040938519417274 -0.6456003145543194
4.880115178423225 1.1021720876628294
17.277210095632075 -0.8512302131288608
1.3260569732791478 -1.5464806457179299
18.190444866827363 0.4993535292632417
7.822145216823104 2.9884107274294545
15.553094230311352 -1.5267235327501816
14.904879431849254 -1.8692965020902275
10.696177069869345 -1.4297929795239408
4.14204602762787 -0.9012070822101728
19.77982751849655 0.0010517542599440127
4.625509291495858 -0.4734828294725508
13.20063829697228 0.3437304815398874
17.32588347063895 -2.2226140409140944
5.740698920432837 -0.5488108983806081
15.568818875336971 -1.4936113373529183
14.07445533504526 -1.1629035675023565
0.6236752121288133 -1.0731479124240495
17.48317638429607 -0.5618861803568563
14.67610900111192 -1.9659292202919558
3.6958751455450805 -0.1292951566238881
9.402248781313316 -1.5155204449463482
2.7750420551559367 -1.4704338830033725
10.68189890930962 -3.099071530473453
19.9111184615703 -0.323079139740735
9.186312734482614 -1.099311905839835
0.7643185845288272 -0.1900803447075679
6.569470509063763 -1.049648177767915
10.383684400031852 -1.3674850522080702
8.306223379301525 -0.5735919415046301
15.892807776597353 -0.9358662105718889
18.278381076125953 -3.347830847610543
1.6179061847807266 -0.7282809173147793
16.555510856097218 -1.1606162145702674
19.7475438353608 -0.36271200616361643
18.755059022443632 -2.1637741813398637
7.3086992415407686 0.8537703728558004
10.00311591374231 -5.943256328433278
8.535740684647129 -1.7018757229819645
9.531218089793768 -2.347614843286688
13.439411679071911 -1.2350346335895124
16.47597081866335 -2.3632088365377126
5.898326620942297 -0.9191260799112801
19.511698814738473 -2.5924207883596764
14.94283175203081 -1.3741635259620404
12.419535480631755 -1.3476961831890821
14.14294112724371 -1.1210117014753354
17.523601738153108 -1.315508146794126
11.838103961653372 -7.151166300868466
8.956263124798463 -1.9843019221488323
13.648092134716167 -2.364218238811261
11.051385974001027 0.08533973958333825
5.139970328116107 -0.6809549262520209
6.013685549703845 -0.34949484278021103
15.579919923227925 -1.1320322677500778
9.354737702240675 -0.6641322144583637
12.207977240951504 -1.1218594990469553
4.647037810215532 -0.762313327588673
15.00950901787543 -1.5537158428149431
11.151546104251189 -1.2120071245398825
11.546530042314178 -1.8289221491173426
8.917943907384213 -0.6927115576272849
1.8170712173731491 -0.6680572905172201
2.3983926749377407 -0.49501133266936703
14.032233298411946 0.28414305254681227
9.85257002754861 -1.4288263286412446
10.663983177321303 -0.9841752591720855
2.4351988722535745 -7.291988416036941
3.6833437174588854 -0.4645867636385239
8.152099798055891 -2.337038355812307
18.531302617796985 0.6198449388346009
7.906353947668709 0.7983409152000316
2.877051644102103 -0.5098523792457862
8.027206969936143 -0.21517546456700753
13.535968477955816 -0.6521937968433892
7.872863134952119 -0.9277347836283316
7.412865786667024 -1.3855788251092909
17.397043869600694 -1.3153772895848663
8.860582910503325 -0.08474791205654887
9.543494703831858 -0.9857047429190129
15.646301846149733 0.383649511938909
10.015550468704983 -1.9398766318761214
4.355754512638138 -0.6937751734147092
11.643707559792876 -1.1103305186078585
11.955965169595327 -1.4542890563640674
10.194309534105262 -2.642537426141563
11.256011345355892 -1.276965560075466
15.702729245156716 -1.3428455029351738
8.902307032518108 -0.6868402230721709
4.613275528315831 -0.5516707317593984
14.565574157406799 -1.0316533207246148
10.190652364647596 -1.0633838846524302
18.434139783821507 -0.8246689565422718
2.3511943343114448 -0.49427918930444426
0.14383628879983856 -0.956005255823278
12.202814001695867 -2.10168262492498
12.592212754033932 -0.9423414600161265
6.938421395441417 -0.927700528664434
8.644032438412454 -1.6281134813258735
4.791599121203224 -0.6271786929145227
5.611278625919155 -0.5543806077113118
12.203237373788165 -1.668662160353662
4.4958221203776665 -0.12030981975848126
16.351094836405633 -3.030199136435885
15.328723095343905 -2.11811599400562
19.877598645624303 -0.8569014906369463
5.2446124595105115 0.5806261504615201
5.711628638357648 -0.3122992161559694
1.8223373567316656 -0.11194384140238897
8.722041465940043 -7.033006950924969
6.484228978345175 -0.6287254132147551
18.159187855159075 -1.4725805312317193
6.359447642041063 -0.2383335260358084
7.007147019668395 -1.1860644460490462
15.780264566040044 -1.4227743542923537
11.486200695145047 -1.0220904445734107
19.27236682285408 -2.478203267281764
9.609574373787765 -0.7911429675599297
17.78111830516806 -1.159485045150296
6.740413070483645 -1.243212481541855
14.073857951779988 -1.1728251021934957
14.96273837698509 -2.704928464260013
1.5852030115512108 -0.2661731613255425
5.915564854814743 -0.34731319287891227
15.287337450909277 -1.6076375113906423
16.169251723121143 -1.5578967508060857
7.04252024588641 -0.4202908650610267
11.425162399065284 -2.142464099921249
7.746415608308957 -0.6091144478285928
17.46598870253253 -2.9573186908859608
10.669040252364988 -0.48937012156851956
9.406166828251354 -1.1264984924684898
7.554273062231147 -0.7713567372557587
5.845312231911582 -0.7287736637322488
8.113180421347543 -0.5339214180019209
12.29123383600034 -2.9429002230100902
17.84078423258369 -1.2697880664118508
8.974525671195323 -1.511746811765709
9.135337988243066 -1.14725400040909
6.754163803324504 -0.45849347652788036
8.952960347009334 -0.6846373659918074
6.2308940703748386 -0.20770255350265973
5.0595737130498355 -0.6844414431093694
14.361376665831534 -1.2290146426592832
5.134600902486449 -0.58455415915364
11.2386049372838 -1.0870729154358967
5.05029889594852 -0.6969401138848851
0.7489772602392084 -0.18625118961044912
14.313481410742812 -1.8874143101170866
2.4935167832735736 -0.5457384192599721
15.595170714360888 -1.1042291540992957
12.578543540145068 -4.95886766952117
19.71374080247759 -1.155708469927268
16.898062927169786 -1.8400837994772288
9.544284623988217 -0.5724151051523848
12.59548824912847 -1.1490876786870665
3.691951999334986 -1.1766373943980044
19.78722698722776 -1.3721567255865754
12.588973026225121 -1.1821529034967748
16.422000082461835 -3.544002653860645
8.780467420227902 -0.4077040982621416
4.680000381811902 -1.6000104378209195
15.435255291823529 -0.3844826536861192
11.525744037844577 -2.347261710084384
13.374209794995718 -1.086064823629416
12.291615491520172 -2.565315689387631
7.201247013025833 -0.5747805792502665
4.295254899859337 -0.5369529529804618
5.75159875504606 -0.31393840122603156
15.160772257263929 -2.1536744874150067
10.780206067390735 -0.9472285479101401
2.9380446964624563 -0.5059444533831454
6.682702932510887 -0.2968163135445508
0.3406243846543098 -6.775931721347377
15.887863213677354 -1.011974398152136
12.533740140876052 -1.7924736024509251
10.028937771452359 0.21127085705364268
2.7206549947756464 -7.625556845409225
18.640767662971886 0.05477367692562046
14.828624735918126 1.5251769624326366
0.31044352851915785 -0.8662618280237769
13.89686397793347 -2.612846983823544
8.68430571804705 0.7860074443343394
11.122128223995515 -1.0676643483640305
9.078226902335215 -0.5558880078550509
15.394829501963448 -1.2316317961892254
14.908154510825513 -1.183933345142646
9.464271188716445 -1.1112862588720545
8.226740778905013 -0.13012491914459545
6.529762575605385 -7.514531569544573
17.943383846870052 -0.7020104528287904
18.57597708833429 -0.8455335898042169
0.9153830279649445 -0.425779529938185
11.50450163130247 -1.453183529905385
12.086674349052782 -1.191231545661789
6.857416301614437 -0.06736760050144416
6.744571396095189 -0.8549476140572787
0.4156546215997825 -0.694066029421161
10.37299421516187 -1.4089842311999334
6.2071166508742746 -0.2921725348146529
15.805023349910112 -0.3650513730883441
13.761078616817734 -0.6502690589584952
5.617062898650984 -0.3980731195867047
11.531078553829369 0.2719391624576512
10.248583960717053 0.3365076007313743
6.832367609262849 0.1264916851314119
1.9360557950705801 2.6352620382144862
2.7032481770537875 0.5759596019923479
