2.2012011580661435 -1.034853081218858
3.609621402401243 0.2380584892735749
19.768062147835725 -0.5617989810820243
16.305804257526297 -0.8267631876691189
4.514779205663615 1.6273193926104976
19.576103463271156 -0.08461974425082586
18.74095255958746 0.27427813559680475
16.03146665513071 0.4565835536704432
14.483286003601163 0.0859882940044435
12.029237490888221 0.437821124796605
8.182639980908924 -0.6339856388026188
5.367876547276645 -0.8287940353049196
0.934657584529954 0.49896124141398196
3.38997985732699 -0.9694938786830728
7.888975913542691 1.077930393601672
5.867214389822165 0.5576307722924267
17.923560337091057 2.782295971894936
4.029416968964056 0.39739352585509435
1.4546112483330826 -0.8495588900845369
6.677310308146141 3.2707766975774035
6.215711954028355 -0.8388211501710392
14.0426973748487 1.0921266966695489
15.123869414274438 -0.038761182309592634
6.190962962978134 -1.56838770559284
1.2260946591963084 -1.7078626192752022
2.649639537160466 -1.0022630806661155
9.533524039109512 -0.5539038927122134
7.9351542301625235 -0.8888740002355581
16.623126737574527 -1.0594055256906736
7.804888289222871 1.4843622118660134
14.368558995687712 -0.9082336138184771
8.502824633672146 -0.5832856912932392
5.690198843887693 -2.8955594300907754
8.232579103757587 -0.7123076593340193
17.307172937526474 -0.9000465011472872
14.354289940314105 0.9050910179737033
1.5435393141177345 -1.9011736464537656
4.133944630329697 0.4676482501581293
5.878020398597912 -1.3371773878270394
15.866954661433507 0.21065566785148665
12.13618683444908 -2.886064005356711
10.363692678822337 0.3624889438144256
9.96293719168773 -1.3581471696140608
17.09314337992256 2.6966855967332815
12.863869185320906 2.834496562577412
9.79109217297507 2.10053370211893
0.9549134474150891 -2.358949794149758
6.7487482976393025 2.0935502658912273
19.79966226272281 -1.8297828058220735
15.937712622585758 0.2668399342188767
5.547890057456442 -0.7043393656959736
7.0244443038959705 -0.6358431064711062
8.015201022229292 -0.9752739499556041
15.417495265880081 -0.787168494101998
16.35128014557921 -2.70961957955253
8.013120497495786 -0.2022182023961166
10.7674300462383 0.6235972179308145
10.563843980310299 0.4659984112963648
15.799638945867787 1.220525734521168
10.42634508058541 0.3938337309421783
14.872779080331316 -0.2244183194380063
10.352115142031652 0.3783526190163538
8.785561604452939 2.8242911933276487
6.600195854156771 -0.1177567731997093
9.005320635156924 -0.23618713838130162
3.340707024430934 1.5358505197067878
2.7322954893088 -0.84476492391874
0.11378650992479677 2.5354402880145988
19.964210427691818 2.438787957343089
1.6964140406229415 1.1503008723686783
6.869231764931199 2.9042706648702894
2.0688965696253097 -0.059634426737256455
3.2554350267891716 2.172695649051037
0.3090994130148515 1.8513422086452902
2.7161036737254154 -0.19541617473119308
6.020078714173167 0.36031467093312736
14.800331980950938 0.08026415338991255
0.46749760264965884 2.897892780705796
10.680249977718988 1.019252200766894
5.801093582513536 0.2918862378104618
7.167529790347495 -0.8312554055117738
11.209229074464858 2.2038260226568065
12.501013475474313 -0.09133494941945189
5.343980452381005 2.298891331187149
10.70073106939562 -0.14587613136318317
0.5697300820886931 0.38239211927724603
4.147408317054904 1.8917696488169313
6.42877767055968 -0.05292954941449337
6.126799959183918 -0.8644875147092331
8.412111075136416 3.52038493379712
9.142118026072177 -0.2985956570758509
8.326746592902701 0.07551551300396565
6.21638808080127 -0.8549136642487196
8.829355358267804 0.4888702453519115
18.379271729236308 -0.7383223659079803
8.243077917215496 2.5909438350804392
12.96061349257673 0.4700116150723066
11.491437554026543 0.2650726766074125
8.08852017276156 0.10725212658489086
10.270191301158293 0.04590702164470229
16.332611761644937 -0.5535278869822909
3.0208658384439273 -0.24029440510812056
16.592520563000964 -0.4878896183600593
0.087094346595101 -0.9082566469506929
14.720861249490381 -0.8872865235803057
12.3485951798043 -0.6808461712588821
1.4542443338591746 -2.1747543894967585
12.053396701259716 -2.0383041215271858
17.171015528010294 2.2774937270068185
18.02038047195696 -0.48159568678915776
17.31753967300222 -0.37644220930356054
12.446319842174395 -0.5932591346921419
4.695049957249614 -1.318092621858897
19.16750038490237 -2.088845987426697
12.576602143017691 2.391945042222932
14.136169392382536 -2.0988184162272083
17.672052523931242 -3.7004616868965696
19.776283503696018 -1.3465163299416878
14.847855349801037 0.5927430037518582
6.134259459639573 -1.5045495497957206
1.75064842630296 -0.7969863581510781
9.13631168314807 -0.9004742859802993
9.477194132976804 0.3391753239493596
6.461941416820144 -1.1828436220978025
2.6744415456404234 -0.9173143231984302
9.354091429686592 -0.6614834429743714
2.443815715501039 -1.3513729793943239
2.429882805371081 -0.1876289366975592
8.171057931408464 -0.6379199631696033
4.044143613910134 -1.204587104640502
17.87221714532098 -0.5750513997958289
2.4518348777807413 -1.708743000482525
6.116815411698702 -0.9423541074389906
9.350507869528057 -7.063821947315545
11.255311294511129 0.41257196072798286
15.24697450983448 -0.6794802037064678
1.7322839212802306 -0.6918057506353548
9.789698711493987 -0.4895745081544368
16.4560158736146 -0.35851375821520814
0.737507187123529 -2.1381604711882343
12.084836330417774 0.7807712561963203
4.2772045579063835 -2.3861514038897624
1.5687307229341536 -0.251187149247746
11.57014714339093 -0.3784153852965005
14.123743013487154 2.013447366677727
1.0568244923262489 -4.131756172288603
19.011355308108858 1.8336256059586655
3.026193348134073 -1.286148637831071
11.216916593338107 -0.42614262799672076
4.812176250084107 -1.976733813541692
11.612297368389667 -0.32591779772943336
3.944136498682568 -1.6539630922059352
13.830997075284584 2.505236063138425
1.3118344767859509 -1.872233285665874
15.043033106618106 2.5438520015600252
2.737408640870949 0.144182019356097
13.049542424668656 1.8021605210975031
7.940212295318181 -0.7570300211725599
2.2459076182926228 -1.5379229052781453
15.336638158156061 2.990404918089321
9.999869182753832 0.5611987673585216
14.500949770571808 0.17363737210667174
19.223534943831826 -0.021277115098830894
6.189930489714451 -1.1822488685158052
18.19958661313397 1.0042023854779791
7.642068897972189 -1.0535534722745121
15.684012883121184 3.459184246440419
0.4039702930804244 -1.431147183234969
11.006132180155449 -0.5005835176901965
12.757411880612253 -1.1775202321535645
15.846502916130115 -0.2795277821628363
1.5621703717504714 -0.8549462627882487
16.260694334521236 0.16620598139980727
14.640517151365978 -0.09242967704355466
14.186166586517574 2.105113754672114
9.436222205896632 -0.058010517111637766
5.458257372457807 -0.8889465315559903
3.1462396359278406 -1.060402526610195
11.047557475587219 -0.005079250332506682
2.310081222568316 -1.3212426642480344
17.282175616006505 -1.321352775728621
10.415980350720872 -0.4271305738094505
16.885103683640846 -0.07782734948499728
4.673782229166621 -0.8233932789085008
17.426873161454534 0.05466050981832624
16.198619163483375 -0.6956469008075657
3.0366282913217293 -0.10493844289423077
13.617020153582311 -6.3282885290659925
8.13389035058358 0.06697491769198419
5.873688829425481 -1.3977686924576251
12.528477053252814 2.3986520253345964
16.18532379065636 -1.642875754965677
8.996596832550336 -1.3619329622966807
16.84950100938133 -1.6618800023493427
4.705536232403499 0.42411553018471904
15.59981493847521 -2.131191976177889
2.1772138919258426 -0.6559588625164109
15.254109057389375 -2.001960058344299
14.8430637228085 0.004566254424903965
0.1894933521355176 -2.9123530110621654
3.4269595222708773 -0.9897624024622259
15.671074624691046 -0.9316250615758696
6.416603789880681 0.8724214155449584
8.327658868289449 -1.0490613902272379
0.8444596950765162 -1.4082002773092845
9.674882424162146 -1.3360401433080091
6.181637308846155 0.947938708105396
17.84208265872581 -2.5284987773123864
8.16812575342271 -0.8425842050089897
18.460928802243792 -3.1268630509585225
4.577122933466261 0.23749913335414194
14.345380478758848 -1.1637312504261466
3.2470892488235528 -0.40852372085663735
16.28015148594984 -2.307718135793875
1.7601661069498773 -0.13602309789864295
4.52464448698682 -2.2269906840696208
10.680885539353023 -0.5158548022652958
2.7929186844353633 -1.7104754376871565
11.331071173987922 -0.693526411318788
12.132194951135292 -6.595150519238203
9.621255489383396 -0.6344652431480862
1.3746995736093681 0.4467109266005871
9.811509637949861 -0.016345070473360243
9.800334037602578 -1.622013774594268
9.0042223104494 0.5740017815485603
3.941140785630613 -0.4663983944300847
10.61125604454566 -0.4979884514775167
1.2518812701421498 0.8778182730404743
16.035684362683558 -0.4207970053674941
9.695456676393635 -0.22748521843219166
9.581029948783007 -0.23032274059712315
3.7152336299586723 -0.13077335145933644
19.51568259703064 -1.7540954195459668
19.568808808140528 -0.18289023896686935
1.4533082196612992 1.419333280165679
10.518459979048536 -0.16757597033674204
8.335120181967145 -0.25598041653779846
8.775344141683679 -1.3661332330357192
0.945028018124147 -1.6282164722864831
16.869170714732682 -0.8929454671022939
12.005339313578748 -0.12484690511692921
16.15843317043609 -1.2175279819149851
16.72228487728963 -0.734554727450748
14.546812962844937 -1.8686605907813774
9.405210339852557 -0.17842692350077846
8.40055959754781 -1.232014063879238
0.7874012098577268 1.2499152313941744
14.877135137121419 -0.33202338622493754
14.446128654160152 -0.23844859403577995
13.413723114280765 -0.5739742420351865
4.9708996214718315 -0.5412978802808701
4.667026084209836 -1.6831852984288023
4.394605638675789 -0.6745228092164637
2.353089235095438 -1.011133292099955
12.629129788032447 -0.5569003696909938
2.4720740009804087 -1.3544931409764445
8.691273989808836 -0.8821793090588055
9.037647491957957 -0.3585915389178739
5.528120778075631 -0.2848571982537618
5.981553705723427 -1.0979997356485698
3.6235973444563325 -1.3010131742143878
18.8732026766938 -1.481288887254232
11.001003346631576 -0.5910344041730586
16.80879826336656 -0.9562694201732977
3.9664597625217106 -0.04423146151759236
19.45553845627194 -3.6485144796307605
15.984366418071728 1.499884241204977
4.297390793986019 -2.299862751385809
0.45351962464818113 -0.4476271231713502
9.197482253393495 -0.7676820944896893
2.499751127815682 1.4346979236569035
4.722803373072522 -4.234208251305097
14.038361219235082 -1.3086165637989973
2.993614623911405 -1.3295833379833435
1.4782649132442993 -0.703176468451976
10.244188893781608 -0.34435260183347366
18.563053053171984 0.7053854274841229
19.028599158622328 -1.6642991503718594
12.87113238144539 -0.8851043960338701
6.959964339540465 -1.705278890574808
19.091440514377627 -1.0833635237666799
4.395163848431668 -1.0464271670840641
14.608270965188446 0.8975659699706671
0.28217526159888606 -5.386731721469293
2.191275434184938 -3.206620429645536
13.563018093457568 -0.6128581556858266
1.9139563388328766 -1.1066251546202641
15.35193890258479 -0.04910900841274378
9.95513644626167 -0.47989125816775724
16.670881971886207 -0.3911374736788409
11.384202735902129 2.9991981553551548
1.393223761773711 -1.6210249750109922
5.637384392765383 -0.6874045511907962
17.586825075122004 -1.168128066525753
2.6030465251439976 -1.4819110963561801
12.292900355568689 -1.0805192109356625
11.018145594884407 -0.38051685661878204
16.43531889638046 -1.7254260138636761
4.715020142763169 0.07431746872879116
15.230647437057916 -2.5292270824068916
2.8516631467057345 -2.3582098018124142
1.4275676807796158 -1.095468038046356
3.7907106798368075 -1.2533401464733966
11.45200394841534 -0.6688948482162297
2.324874833288348 -1.3507041748756614
2.202438379611774 -1.617024589835085
3.0198574615150062 -3.2349668598874364
12.513846324814875 -0.5633924829960245
3.450958962914076 -1.358968835655027
1.2812925273838585 -1.8881624184437336
18.753765128230278 -1.2215607698321478
2.089964903151149 -1.965606296979793
5.2217389435757235 -1.0452472176934418
12.525272015034254 -0.4375558825516138
10.508676503604033 -0.22336337402614848
16.703954687713612 -3.7132010022490802
10.871432750248879 -0.46043124777091593
11.725510164309943 -0.8187851059270062
19.070397566505903 -0.04951773568417589
18.78636906733431 -1.2863378571966781
0.8407792837187272 2.7892251042459866
9.181349100729646 -1.5222740280775218
11.091004187142214 -0.17840822721870375
0.5289125561329259 -4.233663183845099
15.277654138042148 1.0737254206308744
2.1062510929825136 -2.266611131066159
9.069718043444809 -0.22854661605327392
7.65527992037671 -1.240108992855332
10.922195576581581 0.06332976549627674
3.137068210476901 -2.606111178878069
9.330068590299177 -1.2122768198136478
0.8233960657949935 -1.617725897975281
5.76802230446757 0.37229651450836215
8.404801512955494 -2.1660544371305877
6.1551571737362645 -2.8037526433196707
14.142581247423198 -1.7625613796953439
9.933766684657082 2.0352532625044497
9.57809662490397 -6.869548154718885
18.20099855880661 -1.0730603517881039
4.3893207713935345 -1.4790231406646754
16.953424871794645 -1.7365118955452077
2.696405303802991 -2.5075718553892075
6.090474019941696 -1.7323089936137326
10.650301310771715 -1.6251147010313653
15.555377270096253 1.3879222417199912
2.039635148447735 -2.129045784594163
17.09973326861224 3.0161549832978483
10.82654363314092 -0.9112024732605454
3.3217151420755986 0.255989345969204
10.884682990117762 -0.2753419650667215
16.002703986513865 0.37488401251853115
17.939076269422504 -1.2612344162215938
13.154177246739813 -1.2711145531525212
12.211356999052201 -1.4539507213500162
12.922582059349883 -0.8518765810961324
18.642879683299082 -3.3338240751454142
13.787896344523581 -0.5773132422952266
13.201693216436434 -1.6551011504197983
14.831758924938462 1.1762589481967414
0.7012998084519242 -1.6385688876965616
6.717199354765322 3.0570065855572355
5.587493008929598 -0.9350545860551627
19.618908142634062 0.41514423539387013
9.061641450796209 -2.4604754064143033
18.91139394200771 -1.919944190344842
19.682194574539732 -1.3503784444369757
8.40838596068246 -0.4278579460862297
15.45289459614942 -0.4833295555342471
6.522928576810929 0.39813884591886134
17.472584332058542 -6.512768060672474
13.343046333854982 3.2892778281433874
2.4114905453812883 -4.247484942039296
10.740873687445962 -0.2612173270929703
7.673127271577294 -1.933011327742237
18.91040206371813 -0.9080831043070812
14.90547571241231 -3.3611130888334384
3.323075094501891 -0.8685325257071489
18.69308934771996 -4.202297354037257
3.365179533174229 -0.5923750457025186
3.112088846811505 -1.4882754745645597
0.9246144146478332 -1.3749599135995574
14.38367991095402 -2.3613733344302283
9.171805616838114 -0.8420426068324006
15.418250737480559 -1.7907893669695687
2.0534032779848492 0.42118755822753257
4.943893429847981 -1.4241410304508597
17.70478417629404 0.07067104765108112
13.615124948151802 -2.3996258377188373
14.888732510297851 0.6232771712328425
3.519468424498876 -2.180818572606299
16.18810181581453 1.2989736984274893
14.778196945847458 -2.6568248657454223
18.561025958687306 -1.184452327099742
15.610540334577735 -0.4486742528562226
2.495411078897959 -1.0431483603226424
15.583155751591335 -1.1524998215072149
5.514029473165636 -0.8019845010868707
14.612662796176306 -0.569537161618451
15.453890238268022 2.5788700124665502
11.34599565530746 -1.3125764199193628
1.1737272304365798 -0.846630621164249
19.139447458220626 -1.7034588842250364
14.326668053783536 0.5425622600979045
12.050067075036416 -0.5409652233083211
11.76796516912343 1.0882962364634559
2.2324447450762497 -1.7426064307601896
18.851453702436853 -0.9996898189847256
11.949540412696713 -0.4834963771138317
11.251182267787387 0.7476708783050382
7.678022899585374 -2.8235222061088567
15.573940158649725 2.056279107553198
0.5642924715713883 -1.3194478051802847
7.965703590430199 -0.04618403614153427
17.855422125711648 -0.9315288522624753
4.735049625402203 -1.15131019756184
11.117818671205029 -1.0052061422824092
3.255716006287533 -1.1537055059255108
12.669713694350765 -1.2058872645152185
7.992736623347588 -1.6526710345916618
19.222037645156355 -1.6035444334870037
12.635728573576937 0.9876862129926373
2.0199656776473622 -2.0179870909792346
15.534951560342359 1.6293877335221871
2.3199409975157748 -1.59271894075011
4.1613659979674145 -1.107926642714204
10.208254161087268 -1.381938962896343
8.203268087009041 0.6795942018278465
7.336273080245031 -1.0169242153768538
2.9572539408298617 -0.5205731070763601
12.549319342588529 1.3809129520502248
0.7747875035209981 2.7433718136447403
9.391764477094569 0.660340434480694
2.3778793872766255 -0.9053581722277217
4.7169693221265945 -0.9585902232020984
5.647541412278514 2.7165385593230615
11.853843868364768 -1.9756877176424323
19.583229553839992 -0.7868342919340084
12.578627226489585 -0.9905656545171719
5.212934131508712 2.634939967659256
1.0742148691893907 -1.4170997405462864
7.718526283544563 -1.001525328546184
8.728553844101237 -0.7032943259419593
11.313796147740339 -0.31800490012990956
1.7606791184080484 -1.1161940187629824
8.557734996186415 -0.9476547862783329
1.210493933771677 -1.06287968155412
19.554558043290346 0.05878796472602891
16.890563867449774 -0.8150545542670727
16.5903132532204 -3.333455218068805
3.5621001338658296 0.043451795905638274
7.892504003560161 2.2494634597947063
13.663215934493781 -1.942278055911154
8.974928929655183 -0.8694193489865953
5.623480588800016 -1.1878745822364105
1.399831155174285 -5.460086022635198
19.22667933876063 -1.1275297803879403
14.836318233365231 -0.7132467316696022
3.1961581782385347 -1.3756157965417783
9.333902964294415 -0.4387670489559279
4.04950141538782 -1.2029221858858319
5.446329868817173 -1.1207993602673791
0.7835761694974963 -1.3255203818130485
14.128748387270724 -0.6737855779956933
5.582847325724568 -3.017518021331053
14.47160445679578 -0.6677742961900661
13.137566921342534 -1.0664078391171863
14.991699691232217 -0.7986709453525633
8.965970332833244 -0.8029974514305105
10.331951855217774 2.9644800126952933
19.26479838551492 -0.8593693724701884
3.9357249113903943 1.882054357674489
2.488098909041299 -3.190649046435285
5.801961298664319 -1.0979434757954294
14.634462834678521 -0.7690037578615849
11.365380967040792 -0.015332803904962153
13.13785877946053 -0.5085755081009136
1.5791836024161963 -1.383129184133105
16.43357205289622 -1.017420859403502
9.526915519942575 -0.4668428539323861
16.565661994925975 -0.8577914733973901
15.512827747393478 -0.7163435842909966
3.2159905185398716 -1.1881930345573384
18.378747417378996 3.5422534428692116
14.094790715958279 -1.0147753279435585
2.4774521018612 -1.2394055149124759
18.32518409852543 -1.1810744874273067
4.21572978621996 -0.7283775653407545
5.842763165257276 -1.4639879262004851
4.617634435856885 -1.4449935793046702
9.300751092434846 -0.7756527942392017
5.365610840056075 -4.659645911729757
19.7647309436395 -1.0363154781979471
6.499698266968789 -1.5716693351837114
10.169756477049638 -0.8321110663774994
2.6534520257386274 -0.828394565497893
16.186666805427148 -0.9411585795216162
6.4744300859203765 -0.7680578126405109
0.5690571534158148 -1.3056324810908453
10.8370200546582 -0.5772650076224638
5.382538657349919 0.07135031507180602
7.27722120607663 -0.6552918670501638
13.692745968974661 -0.6797489031271
13.266948457431495 -1.9165955739069347
16.729245171532053 -0.40916159356241544
4.141466250803165 -5.028990258740327
18.356452485514918 -1.2520157909286562
2.149421213243049 -1.5499228227172528
7.686333094857145 -1.2055482708401934
5.114976538066218 -4.701060459064795
15.548469732984588 -0.27444243685643993
4.013212531980918 -1.3459752697826481
1.0400856537152163 -0.891993793286338
16.1304357058448 2.7580917562375
18.51250088786699 -0.8336519009329616
16.92927188932041 0.26727648555873457
16.411889122022206 -0.5031353047152268
14.279863649102897 0.7313119555194307
16.992172938108254 -2.850517782114036
7.794407483349516 -1.062088183119453
5.148109790483993 -1.9232503843647453
18.569082965981497 -0.8727478664988065
3.565860409030396 -1.2198923125364398
9.778540749268924 -0.5152295769417906
12.751899040597635 -0.8570124915087515
16.731694202230514 -0.6945748448193471
15.566755404399501 -0.9853777855773758
1.6092717042936955 -1.1805501411805377
1.4475437490525402 -1.64993060137576
16.349885280182498 -1.0130560633477266
15.493825692463128 -2.218521938257537
18.965147681181552 -1.6791599732147964
11.723827171578304 -0.32253519425425653
6.044381061051656 -2.8140218240192985
12.2558720405185 -0.6649342064406935
1.1587112360263834 -2.737996772209166
4.521837874225828 -2.680774626960777
15.12805644767675 -0.40771913735078114
2.7274248496066775 -1.2929765162199023
4.358189524440788 -0.21921424634810738
13.964144755442147 -1.2943717011338791
18.435428048134053 -1.6736196378168091
1.7373204523657582 -2.540696421056307
16.573646459156187 0.9919766471533666
10.883894223588499 -1.7570753425240313
14.536321540329013 -0.45978685621170934
18.779032933607294 -1.679979309641827
18.296064755499955 -0.49530695497965294
6.755175640475619 -1.451679962218893
18.926993263324924 -1.2591058919524163
5.670921914405121 -1.2338535377151185
1.4664173636269635 -1.2292441079883043
16.538644231945586 -0.678639593272429
1.6602533138722309 -5.3045715579306885
0.19416182730886888 -1.7083442309546557
15.208620520638114 -1.894241290087231
6.278488185758071 -1.5407039712794552
6.4548583666706145 -0.8341564067655503
12.929736290774152 -1.0010211361305565
4.45711136929125 0.34274768344855255
2.5783741017844646 -2.345730028314413
18.121572089304372 -0.5967512858206862
6.952009990442286 -1.2717077024879102
11.634097253121801 -6.683905054804547
10.097114736586896 -0.5454399042109056
19.456958405566493 -1.174819104784336
19.69289822994547 -1.4746286928932297
8.392488131032414 -0.4697878559707719
1.754849554861839 -3.1544688654237
5.754315614161252 -1.0234541497145742
9.01618816075812 -0.7441026841386253
13.297363131006229 -0.954422716747524
3.539439986090565 -0.18552556841649362
12.871630194623096 0.1100358314458809
1.5171808788572725 -1.3375451599350263
12.895877817395828 0.04430087807365056
13.750061133577402 -0.48857421013051816
19.882288928052855 -3.6406332542473274
1.9928549335422105 -1.5939095276767234
15.473411308131066 -0.8619011646825594
4.85263726033958 0.04217182970898515
3.5878940717317307 -0.6426618628227568
8.104826004132661 -0.8599156124766058
14.339671539551675 -0.5196761764202612
1.1040270421952079 -1.6927291518883543
14.850831507250426 -0.7420626572544978
15.716167260504196 -0.6893131089647683
12.657574055132372 2.884081455576953
8.033255738438175 -0.7542020087043123
19.235684450441777 -0.6036794064217383
7.897542954974001 -0.8116722673930042
1.2077006139782234 -1.5629210816552193
15.003134210899518 -0.6292131987134926
1.8248395037302125 -1.0594333091532786
19.90430135454801 -3.647311084363177
10.487368566006365 -0.6053396049696305
8.371356426366818 -0.7888179855700966
18.4261348062019 -3.0712174707711153
15.296056044075687 -6.65150598883722
8.560440101190704 -1.0580881958832264
15.123862136618099 -0.8455740084569872
17.61737487343806 -3.1080028214780744
7.150807702403364 -1.2484806826078518
9.747354643288254 -1.201159221625396
1.2839298337336233 -0.9937336562047466
5.663903198103661 -2.975546374700029
17.635576728242658 -3.0218746930232143
9.582423608074373 -1.2723030353358025
10.255418953597053 -1.5029228624554538
14.564396970483594 -6.334689074430956
10.95588373804712 -0.34890725483283525
9.9175796395343 -1.5716221084301605
7.061467695036898 -1.3479100610233594
14.884179239195259 -1.956840746907003
17.927609093185772 -0.7624405928573115
14.516006813630463 -1.7570474280177568
1.3806289277261368 -1.006356900977484
10.609702645802543 -2.1344750612617154
12.033471521299195 -0.27921849976406554
4.565918540972927 -6.067621147970619
19.893435941705928 -0.8183298524815844
1.1741659860611375 -1.9826737972911155
1.7977050904819234 -1.886097128049128
4.585012770304404 -3.968964991510955
7.059993735827422 -0.9665544096123005
7.618884152011563 -2.9536552836418024
3.6151560167584695 -0.7859789339729543
0.3898320995487176 -2.35660452680129
19.603823976814674 -1.6506409648451361
6.911849710127567 -1.919355454122893
13.732103436215368 1.1768629594510474
8.400154668307048 -3.263814482071648
8.185438765633625 -1.2242439914977565
16.842636436347988 -1.7487858510726626
7.150521196414453 -1.061989207546903
13.705073741985206 -0.8430298105956615
0.5732216851438992 -1.4987650885036186
12.3241433629506 -0.8185756782187678
9.693374842296901 -0.6136772595617882
17.2874472572919 -2.0699114739160382
6.148532225251195 -1.1054774565232042
0.9720405934859044 -3.1874778053434687
5.230206431052838 -2.45011046943934
17.863929737963364 -2.636917649229374
1.2116683810740696 -1.8282518548512363
9.724939544461419 -6.540293137278779
3.2953938013576196 -0.8642075500925179
18.024711244249552 -2.3143344074179013
16.288901402397773 -0.4851340298688544
1.117305213272577 -2.6309806122210846
6.918340345021529 -0.8749049615562223
13.039483909482785 -1.9927369578546328
0.7633197086501056 -3.5500194694416387
9.39728190104888 -1.5549648662604765
8.215279752027751 -0.8880554119239678
7.068073357395034 -2.431030440829001
5.909595558055585 -0.9930865036573291
1.6013234971949004 -2.6492393460045878
10.380556264515095 -0.37095329822040735
17.31030887631801 -1.4611627490932886
10.358115720382017 -0.7168694854815512
16.782127920605237 -1.124272384664037
7.338164946210158 -1.2032313420493872
0.35348932676752054 -5.041606118403585
6.512995259529432 -1.0642412415645268
3.7492795593977415 -1.1537563393171215
6.371727564716633 -1.106742087208175
2.9986527475173035 -0.3434683832835154
1.8132923451822593 -1.3050953528960987
16.850189654033073 -0.7866598334464542
3.6385241964301973 -0.42452435739741284
2.153582576895278 -5.321475339847667
19.545322214930803 -1.4404733532252332
13.336052263300473 -0.9270359616385897
4.00834792424438 -0.749808550133997
17.528607363382722 -2.5053824108802036
13.193088538246252 -1.0528518725214482
13.067018717424007 -0.804361899047608
8.808520417799512 -0.9232363016216266
4.327639734769961 -1.1454443840760764
8.85587687790145 -0.28411761088302984
14.794370602458288 -1.0247732192726295
6.346599450550032 -1.289132840562425
2.249808440791927 -6.47812934579054
3.0654263988624115 -1.0285670698567029
6.883233015147716 -0.8014025634529811
10.050991552026604 -0.38077714310731803
11.363284566601855 -1.2458327975325987
10.736313354986146 -0.5997657948965267
2.9239169683755377 -1.483407769477656
10.887040873238883 0.6117567189473444
11.285146567020767 -6.8776892072208415
1.6128832435628582 -0.5867659717267197
17.243316075654445 -2.0910472176146095
2.569927745786809 -0.7364108456787597
8.696970778141058 -2.012492696292504
19.146310783608055 -0.6643723283775271
9.092867492115765 -2.651250510533486
0.2119617642394453 -1.2658725826596808
0.39898892296459404 -1.9853625956009588
2.05141278054549 -0.8773879918044465
11.937870535470097 -1.4614183473372149
1.784187377164452 -1.1780102959873193
9.351943999017175 -6.827704588299814
15.898752069046003 -0.8536440985825502
6.952177572105189 -1.9450376521759392
16.795247358212002 1.0704504459326056
7.851042792640435 -1.6110935541807145
18.05394709990328 -1.163637490169052
15.077647027574237 -1.9248869928972177
16.999475280432243 -0.31653059503413206
0.46290469258586964 -2.03409839316375
1.775807687309784 0.9296779632876826
11.924036859098642 -6.9138957573395725
17.15542889074345 1.559766225236735
15.894456838481899 -3.2671716721533297
0.5016452462027634 -1.199387257743236
19.78916869883951 -2.753095762725702
11.700284438589597 -0.23151270523533124
12.13940213150657 -2.4272831502028733
19.930648493410896 0.07462040264603667
18.362563687135687 -2.493636772582021
7.82962833331016 -0.006827474869159132
3.4609061287925784 -2.572068909678857
12.978948461470956 0.9709373296157447
3.254670545256018 -3.2688094347550485
17.22035173147508 -1.0428406729572468
17.291117023127992 -3.708928435331047
1.865984156523705 3.0185746717052875
12.848432424115211 -2.509637153553349
10.733084100060728 -0.07851919405690104
12.176144203538666 -0.5885382927395819
7.0636909475813745 1.0737282292900086
19.48019730819482 -6.122187123997388
5.445333308048629 1.62852854723659
8.254442697677126 -1.032939555578237
16.711974684475248 -0.9786442404660799
10.158287342463149 -0.5663205936397216
19.510784176242264 -1.2028537907140562
9.6028856466208 -1.5911663275581933
4.989555471815837 -1.2606944449314539
2.3384743030415356 -1.3245121014201087
15.860541863919583 -0.5688224643439537
16.486451450242026 0.40618398661143884
7.05092053251965 -0.8804863559902988
7.5340171938668865 -0.774857145988478
14.854039116845257 -0.7569747674223012
1.8115842753205857 -1.2061656451757843
4.386998447421746 -1.2037772433464102
2.8235641874514297 -0.7417500479777093
1.5511858913663459 -0.9156819363816373
10.193431248772093 -1.5436869164830784
2.3614847171652054 -1.1153699052582975
2.8888467876307202 -0.009144479071903161
3.9374493115161715 -0.21886938502807693
12.529488686390147 -1.5086826858307287
19.446389855677474 2.375173425467258
4.935454170818099 -1.09924251258946
12.584903927018766 -0.3122739192709664
9.712848954077616 -0.8542798623835918
1.3300523180133201 -1.4258333405376058
1.6050596767241623 -3.5023442236206965
8.006466068454571 -0.6275280029131728
1.553714103251957 -1.6835136170565121
9.883865395303399 0.24612011807486167
14.647785646991363 -1.1828598844326166
6.525055102006934 -0.6966897024479737
19.910381925367403 -1.3750741216243774
11.976782183578418 0.2906913999748469
8.945263625047252 -0.7236861869590265
4.084075256131399 -0.9237289953737664
10.442176967896717 -0.30558971647545086
1.710187408596541 -1.2322361084811275
4.767770615539577 -1.7600773723908774
16.732858357888166 -0.5737962547314199
7.4265356954315624 -0.9290195667590508
2.5197256712420124 -2.3828276172101157
2.5547628996433467 -0.7057637692287664
8.911476885689659 -0.7526003443770019
7.675657076368232 0.4398740697219937
16.275326841858448 -1.8257627953099649
6.424736888457301 -1.461942106050072
15.437709324327733 -0.5547681526737827
4.04617484505519 -0.9790685475315924
10.225479687479044 -0.44433326000960344
14.16005613922228 -0.9316575717983264
13.91573457867143 -0.7553729106598102
3.8736109924146254 -1.1817045861003157
16.89924263970299 -3.6411547823813195
3.739871411394162 -1.1011904301094981
6.084156545955024 -1.7189055521450833
19.609251569024206 -1.0359114084206122
7.731848122155752 -0.14149563550409874
13.242039030998194 -0.9870584133806707
18.690128437602965 -2.197606449586266
11.199259894242717 -0.17867157014854004
4.651289775731703 -0.8121525860075227
0.6339093688746191 -2.1035659515900194
16.87731615704214 0.21367892063631602
4.7713545913507005 -1.0220129026694933
3.2129174502119278 -1.0712614782275853
13.789677067026751 -0.8984866115451128
16.74473694082056 0.3795524924428575
16.4258465722599 -0.971938058911597
4.733018372232672 -1.1331136364748173
5.3635307594564665 -1.2335703841716141
1.30463736505716 -1.4396834876577738
2.1744916941530503 -1.8655978587819448
18.412472414577348 -1.0347038131291821
19.401932110033123 -1.4088455004491682
19.626666103581663 -1.280317015478434
14.276970731475283 -0.5461846738501266
4.114422430918642 -1.3875344625408617
15.396142406754496 -0.5219769752106114
12.516716645218393 -0.30170554058573357
2.7011012077382754 -0.9674076119458555
7.798234103968429 -0.88157766956677
5.156320121239519 -0.8349049577932377
5.570053483487505 -1.1119129824937701
15.050207589511777 -0.7347584711231911
16.803287289926978 -0.9751354835135648
7.616363066960358 -0.11828781704204121
11.078995104666072 -0.4139913201145637
2.04236808507243 -1.1056394785016765
0.5336544970370618 -1.3191340513803331
18.83980939952258 -1.5688190948393517
17.756995206849403 -0.8990313647870781
17.289889527868734 -0.5709437428853651
10.258134376553286 -0.09876084737477323
11.945941509358539 -0.3101771931902964
11.640363079186427 0.1863949127317754
13.18538441848013 -1.9252047995560855
6.799849270954638 -0.6862936711805543
0.09749462245816684 -1.1379661494602475
0.9253033431659196 -1.0405135876658995
16.305226133821144 -0.5945895791556544
10.545218296363016 -0.7218388740801629
2.3923426836249893 -1.401031938638003
0.5620068209567084 -1.530870695226109
3.648847760856671 -0.8090710849169949
16.26686109277884 -0.7131795667648242
14.790260947447496 -1.1921512540265107
5.898544433983791 -0.8781461227922707
12.111444047489867 -0.1942837788856977
17.404508771213198 -0.6022300726573506
7.411219182206204 -0.8467328041615312
8.099505476441704 -0.9311014203397577
1.4859515361493694 -1.3674913145552419
5.781435060215552 1.9034646087932872
8.764870257969823 -6.795808084246502
13.283170579702869 -0.6882698400091097
2.0329459006702044 -1.4061754311596344
17.614622984186145 -1.1030984192156224
2.124163238771753 -1.1554872243748897
16.36233913597797 -1.7107367195040468
10.258548559400763 -0.6578523269367142
10.8534931895678 -0.4883703407532648
1.9666185434546928 -1.5495866626689065
19.696410513024105 -0.36308886820366515
6.38146306195976 -1.533635436615401
15.753652393986112 -0.09914023595203428
6.54574511185334 -0.8743801854844561
17.137204316984622 -0.8865205448877
19.36714485119434 -1.9487428835313394
1.1059298947773368 -0.5685896289884019
5.6777963941729 -0.3396359486255209
11.310651477783763 -0.21964932011725494
8.731718811420237 -1.4989464469318103
4.571065148588375 -1.0392849977010754
0.49874775140967886 -1.7861695753756817
1.4348665692517475 -0.971938016062729
7.236461290503863 -5.623569118623475
3.2508205238036023 -4.925200413163178
10.340688701102106 -0.9017006114059725
19.92773291073431 -1.2695092333959148
8.099164556413047 -0.756540354205567
18.619861802871903 -1.2707874586093064
6.46477431498411 -0.9531798187722826
17.04468936110963 -1.0058146961817132
2.065831810700326 -3.3893133536493294
8.976449015458655 0.7512800698553328
7.402880709665461 -0.7531359939569613
10.428524126116534 -0.3460079987148326
14.51338235518546 -0.7500693302986143
10.925798832064645 -0.09604702765252932
18.1294185572735 -3.5088961824041753
2.9748028689528168 -1.0995667197464631
11.951516808146389 -0.19301554313358688
8.53193229381233 -0.7389474840778627
0.720894413251135 -0.9365403122797968
11.34712992308421 -0.2271773018726542
19.105323867960536 -0.9720346937519843
3.7213664143749714 -0.7776382435559552
11.702554525445683 -0.463947706795338
18.11629287249262 -1.0032090803066642
19.925111701358407 -1.145736787361399
8.484358430117027 -0.7344620344043447
14.789880001813728 -0.6850687244289496
7.866210576172033 -0.5893145340099831
13.281940706779263 0.07860882572551421
12.504967531501268 0.40215056747517625
8.696060210392238 -1.1692209697384746
10.671845051630646 -0.46217087303316184
12.655653122827346 0.015545091526641575
19.68782123145325 -0.8179357199123626
9.138998599580876 -0.3975510934272287
12.355627388968804 -0.40043974170758156
1.1043760185497775 -2.0409084718714308
12.531813754331118 -0.8095265584089215
12.390031411494565 -0.6112720481704936
14.670164040808746 -0.5745737736791223
3.2093173848041845 -1.1172723740234418
18.21780958019112 1.1424290606332677
13.851685227201381 -0.47489448670511214
8.849093224392584 -1.2031243123041682
0.7382316174366927 -0.4334703878016996
0.5530326490150772 -1.3327974574704327
5.938879596968922 -0.7081601121753054
2.1614801456825545 -1.8758631302331175
1.7172170233884203 -1.6434245962726033
3.443726505012684 -1.2824170326606514
9.658088420949142 -0.6981336672397457
11.405965575366714 -0.35627464706824263
12.600796308913367 -0.21071341502364996
5.1674938296307324 -1.137369549840938
4.56713009837593 -0.7852729369168316
17.040307211316865 -1.3034641797301938
7.545146514887787 -0.08471292559677325
11.568116549799532 -0.3607882109878649
5.098673420825613 -0.9986372850775833
5.946526143065211 -0.4896195800538255
14.666223413564552 -0.6711554922970808
18.847275916076875 -1.1374247261764359
19.526946657155584 0.43910114749824625
3.48143912706928 -0.5713613777588747
18.718530358778555 -0.8020911468731426
4.616858926579098 -1.2254146652063578
17.9959414632801 -1.0351967886083309
14.092046282241968 -1.012081814737764
6.7586176233571065 -0.7036183110555227
17.265741802403113 -1.2401389030837302
4.744052227076711 0.16950984712028594
10.802112545560451 -0.209505718160874
15.715948609477278 -1.4845313841503711
18.075507966617778 -0.9673991106767839
5.950621369132935 -1.822689022680045
12.68108664389049 -0.50038480528526
1.7317080401960596 -1.3360355532544372
16.197013679917788 1.048517104061887
11.404960389562548 -0.48160253068884706
7.834521422691437 -0.941606493189972
1.1699528247165418 -0.43632058313717825
16.3920795517308 -0.9928594748031679
15.469421147723352 -0.7976538485617137
3.121238118768571 -0.9601523505749257
6.124327904440561 -1.033052861535474
12.647293815000742 -0.12152375478854868
5.77563766889005 -1.821350779528333
8.430830856320098 -1.1015317588991067
15.916535735167491 -3.0787069871674184
6.43630690992187 -0.9555780144939126
4.591878826300888 -4.288071717698551
16.252876729449348 -0.21105895616289325
8.23616516476849 -1.2563535046841814
1.9726749943297741 -1.1353033266831538
11.083108422556364 -0.3967766137980497
1.395797792066892 -1.3354968093107698
15.108488954353534 -3.4439187481989
9.505978575018958 -0.6210764956770389
19.324246286178457 -1.2387747410099117
5.84817920019854 0.09121387348881246
14.681987732989636 -1.0886477503987857
2.7382443948129587 -0.674149930726998
7.057044105271026 -1.3085559427468687
7.418326466948758 -0.7132043756424031
1.9279499050067295 -1.18793456285097
10.891624620954666 -0.25127627835419086
6.702339234693953 -0.610709109427047
2.273689799369677 -1.0507261934410974
6.252146538720584 -0.7426874988044527
16.799741044899275 -0.598788712123194
19.32364626010297 -1.2059216247102824
2.9685964826172593 -0.9617701744089516
1.0832108630613368 -2.0766933136341557
12.282944891552862 -0.3201080817163804
10.00195426258821 -0.6578477586581449
0.5253582333160278 -1.5096953249447191
19.552774808100736 -0.9694968278367733
1.7755180903700432 -1.1540601649464661
6.338830859172863 -0.895470115410806
15.061216863495238 -0.5430246746617573
8.055100206819393 -0.7879539947139477
9.671703228996938 -0.19858247745412827
11.387227152154265 -0.47978926637543273
14.249071004149235 -0.6748344018380248
3.283832302335164 -0.8807120133378104
18.113902625599497 -1.1286161220404198
16.279162968363867 -0.6126493119278844
13.702517184173866 -0.3660520917353406
15.132831290547786 1.2240650042265127
9.578922435601942 -0.6565921834235549
16.040033110627725 -0.6604944803050175
7.439533905661725 -0.5234438944202404
6.196374323643243 -0.8699627668634264
5.118946123594774 -1.2695612998804535
4.763657065386257 3.2793377481499246
9.561221596714628 -0.7327868900107171
0.22477711833411218 -0.5586134165315858
2.0429573168962607 3.1087839547637137
6.174657198158323 -0.8252206079444446
5.561465035028887 -0.43175308406149865
5.422485938152991 0.08071673842793972
13.597898123481297 0.6593839643099075
0.14623686417233628 -2.840063193895312
8.910032093632356 -1.207635082426693
8.897048770683757 -0.8206912190990098
6.017920874535487 -0.7637176711944753
5.516359066736315 -0.9787507015106554
9.93854569999112 -0.726488747035069
9.247611635665471 -0.660595153496776
0.2393130723295929 -1.5153811650904563
4.0999441427519265 -1.328495592904782
11.475325428494088 -0.3668793174926259
13.729570876216632 0.8643816181849542
13.434465066481224 -0.5853603629088966
12.025244280729943 0.9208633357068049
18.72854850941883 3.0578645941764697
14.077350013958146 -0.667656143543245
8.041864607868117 -0.72113060696113
17.481693457764916 -0.6978990746930696
7.405050800239208 -0.5000220707652862
7.990902465793622 -0.5465234914601663
9.927661535921814 -0.8539673603812407
6.392333996927176 -0.5392666121416807
8.985869757352562 -0.6876931006407958
8.527965259871168 0.8262017272966304
9.04983193818282 -1.325973529769733
8.853423937663958 -0.36387405031642794
4.514901279962624 0.6009284493158097
10.607979643103079 -0.22837179908512195
13.710023462983743 -0.5644654283250512
13.303982644781318 -0.5319680839670177
4.460789732492469 0.06808189785480767
19.884741101615255 -1.50212541166924
10.462436586655953 0.1567904916663238
13.340163401090923 -0.01076558815666491
7.3634395866643105 0.4029922367661145
11.424817991960696 0.084024577281878
6.357498448041179 1.8038264646183597
16.073559384422147 -0.6624418266785586
15.947620392948311 -0.6521266478633514
10.438050703565711 0.12487354207759324
3.6652968243203583 -0.2607063539203764
8.094198529877499 -0.9997213212527076
19.244596600075305 0.33394510846966063
7.3864997977499405 -1.2132430722800536
7.533024743956756 1.054817989213935
5.385204558442573 -2.1311557199051467
3.7493237707365186 -0.8468715874572832
5.699177802964004 -2.323208708640826
9.08048528907499 -0.5207478270764252
13.750806347342598 -0.35145076498661165
7.708069090508849 -0.5220192070412464
13.372241845259133 -0.6640007348742336
7.853547867328109 -0.29392387351233024
1.5519007099625515 -3.457507547932242
17.98492978488771 1.8591676666115575
2.224734377144968 -4.286179407313092
2.382294931744604 -1.3959878658161915
16.424508443330424 -1.29887059373241
14.268575988891987 -0.6872312462378161
9.499870350508424 -2.4288798188403264
19.722232416282864 -1.1869687172374837
16.291804822345874 -0.9563895109102417
8.789299401386653 -0.4886061520584855
10.728460165724915 -0.6208417808710476
15.874112635252624 -0.24624734657821043
9.701025172116704 -0.8030983395812584
0.4325062409002084 -1.508256693822882
5.555471982143649 3.2300843804805903
8.236682398436706 -0.5976600994080488
19.172221389450932 -3.7275089647242723
10.575737932401621 -0.5518765775469018
18.920098498567135 -1.1864759931922482
7.1429004172061346 -1.2862257734093578
2.879650723217371 -2.101188920960073
19.3145545412571 1.5007456886058466
19.520935710214047 -0.36625854397920343
12.94635183282386 -0.2807826831403659
13.215021215894147 -1.269850060564828
11.136297018654018 1.2876031587424484
6.2980199712064815 -1.669811613532421
16.56240042029925 0.5785935659029318
17.60900363616272 -6.111814502330976
8.56345765131655 -0.6876678338759898
16.011872973845364 -0.7620190453573401
0.015650809617794165 -1.2069708566811883
8.837137978936815 -0.9324589378897695
7.347706351729868 3.4267451210753763
13.628277389891174 -0.6103305210921541
15.087898024189816 -0.14739241958222427
19.682631951129313 -1.8095361962482421
8.514992885689733 -0.3926318215790471
14.215659022879402 -0.5763772269465077
18.892579547560153 -0.804239292393363
17.649976966245514 -2.028946638405389
9.52240505259319 2.204441322290127
10.594966919588689 -0.4056085996548826
10.870823559966682 2.4004488431429167
0.6137032312351738 -1.3288839147111287
1.8559881868767947 0.26090430067698905
7.097484090752621 -0.845367286210344
5.765905493166116 1.1038858111755656
15.920811719755704 -0.8050835826112834
11.838751776927706 2.7028693438209443
13.074153995178891 -0.5077010259135388
13.22929464210768 1.550256829482055
15.10312292732119 -1.0603336481630752
9.737052463945103 0.3863975810286597
12.193234459884856 -0.6567891971899533
8.207678009704074 -0.7672159323155302
15.054810572656288 -1.0601405909580828
8.869113920377306 -0.8651170408447523
12.9889910000871 -0.6671479730793419
10.539885019876765 2.208339866882031
16.648576132617276 -0.11804894172921832
17.553350817287644 1.2067956066021206
7.49982861834093 -1.8577913422665577
15.310843745069349 -0.4203397427053768
10.820144725620807 -0.44777629141358577
8.310928823773544 -0.2506443751699291
9.989176092828918 -1.1638010163508286
14.818895365294289 1.6480884923538255
1.1557629367277256 -1.6503661452761227
14.711313084166914 1.0815089673650617
10.339735799354361 -0.7736757579088218
18.434483480584603 1.4184349882276968
5.206844096931343 -1.0758172759076685
14.943407495517073 1.2646143864785213
16.33654220170329 -0.6914976785469523
8.091066435053046 -0.5754661462305962
4.295632179854168 -1.2123977087902158
18.53905445605668 1.133831450206464
18.70488794865527 -0.5937831830048694
7.850054932181455 -0.42340380310603837
7.776436375472248 -1.4977691248670142
10.534192825814864 0.5139155152263707
7.806051383129479 -0.23451373750451984
6.0000118471736865 -0.6870538710821561
5.541852411220315 -1.1465675971106752
18.671435289168294 1.1796721917552784
6.0827343651113885 -1.172047537232377
15.165976088595603 -0.4984821646503783
13.886876866924732 -0.39367786654374526
2.613646221256228 0.170138955727815
0.057648197442942445 -1.45750905738272
3.044580655366205 -0.674687685986055
2.6023224644244842 -0.9007464906748817
19.931680109857943 1.7703249101312573
12.269426995442474 -0.8000236284131523
19.911090212272544 -0.9014014464707559
3.025735848466003 -0.46695315419473177
10.770823059173884 -1.4108324820995373
1.418243097988389 -0.9900374290089126
18.011242370245768 -0.4997777866312606
12.377247552717073 -0.43514483102450235
16.089279748109153 1.304353738205997
10.985092576402785 -0.3392427262530699
13.018641298578464 -0.8199561072517572
16.080035899481715 -0.7741273562827108
18.221509267436378 -0.8821036202084342
10.973884780827264 -0.37408571554982234
9.723342549689841 -1.1630782862877955
17.90578401073643 -1.0363845957502988
18.071044777746447 -0.9024372046909395
14.784537643074461 -0.6803145774925438
6.561711775352447 -1.4892101502503958
3.9013883039460584 -1.1246732106167703
11.322455666989221 -0.09504927952790553
1.180666982017505 -2.252232486470243
0.7059788145266774 -1.3387483774436555
19.87610820709302 -1.8200343671395367
9.748023650087074 -0.566675569022764
18.403556253282936 -0.3727959549428555
0.7749926821160014 -1.298580161063281
11.416565912924696 -0.2724539893149105
8.119270078987402 -1.1240186863245942
8.990554470370155 -0.9601222778972542
14.992902195529842 1.1937402929791172
17.727302406180804 -1.042237616666554
11.921707624415781 -0.22121564565678659
5.6455026147051806 -0.37772351014845257
16.827319732227423 -0.6706253403858544
1.1176102476878134 -0.9320294169019714
8.179445203462446 -0.43338752200564457
12.329802746379706 -0.816846832328307
16.90220775024568 1.9092681264402998
17.90340899629449 -1.2020984409682718
10.133838681217286 -0.061795749300611096
11.70083484071346 -0.14950610414363774
16.25623575919313 -0.6694284893298619
5.562677594222505 -1.088401511293624
7.397672584417048 -0.9004393044762549
13.086006571968147 0.2214254941658287
1.220905337106694 -1.9312714283525994
11.343688693339024 -0.5867820917191154
4.713750457368722 -3.277738158674892
14.706453755678467 -0.633403637504182
5.499782272939037 -0.6514117549626319
9.539025823024144 -0.6312670160199284
12.659343868472508 -0.7018404849312205
1.5613754016539458 0.5379662197765392
1.7295426850637245 -2.4784644012319332
17.227155756975606 -0.7871999713880895
17.99485825766165 0.3522878362470765
2.6413961572183626 -1.2882194243416907
13.070128958012724 -1.0804134352334926
1.478421418522637 -1.7041181833425627
8.57824266873808 2.870072746788472
6.411059734373431 -0.46117118305188676
17.81057481923942 -0.9200647296227638
7.314228172811596 -1.39713528616983
5.636026093535477 -0.12995457995476842
1.5207855649628559 -1.6662708177640337
0.43997333909982483 0.6112933133529329
3.4168653739868864 -2.690202122632433
14.606867159322869 -0.24119911642064912
18.07187691896154 -0.46479908931723035
12.24369679209145 -0.057032217669803695
3.8739660541996974 -0.3332723135689779
8.143394017885235 1.8514423755352996
14.65105424461466 1.2075630652961793
11.312135341034349 -0.290646631484885
12.92762593649324 -2.4526280328224925
7.869709935124639 -0.4618381862583972
19.69663586114322 0.4411337658768351
11.927146483768972 0.1758658294822925
15.272338453855564 -0.3516315543383649
9.8297913990304 -0.6011019522392118
9.319539752773954 -0.6781549168811659
9.02374103782827 -2.223259590079175
19.47855732790179 -0.9363899267398237
7.207200710014353 -1.125664574970488
7.440504709020333 -1.586824392182787
17.386068658858115 -1.2005818852713794
14.407907450023668 -0.5843060404754107
19.222326118827002 0.7486866211446274
0.8608333236862087 -1.0975042220990006
1.244196473435443 -1.3118042019472544
17.526879891373415 -1.0571286990803326
6.968446520767318 -0.28311093417220484
15.772055415155757 1.2975782524027009
0.12510027095709955 -1.396042845266392
1.1161376759486243 -2.1285600932036077
14.555876585956774 -0.4891805376345767
6.950485303204176 -1.381021454279646
13.179287565089952 -0.38665084446907877
6.119016720343493 -1.5414682680466079
1.3489387306914418 -1.4221853424733133
16.448627459081123 0.09398661250479817
14.602276443392157 -0.7269742084703164
13.74165377296832 -0.5783448466471517
13.504486158274627 0.6988705191045315
13.718362502141664 2.8117696396883036
17.841681565844446 0.9243667863189771
5.5190122082332564 -0.8811853811159767
19.849875383855274 -1.3740374793146128
6.905618490780965 -1.2836393512125512
11.37500057528907 -0.3497318738980467
4.887029610062208 -0.11361527108173577
16.891981564868132 1.867467777272087
19.65637541746517 -0.9054305993378512
9.077301585143317 -0.5934452979356772
3.25762488459449 -1.3567983885165067
15.978257067083312 -0.8791427062475794
11.691199259384952 -0.006927388911998053
0.5646994620133677 -1.6805026414793642
14.078314295961105 -0.6458690391159542
3.65965611703571 -1.2544985952953789
5.352808620465649 -1.1251765392768178
8.458171418830617 -2.0121215860581474
18.897938980573553 -0.9622690016141979
5.7521305455124345 -1.2893172778275943
5.980161699207222 -0.5209332258809609
9.706073854620067 -0.7268392846199144
15.975430866788656 0.40979934057342443
2.8748702936110853 -1.606690365793931
10.138368600724693 -0.6895893491164732
5.391636517328197 -0.878853925516596
8.727920946015495 -0.7953910557190175
19.257784021016946 -0.9548688261575294
14.929735273490127 0.01928117504486483
8.460981030648753 0.3099196113905466
3.4795558361316736 -1.2952639529196308
3.5100112271739112 -0.45297378796569476
5.17061459819236 -0.9686658142405424
10.957135259313635 -0.5549815584478677
7.59917367661199 -1.1390591795473541
0.37261603603626775 -1.2340159731763531
8.79797958197013 -0.6166874605953223
14.919717111575446 -1.1373519057743104
8.073311798676032 -0.20958389400883218
12.060377781458921 0.20964721613023868
13.486251066482632 -0.48787855570070926
11.764616355489087 0.08309392479988822
10.510558039293615 0.6960777298001404
18.339753621085187 -0.926528943679924
6.695681174513277 -0.47786952088350165
7.756888443430893 1.0656115799301278
10.01027430467284 -0.32657403326025924
9.04843140144282 -0.3913425734352481
7.726324872106961 1.4160471122336278
19.10282562441766 -0.5841648120056158
0.5711439999794248 -0.9592639211260019
7.235374893770666 -0.5061379455016588
15.741988570875996 1.9354055905266816
5.546581605597599 -0.8548865746820338
3.275626265047737 -0.8303729332225527
18.16257734616399 -1.0323330186811848
11.409476526159576 -0.22355226642168735
5.291525106381573 -0.4059002647454958
7.646151269110998 2.9651672635510495
1.2175941427815362 -3.4876507888445833
12.260017719663642 0.6652373432160137
5.672226737485211 -1.526414627191247
0.869022438719643 -1.269591218563331
7.369918503903525 -2.982780596301181
15.412623222271204 -0.44532362981882173
12.833874642241403 -2.3821065315449172
6.163201799384701 -1.13922135313177
4.283634292384328 -1.1023678201866713
4.738853046590851 -0.6567041110888534
12.929709101305889 0.35683847459794393
5.055232742520456 -0.7805237036927853
5.2548426652552225 -0.40850910641882543
18.403833832320586 0.2731095489058798
0.48268450639306393 -1.5295125901345912
15.707269606002457 1.0231570515179114
6.404225617846038 -1.2783362024439178
5.981253455335743 -0.5962206320499026
4.534524536982488 0.3415152322863365
18.933760249788463 -0.5720489905278694
2.5921172124457925 -0.3824087650533946
3.971694894902755 -0.4108285786716901
14.996423605778647 -0.07196742490972156
10.255787586001487 -0.5185608734763127
15.597829240223556 0.20530354278072044
12.36579797714427 0.6013564664717072
19.650603973082166 2.7033955029999985
13.649675280907939 -0.5838212707284784
3.5044372949359146 -0.5913069337061351
6.17939472476198 -0.47248573899327445
8.760417643615387 0.9452755972109876
2.044908869547643 -1.1261730583757603
7.543982880978295 2.101724857585368
4.006136171185094 0.45976011952744766
3.2457792092627162 0.7880677014689544
9.583355170897988 2.4225113478769296
1.2916244022451029 -1.3538933139815568
13.961785341926294 0.04809498944463063
9.758636275429843 -0.8297879294327974
5.093960791935419 -0.1113927109029703
6.284948984961165 -1.6177586950567564
6.427306159315989 -0.5843340922522372
19.2799298914849 -1.0649174684926654
0.6278248198806741 -1.5002985370898185
3.943404314974781 0.34673598546179174
9.270617816128569 -0.575316946249524
11.659115427997795 0.6093098067002083
0.5718591099589219 -1.5912923543247055
18.658862936832236 -0.8841870477666138
0.5246939687099633 -1.3806851179654143
11.865846664908926 2.3916892866702026
3.8332789132540297 3.172592565414269
13.187418089089002 -0.5355299775378765
9.139419680559392 -0.5334086045103297
14.07672161012289 3.403415160231798
14.250943406394512 -0.8948191792981526
12.409655644236071 1.0353097567840548
7.099256367914363 3.1414713287981115
9.843889963691586 -0.6698927881369087
3.846390489662864 -0.7005820788393657
18.266077149699203 1.331729885180331
3.7929652106038114 1.9740540802177706
3.9973416312924392 -1.0251994941133773
12.23507616870086 -0.7470134204239781
1.368757814175403 0.5078860527939999
16.03230073827826 1.155929128196667
19.072932426781172 -1.1528699131355165
8.341965530257609 0.8169275764541217
9.45584129195232 2.2580080766586055
11.864612798956312 0.47242632849290184
2.924344572181881 -0.16494565712075465
5.7435001623224125 0.4148437631365702
15.334856806952002 -0.40018191399963143
2.984844483893407 0.8370364156401351
9.785797712968433 1.540654858032802
10.540912321200231 1.1739402985322718
9.537945265296132 1.484356777506092
11.262422915350019 -0.21155602893361594
5.647005627404734 0.25390464283821645
19.954127150508032 -1.4044971737524583
14.697402765259081 0.36955141230896327
19.5723546751799 1.2233806187735092
10.515856781276222 -1.0666457519763726
14.089850026874208 -0.2460925307100873
0.5620534099482243 0.06566889180014587
0.4303561907735953 2.9437462116296005
1.137756397816202 -3.5619326105618714
0.3884925880039956 -1.0618309294009056
1.2016832308563843 -0.11177190710842591
1.9472833273542547 -2.079601918601545
15.708182767698185 -0.1430921998629785
5.093278957571774 -0.721376363989589
19.401660786383193 -1.8681718879088198
2.59158102283872 -0.8735550089275363
0.7282435698073577 -1.7504033461643138
17.55458214295758 -0.6341383178266338
18.400771097557357 -1.156765814753523
13.919960623627887 -0.45679559220739874
2.4355278261379376 -1.5099327466781864
9.131010607464367 -0.45242407854836636
15.182601445838152 -1.5075534109569582
5.725006347071729 -0.1091239149472866
17.451265151537967 -0.7087268143273222
12.616311885750486 0.2510847309412679
3.331381357530036 -3.37415342930818
14.21080831679609 -0.7760961986335073
2.3687972497100267 -1.9135782166777138
19.542177450128754 -1.2865290393874347
19.31608875126081 -1.3434802170778064
3.637367813638875 -0.2828896219902696
5.94243987852003 -1.1762271788624363
13.498311381951195 -0.528620219229297
14.93231825195066 -3.4497140713981636
5.181035275897085 -1.0886643437093577
7.071606431123085 -0.8417338876268013
17.413669665531376 -0.9045082659571362
1.858323751198397 2.38324155894032
2.044404884351919 -1.951760418327864
16.718338298044333 -0.732509741372656
0.15383548578276363 -1.4309392858929924
18.208254697320186 3.041966285649281
7.602254569013311 -1.0113660252495944
5.7279865200006235 -0.6036272153565874
12.737218498043477 -0.35409335694324223
17.778339791764793 0.19583845555751875
18.53741229635168 -0.7018163403252756
19.150927762226186 -0.32164902469977763
8.908565080467287 -0.2579597577363626
0.9012814747602126 -0.2619727976930475
10.504388358545915 -0.6109505040746506
16.411400063741077 2.9835618641832506
14.776106785060561 1.1640399046931038
2.059720673040526 1.5186861716881148
2.8206124613152666 0.520869201018537
13.326703401648173 -1.5673832297169081
17.036484128115603 -0.7958488181698882
16.70168598990267 0.5012312302499429
3.179103656144184 -0.8578298550215566
1.038065083545273 0.8196357067661293
8.858745609333472 -0.04557261080795594
18.06190074898339 0.15411285299265018
19.5608821683118 -0.9010652928089196
4.417543927582676 -0.9625390522462544
11.789363197307503 0.9650738091283715
2.357791583758683 -0.8238772676215833
13.053065802859141 0.39520916707759707
10.857563286808505 0.6050164485952867
0.5113865472680065 -1.254366821316747
6.843585428113504 1.299891384597738
7.798438460857436 -0.7650290070158932
6.595586675995955 -0.06510240916168146
1.7389278809725042 -0.05561306061728863
18.381999607812354 0.01776899977113182
2.56882424375003 0.8775441678235099
9.718554323829927 2.7243321846945303
10.17934172320941 0.28062129031823824
6.67536463334668 -0.19193679922587595
14.532275013140103 -0.17600672235951764
15.589032411142416 1.0597456098004978
18.975652791381535 -1.201890506522094
1.2305898624418352 -0.9271301946892391
3.551731531521887 -0.8357597713856945
0.05255550761676416 -0.04788098248150904
2.6850219458608127 -0.8796780143745655
11.309603832834892 0.9434637833732141
8.827109778126736 -0.698726968283938
17.4340695003231 -0.14058476475783413
6.497430004815279 -0.28514110088854744
0.5636160965212774 -1.5289976458405838
1.943279913201525 -1.1258477426150921
8.63779326811869 2.1159557805351694
0.8379792090422586 -1.0830182409049074
2.1816408265336413 1.8569488462266497
10.381695725406724 -0.48246521349600857
4.145552020146298 -1.2285479647703248
4.640375793555492 1.099224113541564
15.632352921298992 0.3100840274152707
3.6856855044563006 1.56114855596203
12.510272956416387 -0.1088866603945504
16.471931496982005 -0.4830617879967666
5.167850118386057 0.2554190845896821
9.603131083834478 -0.361792916054463
7.259330481342161 -0.6809383811983523
2.0327782039538778 0.668664837683405
0.4472859295145084 -1.3181061243519445
9.018312386500808 0.6243595887371972
15.234607029909021 -0.2410487386852881
1.2785481054219923 -1.8492403120160101
18.015685277130434 -0.16204773816999116
10.222313626766207 -0.9730078419584344
14.76620050955835 2.6105308778876783
0.8419875929414544 -1.1300160428021073
18.508395128497803 -0.29894795892200593
5.1335610502165325 -0.9700760878357451
12.892232278055523 -0.19491342031672468
10.289388925594864 -0.4794466835011452
2.766111272231837 -0.3670644651579666
4.0967331231740385 -1.1102887697627795
2.898038831664095 0.7101489123757925
18.34153135508254 -0.6688668607084081
1.1678134022981312 -0.532419037987686
1.413664338877306 0.9856951010094052
13.372119721439171 -0.43935017868074744
8.642163765854606 -0.4669534214950557
0.9975999358459496 -1.2433690467051521
15.214439901913792 -0.5589982166801958
2.3742814637474896 -0.7741731814326998
11.925199759153651 -0.4585088141468336
2.3917450022399462 -0.9161637553245436
1.4131020810473183 -0.021690240114737913
6.086012353552978 0.866506023069469
6.32064095453126 2.984181278317547
10.163335249084628 -0.1987920156678977
8.257092490448862 0.5020008515716027
19.629407559693902 -1.2446157851107678
7.123527787692635 -1.951286023628171
16.638902069019633 -0.13470755523168015
19.125632543065738 0.046096098727940696
7.1517009134186535 -0.7566577139594108
3.211655776370101 -1.298918057146466
0.7947350188135556 -1.4279190698517665
0.43946162819384094 -1.4606611756113532
6.541816573403884 -0.6390360656967751
10.083073348988856 0.33678935585075714
3.136108850243115 -0.42382489397670875
18.747951759099415 -0.7969408530152675
8.352392567866275 -0.6166096347923952
7.047418024665849 -1.2417384239263995
6.926183423656799 -0.559042156122475
16.44647018106417 -0.11456377368968601
13.278816504908814 1.2333418175859647
10.51776162161665 -0.1621948081149865
18.0358394664767 -0.2722621543566232
2.7183929937720444 -1.0021295817738332
1.488726360799325 -1.768524376130832
14.46053129266457 -0.38225134763989377
10.211475243044909 0.5259913012479739
1.075076761008826 0.37151599589427264
13.563462343925972 0.2670149824778141
5.676676466037563 -0.5022878946872635
19.007381257875522 -0.9750915221255039
15.680459664287776 -0.6430561453655655
0.04452825551553251 -0.7924708470392646
13.93952727331254 1.4398989149322179
16.01011783769188 -0.7403604983346339
18.102868363729016 -0.38237408586128446
11.985628705700833 0.3426556638846912
18.84586430260707 -1.0128346535439923
4.1322183760265405 0.19195844621998936
5.570186761796059 -0.7831361208541332
0.9183910212703749 0.4911156693867407
2.5654073768932792 -0.8816405909623253
17.1904273355085 -0.2426293264952109
5.048932127200245 0.7589882064037281
7.9261793030922565 -0.9854610359561591
5.127129492042566 1.114050419843288
4.470609898703174 -1.1268507037157802
13.250917460767091 0.5880017783823757
9.94231850949249 -0.38709747034816844
4.990088085772869 0.746586526512985
8.979211372129756 -1.3082450445676945
1.9701824633719536 -0.9578393999382709
14.909129997875446 -0.4160715302829998
7.672104102177952 -0.7830275686851078
6.387626635592623 -0.7690807413466025
19.495296691156906 -0.22821648122117305
5.053504189857184 1.4707634413229382
3.809408044429285 -0.3479296157520132
13.120617246828893 0.9909566394165181
5.674923547774404 -1.0878459694132
4.751782265669167 0.07468105475110443
19.862141802897256 -1.2331700434108601
6.184504629242332 0.01732584233403099
19.784196105936655 -1.5057242160273518
18.588816692423855 -0.02766201477160341
19.92400617366433 -0.9469197814919791
12.738744133413288 0.0597904224979488
2.8513536526589225 1.1176418295675519
11.00862009904735 2.55987147451718
14.262756892147472 0.32925916070068206
7.709780010705157 1.375552947498851
5.996391092842429 -1.007644158700972
2.1873302192548456 1.5548714365878393
13.432566703552142 -0.49852053383960615
7.946335894492934 1.1273849656594388
15.600176766343111 1.4086210639558483
19.99708158550667 0.4245765354452618
13.10824235020439 0.37425741863854717
7.747396751443676 -1.248846636629983
5.437869366784305 0.03935228153832485
7.470321304591916 2.919583391871963
2.8249767075442795 -1.0982045494013923
0.6758648889602935 -0.8570414714450065
17.66649505183186 -0.6794766585428567
5.618256444214283 -0.8102431435097042
11.7241631177063 0.0033902043712028124
17.4265490581483 -0.49730355734026993
18.221861295649248 -0.9706316941725424
4.674258499398519 -1.3718930345322058
16.77274185719862 -3.6812902669121077
18.198742442212563 -0.9021477989316673
0.0026998515815029323 -1.5395259001029156
4.297088547649953 2.350466897685109
9.536438369382498 -0.588614000650173
0.46945138318132495 -1.005098011417524
6.392511287508126 -0.9072991154323602
1.3602451330910517 -0.5775087339608943
0.39014023116930635 -0.7784543094974415
5.893330576182687 -1.7509684974136768
2.5162132407301763 0.4307540911593855
13.713711808353716 -0.25420758378726627
19.489140934010834 1.7403932483863225
8.570979283910052 -0.31932130723879903
5.199803073698171 1.2217784296530776
4.893565492570767 -0.9051275281278657
1.5680833558504408 1.0717202061084676
4.459881519794401 0.09390903217410834
0.939489931376251 -1.5582331797941962
6.868332868974088 -0.4991866936835125
19.681714443808772 -1.221368732361306
11.68548833463264 0.6353731733527156
7.1340655670818665 -0.29104101932219545
5.8691795659039805 1.6237030535702954
14.558922561200069 0.0781265253168735
11.543529229719688 1.0888246838166824
0.9242318860600557 -0.8727924419196965
7.924149799236431 -0.6366518193859874
12.580495235593942 -0.2294999016696007
9.23747902524127 -0.2599149957812976
5.279945207468495 -0.8895336197110727
6.174284255978014 -1.6114117182884282
2.7638345271495255 0.03219373369712382
0.9382631379990064 2.98433089267262
7.895555235302016 -1.0044487477579949
10.259470038056827 -0.5336083332459249
1.4817494448712063 -0.47393673584367857
19.478165293202828 1.6763354334477516
14.013280789204288 -0.9946900882703101
13.817420458667817 -0.31728380541174794
1.615818348319351 1.5291021272892782
11.595859466689888 2.3049923862559085
19.85828317572769 1.8332740047505864
12.818349703102557 1.625806500553242
1.448438705446162 0.3897277418146232
5.2558148321384905 1.0905542900754652
17.437303723851077 -0.19149541124682393
7.868119791936836 -0.7875010427880975
0.6976221808268446 0.5759102435281362
14.12341046867658 1.6667802423006124
0.8115670346178694 -1.164694792308459
7.487793580967892 1.5623720584908916
5.762592647600155 -0.7482127646372172
17.606662423426158 -0.8966660875665969
19.026210830206303 -1.2334347954048719
18.797623650712136 1.9007430096064557
3.503895396744306 0.41007301553660613
6.373163203178986 2.0240198251537516
0.3252888090668603 -0.7917938391330351
3.544032739822164 -0.7312708256696702
19.45948895562677 -0.9409274992357723
19.466954596193155 -1.3449204012825746
9.547170723871435 -0.5948091753038484
3.657237720987337 -1.020541830405241
17.55987941235402 -0.8454198154466265
3.4818344553042007 1.1136536677503366
2.6287794560539113 -1.0096970206124556
8.631137777691471 -0.08521161082704456
19.647616529730836 -1.7814443841816725
7.04225249168548 -0.8779852152356852
2.4362142891529457 -0.8126161900506848
2.1795900036547127 -0.9393793728730259
5.389675314103601 -0.9474340555689907
0.31631161027772003 -1.6828826323741966
9.035494212738818 -0.6779818374062543
7.9096668171632984 -0.6494656514132728
11.264781304636061 -0.11099073373037646
12.938095613577483 -0.998199003993504
7.398015755278299 -1.4336179349468843
15.161584282525988 -0.6840650301561664
17.592152976884098 -0.8507079625963259
5.928700303096821 -1.0491186055500115
8.520557453290184 1.373263381296716
18.33946832966959 0.8194687672298174
10.278652546607907 -0.6862481955154688
0.041151872033731246 -1.7034719788922406
14.96797723937343 -0.8000547515843164
16.624007528988635 -1.0781831981259988
7.257452385225465 -0.7487205548415531
18.45168587868082 -4.226406334743685
16.831851832671834 -0.352744674988088
11.805030810018271 -1.4834771947968262
5.482438849951877 -1.314146071524049
16.27321139100731 -0.7645799794991579
18.08567971004606 -0.9852420366323633
19.62465846338359 -3.1467850911679265
7.547138146515 1.1913628392819124
16.673764167119018 -0.8877754106256086
10.826993429160717 2.612348200119183
10.839421579686464 -0.05252330051875531
17.815360679940913 -0.3148402234288149
13.44749205784093 -0.4096728595423442
8.218922428318887 -0.3508179859588
10.587223124943577 -0.6117324830093483
12.771663445149104 -0.9579961275762582
9.19826758733899 -2.3278696930441716
6.186391730670165 -0.787578877377314
6.478286879096817 -1.3928431028183432
9.009836515480131 -0.5368409046993039
18.73794980559326 -1.09653006741155
7.054643212966158 -0.760260514957123
2.919497536899562 -1.3918703854063113
14.960351649016598 -0.3535897782899323
9.174364842167737 -0.5505512595112495
18.01088168349207 1.8293513345639332
13.669916019384901 -6.77096439465907
2.3123551562076443 -1.2031853764925093
3.658665909618364 -1.1017746012772724
15.797641327011473 -0.6080773189608435
4.043680972670428 -6.083768818773885
14.61212413548069 -0.7471109055402485
17.299777604401342 -1.3317290510538158
16.685196324236927 1.1323926141595686
13.873308404542502 -0.47779801371459774
17.154504037861958 -0.3193288533726307
8.249465330277323 -1.257593656160233
12.018554015972628 -0.20731429598963658
1.5153061123315148 -1.9414306512728778
3.3635826674593132 -0.8104698645774583
13.911182889292231 -0.6905671600819354
5.586204941909378 -1.1963972697854088
19.059921800249757 -2.9098879278442866
12.811406473368514 1.0642368111152936
0.8919565449429142 -2.5852084379177414
12.93363514474397 1.0817054025507196
14.198294072082396 -2.1669837805355003
11.473166588583545 0.6951364397210616
18.265587116820655 -3.0380077615515217
6.801331787337456 -0.638659389515112
2.192606966065736 -1.3880015529740428
9.638158947283182 -0.3985393623649059
18.39790358854903 -1.3211535711057383
13.223937028012195 -0.3932609970797943
8.412580665489621 -1.200561132960379
19.775739356535357 1.8684018127235136
12.662349537441997 -1.3684118261359244
1.7890748944805306 3.480646269252571
6.632748857972329 -1.3372539889837056
16.28219564159329 0.5578091544461758
15.665837743157374 -2.68217355163713
1.8609470901519714 0.42085548015415347
13.173966214926724 -6.370477679709683
17.9041769264787 -1.2206202782619715
16.6668494100047 -0.7740407613234259
9.090331743429923 -0.596361475385826
5.631560345760043 -1.8194961061284818
13.927671359360973 2.582233282211769
11.430082555389014 -1.1391285805327307
15.354761867202564 1.1847092078234591
7.97630097119229 -1.363302688498437
9.733016669199435 0.6259395266271903
10.430544237745709 -0.620553772468164
15.788306828387793 -0.3881403592108796
3.325481942413827 -1.0020915574833826
1.0555201512971855 -1.2102854123663638
5.550292489008282 -1.0139365576325903
15.97313744998353 -0.22716441772146534
12.891800138550416 0.742552783461211
5.581439978990379 -0.7308989665117553
5.3604069878711655 0.7806998694194146
9.358365440758114 -1.886300354209739
1.0859081001015845 -1.7167952766421664
12.709501885593824 -0.3643421023623988
9.522044263621597 1.436557735969604
0.5660546137200243 -1.0949208004812838
16.27978255434818 -2.017636165990076
17.57622266811233 -0.37344773154853855
8.942112690904446 2.2321065673468827
16.49097635623164 -0.9790711719312754
17.189812349947175 -1.1612657863354934
11.564615830096344 -1.9114939717616395
1.329878850180249 -1.4837831838356612
10.306192570545731 0.0476365287321503
16.091164006029693 -0.7344511942470769
15.26542609008215 1.1296728803165181
13.195490279452594 -1.3306737198065561
5.318033266187075 -1.1117991715695037
12.75093056869913 -0.6291755757042096
18.834408080833263 -0.90883385376674
1.7249031783617506 -1.960712688755918
17.671655254573018 -0.5576810545817575
0.6351383749025081 -1.7504237553399926
17.314915735547284 -0.3395079231662218
2.913038316681962 -2.504641100078026
10.376755511952217 -0.8536520407008279
18.820091438020164 -1.7580715787750243
1.400297932221919 -0.32546547616270227
1.9318755605736297 -1.3497326687577627
1.7438723762514277 -0.21878457412339322
15.81602627967807 -2.462530344751136
2.7341523503086615 -1.476260424511814
14.974393540759545 -0.421979605464495
16.915281985405045 -0.32428635530084776
0.6326850725005381 -3.2947760806059048
2.0325027631729227 -1.9549418568065513
18.832681157573045 -1.4625063576076343
5.694684904070078 -0.04114225857843823
13.372556281532693 -1.8191229049027784
4.586890053082587 1.0283522711654003
19.75848307696423 -3.4359617576837
17.48210518175843 -1.238938188384379
3.863234993543604 -5.557723753919682
17.539703031352392 -0.6825536341566227
18.27004720440392 -2.580731291294545
7.616083072303487 -1.0507047848666584
0.46637277390455506 -4.378839293262554
5.261877237128246 -1.0104564738389845
14.573066688558734 -0.7465153636277126
15.502209392361815 -0.3206317547663267
0.2908699337051828 -1.7266310575127435
14.579387325328282 -2.8861310253235892
3.704567129568665 -2.715939836508216
12.064282970825822 -0.8238648705192456
12.213467794911026 0.7441018679918604
3.8614647894621665 -1.2198023026413736
6.5473458656919785 -1.7433454972732876
17.61612622197788 -0.5333829818516365
7.43161179908124 -0.12182053260898107
2.954923325921887 -1.2161560986013562
19.21220747312052 -1.1046778339512233
6.392266009845162 -1.1165834586796919
14.084700477157007 -1.137247251922984
17.473369436287932 -1.3230017721982146
4.9306747439618395 -1.203807395191484
17.253565373325298 -1.1621066621818241
9.864172394965102 -0.5309424951786642
17.679726767692106 1.0329300155302072
17.613213580556614 -3.0026147883380547
18.472614988374843 -1.1272009776947005
2.8329117912622577 -2.934931835384541
7.073852737792846 -0.6167772010885436
0.5158061673894143 -2.497652429415888
15.78138905359112 0.008580345164848333
2.9264521791380633 -0.524404305365664
8.597637332172056 -0.27980303613169033
12.200322417933444 -0.4848486755058856
6.80290137474507 -0.3932650150472672
15.062634161945965 -2.0889604535910835
12.844404276986413 -1.1743083417948663
10.727214409616604 -0.5517082174467711
14.74756511400666 -0.15078586082852014
2.697520349445228 -1.2973393524044505
17.62429312280342 1.1234999889435195
3.118946208211916 -2.6969020421445595
2.939078792273488 -1.3127876500777242
5.058201515206335 -1.0750553784214865
14.056453013325049 -0.6875446069912103
5.159088339251371 -2.476776337085198
10.43834312635956 -0.8118357390885874
15.179168398342254 -0.8845839466860431
15.624681303977484 -0.5347520313229921
12.997335859562645 -0.36492040684204524
14.599174441602308 -0.5097167888617541
1.8722128155495406 -1.3342685281578741
6.543884384217708 -0.7976046416198947
9.433872642930048 -0.5091023928991945
0.01713676494260777 -1.5771473271263723
14.395784137053184 -0.6963212781971243
16.053751726950146 -0.46028738076673514
6.500894173735019 -1.5551374324575655
19.113154860154353 -1.6768607098386124
9.15395870114804 -1.4530726651214907
4.371930184942215 -1.1826604826234415
10.770104748469576 -0.6108460128779701
18.751427521725006 -0.4984521300494538
19.73532055264401 -3.1470929486212875
6.194011941137908 -1.7548136270924544
10.92165922725302 -0.4662272715447586
19.789270488438948 -0.5807400313745156
11.72647520731309 -0.27409312680048176
15.646421615652827 -0.26025181570950556
17.212856264019077 -3.49753717742597
11.989576690065945 -0.7200034147144434
11.527081401910229 -1.3349558751417143
11.777922576413175 -0.41477747835862117
17.301583316798876 -2.5575888459277056
16.769632175926997 -1.0605724659260138
18.670740123149137 -1.1816587659022355
18.662179333167565 -1.2778130678304156
3.6391981329883882 -0.31194797181664086
8.882982836069905 -0.49297241397307334
13.306941346780258 -1.0542400138753467
17.452547696457064 -0.7503262463708238
15.878111232884102 -1.3563106619500092
11.121767190160522 0.10725052730743591
1.6286618369351986 -1.9528373416924556
19.448853355990135 -1.5227998684590272
11.878558646973882 -2.1183805293168834
11.365102838167157 -0.13628568585615322
16.745999679038164 -1.1158968634311748
0.6667556965707893 -1.447301097230368
18.745287585616964 -1.3109949225949562
9.139368515662506 0.557137030799886
2.7180644019285434 -1.2853476548683087
7.595233086271181 -1.076588494668497
15.594601227032937 -1.1912022047709772
2.0954249544680037 -1.2462927198169882
10.534223960234591 -1.2882646905561086
19.388651657185456 -1.3539557194944083
18.2636644751905 -2.4478760692884567
8.910298074243299 -0.9104085222214802
11.584090673325571 -0.25665861651123784
16.17540935358834 -0.6878036753833904
12.425061311964134 -0.5873309793132264
16.440841268552386 -0.7358133746024824
18.172275861662452 -0.6896018792212345
16.358909153351608 -0.6366333589399963
2.622336717451761 -1.002886512927222
5.27190999229094 -1.1271879115815948
1.3709262484014895 -0.38385312584564624
18.219610155740842 -1.104603425773206
11.217935306858223 -0.4093322184738677
16.76361446398895 -0.3991927449590705
7.267014373926594 -1.882921572118401
12.492827733668204 -0.9708824162660071
10.011568073044963 -1.0886368384209435
2.8196660200271286 -0.6522014879497771
19.430222052013285 -0.9998735143905448
15.441992627961854 -0.9739589550374623
11.495561508487883 -1.140898779096278
1.1958802709148564 -1.3849836834357054
11.990987531999048 -2.1516945595155788
4.414429021922473 -0.08229892919994941
5.809403073264299 -3.426428650501882
15.66708292999294 0.11618104842339678
3.8263699938544375 -3.4737834258781537
17.486213548628577 -0.8158562876130517
3.73304425982257 -1.5683613928935718
15.050800927704046 -0.43184571365851954
11.940478430742917 -0.29995023682803873
12.821274287091626 -0.33376926854019917
10.405615243530697 -0.9147443203249963
16.04110748365047 -0.5977489013408538
9.595688057361404 -0.5131232375290001
14.96595097280644 -0.6176885204442519
3.9002514094611596 -3.2216994991834165
17.929561882801572 -0.7122891044164115
16.362539738675107 -2.7311640376023667
1.8085402930126426 -0.16309210386869943
9.152589716724023 -2.414782145433721
16.41957526176689 -0.5878036395382922
15.249895721227842 1.8949140549703274
12.074225263177711 -0.5376707464237018
10.296158152847703 -1.1872977764139343
2.4997874134548286 0.05483733448313441
3.4516891473309554 -1.20353401254304
5.015177371862496 -0.15755945906799007
17.717860123176884 -0.6556433284008719
15.616580802628825 -0.31034990706528237
18.52646267626528 -0.9982320306233897
2.6171627877390793 -0.745068591196195
18.914651064980916 -2.3036856678307234
4.863759661506385 -0.8171983447543729
5.409989786963636 -0.746297240235258
0.3518523797811061 -1.0989980528106478
1.2044623847829803 -2.1595608028458275
2.778968315068651 -1.1881590934770179
12.762273709197176 0.21163103022710286
8.10363855713124 -0.8689021970717751
3.423852501691561 -0.8114953275599531
10.79644225500741 -1.8209453146225485
12.078460243891822 -0.23022854558971528
12.1867801361542 0.33232153641556605
13.639566860470536 -0.4436699838253153
15.129208547710382 -0.4830395379328364
7.104206637788631 0.14992551870534823
1.6938617420409756 1.0931317739338449
11.446340926323652 0.21974823800946197
2.407809361060417 2.7518229336055415
3.387687110647844 1.2742367732826165
