2.197966709904844 -0.6173855634422392
0.9181820410200493 -0.024418572861830398
19.549494234111364 -0.264177116068512
6.10458037629509 -1.1641603276311001
2.886881395486347 0.9651644687564214
5.675476502880677 1.13776260246252
0.0005218680709653256 2.2567350086475964
8.055408405690688 0.46507553280521496
8.148429674963767 0.21871279345487918
2.6831504304364535 0.36950873210613694
4.658517764819511 -0.7045923557435325
15.740096420491229 -0.6746834602339036
12.723691774618814 3.2052114502205344
4.187311080682044 -1.0838331809249393
19.5707193076493 -0.43472293393342826
10.483047980253689 0.3186083489211227
14.276305241393665 2.1717432545692326
14.424995662540306 0.40223125835152873
12.064529988601837 -0.6655960007589483
15.218138671862734 0.5044997461354068
5.330122743725132 -0.8797496409552298
11.092826379270692 -0.2643792857714188
6.03309964467012 -0.3131676555119894
11.68189407867684 -0.8234353435023225
17.937590913194573 -1.0861619281740797
7.621105419463258 -0.5430124941786335
9.381140032084758 -0.43477849090480397
6.33327185377192 -0.4571723680410046
6.595177055833765 -0.7962817124705227
9.634382287562008 1.7564311542720485
7.004457770106299 -0.8194419786095649
8.05811804661747 -0.4718589036596399
9.067141105096363 -1.9906216463555608
6.3695488062063275 -0.4436313199471924
3.8950038570365524 -1.2852599647239045
4.177957022721104 0.5051630555270559
19.294708527564826 -1.0704262270971814
14.29845733126932 0.37976760538128274
1.9572011459387013 -1.2332252177924885
14.253860391192894 0.5517396189964524
7.610326991380802 -3.7424139845020115
5.578499699522052 0.9591697903962609
8.019646117688731 -1.3681260893973801
13.417359724424625 2.3810069824614613
18.37885629193351 2.1055308260330503
12.130755004706257 2.6417397875344673
19.93816018148399 -1.2696565472124908
17.164681223596595 2.500864363354708
17.59264170689103 -0.9315663621112076
2.0975379563970673 0.2775811588910746
14.653901608161647 -0.4573587281602869
5.745573134573063 -0.9590166215488152
1.7576275319265582 -1.3729044362309262
5.173439213086145 -1.0844372697982556
14.636043640770847 -2.701266637210056
3.9497875440171555 0.3416346276540592
8.196857107943597 0.5303398451263508
4.651463171217941 0.7226193364986946
8.241472129906656 0.6759604726451373
4.981482587335175 0.7465631496854911
0.8444264959361171 -0.18412878394502505
5.037248658925717 0.725275814741147
12.756178959194994 0.7331483830177475
6.339078973236911 1.8030454644958136
18.116982666395636 -0.0001691460219249985
4.571800981985221 1.3504609909982894
7.559680159767169 -0.5227189475489561
16.291106907512376 1.6094706666106868
16.780682949199136 1.1528851938824132
4.790418798481493 1.440951055845224
3.4555817807325555 2.668412628064279
12.858807037373532 0.3837389728664846
15.851314985617405 0.8587273367479588
5.057846560281632 1.5382854640883572
9.28289737549271 0.9242313674405578
8.725647415023976 1.13782657839411
5.379302565130076 -0.5464829752128978
19.769835500682422 1.363009334320236
16.83753086464309 2.972637294000619
6.225676272451592 1.8166099155937667
7.165434152112868 -0.4564150207193735
10.429331778531107 2.5145905808507703
1.84958982239042 0.05436340566519478
7.9046623735253085 2.273934461150135
4.861064224844656 -0.6152742196319764
15.202726069048127 3.0508645379347934
19.786694371869476 1.6525631550782527
5.5599107980520595 1.7534041019135578
4.814571290439968 -0.8005929207353627
9.116628566419767 1.2619720962947352
5.366314605659767 -0.875659633522306
12.888532018242488 -0.3887601951568238
6.844896490764356 -0.5508223067595475
3.5459297719041007 0.684075903383506
13.469323194891748 -0.9137032557213894
7.230112075848959 2.390157901661328
4.030365352646838 0.7339776051234974
2.7705021864540846 0.3468322019578411
12.076128455395674 -0.01799087821270863
15.971789951288594 0.11067744338707787
13.174714451789713 -0.8010322352714476
9.550006796566564 0.9209905801783996
13.307778915418183 -0.8091525835111899
13.139797324583272 -0.7319632196557864
9.896820377595917 -1.2088584806303377
7.614172614030764 -0.8430810818966418
4.003926992917418 -1.6930702535927709
0.6896310337164318 -1.7614472804214
14.081162818184131 1.637912438013677
13.92183417295915 -0.7327952710089256
13.641744151047101 -0.7484349527587201
0.8819923633516243 -1.0530241487052372
19.423305365639628 -1.0579814908402956
19.871839395604784 -2.4525672246452785
10.418350774693806 2.5261750895475767
8.268634433641184 -2.7480435913466246
2.15738536737499 -2.9173049529621653
3.0473373365149192 -0.7197997416083796
7.4566658038171925 0.5473159330092934
14.30807834232301 -0.8472022132929493
14.24853889833482 -0.4633101901552157
1.5601667522721085 -1.166534554968697
3.011745192953597 2.4440233627557197
18.32153225520643 -0.9150104936064503
9.317020052534135 -0.6991902273633993
14.613486668166916 -0.9361634563589677
8.156290389031886 -0.6278214373866063
0.038859082073109605 -0.5454383652157417
3.7973724974439427 -0.7644463671129582
8.39126258575254 -0.6251685084462817
13.230343659183106 -0.8569365257383155
14.06174163547568 -1.1320199888655362
6.355589537361747 -0.5973487031203907
0.2335131617240071 -4.383662021790105
3.9061690559886757 0.6791617425452353
4.713269154164607 -1.708754472102425
8.991381017641324 0.08596537554888543
9.51312703872667 -0.5729577017173075
13.865256351530327 -0.9058545673902716
1.5646364353775992 -1.6665432172643486
10.317245447048652 -0.043017704692515285
13.888261059437173 -1.6969777928731893
4.868369967741081 1.1228344063259295
0.17569161222273255 -0.960249830778321
14.5622380066769 1.520327159494805
3.03083678695313 -3.789292827698766
9.17295158202196 0.6401262815284999
10.86548596555576 -0.894227016964432
3.655220285082455 -1.3959919499353322
4.875842841833489 -1.8578288941964471
2.2680915252568252 -1.053042823433536
3.820196021738439 -2.299397315407964
10.059240661441985 2.4010355363259333
10.44989667581786 -0.9134826604798263
12.271203836154719 2.4545924088080766
2.9081990794919625 0.024203348521693327
14.566633548122505 1.5156256096836107
8.976908451597929 -0.43375666269495444
17.651074039730705 -1.0908436537937558
8.555211128368468 1.4441515839911616
9.798065658775121 0.40378441760579614
7.9849130532473485 -0.03952486429003861
5.327868699515024 -0.43419424949238505
2.309474213663695 -1.1506183265011833
8.217092895522638 0.39575084726713117
9.832189484008042 -0.648309183533939
11.002862701338445 1.0161729142967064
5.434571350821211 -1.0710158577701023
1.2300604418745 -1.1172498428659934
17.65242657827192 -1.1711153330128448
13.897776573420416 -0.49363309026100977
1.1244733437387515 -0.9943991633914541
7.436947070664073 0.033556859575733
7.7011839201710215 -0.13151916201433253
13.936392880694553 1.8774753109512052
16.483454255743876 0.08388730021921764
16.20442690123278 -0.02189561593063656
2.8635539685836293 -0.4346968303953475
6.7368170535720475 -0.4636818414371845
7.1286446759464415 -0.5756463682599287
13.385381523581986 -1.3285769045750133
13.595133511682976 -1.1082307454648144
13.536558969213784 0.3075199474701479
17.333528808217178 0.009053191215474182
7.147334691748266 0.07509302169096785
2.66043362154503 -1.1256459187693666
8.480531048534601 1.1730238144799494
0.4996009871093957 -5.316654441902637
7.305780407085872 1.9061110599602398
2.598028334874877 -1.3249386043083609
10.245063622254138 2.4270199131370043
19.631905089422798 -1.7254175064204378
12.05464870644293 -1.5961003265762097
19.28136178247447 -2.237825174919454
9.81964353448135 0.5118797605312911
17.970583880765783 -1.4345050467805593
8.550041171009935 -0.10675890594865624
18.062436150662084 -1.5551574063956868
8.000294729071673 0.26149891952545107
18.09720627207089 -1.6911494780089915
6.729995356823832 -0.7353751822312133
7.169441133300219 -0.7340960669103431
14.184150921229763 0.4471619296414915
0.4072240668625654 -1.2385186383889615
8.017709515656167 -0.5768617694185355
11.904749679453706 -2.1619168063350855
6.504562589199073 1.1439537105786932
12.569494862379186 -1.9832379740213013
9.87698365833529 -0.36910969742652455
16.482469744589164 -1.4662659263569278
7.134078237893563 1.928691912761149
15.786576726259538 -1.5026458906105389
13.332719148347726 -0.2067402678583872
17.472615616803107 -1.4953146576334475
18.80903469680498 1.1284913276037494
14.253730293219478 -2.1138148542441098
13.199127247620297 -1.087420446937418
16.392596901875432 -1.4704787180596364
12.196516474976727 -1.212650142409848
19.301841311975668 -5.5969149824140425
14.883464693166253 -0.6236061989177021
13.272222021650839 3.2027942658727686
16.35508615965963 0.06673186427738238
6.02334748452602 -2.7764925139194245
6.727719426878998 -0.0801933237869108
17.49837757853749 -0.18334303102733923
12.30878602004478 -0.9962584352188445
4.355341752057738 1.6922072865507092
13.45864651002549 -0.5124734721735926
3.6630039685419966 -0.7410472817703104
2.654981282820478 -0.40080717927343196
3.247555510947661 -0.16396827299756278
11.09579544923051 -0.7676930837016825
14.40613968193166 -0.045614755039553506
6.714037466721324 1.4804441843404677
2.0552564212246285 -0.22831678602881028
9.457483093089495 0.3740956108875762
4.366743332657263 -1.4590640556227732
11.78119723977313 -0.965165096304522
5.036215727000732 -1.1329023521813995
5.329102773230977 -0.656250362563581
13.65498725499586 -1.2747429611735157
19.908933376322373 -0.7922325191770058
19.5717399574276 -2.1511322409409113
1.0004235499430774 -0.7773314059898225
4.610790288833812 -1.3693918743365172
6.5536783634650835 1.8570363951870459
8.541230787905882 -0.2767071558727807
0.5444860368049266 1.3052686623721297
0.21659416438189072 -1.263832558047394
16.005163725251915 -0.23408111418002192
19.4298543099256 -2.0696455516673247
16.14140506944351 -0.17089461530515587
7.332442670636002 -0.6848617145721521
19.34936928230966 -0.775612037729392
6.891426013657028 -0.6472657177595729
14.470670356341838 -0.7654532547299253
4.385269536000785 -0.7813841404107311
0.4798706250883651 -0.9356793366281122
15.2354479456424 -0.7280960987327596
16.976346550881633 -0.9378026064336541
14.602856898861896 -1.5004202199129395
7.000857389742489 -0.8413298262120433
1.483515096322057 -0.8217708327579846
0.17619382370471365 -0.9298562037840757
3.310428008995623 -1.8159465992713657
1.9586088113871363 1.9884607743752754
17.479281848074542 -1.8614298375576261
5.69293448436292 -0.15342952618424005
16.605522513079553 -0.9714106272677427
3.9808590397691455 1.3281352864624874
8.332663269570062 -3.3707498091507104
13.61068808974797 -1.2385974626949385
8.573998639515985 -0.5752454577395496
8.504707138285577 0.4318475079307079
9.234443100639039 -0.47700263420605327
19.765125493630713 2.089243564714544
13.294808077716384 -1.411816567979825
4.193830192751716 -1.6502602653582994
15.737016270769457 -1.8466823585310763
15.713977493629713 -0.21142167378777338
17.73828805105061 0.08091400474646195
3.2986888310762548 0.34116198380513646
6.191544565756384 -1.5794558103154603
3.92447772976765 -2.0016087214676093
14.594495611040509 -0.53179577200547
0.7133598301751622 -0.8695782412860448
15.046588292418472 0.09615306976258778
11.050414407592136 -0.6711072238208714
8.981897958661937 -0.0180670254492334
9.146124134644952 1.4715780283584157
9.604253860724999 -0.6990788896837751
18.05811491257534 -0.31695840328730385
2.5622382625323468 -0.44895921881812534
10.50411694038759 -0.7931606695885091
9.383816093457916 -0.9441877443923342
14.305825758549112 -0.684250287092026
16.83780994608641 -1.9895282342609466
15.764368747075425 -0.5505054571718813
1.6630407503971456 -3.766785343525874
12.057425700692976 -1.5492445870929041
1.3950365560526983 -0.8681245257886182
15.295255865231905 -1.0427122372898534
8.66039664512921 -0.95148764065747
9.500546772802284 -0.7039448366993563
17.2323812164517 -1.0091156519547828
2.6102028692395267 -1.9724557289257423
19.47637670534914 -0.8500184510080804
3.1399642921306237 -1.266524946739672
13.893430981314514 -1.2472556584847285
2.2064590209336155 -0.34726056151738854
1.5759855667834028 -1.5893252732612433
7.1976638649701625 -0.4934513782019345
19.946711299800423 -0.9219948961078411
4.7508174979141415 -0.5872875931223375
2.2706420811093166 -1.443849864875404
14.27201487540891 -0.5570203981800117
12.071781992416565 -1.2038316032778176
1.5067699783031019 1.026167977599564
9.844972915012956 -0.8537593665486906
14.977851513595215 1.9082289909419874
9.48781990764394 -1.6707559641384544
5.627032410338729 -0.7036419693149368
16.284573268733855 -3.262144888559692
5.680495724832897 1.0631279860638203
13.224872242811594 -1.5191028163645002
0.9939096423547571 -0.8325835326491903
2.8045481246067023 -1.4060536926865053
3.278344617226333 0.4567205763903453
15.940458855257319 -1.5329339562589668
6.720632851646253 -1.128160638851883
11.202286824180474 -1.0799458839725318
8.140671473554796 1.2426491827678665
18.438865267535594 -2.284211683752422
8.108304326804204 -2.9450781091310843
0.06395222079666205 -1.723231806803648
10.761621560151864 2.596823340447916
1.1916096782261643 -4.355523583877657
1.8155904900931403 -0.771922452647266
12.072571402661213 -1.7488022267520689
16.999567766640673 -2.0502360872896714
13.070407877771583 -1.5020991762219815
1.6179521712983833 -1.236982808739198
4.192573432745549 -3.4944357601306963
8.203123204111732 0.6074955401577354
10.181041032912765 -2.3596254969907537
18.089047903133995 1.2819832245256213
10.915716373606026 -2.257049219924542
5.347400344092292 1.2530373216707573
14.01199853756034 -0.9810890947101919
3.561331150098066 -0.33443147631079173
13.503632999109941 -1.389238047854938
13.417000768394006 -1.4483675573370458
13.513028547270848 -1.2116363263362773
4.451272319145624 -1.5838958412242432
9.462143896369303 -2.4745198593013633
14.382163681518042 -0.5194527085531202
9.006033876716314 -2.5575627159423275
3.3891380054148796 0.2606468656111434
10.669925741697073 -0.9077097755472495
10.47012839356775 0.9498062486223656
10.719358338978024 -0.911824180163687
17.379513862554806 2.62170870875882
2.2838266687015234 -3.4604514922901024
0.8792696571393298 -1.6013387343379306
2.264460739843607 -0.3794698436347704
0.9992546250889106 -0.5084851219200566
1.0089473035533318 -1.1725979725552267
7.314262347570732 1.5631850492672485
16.84547736361327 -3.710014524824881
11.664974777570198 0.8552499854054796
3.7684360981824163 -3.6186822129799876
7.902745396933204 -0.3233540119946565
7.37918470414545 -1.5607739020315272
13.581444136327447 -0.926527350687152
18.757025728577414 -3.785201323972505
18.6173457553501 -0.1498793257889076
1.6257583290753206 -4.060526282513174
2.987813631218748 -0.6648263421345552
2.3165737905091723 -1.440208167947148
4.308571451781108 -0.9484561581376822
1.006892767821978 -3.224801858211277
0.31921419248141675 -1.2383329919528847
0.012341355717528896 -2.3032165181786266
0.07396583026640613 2.3637916171354254
5.585401584738178 -1.519413505879916
6.022598922589068 -0.3089326762022983
2.7456276578800884 -2.8638906335968426
7.4707932489468885 0.577019386814066
16.67286813256867 -1.7678360411058593
3.3645570342889437 0.2898858303728418
1.5181067888923745 -3.09964338892764
4.354787686132209 -1.1502829977272988
18.907582421788995 -0.7499620823015427
7.322076780917002 -0.5234020048783127
14.66916712751496 -1.16140605387223
17.884549926851648 -0.35378088394338764
13.18216402812909 -0.4553161292885045
12.121594925475577 2.480121949241326
14.924568589464927 -1.2390997530770453
12.500961549110752 -0.7940032273922835
15.917399047141737 -1.057824790832461
7.588479167328739 0.3190829673211968
0.39363918569220074 -1.1365880881822328
8.053792016548062 1.4778277905359378
16.05677960731003 -1.048347491939684
17.634230332429322 -0.6547774866771539
0.5668866951956452 -1.1697381461863026
15.048547166594458 -0.46605485917513884
18.029462305973208 -3.4583184017353017
14.302821922954479 1.5528560444710475
4.536648076088464 -1.3036221017328256
13.875922910968361 -0.381167703145328
3.2874177386271866 -1.1881198744660084
7.821804331493492 -0.49168310429307566
10.258311056240634 -2.2356807786981374
9.982986360958513 -0.8464704110683821
10.440208922258003 -2.222489110073036
11.069741203539996 -1.411723525418705
14.466768519554886 -1.3539109917132661
12.226459143064597 -0.2792713532464783
2.736659192517509 -1.1801217843022382
5.936395149200452 2.096428804935277
16.09732540852239 -1.0769588560410022
1.885657117542271 -0.40078676686186365
10.27374493467808 -2.1558245053210676
13.112717290024465 0.1381429486582889
18.107495736051483 -0.9649202826201306
15.168158554927054 -0.34501189852554137
0.4563838139818054 0.9603390538406096
14.776703297219196 1.919999295905689
2.949862946030305 0.2096304050244645
2.4578388828257864 -0.9256449935055278
15.020508412032937 -0.4314861906978465
14.479559599858765 0.6163167612603104
0.19596504349901162 -1.6278653237187104
11.847370873633208 -0.7321700612008664
10.178407107243796 -1.2950151234042986
14.240600712310686 0.6509031848793353
8.030041770472453 -0.6343599160385246
7.585311764205368 -0.3666803905076897
10.550898778808627 -0.680904650997746
19.499180411509844 -1.0607412121536475
4.9444248416628644 -1.1953814477086515
1.2933775569287103 -1.5558746484313257
4.498003883417991 -1.2216817315099853
18.46169273759001 0.24723252607305224
17.057669525197202 0.1270794942288157
19.851060310629737 -2.668650661984009
8.28661957804699 1.243544140011239
2.5817152967547816 0.3118490310411993
0.23698350338714047 -1.6122203755835427
15.106005020505018 -0.64283826832929
15.05552703093879 -0.7569225238959792
8.924044869143003 -3.1546392941687644
17.052132729145708 0.1398270009180913
5.263677478631449 -1.4379914548850115
12.61745258889102 -1.0877361251383055
2.3311682110565344 -0.3037537886761223
8.552846825057381 -0.7308896454543088
14.208756768438285 -1.0163352341914942
7.3885742524065785 -0.750491007129592
19.361460765485212 -0.8007620624122929
0.39418581133121156 -1.5235149582396348
18.479925690195536 -0.369824629676098
8.214615971615082 -0.7906564431076473
5.703376934938402 -1.2118530058010182
12.846588632527816 -1.0839892163009268
11.368599089290878 0.89104838695967
9.758496259777075 -0.1308924864969271
10.337642098584789 0.9521813896220904
3.78511687556958 -1.8862713368739512
16.289477653996915 -0.9755671195051572
5.141183271756993 -1.504849343667205
5.18807342792823 -0.6496338304418664
14.889353167399483 -0.5833310859616977
12.25408521436281 -1.4002981624387825
9.210916902246206 -0.9156647257973122
10.546852706049219 -0.7420316913252204
5.551125135923999 -1.200819601448126
0.7092270568445281 -0.8835958455666505
8.612384799195752 -0.5305117685524239
10.40501787778986 1.053394781471516
7.906503170212488 -0.6448723185755381
3.5682051126717247 -0.8502344733059175
7.886297545364359 -0.6357966081735651
17.084030671060503 -0.09970565016957622
3.343643465083531 -1.425972504656556
2.0959598468681286 -1.2258808085559973
0.9147930249471434 -1.4494199705733894
5.00312734069621 -4.940430649574113
4.486097560025157 -1.662093227289787
2.1778799601598515 -1.03584770347452
3.7490747038300776 -1.47373004048701
2.2425197655290368 -0.33628461858586883
5.484294838139536 -1.1428101746957977
8.942583478257085 -0.7655707823454618
16.064478496583533 -0.08643679848942931
1.2440676619872149 -1.202966204734095
16.52114148413439 -0.08104420928378167
6.064627363212268 -0.8209121487621037
7.5159671675366715 -0.997293668892004
0.3260561027275128 -1.6732359832409034
12.119715325693901 -0.8704868848220908
6.048705421334623 -5.140641067677582
9.556939903147846 -0.7902315492646971
10.63377493169364 -0.5923503101745095
2.3320986193486806 -1.4209981106704035
6.521228698052043 -5.4691933314963475
2.595349167657256 -0.03073652387105967
18.595907666764464 -0.8751019267709491
12.144572690968776 -0.8592075364158793
14.955953020984701 2.366037402055723
12.46348771169883 -0.860287865434336
2.6774184712883455 0.05835168061692399
14.127984061986302 -0.7037135077298443
6.878558230690554 0.45318207520376164
0.24618740608314824 -1.5556299013175938
11.505127231713132 -0.8357685089225142
1.5627196010740207 -1.258267235522818
12.224583400911602 -0.7561503568256255
9.089778682216469 -0.49520341919532884
8.010643013866739 -0.345372024960354
4.051247992030725 -1.5321092336769964
17.373836101029966 -0.5657217338899236
7.43873476400165 -0.6998541124662695
3.4775123787465536 -0.9813185611769158
8.634923658527617 -0.4917087739315624
4.922379644979919 -1.0069900961272442
16.855159755822804 -3.2151889358968924
11.94502707535022 -1.0324408221681645
19.869744583992947 -0.7909854931908836
16.02821093273555 -1.0946354934251536
4.808792404252637 -1.2903904698384276
11.379245117061425 -2.1814746540482384
13.95588365168339 -2.4771000441697066
13.746289085832744 -0.5006368246859828
12.796999242835016 -1.1757078625416968
17.01786748992423 -0.518591089315804
14.604389324139914 -1.2422438728386502
2.0572615876439837 -1.3974711157546047
11.330193765318192 -2.1095457715701498
3.420695832974102 0.20616091029674194
18.716834086470445 -3.5829526407409795
6.045255043794523 -0.43138267307535144
11.526895834732418 -0.8821093469418402
13.680278761512563 -0.8396345031369878
3.2186926834477454 -1.421801087531613
6.523292891219493 -0.7872571672650569
4.034683338837908 -1.6991341893651157
16.050447463773857 -0.07664383314984646
3.830598969260241 -1.493649336083791
4.992533194847448 -4.148998117423974
11.7212959352841 -1.074817721516605
17.870483149181766 -2.0465890460454497
12.455865529537526 -1.0265818546508485
8.51362720104866 -0.48236527974222776
6.997417760380584 -0.8263285098541991
7.601726346601366 1.532407211956189
11.36802977889442 -1.3352301099299284
13.678885114601428 -0.910752122862245
14.237822728841635 -0.9971381310492662
18.451091654131734 -5.97447593428006
13.847342066581026 -0.9215568990477905
16.636621533780804 -0.03384858499767342
8.67741565427 -0.8851378083237832
6.206340332006253 -0.6705071424210012
6.666533206430194 -2.51066407251793
9.859742849528477 -0.7155626411172601
11.75072268290516 -0.8501465075426344
3.3259139316049673 -0.9595725259404249
2.663049986404399 0.03362704918105651
4.992825647483071 -0.7449792079728235
2.139621763652806 -0.31573853746625635
4.520611454161359 -0.6073272657636016
14.692639705941254 -0.7051332909557534
3.9448078872340964 -1.9428881498123345
13.170805079424092 -1.1567451731461618
6.395710718436161 -0.891722317365356
15.438648317121181 -0.4438013379110074
16.711485963664718 -0.5592064636789367
11.094657914129257 -0.7469451096719241
13.92851313456204 -0.5340671609707168
11.00704164280333 -0.7357556296819628
2.44722837023473 -1.0172133475740355
5.136245850915139 -1.5920749412570667
5.140532718347871 -0.33243539019969204
12.497249085757899 -1.0753393509884135
18.37981638609381 0.10839039314533515
12.534628298181124 -1.066339923924222
8.961375583731877 -0.6151620506893576
5.190621064121813 -1.5611347118846979
15.484305038598706 -0.38846726219002514
1.9150984670535995 -1.4871984090010422
14.395993397781549 -0.6051915717290812
11.629748857654095 -0.8705845489463119
19.219238044554128 -2.0862525273603993
19.001528618933506 -2.3847583241899906
1.1450219142970381 -1.2590780804636517
8.355824025306529 -0.8011638624169217
9.05939644005095 -2.5104397616177097
14.268519494132795 -0.9917558234689394
10.158293406566955 -1.2970383700003147
15.644359688044819 -0.3641419014052075
17.13343171168099 -1.1979796987928413
17.711735390845316 -1.996861561995552
13.469272587014139 -1.7544324645982308
13.600155905230544 -1.257726459597582
0.2508388111920875 -5.520749439624101
12.607331647063468 -1.0364811669218787
18.260958934980035 -1.1900481529584725
13.729526038125188 -1.0233930348399913
19.15280650743445 -1.5660788027014203
19.26361074398306 -0.7889514602034087
19.37851382432919 -1.6452901633760686
1.4638116621527122 -0.7182277912332463
10.337428423386434 -3.105873798386519
19.889127564029195 -0.8681807770349785
9.618135767103412 -3.1435386337559663
2.7465174539129937 -0.0204436909827502
1.5814492860172926 -1.7868214095374322
17.292996562031906 -0.966663165560207
1.9898072876854935 -4.708475435971746
15.678368592186775 -0.8286876555546835
14.77999724366217 -3.3485890169374417
0.6724063758341594 -0.8325367621969019
19.828800299950615 -2.4896469652985536
11.759578270734494 -1.3208479680371752
15.292791477008869 -1.9183920906301888
16.2271273099777 -0.8086093060687272
6.622292423386261 -4.7373549614489505
6.765324455076708 -1.1801546631932902
19.97005880230938 -2.3237602773241637
17.048887369692558 -0.9456617917694362
4.823865954413213 -1.6659671745730362
1.9193841547170587 -0.4219882834209778
7.2065051975304675 -0.9546777119367001
14.538586321430946 -0.7390737640028615
16.783362503336626 -2.3705493698974043
14.954395838471733 -0.8060234066919223
6.398996052796132 -2.655839072218159
11.36491436437391 -1.3802517060513915
14.061037725464882 -2.214880126809868
12.81206594975573 -1.1757618856660828
17.716894727961296 -6.0063372753428705
15.01988538533347 -0.20132036840027545
16.865694150216065 -2.414266519841363
13.374525542279544 -1.0170064394947904
17.652084473384207 -1.264341222667867
12.279555608108186 -1.0241612325973932
19.04921458669539 -1.4832879107709644
3.9347944115147575 -1.9740976257347602
8.674731262204771 -1.4093424833147645
3.5017733901546095 -1.5426306697417815
9.109190189954566 -1.8982551648139903
8.727564707908344 -0.7426282571630037
0.44253396850792764 -3.453560515561479
13.722076493362108 -1.1726823563045574
19.668640416165825 -1.856520226986345
2.0206284628384887 -1.3304072628323258
10.026341042464171 -0.9266939963145049
12.09327949516621 -1.0572848922924145
10.595438821544711 -3.172067750110015
14.726817940867248 -0.8643041198536663
10.112553953747588 -0.897928172144948
14.683489396950359 -0.8537489036734781
3.229273354565469 -0.1685964256916928
11.227733914923837 -1.2061919638416203
4.971544171092337 -1.761879116184862
1.525788733894842 -0.6751160947336322
17.488457471862212 -3.7627985358744476
5.169045806030797 -0.9801265452577631
3.80369823812903 -1.4641548018015302
0.830146670038924 -0.8715457771847315
15.124939701624786 -2.437999519742419
8.25451177043933 -0.8054063641945709
5.483321978440509 -1.309412422236202
17.77915823403989 -0.8322824665920912
8.730007591486197 -0.8410220529860262
1.0314417866019447 -0.6605843051898976
13.480816958302892 -1.469610667071875
18.40466410476941 -0.8523853385480425
14.366436227923169 -7.045735778845021
1.7610414624017139 -0.5534302608131086
10.278602357508408 -0.826481095285659
9.821686239935813 -0.6051305594180201
16.336639770804858 -1.1982381226681786
19.647747911335845 -0.8165054357041179
16.5993241354781 -1.1716910465849664
14.453020982499538 -0.3878533395779298
18.58007134435158 -2.716371342810853
19.549433950369338 0.016575201674459146
17.105036065648605 -2.330402506799841
12.41245736836965 -0.698832795363159
9.131310519202822 -2.3354031792177223
18.857723779516732 -0.0800703826336254
17.864848917330995 -2.7303108361867214
15.983072473065432 -0.1027640594798938
1.5194410770648665 -2.93533518878941
12.513605323075836 -0.6529318690697534
1.7077653170396419 -2.0047668251808624
15.57142890356183 -0.2273287445113944
1.5806149364650408 -3.0504765862814676
6.4886159026264725 -0.8815443742765415
13.381389864895416 -1.8834141089442569
6.114538292343028 1.0483799690498958
15.48789886343263 -2.111184019958989
7.12163289222725 -0.7834451740661501
0.06592275828164662 -2.277549737654097
11.488637295755153 -0.734242530881837
1.7841109872869463 -2.8927466066802205
1.9121323276691216 1.3702259167502473
10.153091149527931 -6.421656716203222
6.521574739991206 -0.30086472881052084
6.85720918054901 -1.3319693817091511
12.259899320521559 -0.6976824358635011
15.456896732059144 -2.5622159621369374
11.39725213993912 -0.6639824892614867
14.538416897724204 -2.560979898687608
19.456306027957105 0.969691471664895
11.48334020950857 -1.8373211210583429
7.0530886890025934 1.715084581670479
12.430269246722245 -1.6600136157592438
8.495808064395506 0.6152904092134633
18.98184775546002 -1.0551064735553373
4.483745637610493 -1.1179213185493375
8.654487459517267 -2.995778101534714
17.673681102332992 2.0912171161663315
7.431782177899029 -1.1311257418239504
15.148644101232714 0.12316854076998845
0.7265219881553369 -1.1975467801665
15.585946941019353 0.22615709799194947
5.004709581139202 -3.3791551142990177
2.5389078717969795 1.0452975465290593
0.6690003515758957 -1.482593296482755
4.78081427719186 -1.0013609583382093
17.802604322145484 -0.8166770093330133
15.157970304185504 -0.21671968965585903
8.57020331597423 -1.5430679206678595
17.663414086657053 -0.8701704142454677
10.32253860257229 -0.9812597019630505
0.6447237613051131 -0.9697604003771473
19.075355937082115 0.15633580206163575
15.495601063643134 -0.9023618303994314
8.29476680118016 -0.6678284499406132
0.8131099200741263 -0.8973671291417569
4.990703952577147 -0.9539734095045451
12.66751202924285 -1.1286425720797126
1.7518503602841444 -0.47092302179456436
15.624958233155361 -0.38192406661128575
12.129208346047092 -1.1172660630953477
11.695719292668848 -1.3284289576945343
0.1691879642650481 0.059347124420635
0.3578528605844419 -0.8617341113127239
19.963723921126196 -3.50489074249846
16.78409250572236 1.0594606079880529
6.685629586187744 -0.544873287351454
15.854066730581417 -0.7923848841266737
2.2210791479849394 -1.0514549508929503
11.312870717864088 -1.2782458374522614
6.114208843307425 -3.077049691029866
6.1125712699336106 -0.868969831898518
9.075245203195747 -0.7651056871877041
5.3069535143097895 0.7774323438502141
11.985202539830878 -1.3908573461064342
3.55424032831697 -0.90745452980123
3.8088029540997326 -1.1563732161100608
5.4622161665349624 -0.8016642573973529
12.861502456882292 -1.0922930457185203
0.816417962672408 -0.8479580301534431
8.261671145658722 -0.29163151839426127
4.917739252905102 -0.9900335039049042
8.662930969136099 -1.0804095086819805
19.836373295379335 -0.8000092769564706
17.130375741438492 -0.9592766870037227
10.386562387403497 -1.0460266864710595
2.67244154584507 0.0510167475607768
13.323077422958509 -1.1231160427972227
12.742905996738466 0.11300679494993464
16.73165352766774 -1.9855935316882325
13.807556273566854 -1.1953686548327473
6.585362799863681 -1.2106465823301806
1.3393712071608264 -0.6265588116637454
13.540988298213389 -1.0868995103761991
3.1644363322479885 -1.0625206808076197
6.746007810692406 -1.1643645816050647
10.606303931064502 -1.0195941834186553
4.146990909397746 -1.989111414370473
5.042201379110917 -0.8744924685573754
4.42514056670484 -2.020343796239884
19.842286330908507 -0.7149797303734811
16.092386131718012 -0.8189310551068
8.011511748247976 -0.7719005738887971
19.44948995033224 -2.3260698497692296
9.498626644602256 -0.2179659474583332
18.556962072269176 -0.31203205172854365
4.481132603068883 -1.9411990547395286
19.26270262593794 0.5575510485795022
15.903536428965696 -0.05833132632122105
6.953854783942103 -0.6477599154449531
1.8921090111816863 -0.8319613396298992
18.484012734783388 0.21592838581258206
2.059966532177139 -0.8216312710835637
6.176246314944909 -0.7570461564929312
15.14287144214649 -0.7494106528788684
7.680096618027471 -0.5032125201916743
14.16947664578355 -1.0494650227726467
2.983144715991245 -0.9865509857223095
5.291640101114687 -0.9334210216851185
4.4653190679916035 -1.1884967665786994
18.445098348587827 -0.8326444522208982
2.1646474592413365 -1.0695354054325588
5.789965856549684 -1.3966887913305646
18.23614586930544 -0.7986214279040047
5.4296082574528 -0.9161345763014135
12.2249541068453 -1.048620571925496
16.1193344979215 -0.815849269934912
17.264556743509115 -0.9570796227776547
3.248161362631919 -1.0483855714553867
8.283885981554198 -0.8105866569764791
10.801873351535088 -0.4723579919875878
19.651049177438026 -0.835613722949728
2.0674468796350958 -0.407585119351223
0.26035581786845485 -0.8693320228874489
11.383059129055608 -1.0075449917784183
16.128068534876494 -0.8454684888742241
19.054185920276385 -0.8027178421455
16.94330109607968 0.2543088133309539
0.018574874273913175 -0.8856292254415059
7.87174387454874 -0.45435376075870504
19.965424915835207 -1.6598986334811199
7.521934846461893 -0.46450113455622205
15.895865569023908 -0.7790730604759687
11.801731184091448 -0.7467046591743278
18.84606948007959 -0.806158009890443
1.9868511932888304 -0.9816481708629073
8.509793774744319 -0.7972182462925786
5.26115377688766 -0.9728183401075404
2.0138700337866746 -0.7605113730979406
1.879419117514978 -0.9237146347665649
12.07069741915255 -1.0897785265554505
6.537484367434748 -0.5990316979112505
9.589577356925858 -0.3334398087852315
17.995839301769134 -0.7650497064990844
15.341989759483731 -0.9610378059813627
13.6048079352578 -1.0487260968595227
11.60392140452539 -1.3427331935749924
2.9013122248907033 0.05997116678333927
18.53059086665892 -2.3299515526241343
19.861541729402525 -0.8629797689934197
12.013332254916659 -1.1476562079823933
4.70361124435428 -1.0903022283079258
12.148587354890804 -1.1932966919279886
19.66719897030232 -2.3380011088631583
15.78989795826815 -0.7829964568081074
16.68697349301317 -0.9433705852952758
11.781552010270898 -1.3205969400030502
19.840787818978345 0.06699387608768619
14.462147923824178 -0.9313962130210132
17.52982062004628 0.21426103655344725
15.523699276883066 -0.8964563398910611
6.990577659196734 -1.0292840834414931
19.15544716478822 -2.388708427482778
0.34311636744664303 -0.3526900469390249
9.844223798428736 -0.14004186064284857
10.227504549723088 -0.45228003340675804
9.364547579294745 -1.0325649527777556
18.91112388418123 -0.25438902022227505
17.552109689400623 -0.9322021624795
15.631659875866653 -0.4118193104300496
12.123528526747819 -6.6518519422842655
5.150155817854647 -4.1424956080736335
3.6820551539447 -1.211159156209914
3.9323712399934907 -1.1665170246410235
8.549282658414112 -0.34735580066069527
5.367069355888644 -0.9451940079188684
15.840180268217603 -0.8299093596927186
9.902716521309301 -1.0013887587092414
8.047208297137457 -2.9800681131564457
18.777877521275 0.32747192551207177
7.863346955175993 -0.4800472359262376
9.164940705641405 -0.4124172572864945
0.5510416339938388 -0.9783160589982961
8.189293384149762 -0.40511494457682734
7.275250578308358 -1.2342293404156222
7.081611525614578 -0.5883742099299878
13.05235272552925 -1.0747158085006314
9.834601138994035 -0.352957395741748
9.632604280489309 -0.19351014449971637
10.692367389138829 -0.5719135245667192
2.0425219259994982 -0.9527503026130195
1.9987923312563203 -0.7442294313058825
3.627038276954097 -1.1329146779817485
3.806510553741615 -1.230176710954064
1.7827637928366318 -0.9325561908625081
10.19612415968243 -0.46405037913590474
0.5366574783148045 -0.9819510312648531
5.586877163232902 -0.9419369342914218
1.4516445773639226 0.08897685465141171
1.6184377783762762 -0.037046431215392125
5.522656686065424 -1.2206497049802523
10.756366496652568 -0.5560018582489608
5.399563609247467 -0.7390679387258617
10.72229384825392 -0.4958352627638282
7.858610460388303 -0.4872908113384609
1.6674930154763585 -1.0305683392854825
1.1789174931773443 -1.6157681629289673
2.458553800843965 -1.0062641560633654
19.963176347367835 -0.8967132686850641
18.906318521050668 -0.8377353562604547
11.537257563472002 -1.2354107184209429
8.891143894743745 -0.1718113065769968
15.464651755484821 -0.6658376573357121
3.6104126119919107 -1.1240440798061178
2.9930296531070186 -0.008438902809454932
4.435175812952102 -1.2143985390910461
2.1239376212260614 -0.7873549550068368
15.042432417215505 -0.991141433853015
11.441715995436333 -1.0860735903725574
10.980859437297807 -0.844064505521735
17.7888087654996 -0.7721979847702782
19.600200320565104 -0.7984525406310369
9.851545622021062 -0.5673888000059626
10.413575090687845 -0.8240627872564157
17.813863650398275 -0.14904837303495075
13.577462803398529 -1.3810264776108718
13.249320303241337 0.5324657460759958
2.30662094835412 -1.059037605788853
16.353306072538988 -0.0015549114493040583
19.108345010317016 0.04340114418217393
19.316824021289715 -0.6011739660041434
1.070173777109821 -0.9314248083867126
17.40550933887951 2.617591270040401
2.745684551362793 -0.8954968635571291
11.105669881146579 -0.6336034204787785
18.913263667967776 -0.9556660941796632
4.444816156579392 -1.371162399659139
9.329120376983395 -0.9368038280004821
6.2253810617353 -0.7001728356911687
8.774458160355769 -0.9518117545702355
11.419492702099333 -0.6459914855062938
7.910706699853009 -0.3802862639056451
9.55041790817426 -2.735269854624068
3.1836211311698683 -1.1540884138514782
1.8314971135753653 -1.0706086062817004
0.03009509399783729 -0.9786655279830555
11.612657436622346 -1.1255388262441754
3.3765125922389987 0.21041784497673682
7.855861241277356 -0.8221356826541906
8.894591956053473 -0.362502082423992
17.10112544908172 0.26867433591153306
2.856884982016266 -0.9511080560292579
5.735652743105643 -1.2107417781578895
1.2096830917708767 -0.8346005780620828
15.685915419669234 -0.7813366583338431
2.679954795575663 -0.2363981964202616
4.538875611778848 -2.060140107011519
1.6019068609792013 -1.0451508378896306
0.21839280229872948 -2.7538057369244515
19.020299556420152 -0.9356771186579971
9.326841628052858 -3.2780852282401076
1.8652736035395083 0.18588316748783565
5.404812385298777 -1.2136390014712106
2.1280162211163622 -0.6062731343704176
14.969707821505779 -0.6033946630185762
2.151414756997477 -0.4358104617836829
16.03682227147784 -3.212376678521964
11.173852969354485 -0.6886142578526294
2.211995037427922 -0.3565472539205133
19.458356697602852 0.535522948879549
11.891125659704818 -1.1326433460300938
0.013860617550170068 -0.773996543265665
10.573357309667967 -0.5567654395270994
6.040806785785122 -0.8188320945702577
11.736029530084203 -1.1035534096479218
9.279618610610008 -0.41374188802277323
2.109765756437134 -0.7695791131124574
7.461916288829572 -0.5301247258695307
1.3842994345058723 -0.5922177842664663
1.7321090434710456 -0.9944445575903108
3.8676212013750555 -1.1770241649717486
1.2283319391407541 -0.7083099746140756
9.720550569440908 -1.6470251802100724
19.785174059871903 -0.9928489793259214
17.79972848445901 -0.7713192844247303
1.9605838400617879 -0.42358623362153447
3.6967478987760445 -1.4065632974988793
1.4527989588478871 -0.7103193368149162
8.742658874545306 -0.3448402108390118
19.078069457602126 -0.8795501320950396
8.743691138995787 -0.34000638971022873
2.432904295920985 -0.36176084083628146
3.4255268026881733 -1.0394921865011577
19.06784554620925 -0.8860048709621233
0.1507223190426818 -0.8324830528791538
4.57092550183745 -1.1639110513258757
18.48273994141994 -0.5180549712623321
2.4810461738888274 -0.196410708257586
3.99442280662842 0.4395957664371763
18.47415807720511 -0.8495472156458201
18.78021072089575 -0.31980606516418675
2.45967830711721 -0.3993793315733267
5.7883247056629274 -0.9571514351454142
18.915425305492036 -0.8785386546012314
0.48024070961733023 0.988386918004687
18.678590769471175 -0.8365702598727794
2.5130227304905928 -0.013350005517107896
2.957258763129474 0.058983505499082316
5.718762558184076 -0.9862754105552742
13.504981079968516 -0.40786714572764216
0.771871897292706 -0.9184788886575423
6.790743658686712 0.3316061850567854
9.6854325434306 -1.6311535299978521
4.1254057710317085 -1.4274817681473086
13.26920438138068 -1.1056336468857242
5.654203132324344 -0.9725079855751916
10.16719553920444 -0.8608095288726777
19.974704832815394 -0.9766662500102173
9.928014659088081 -0.3668253318203063
4.988845440326394 -0.9602078195532255
16.712510011454704 -0.9434698867973683
0.3480435497103429 -0.9937489020076282
3.2595699887817875 0.17580587360279243
18.90345106018215 -0.8434390874034797
16.49803975349211 -0.6235440094232568
2.945579420743243 0.05832434450603934
18.80912025846741 -0.7316322925259703
8.496316703776806 -0.4007501146392021
19.165503580293873 -0.6310239441444586
1.7881383201471237 -0.6755335845870808
1.239126377251192 -0.4476933093767967
3.370310489983434 -1.2960591155196943
16.54100057486843 -0.6279588565960702
11.28397667381931 -0.7246670476549182
5.673022586017404 1.2573373070694112
4.677695951249532 -1.3065235525104724
5.628702468072833 -0.9554025068029702
0.819807921699087 0.24597792118968306
8.235035975724694 -0.30311366173020937
17.412421791291926 -0.7596012449936143
14.54622828477801 -0.7170664353467375
15.885604407887183 -0.5222686846604773
7.3394878247565725 -0.6737830331714005
7.098364825730345 1.194264300802752
2.162936786505367 -0.12485988318034826
12.169824021855511 0.22233047512442344
8.077338363378455 -0.4508746561456432
18.36212789221655 2.186677989144249
18.387650393790597 -0.4949312659743867
19.26289570080808 -0.5432235963018933
17.69736128925076 0.11725897975797801
13.218625941749378 -0.19429074577161906
0.7248021356973431 -1.320042118046544
19.413500950151896 2.1843826434620475
10.186754923693377 -0.5744879943009948
16.24951830846787 0.2829281158243174
16.115611404814153 -1.7275680164425213
1.6971696566731351 -0.4507357451055162
10.945268447925613 -2.1546812700269005
5.8556389988925295 -0.7872862848085144
2.425217893415767 -0.24850690565359074
1.9262011486370032 -0.32066161566585394
19.542036250163992 -1.0197057403517682
11.630526558808679 -0.18436121161674712
6.595329279583952 -1.35356426069469
10.446240585015085 0.1359336916869689
5.791947203446888 -3.303306489597384
9.424420550058576 -0.8865293536086469
0.8063105899220121 -1.9183733213634298
19.17681313954052 -0.5658805010493881
8.244746741269703 -3.0701743328347986
19.579628230402424 -0.6109154105382706
4.973345132216048 -1.0707692749934086
10.16417489216048 -0.8362516734402597
19.56700062344484 -0.7905121265094979
14.9136558939963 -0.561570289383548
0.20273962061569217 -1.0556340137879274
2.818280990651976 -0.5191658532113711
3.0751702586384426 0.03196931090051594
3.8698437379022326 -0.830281925434552
3.471026482878768 -1.8237517974644475
12.252298562711337 -0.8974346269618204
3.8406340884958072 -1.2259990770124727
11.76126068914987 -0.8985464740342308
15.70483852441396 -1.6196668622834265
2.7612841885285584 1.7830216742200358
2.6691262763218493 -0.07155007964871156
8.592791200089419 -0.2708383153473547
14.93221241880424 -1.542103135727572
9.38300442119274 1.578940323526979
4.878826821549059 -1.8001509828758604
18.10406320708614 0.29768371520965664
13.656960674856084 -6.78270096840412
8.475462606067198 -0.4272547344614848
1.9721438273262692 -0.9326683130899075
3.661496603126732 -1.3696057005447915
18.2015482946713 -0.8949467866330139
17.938779450363395 0.5892970162336206
19.3739048223443 -0.9688002315643583
1.1517880843280606 -0.24624067804274502
14.520870483501687 -1.094626889536848
0.9678595659509022 -0.5513904477915007
0.1106878509311259 -1.2480796887376477
1.8895089721075926 0.2883633838155927
17.961133133073552 -2.071366459070018
13.671597634396882 2.8254921872844494
13.564707572396927 -1.1377848845667056
13.43737514129221 2.7908019916269966
3.612570234481622 -1.0641195340323444
19.891043904774694 2.4212517287429667
8.385965078777819 -0.39398717655823146
14.616255471868003 3.17804788005747
3.2763609807264493 -1.1287336441877311
17.6179936263447 2.438944097170705
0.08690997509334299 -1.1756028629682886
17.936545973563568 2.156330478753667
12.38535588672026 -1.4337118593691918
7.952771388806167 1.6172592350060349
3.7321340368032456 -1.3569921114252583
7.2494365040123885 -0.3918251656319551
12.30095970628427 -1.481115647472401
13.94136167116514 -0.9115209742008613
0.8425313025638027 -1.0850229128499176
11.877899546582624 2.566206221296918
0.37062008960287984 -0.7029459218256827
6.346917519346285 0.88292835312615
11.302311382582921 -2.0403710605338534
13.855504614740992 -0.4699807148485369
10.542515648365844 -0.5085010515510743
9.33835111112761 0.45366404547898076
11.301694688184996 -2.035089301215112
10.026600048564255 0.2609312818491571
13.036155020975434 -1.2387594534501807
9.993600907593851 0.01368318675009373
0.8992731653444148 -1.310540697242629
1.3425126358212007 1.9841759184222911
6.086569306239132 -0.8175949580823855
9.494547850143718 1.0228402999339434
0.9057021573825741 -0.9774362819816486
1.3181037946780887 -0.3577765545151897
8.96988490788099 -0.3922729594346812
5.086962801027374 -0.5187997276644902
11.42524357466791 -0.7068251662492306
8.097446381576784 0.9240630718587725
17.336587771666657 -1.9187643747295482
8.756267208081242 0.387929472240267
4.095605524941302 0.41328389672113686
19.077175040334435 -0.339397344337742
18.167291524103547 -0.9280389273727672
1.5318390079771957 2.400148556004737
3.1299222809142226 -1.256486275271587
12.937261331506033 -0.5284565629355521
2.7291957960307864 -0.1633533204996347
8.613553629253163 1.3766782199483165
5.5929595194386135 -1.0020484638058096
1.8181439832068913 -0.5558824861426396
7.955614224051421 -0.5898684625671552
5.536232659746643 2.046378517622982
2.810524079327006 -1.0421410872876136
13.954551716217123 -0.44170944283630065
1.115869031736275 -0.982312301651137
11.97314123004598 -1.0667560548351278
1.6677086109714754 -0.719756560979061
13.762507301860394 -0.8189153592220484
1.0397789476271744 -1.0086478883509336
3.5467483673743416 0.2280925249355502
10.83612637343111 -0.5996499907269814
4.893691369152192 -1.5409448364928295
3.6586123518543117 -1.3759504106051232
18.535947361505414 -0.6519380227796374
10.55625748028615 -0.532706919558733
3.336385358723161 -1.0078010913531756
4.461633764695649 -1.375355797685001
18.535598081567816 -0.6368799760317558
18.42864670503175 -0.396381120709245
14.221969036840395 -0.8244142921651307
6.848906521485724 -0.633710472665219
2.3699527848521753 -0.03275125288703641
18.995354304871658 -0.9600006414972448
4.595553732767724 -1.0669542548490965
17.703347372235676 -0.9381615849814672
14.80731028502814 -0.6509133963488789
0.30266981205220367 0.5853382625314602
3.458616042636998 -0.8927395006449976
11.874693475386275 -0.8147535353184532
1.1584946855779348 -1.2381790916545403
1.0770051104144125 -1.2137224518662908
7.713691023678732 0.8752951701521126
4.725961541084 -1.2782421279875216
14.238051331185222 -0.800323708482966
6.676979564290752 -0.28658764690687333
19.64867442664813 -0.7146910012209775
11.872676221005793 -0.778800245979872
1.0268349071871197 -0.8006258793943882
4.737493471493624 -1.2755526023399706
2.9741931730558564 0.17748475620421622
7.812265016336474 -0.6182758586716478
0.9905386447922486 -0.33278225225222025
10.382610890896938 -0.48287731065044387
17.792453427027134 -0.48714536587528195
13.382430479789809 -1.1611940090147195
16.35543493416415 -1.1118900734379116
2.516310992215439 -0.2328281014218665
16.970813695732662 -1.1801328997918694
11.88093334907261 -1.500213407020456
15.58719010734621 -1.1081787965337433
18.532321099770016 -0.3584886133419185
16.81751692493752 -0.7382011560790127
14.750405702634275 -0.75605013304023
3.3975410687018903 -0.9996042581235228
17.092559435915167 2.726669502383437
0.7360046585048053 -1.7504983390936444
17.354320685423577 -0.6525443193917062
19.62926336949244 2.275643572068299
6.729288870475088 -0.621491656129142
9.441878398146192 -1.165348691602895
12.29314943979335 -1.236675547163696
11.166042283780053 0.9058118943205439
14.098571833409196 -0.374559424639474
1.9209162969914924 -0.8611093477315411
5.312056633400707 -1.6568418922408212
13.118657205818643 -0.38548201498471796
12.482630687376911 -1.2949510918813376
17.70624402958314 2.477798804182018
11.17695107244851 -2.1372729518472537
1.3016478312906208 -0.3072548242932391
11.810263317379835 -0.8327894632638069
2.4934583026783157 -0.15950400284343969
12.15264155786277 -0.1780246074482178
12.259318890180687 2.750191080862927
4.6725976815383214 0.6573007548763872
11.72261433341026 -0.7737685495931428
11.337822193964987 -1.9780387451807169
1.0662377637621778 -0.5740562066621393
15.062978037055576 3.040162340196298
3.3508169263982466 -0.4240808005335586
10.803386981754821 -0.5512321527874458
19.538339320459404 -1.0736266848240195
13.858602062538274 -1.0077274273835615
0.1352446079337164 -3.576098327956785
15.394657395248426 -0.5951365269302615
15.156905096066913 -0.8487304536286187
11.524164399156946 -1.550987608484341
4.559196947970547 -1.0860011711449324
15.312476398839507 -0.6186539884155298
0.5804582141011219 1.7565959189496456
11.043177311704468 -0.5387231016364441
5.169720555813638 -1.0100234248092552
1.4300344625229464 -0.8000279639786417
17.57965384306932 -0.45209678953786786
3.961116380235915 0.4215733969593601
3.2997215312330557 -0.8567019087657977
8.317966981522261 -1.147053878747286
9.10323382324143 -0.07234122817607273
15.03550542977508 -0.6934095461913583
3.4901815175220765 -0.3751712075413841
14.21139633661762 -0.9655337272422106
9.78965230735958 -0.8210904319603669
3.847355358534425 0.6987469378870392
0.30454038057000704 -1.0838588800029105
15.06835539269286 -0.5599540026605798
6.8166478525110445 0.3678966388403565
16.50156194251215 2.7190731174907747
7.421885804623877 0.7222318415231762
1.8521363413657363 -0.6512360644608116
3.002650898741134 -0.7252992771107892
13.128991753465561 -1.1227810265246718
19.892785232264487 -1.0486446609045472
16.22948423362283 -0.5962211820140517
7.9573746809023564 1.2246522944602838
17.683907376515407 -0.7086182188493152
6.4640827917294175 -0.48667155541281726
12.681948229550764 -1.1870052640386333
5.793915084162043 -1.1533429699408575
2.4003313130965798 -0.047597385517559126
15.144684996569255 -1.1401125148520843
18.937828690256545 -0.7785985522129862
14.715918372874226 -1.1185602203578688
12.994846563998422 -1.138545432228774
9.344784568324062 -1.8458273332131916
18.405671729360982 -0.7728145204979472
1.7774704491249227 -1.1006919035427858
16.872258234355783 -0.7376957696277122
0.8473857222979353 -1.3227599310338205
7.655561239182524 -0.16725473839095648
1.8871280573234617 -1.0805753285038282
15.11288549073587 -0.6290706873686297
16.635617939534857 -0.5753458763301852
14.351971875036089 -0.9288085311254283
1.0910830939554732 -0.9495569440630479
19.516598633140024 0.8768215510560747
8.037898879905228 1.1598567256531442
10.533808000091812 -0.6140454992328801
3.3120974881162506 -0.8273032550306403
16.675682978356217 0.08715186979982553
4.508973432643727 -1.6965649539028598
10.130796623780457 -0.5212833312276437
14.752086867532789 -0.4985027083613081
8.528211594686969 -0.441029108466166
14.78808651181204 -1.2816182477795266
16.539893324555944 -0.6760063662777179
2.8530314182797474 -0.2363094014095653
9.444715758200845 -0.4250964352352739
2.301766551507268 -0.1168246971926241
8.876469615323478 0.7460567324256396
18.87290477907614 -0.7177009237008014
14.249061862475767 -0.3137490445465543
18.49594301191583 -0.009450059125507317
8.126047042812377 -0.5313633316347027
3.8674663900766433 -0.8730311701336805
8.168680519786284 2.592507148292314
13.864494511775685 0.5424895614030847
11.524614529111417 -0.6927964064514798
8.801709429813446 0.7410018970596859
11.697861931965518 3.3653971928029005
2.6474810305232706 -0.8441868646579511
12.565000500494602 -0.23221511785446358
2.274962603519047 -0.9151984496110469
9.316299079866342 -0.10143232723535792
16.08696548210065 -0.13542936200789218
5.233982904132456 2.4600823588671314
1.9235425277832132 -1.9730203165981957
1.8987462527583683 0.794135242135148
1.8467747666875025 -1.0853942872528384
4.874657645223335 -0.9574426033513082
2.116199011082685 -3.969959268145984
16.776046896048243 -0.8766401813650984
3.0731638885803947 -2.8705449704738983
14.557491985626731 -0.83555505448408
3.234637886636194 -0.714275308513812
16.47379896866583 -0.1310132125155869
4.0477403527577085 -0.930823108910083
17.56628528121172 -0.04834647418642429
15.937291021832293 -0.19729529109205202
2.8953958071496544 2.533218504592201
4.040019210953236 -1.1590906356804038
3.4764410016113136 0.14726325798564655
14.372406714234367 -0.9313232906388217
17.830066142121364 -0.2709572641039914
7.565350170326602 1.559151848068641
16.477071042905987 0.391437456908706
8.418609732471534 1.3142889899932264
16.61297232693743 -0.5570392672179505
5.727099047784726 -0.3893995609308529
14.467120273123108 -0.7298449104010383
8.219945724786319 0.27933992549673914
2.9019969637418646 0.2780872413290912
14.41085642191433 2.075564054722605
16.943216592081704 -0.8683387597078229
1.5881182664642677 -0.6672770233323427
18.05547175595131 -0.512552439941156
5.706016016775117 -0.3456375816819543
2.910636504470119 -0.44980372098697435
1.535136044428185 1.1055774598756525
6.584775653539075 -0.21524064362388037
10.534602749399713 3.1397704670617266
18.495738973748754 1.2970782415874815
4.789874732148632 -0.9367680841119813
7.139475166773077 0.19258249576408948
19.89121725423288 -0.8690648438963433
16.898442130244554 -0.491350602128116
14.886998977565598 -0.6280366961786069
12.021837167301092 -0.15392774691267186
15.854751885797914 -0.14413740492117832
3.4939607908895187 -0.7774065434884423
11.754451251895635 0.6131397186394324
9.938809368015534 -0.6289879672683378
5.700042441907072 1.1201250314051612
9.365262636277226 -0.625617497774673
13.341804940032652 -0.43193476263012065
3.047206041074307 -0.8501191052688368
11.39670418344398 2.5000448445140266
3.4118656001134897 -0.10632603169687325
17.384114010367256 -0.775376236867908
3.671116194664256 -0.8136728926070276
8.629592530742592 1.5202835622412476
2.3384497818437393 -0.9975006636585753
5.337782281035051 0.8868167017159255
15.03097070063452 0.5602521831148428
17.640715338376456 -0.7606547652823465
11.328291964213703 -0.11800171979271931
18.995982689875685 0.05712181354396932
8.133274879042709 3.115069767554255
2.657118124689042 -0.7971498392145595
4.4624773988564845 -1.4449507650476168
14.68847791692906 3.1168935112536054
4.579236951864431 0.7351358891904154
3.1490175707732933 -0.9596904760215099
11.278740922338804 -0.06185030225523637
17.68605073939141 2.440696078209512
3.127674746951233 0.44709856999343345
8.01677832978224 1.4588632390489942
8.619858420509953 0.9700533337068334
15.318673772763143 -0.6271837588795248
13.159436473126283 3.2176525444039235
9.539068123067807 1.5965700957052953
9.18198109151046 1.7325422008475546
9.139743199919318 1.918473012002859
10.238082225664288 -0.6386184396352611
9.547232002365421 0.8808300299964621
2.9325696714368314 -0.7632432724469037
8.10173439066982 -0.014273495171235965
1.7152130801680872 1.693642045964915
9.455699816512396 -1.7926403889116036
19.727584530369242 1.5439002414252698
19.999858592241743 1.0580979594927185
11.451480018301176 0.8133503141648087
1.7412636855078232 -1.4059709550684758
17.385976801826676 -0.7378226322599966
18.93662620339442 0.271525568182404
1.5422504709272666 -1.4109401633984038
0.554663346609608 -0.19326386527316394
17.952476265815033 -0.35527937102780066
17.254036820759605 -1.1733174174373986
4.602857282272471 -0.9731042987228173
17.595677158733764 -0.9806436737965696
12.002649083090768 -0.7427963439082371
5.543868533687766 -1.111507221570391
10.838438117665484 -0.5646846258487712
16.31402417813266 -1.143178665538177
6.422847484458263 -0.5323923623925056
9.047626164792932 -2.6380318450755627
7.337919554318085 -0.19271605135461595
18.770422265401358 -0.4294301020560006
6.943223925445916 -0.44255932052464336
18.54091377113004 -1.0501696444108526
4.877182491797784 -1.7739204542272435
9.269861391755397 -2.5199168676161507
4.035107671364202 -1.259011737682294
5.455375127809087 -0.9317378399389968
17.667475516280476 0.08862962075849808
3.824548982483985 -1.7313443793282375
11.243595044862866 -0.6143526511438656
1.2931319387520201 -4.164659884036001
8.419847279335277 -0.6311625093499096
6.411741296480191 -0.4996111405343019
2.58048022364225 -1.0120159269788878
16.424131828139178 1.0167662200154857
3.2927012447778643 -1.3374782153527265
19.86790065028129 -0.7784770770401911
3.2855038447986984 -0.7566870544278095
18.050787284878936 1.261323017226893
12.117557947927077 -1.0367936856995021
12.717969003111444 -0.5239710586603378
15.392701382647616 -0.6649870530548732
7.91560778515997 1.6735015020307686
9.41133109442045 -0.3117180315828154
0.1740615055224477 -0.11104006088783122
18.15063615466326 -0.003097924794234236
1.6749825032819274 0.5252028304297238
14.27523631282831 -0.5624594107325467
10.890399686841471 0.867562236274031
3.6660044268034846 0.16274087748107405
0.17261817356709871 1.5052680484029022
15.751551813196437 3.0486656004697923
17.8693518804582 -3.44099080381266
2.4513469591952153 -1.0729556857315237
7.620260548618517 1.8187504895506266
15.181464685234062 -0.13481898536733536
5.094151030246194 1.8513278868976695
11.38646431328648 -0.38883329227547025
12.267645249835793 0.620476727848497
12.581081286871076 -0.681958636226034
13.488529903586475 -0.20299749624704283
7.756319444037623 0.815877008369749
7.958714253342516 0.6653426680795201
18.197190542857033 -0.002154931986294212
4.877129248024736 0.7616815315741623
17.792101815701525 -0.47992327900421633
8.64033978396946 2.73825842700141
4.712780561961878 -0.7123058733899963
5.947682829362418 1.71333763467776
18.780508938806552 0.22677520164054726
6.562328045703422 0.030412523064655313
18.08521537013234 2.279383757267971
7.623155893475218 2.467892411534517
11.088453781302494 -0.15430732726092994
6.595911231489301 2.0485905700893596
7.185382806156389 -0.15797661783224337
4.149516815604019 0.44551114512974765
3.446521561541164 -0.8625267886054964
12.22310881104394 -0.7057595081624748
2.6449533281469706 -0.7055841809535277
1.0032761471680478 -0.10660865940476821
9.271535682442325 -0.6503671196400604
7.462346730874157 1.7297894980937805
10.533771094207495 -0.7549271892334725
0.7412173996713732 -0.14261482478424112
18.882851707783278 -0.03834728616977764
7.473993210402056 -0.6604680607057843
2.444655772958494 -0.909680782001653
18.41454643716889 2.137998387400734
12.846127772902882 -0.8087613182015626
8.190165136030028 1.9986979344933886
12.84880879104272 -1.0270728726269254
8.943267191159363 -0.384480346121926
8.812355111139842 2.6030261646128356
6.282672237715796 0.8055318848801307
5.600569870407811 1.344133779855418
2.795353413184342 -0.2853464837756878
10.611968767111618 -0.4249089102069582
19.609037177663723 0.5331454469247799
1.0887299210495434 -0.3040729958750127
6.1073182056926925 -0.841162418907193
13.864765670439333 3.1071912052545807
15.418151031573478 -0.21548234564167634
19.167086633394515 1.2358737651913358
0.34767744538329 0.21595479397940398
8.894090010458488 -0.46277577743129233
1.0339816425748611 0.08129804844786048
3.5125589881889594 -1.1657176533484086
13.967350119131392 2.3880709582331914
16.671294571693924 -0.7899431826470276
19.98584750488602 0.3502790380207206
14.846446572847569 -0.13324915871977533
19.90764207883831 0.3438402889335319
13.197353350491243 -1.0482909425213789
19.844264677598556 0.5586233037851795
1.8041130460808124 -0.39849920066511846
9.89702923148887 2.7443178932839447
11.177022082587468 -0.599648193356494
1.019118408376846 -0.03846119814654074
4.02092118190238 1.5962549199162963
1.785101035380669 0.11370423150132565
6.95124435746894 -0.46241415742151354
6.633967960183189 -0.8145738757069678
18.928053608959743 -0.36320886528594104
8.591212184829182 -0.10151523209991986
7.420538702339509 -1.039660805856028
14.869909480172476 -0.2179019610669521
17.455320885604724 0.46302098559249444
1.1606840792266762 -0.05893538351977719
18.257046121109507 0.548650098970219
16.824281594551206 0.26769226104795496
13.960495781307564 -0.18468267629827623
15.42642856452277 -0.22390668754829474
9.330178849824144 -1.0722693069003724
0.914444452390931 0.09894708114084413
10.43182905166876 0.9052526401882315
5.789969351079478 -0.944182278284589
8.400044743389548 -0.6296649224988635
8.00236648429698 -0.5702219035729844
5.687777222221154 -1.047149859004905
16.26357255955163 0.05941489125130625
6.7380447057590755 1.0083676692565386
15.205420493829584 -0.17796617897857678
9.440175619631901 -0.37676178714738123
8.083391358312314 -0.4646210016992429
11.831020590662487 -0.8866256860390365
1.1144136939448277 -0.560405409098309
13.942923599104413 0.3943910772429299
4.512698631762125 0.6778959329023669
1.8178375742378123 -0.16431302387467842
0.49724803154826286 0.5075130766804125
3.8624936369817213 -1.098373679419409
10.646199235608755 -0.5978003065576455
9.253752920894135 -0.38024894834481227
6.075610362498672 2.1745414335385846
10.947754746116667 3.194805639062142
3.462883935522823 0.517699172644735
12.02272079614005 -0.5639492239398552
17.973273119060142 -0.7252441227782255
5.517031439406381 -1.358914935471982
11.905193281060106 0.651799864170886
1.5554115857857171 2.3253860611181656
4.419686014553165 -1.6898157563702525
2.215062502071431 0.12915280710238564
16.906407295543428 0.26771546813631264
16.935195250438333 -0.7937880527772974
7.770085234134077 1.670046859490372
17.854119800260346 -0.424284847207087
12.828157045265028 3.2192841873801608
4.386491117915709 -0.9770278912867225
1.908351769303835 0.1735722681453656
12.471936013755982 0.32217813429167946
10.0876672350758 -0.4904099163382946
10.994293102903432 3.2188190500743934
7.971348566642609 -0.5398823763317503
2.028653469575909 0.6513088569454916
10.323827832307039 -0.5864841161503478
5.522707049390131 -0.17822173431946617
4.243802547084503 -1.4683683751522774
19.14687594295128 -0.5174568899729005
9.61493559674621 -0.37488844521616754
5.917888557469399 -0.7719407407754414
5.0152488624250156 -0.8425194205712185
13.127264492318163 0.329155215948517
16.417764411102766 2.820001770304922
13.644409811178313 -0.22543762212908625
4.690626254394231 0.9185382290197228
15.526287468333674 -0.8875301529516276
15.100466978306128 -0.27785285829965595
17.472227419084373 0.08682022918071726
11.93838577115595 0.6529282305377146
8.144482740897411 -0.6726825575771186
6.097815317678316 1.2549123160673665
15.745768847355723 -0.7216439870716735
4.70483937678789 -0.6289381707227957
3.639933949334084 1.3452183889774516
15.738061161035626 2.642422901197552
7.777335203570934 0.15959963411564046
10.948152074704677 3.2395551565408396
8.462821733649859 -0.348491907586986
18.09517644696845 2.1119984597238646
9.338631466305761 -0.3871129545970847
14.303146511400847 0.38494290048787694
10.072060926810572 0.875285223440051
14.87345558824796 3.0710147839081268
18.68152809020222 -0.11637776295238988
1.65785233278435 -1.1467532477028723
17.16092246213548 -0.6211371067656187
9.10716702414302 1.3031479285126564
4.047965193103807 -1.1370209311125183
12.497499424762406 0.5526280659812366
19.56397418048127 -0.7216748153446917
14.406630221819858 -0.2592107475220625
1.0319944290056173 0.304491608733514
12.364478436612597 -0.7610492093443261
14.927392200740938 -0.49141336021034127
17.64844437230101 -0.8522418803126567
3.9561268258903914 -1.9015071351304678
18.02512505538988 -0.6980124679973438
8.357373307177276 -0.7760104274175963
15.991735370046257 0.875928791887467
9.2485861067498 -0.45964817253518986
12.555574022604972 -0.8053620717731119
10.590686938452846 -0.6851761376367621
17.620950569284165 0.259813390477672
16.554835756029835 0.35384229600814543
17.606576968860946 -0.8542084196670874
18.247855975970545 2.4118573900544
7.041801683118192 1.2172218157550319
5.053394442441146 1.7967023822111337
0.5513384240424567 -0.8112030918842807
9.339124625143455 2.7119338755702533
17.276107766695407 -0.05199203423760225
3.7463914793885627 1.4692589094527617
18.24608723238611 -0.17037623191107198
9.015620535333326 -0.5783035870806379
8.489231430712403 0.8819585032382549
15.489783566350205 -0.2856314456837691
5.165220081500069 1.0746993425881937
12.125843394760162 -0.4789764853545467
13.061170344882004 3.0740351881874073
0.3654074225523211 0.919144133935821
5.170737265895056 -0.3534142147685402
12.622091695385715 -0.9442349421402708
1.644162557015307 -0.35469497050237697
9.673609728420239 -0.2510006942194939
3.3987881470393138 -0.8032654754468105
17.94901859144106 -0.27480263459243676
14.30071505912805 -0.9290467478006308
16.292874664112844 0.23187126553217655
19.09657954122798 1.344434359083655
9.647600932358825 -0.2702813152874251
17.70707389593161 -0.8189528696370482
19.469123822122334 -0.34777688431760895
4.00244544714238 2.1413223582895955
7.647922990953462 -0.7750420068074297
0.9633577160575606 -0.29828536747286405
18.303004202200558 0.3664184609521705
10.410119565538375 2.4433704079015093
8.422220087441323 1.006796520373157
9.043825827351121 1.8477249558465092
19.6242937366442 2.3258975911818096
13.665261958844974 3.2240139584912075
1.641012162398485 0.21750564262613276
9.97451061703812 -0.7885855532441526
17.654539634761367 2.4962142662905205
6.6460417410295625 1.2637746664176364
17.98051031939825 -0.057998276897469045
8.551723277933647 2.59503212352156
18.470313687814677 -0.07414659978871674
17.646253192929603 0.05918469122253241
5.796736704768744 -1.0290501867581654
17.642651417637094 2.2901811192788246
14.958072849112721 0.5058419458621182
19.4638255708281 1.5412400038608673
18.50541040188411 0.03822089549909278
15.165643310265855 -0.461111838160993
17.7114499518253 -0.4690220136530883
4.859257079063011 -0.9857013162213114
8.206746315618444 -0.2763735211162276
6.027363909142318 -0.9379988903490498
15.853569866915626 -0.7465190030245633
13.7371375111958 3.0147216268077903
9.327522928425864 -0.9155504770213014
16.170323522480686 -0.8241871816888591
11.332177032608124 -0.849125365920161
15.01156477679325 -0.994196393929876
12.59491169116297 -0.656861577587161
0.42818800081816366 -0.9590972242311017
2.469174510987682 -0.8472000336659014
9.571623472887552 -0.7170213218585791
10.845703813764615 -0.6577970901747205
5.6352102418026355 -0.9597128345450426
1.5831007254687504 0.2119274661033234
7.041862435322352 -0.821740437983554
6.78695251971964 -1.102336211512641
3.8517967197370857 -1.5061848351417466
15.7304878478156 -0.7027404326913698
14.967011324505089 -0.9956394711101972
16.38934171020635 2.9999447546074793
0.9916981106829392 2.5101839922948646
14.823390809639525 -0.6046418500618631
10.610533907584143 -1.0354530735721927
6.279069994218943 -1.1374093127389546
13.03950801627257 -1.7210504090978416
7.147955466428322 -0.4733413299668723
3.497499054854953 -4.44827111826389
10.270643404397326 -0.40003531942717596
11.55267877991516 -2.8432973525119563
4.573185170822636 -1.9102375890830876
6.64295800528829 -0.9993988707501863
19.356682065850734 -0.49338897203365367
14.036701160448468 -2.7157429945521985
17.897661748110433 0.40322362258175687
6.083483692516814 -1.2743678767482862
1.7018811625258505 0.5337286823728484
1.635474128152962 -0.04659553846805049
6.041230307588241 -0.42982977556183016
1.7912995353105738 0.009076465356209262
14.188545973314264 -0.22318834657206377
1.1060367070250237 -1.3631759392474652
5.050426277490205 -1.148974563692762
6.853973250764784 -2.9203882330124515
3.643962375611981 -0.9101112989339046
16.290997395810916 -1.0836421832981726
5.855831570500879 -0.7935189948760256
1.1903248841806304 -0.959213522840188
7.427176928545519 -0.47318576579150035
10.961679875720595 -0.7922902993404529
8.862848788374919 -0.3112178958407758
8.30497887378039 -0.578358145258788
5.788950022511021 1.5746322117357396
0.3352249556087889 -2.7734469166278717
9.496184785550863 -0.6985214412690512
8.254804534903016 -0.6723116969359709
3.119216383496985 -1.1692248639910878
18.6409083311615 -6.379624022925727
5.222842803893327 -1.5602968459344466
11.936945877044966 -1.0506674753282574
3.2405061470817262 0.344961634164385
15.660412537742069 -0.7155083172367093
10.39536378203011 -0.40801633822598943
5.484763955619105 -1.2205093979585442
10.32229723515297 -0.40259740281264655
19.379788847984653 -1.1007617284278244
16.01140744572328 -0.7144232184869868
7.5209798720834 -1.029737577489814
15.202758805134351 -0.697463043625395
8.498923625069967 -1.189667593116896
13.006087419390767 -0.2725893500176961
11.683161884647571 -1.7504178108089405
12.914879909374122 -0.2772286063692505
2.088855213342895 -3.9574652545597195
10.554177921147149 -0.0743240652542819
11.333825886805089 -1.562142776385235
5.003857267090957 -0.9258524150294414
9.661044689298818 -0.7646195622318901
6.044214326719044 -0.6943702153121674
15.261443133882125 -1.1213677173970895
1.3012056679383088 0.19417560362895947
5.1062538760345095 -1.1758953036050714
3.8427653858063358 1.0669503785906693
4.147122435992247 -2.2809783469109552
7.28316692108046 2.2252994460138673
16.27494983046031 -1.071276156556419
8.898347065663284 -0.12671505887294773
0.672472391475273 -3.1302885039771917
15.827807553029324 3.026014389216102
0.5121596697010248 -5.236699353334297
5.387808787551569 -0.9170348518664949
0.757229403709202 -0.8917777845131691
7.712901108388147 -0.41304426443427
18.26221245684447 -0.8389729966042547
13.811548070653522 2.4943455385891005
10.051381403779557 -2.1962468417751833
10.58022654683245 -0.17699968081963363
7.6702755205618915 -0.955380702267068
4.597990139934526 1.271975265667902
15.805473401584013 -0.7853320575676377
13.227519555802207 -0.6305276561315845
5.35839181027074 -0.8994027022097854
5.828161103687138 -1.1253354184426423
7.610346755327118 -0.4476200364358032
13.496305782755947 -0.5797837015391801
3.084465539453106 0.24440730595992743
15.688692124455045 -0.6531403214653743
18.559006307479788 -0.017922756821612627
0.7701459644710289 -1.85927465822479
12.760317290610535 -1.2124753385567173
18.383478785656497 -0.8180546656614675
16.10576249896878 3.0565076281018593
12.757680379342878 -0.591191066457638
16.343621096621195 -1.8909840591024576
14.163542444676049 -0.7796399134893313
16.68192402560495 2.6571799295793506
5.1506899320053385 -1.111243062775423
6.377318540030748 -0.8834166774908058
0.7868218137483799 -1.8595875778333324
13.790256441821061 -1.5402556951860684
4.6413941857894905 -0.8821189512522061
3.0291518430529516 -1.1512610722854937
9.050523812197401 0.34704269820263284
12.404225178790037 -1.2439401719353975
10.633469009509442 -0.7762527148305496
4.22847160334149 -1.4947573405951091
12.365049828098094 -0.8539711409118538
18.12434333594362 -0.989036077695193
12.78412150306009 -0.8709866962814
15.765710962756174 -1.0334605748051544
14.018764799509926 -0.5997103722703941
9.709459147080514 -1.0497652920469287
5.456855950535563 -1.4329148217097045
18.349008997062317 -1.0857080142787694
14.189543450219974 -0.053203701554768335
10.959942854138987 -1.023539928200264
1.0800089889371154 0.20546501612060503
19.41670695422203 -3.3056889764552264
12.692468527723056 -1.1588885091874288
14.238726473359845 -0.7871634048156946
8.761533120423346 -0.21630235989181876
7.1033358075301 -2.321033734426164
0.6113723448401751 -1.5805978198427821
12.6124084924075 -1.3027523321628727
15.562091281181136 -0.6309391610524818
3.963419347141025 -2.531257941214394
9.791292451019602 2.9713410348232405
7.152709788372177 -1.7619347835942287
9.29372869364116 -0.9268012767237149
5.326560860935937 -4.720600492307838
12.642200544773296 -0.638817462600593
11.377507381706149 -1.7781941412851623
10.07062012810124 -0.6913586890938008
4.4215021569156505 -3.14503522797032
1.4687857442949979 -0.5048087897263684
18.959496405696736 -0.3805054941392653
13.521289884652631 -0.5443486771252978
11.016489907122233 -0.916889696206641
3.1581335420671013 -1.5006937118358943
0.06213967490628969 -3.360989151999473
6.871031022447759 -0.8987092101342145
4.741448306416177 1.0346184672954029
10.104895026695944 -0.7372220318483607
18.47593468552093 -1.9888189534150529
12.212037470764574 -0.761943240912608
19.04796828285785 -0.023092946257268272
9.816140267563199 -0.7570118196685084
15.545474059032662 -0.22888910858037784
1.1423760226123312 -1.5841307666551656
16.43553086004725 -1.3927636644480004
1.7248415158222785 -1.3886877650502352
15.410219131302997 -1.0296019146468567
6.258786519385439 -0.9169073065322091
13.470660575033286 -1.0428426751273199
5.057237724175213 0.5992110032823742
13.105889932692067 -1.9399684763322145
17.816116928108773 0.01467169862850834
7.2134313891495125 -2.2938000651006587
4.846741253679206 -0.9029631400295255
0.4653583999557115 -1.4667676063464874
0.6588491195876124 -0.7363052958193078
1.123921237549023 -0.9888407213076665
19.73217558687988 -0.6038117940338045
0.5741566098222506 -1.0290994092739838
6.742624089154918 1.023469222744035
17.967432862748215 -1.3651881909106192
0.8157695100490046 -1.7503805509347907
0.42505752022224297 -1.216845866185239
6.328419633535286 -0.2899710838195003
9.610564245340804 -0.6977067913528322
5.732564834542022 0.7763774446942587
11.511712253847021 -2.126074374353124
11.628178173081624 -0.9060852386612466
9.068975317177296 -0.8893999335482311
19.17316145398333 -0.5378145737446972
12.055372168049269 -1.5647494888906122
4.806877839710041 -1.7615448003230982
12.156379788806644 -1.2039178056441253
5.487543717786937 -1.368008769657009
9.735414228570065 -0.48798898429186205
14.020350951490014 -0.49211814503023643
10.781071686815908 -1.0022838924110251
8.59273355500475 -0.7860366363146153
10.243522609592556 -0.6940337533013818
9.273609709386827 -0.6380283459802162
3.690001486067799 -1.426936500495296
13.31509508415963 -0.6155984913260217
1.811888708435133 -1.1882997956067873
11.541510772416553 -0.8929140139809498
15.167250634877618 -2.72308446711866
10.065309240200863 -0.7590045413897535
0.5110369686131103 -1.2164498731557754
13.214372874667827 -0.9983773567879215
10.178724443791904 -2.3049354915677256
7.713825744890743 -0.948249187475494
0.10494043913764128 -1.0999705169446081
18.663238022279224 -0.02116608765860562
19.70575717985737 -1.01228740769694
9.618958128280601 -0.4373955395907736
0.42233082843186115 -2.8466858004122684
7.825297805363585 -0.8950387518711473
14.680005138893627 -1.1685822591619421
4.7427868990846225 -1.740072501907001
15.709437994282363 -2.4013329607733835
6.844754420872688 -0.7578373167767849
16.14216928346612 -0.06305311756311269
6.468350454713065 -0.803437796958066
2.3398120324498546 -0.4273805188044095
9.707710208125103 -0.6982605361043777
8.511708688187444 -0.8970656159631696
18.83503754966012 -0.6992419436857259
4.126589801850345 -2.6413625411239963
3.2852773635087096 0.45850950820413844
18.599383600164618 -1.0087487326798026
9.323329693821686 -0.6459802789685688
16.61522472859032 -3.1890560714318648
9.64505185541367 -0.5113628560840128
10.484907660289343 -1.050222064980379
4.603856508880935 -0.9491500647676037
14.221471441642462 -1.3673123383482435
5.0280172932248615 1.1213740818303468
10.696851322243532 -1.0335459197022054
10.777894461059862 -0.6457048872427664
13.238516101768122 -1.34766124791161
9.131598295974369 -0.5378391999899833
9.480556594451597 -2.356049141916234
7.941424802844003 -0.6918619504618585
11.945465866735077 -1.8266103822845938
0.9766562721408387 -1.5377074077840662
14.329309266080903 -0.6743234015259947
17.65013848995969 -0.5195247026162261
19.468299204090894 -0.7130264311054804
5.674007029750781 -1.2665660949015993
18.59304244737086 -0.6605838880428945
17.64712227048145 -0.5224254408861683
8.867270797989628 -0.9088195628295584
10.34350706555428 -0.746557688191684
19.919910932285998 -0.561486759844493
17.094550671628433 0.15513014493191968
19.64549888836057 -0.9944046284231881
13.128354233437399 -0.9953368339250699
11.550839455854994 -1.422697705395071
7.908966708430514 -0.7571086931154256
8.521149337312439 -0.9636461202901657
3.2502763823695546 -0.8030563517161533
1.0868875945697838 -0.9486568622689736
13.333376753241044 -1.6675352244911388
9.060235808688738 -2.3869234879954195
2.0412162635993956 -0.5729639316590457
4.4733997917049075 -3.104776925029877
15.464830369299069 -0.5198092609565168
18.860051569287858 -3.340793580673009
4.9268677033709025 -0.4546589674202805
0.3098492130438919 -1.481473562672676
17.716936556520338 -0.6316003862902274
17.244556731495084 -1.4464646076808358
0.13530036162269948 -1.2997572816385041
0.6449214002235919 -0.9758430067168219
14.369167733057754 -0.6787250735614196
16.153414478062537 -1.3247994991965495
19.198562921993716 -0.6235290266905544
9.580644938483541 -0.5498694370707526
18.857709061290052 -0.4248192297310487
6.313653746649086 -2.8068727840243386
19.00867157642408 -0.6080032548901698
19.18492807695951 -3.279206640873711
19.959209637894112 -0.5610359406169764
17.248819134738024 -3.1759375231547042
17.98604379620547 -0.526694961574229
7.93207338837437 2.5272788126931354
19.392764942790155 -0.5899046734807181
8.85112121712445 -1.5250636946337377
3.6388167028375706 0.6815028233246705
9.09731993866246 -0.5014708680127146
16.871973447835753 -0.4954259557930606
12.393934104103634 -0.8277299335168284
15.298921813461536 -0.6248481882053512
3.4714605291737195 -1.0175571778279613
16.293377998870245 -0.09574109691860641
15.08319212087989 -2.4476901426872444
18.012251937119103 -0.43341160413803836
17.80362238628521 -0.4738113797347578
15.304871947090128 -0.6026071915702944
0.506746944842293 -1.5095119379993065
7.296850284834661 -0.5246543717270861
4.927601822388228 -0.6635838963733218
7.67128239559172 -0.3714376508203128
18.021081993996354 -0.022915864300391553
6.271395833065309 -2.885146070578259
16.641938656185694 -0.9401369811143103
7.14192503785872 -0.43625894438030355
2.6556000655699017 -0.10447167314609877
15.943924624747567 -0.8099511546618595
12.547368409780919 0.011275487636358897
3.7228102518017305 1.5244599548254736
6.3874641289127885 1.1280616576169147
16.831391156777954 1.7093598091107596
3.271761657701429 1.3096586784535695
