7.374796207469958 -1.6110834615464276
8.050349047652574 -1.2541171640091293
0.2395715629555733 1.5205636592538525
9.792032826856454 -1.5275262808145826
4.891805052349865 1.1464442688952894
15.999597454672287 1.5140221519009753
0.5081944857549148 1.1177361869121987
18.911697214748568 1.0982250420013515
3.3753997778642955 0.44328636378246083
7.674653757797562 -0.8944706230241017
0.3614884293846381 1.253287855941888
6.867724118155312 -0.9607579049213515
3.0786752344550865 0.5699930789544878
6.52938946839508 -0.7164352110810566
19.91032923536267 1.0897334267761982
10.226634832179647 -1.1251658766051489
7.939932133115926 -0.5141529244988714
2.6746126082781907 0.7507303302437458
18.417569851828944 -9.238944055342408
8.26334827340646 1.4897385086694448
11.306746223206527 -1.6404407944380521
15.97154836327616 0.8436248815895093
2.963217721643747 0.3494453625754913
10.917270471331973 -7.419699241972685
3.722553127032043 0.37165316277785215
10.728214000952788 -1.874931879934292
11.355943331772293 -2.7155733956581543
14.47269925256827 -0.27156668811755885
10.149511198055997 -1.7638643780616263
9.817500735097578 -0.6924698715995552
14.26174280296817 -0.13842156351746648
17.931845408334617 0.7859425218128062
13.880266262502184 -8.208468821821052
15.17039847232293 -0.31948567320106536
3.6392893090147815 0.2685871417366554
19.16979901536689 1.0508954977017089
7.836635629994188 -3.0422149775712115
11.567910072980693 0.6373592712671958
10.153494905830184 -1.820745338151843
15.321750001821416 1.811211790619674
0.9049666852211521 -8.290570538956784
12.283931493378104 -0.1209292216017484
16.451566699636317 0.499387379660963
8.85380608636087 2.0150418480222054
18.064870351647407 2.7785142894342023
1.1348288026383349 0.9804759756252979
2.336734803404982 -0.7587181868081849
19.30749634560344 3.1401377278180425
11.981328141471002 -2.1733627708731516
0.4601961493519635 0.9790630171641765
1.294140343356448 0.6487175160292014
2.1875403849472073 0.33888536821682047
6.005513768405189 -0.6446540554021226
10.675855079552399 -1.557360609415128
13.567460702222537 -0.3261825309402388
8.307422860795976 -2.1713945432897184
17.118627957088318 1.2560702833687372
13.741896637157424 1.0458157343984533
19.702699584436495 3.346362334364864
4.9301220500996905 0.04167783942904463
1.7196047398354581 0.5387113366763505
3.7021415593400016 0.04547749616783349
15.357467621733043 1.1971122462492205
10.497869502340043 -1.1576031113415781
12.056692765154226 -0.5057155206790314
9.628595610312496 1.5084216736562115
2.971216538486429 0.9920786775685576
11.42475508037849 2.953851870712888
10.004939081311116 1.6856958782356815
18.23219815495272 2.289781945952042
2.784505637766136 2.8863124605140547
10.460798611845126 -0.957076298263422
14.912472584213909 2.946293059911673
3.3646596811339027 0.7821655192401142
12.630217241318547 -0.3731130413857964
17.484671939886567 1.8938197246832424
4.971051188633002 -0.08288618490371674
6.13830683853383 3.17937871192113
13.133776552547383 3.0207945680274824
19.587260551196195 2.1605488177037353
5.902471074551677 -0.9700658008644307
8.547910814446881 0.37482201383311387
14.922034770202693 0.9491629806180185
8.809575064582427 1.4013991510906454
3.0426063056972725 0.4389246086829258
10.923070336010152 -1.4657737616994888
2.4194708988507827 3.3098213489792245
17.285475782898935 1.1679173737691404
10.61343082401175 -1.5059938241745199
17.0194962124762 3.941736885427736
7.022235557474068 0.059739049775845154
4.457187227663232 1.485137482644591
8.740253009214802 -2.277146558397043
5.19544691213407 0.9551389975518212
4.418346891166363 -0.2606002761259456
19.69465991978368 2.703025806880867
12.253034749381728 0.4739519760384302
9.211696925558698 -2.5747461175668596
4.099287128497609 1.1090301882322107
5.301833143745421 -0.848070907504122
13.974935349393835 -0.3924705561231061
2.3283867022323 1.0149078115751653
13.357961122657551 0.11257541684479383
8.324254230735901 -0.8211350436159723
14.85699545716052 -9.327584620400401
5.589358123841209 -0.4343854197527668
2.8774836678742752 0.03622315196533457
8.956760728932238 -2.8537875364304677
13.452294093733968 2.5465578205163877
6.514256380240449 -0.6033129999106499
14.4735282765442 0.016893476663902132
8.014265526968684 -2.0787767102305104
14.754148834789452 -0.5065019955406287
11.85039331206852 -6.781238606480736
11.805340109480603 2.259531380416708
7.109279198452521 -1.5807418569559892
13.724366917583048 -0.36100181956104266
13.381010548701898 -7.979442430625916
5.2932709131633295 1.345921424514523
2.8374900255762725 -8.45193954155326
14.510481737297834 -0.0347935018586301
4.81293507060577 -7.974188748145708
5.349554593943756 1.5017767329581522
12.27536001945946 -0.5904207229237574
16.199786259598728 0.8848170567764585
19.79859256743165 0.7413070243744723
15.95462707023862 -9.056981372193764
9.964811899148437 -1.578430547266816
7.185829483943314 -1.522928166282138
14.945683189045234 -0.8007563366479836
11.16409627587876 -0.7017372332073104
13.273290260732615 -8.623623117379113
7.824520150819922 -2.3785007258423527
6.123951095089244 -5.274394791738193
18.570504408863062 1.074579567017028
11.77622701201176 -1.9836180519020667
18.17059113708539 0.8382284925962328
18.300077568349053 0.9764305956390052
19.3594046429499 -9.104977292308108
5.653968927380068 -0.5326735782299952
19.34996581899852 2.1307552969230463
12.129653354563501 -3.218023006621787
16.502283827476372 0.6829899321875055
16.916516978298574 0.6341702029569942
11.987192814336385 1.5763465078752932
17.943742220218464 -10.031074540418109
16.40262300119269 1.4599039593976681
4.976954026449683 -0.44093449732835027
12.82086887363514 -0.7202741774521662
6.398439964799852 -2.5307972282265396
16.243453107389044 0.8336683913875885
7.659324899799654 -1.6998385840865313
16.801879813868055 1.362539601465497
18.629458154042155 -9.403261598072719
7.402305420157514 0.7248807783688545
8.923561958258366 -1.4587164644858335
7.258197714436623 2.318717784978204
7.0212066728232845 -1.695073440562896
11.55763567872212 -1.079572893017731
15.850722801011395 2.534387571942728
9.28211289374814 -1.856095383546005
5.0498301188764705 -0.1963855409286381
11.752097756477877 -0.04997967147210386
0.021957209812700995 0.9231337067976281
9.40332018034579 -1.682650017657687
2.1580918610469113 0.630715572511906
11.45138344189967 0.8835237299539667
9.480582161084 -1.6713419621617094
11.123182109391735 -2.361590719764749
8.027715257511101 -3.1500222547878853
16.41752773726085 0.7058625418430939
4.211253200193171 0.2984722413014552
9.193715760870829 -1.6233717778532792
0.40476398190948804 2.322271744057889
16.895605279008944 2.5775360318018574
0.5408209981895826 1.4175006653951623
4.041732410673962 0.9165650494668715
10.533155078580345 -1.138345410487374
4.702088159003811 -0.5511790291186685
4.633689100223092 -0.14125933436063076
10.897606321487393 -2.052306576528637
9.50851312738992 -2.0041106671859623
13.295878513553486 -0.6338752321231449
16.203957349274557 0.9018998248662126
9.532103173931864 -1.3712655126830953
12.438546586875248 -1.3716569059948147
2.282750300621478 0.778760801461784
13.815221623810194 -2.2615660749035142
2.317693691336195 1.5976751309807584
10.819340318476785 -1.759128228126502
6.7018839929994405 1.3761906480780388
8.629633088720684 -6.243302738598695
18.831441840534605 -9.658051777866305
12.78085304064758 -7.6393936791411985
14.611483028236558 1.5436089368314279
10.14912723803641 -6.068895175190532
7.943295863245783 -1.570723986462741
12.323977810550822 -6.868909100828015
12.619518348904686 -0.8974398073064123
6.8612444951948435 -7.43881079848492
11.647485635176112 -0.9459247774613118
15.350080418415919 -0.03763527935266395
15.738539845255088 0.9234084886013517
14.2263164964025 -8.314604762550985
3.379063509390438 0.3234680772246225
12.633641195949933 -0.7273709100302328
5.902379639644955 -0.43067807881463965
17.34076027221288 0.7530463448104625
8.97783906719985 -2.8000717417199086
3.1597938441820435 -0.14768726253666933
4.4384054146988055 -0.18486687562157253
11.241306536581627 -1.3209907161305146
0.21593747513913125 1.3841964917129053
8.909144961061395 -1.933514586829541
13.513634793184549 -0.25285819502436435
13.580116508015749 -9.131001426799665
5.710434432051102 -7.064839331974211
11.254289947394515 -7.209823848223614
13.796715082625015 -0.14468592313230244
13.532779171551104 -3.3363517341944147
2.715795156852675 -8.796314655214628
7.133562267259353 -0.9036076365604511
9.419894005585615 -0.3675424353922186
0.24784283481406424 0.36939184965257743
9.791046190879873 -0.8927575873081052
6.3226984234314205 -0.5837671144454029
11.693615861539406 -1.541837460633532
9.067044139357915 -1.4108470688907828
1.0778240870948197 1.6242923846557717
2.344067388488156 0.5547024651757138
3.00631221951987 0.4298231302984886
11.010377487346776 -0.16143987378909652
14.116175931870664 -0.5377824385653521
8.960058178699278 -0.9275520748006922
7.693402953473787 -0.9434175490374292
6.006567274907415 -0.8283942065265507
15.398366638240987 0.09266111665003063
18.592125179560274 -9.148828951094304
16.96306559836008 -9.544814757823007
11.138786572675393 -7.670964897340428
10.959335667038275 -2.0097812321980104
11.479707460120837 -2.255320573104555
11.14264897710952 -1.9030954480638749
12.256227294620567 -1.827061440773534
4.877757414957259 0.5272534814470264
8.971336329092438 -2.9599102706789004
3.419799309337438 0.5803178672922046
1.9705988723139147 0.7282900244578552
15.788522171897666 1.0430081969439338
6.65382035762609 -0.9423634258327949
6.980073059322635 0.033871074333777285
4.128973665366395 -8.456304061238415
2.024793356643066 0.7044045041063669
18.21894230357531 0.9068984939868797
7.764598366785549 -1.8995341061736246
12.750203595837712 -0.6240927125789493
2.938395777841415 0.12740083017825216
6.568891180442831 -1.0086423923452408
7.769945348725199 -1.502179150036402
9.639210758557802 -4.141226812413075
10.174223513569975 -7.364283983504474
8.510284586350036 -2.494364419817875
8.652803228714165 -2.7915414805312744
6.782520150979382 -0.8604357076743541
8.274127021061533 -1.29863246700827
19.220664243373278 -9.374145259114915
7.71650924254021 2.5307902367336426
6.067369007621552 -2.9572511128953485
15.068529091514089 0.9540788372580291
2.4084204833090097 0.1008519847713249
0.8240851109069912 2.0329466627628787
4.227746399703082 -5.072339034330541
12.644838171366715 -1.4464091637589598
9.656417114417078 -1.8468091897749659
8.867599185475415 -0.828698410415691
14.710074529466198 -0.30991894605858705
8.700629254406975 -1.46418745423735
8.287772239100164 -2.234815426007666
8.347052758895005 -1.865509248386622
11.967757792980251 -2.2079914527018865
4.052325661189512 0.2621350542829811
9.346992960089592 -1.3111378905109103
8.035436755033889 -1.537173660973708
16.375800921606956 -7.975097046382305
11.236932766971641 -2.8151524800209033
5.129214489117107 -0.7985709657436632
6.350227902038401 -7.226736201757466
6.954098916148996 -0.7015369979995929
7.6157541515807115 -1.5089906339833095
11.885396380296287 -8.040113036304142
2.4696941436375526 3.9913005168362217
5.838727625671337 -0.7212284755224543
4.134064580050183 0.1771337500244775
10.589983195587457 -0.6172193949160014
3.8501611319300464 -8.484445579185838
8.923987936651034 -2.0688094104058647
1.0635914608196402 0.767391416778406
10.419096123434421 -6.140126927242881
4.186492608489135 -0.12650437789267682
10.561969817660875 -5.219577307131234
6.2789735560181805 -1.1099558659176416
6.651886849577977 -0.6360230990888076
3.492647357147177 0.1805982152121788
8.43718878239202 -4.623842696451094
9.575331132126365 -3.218486271002508
3.4696146941096844 0.03325104968131798
6.191847217969797 -0.837433730819382
14.761644535088472 0.1505098459919177
9.102848552879971 -1.8842663794195298
13.814843855236658 -0.35029828010523995
8.197265458517172 -1.879270460631059
10.460426943135683 -2.525059027707765
9.261473820838285 -2.6738090210557637
11.895929382514268 -1.5846687601867009
13.072308697624427 -0.7551966327782753
12.730816998614984 -3.5685787187660782
8.372624996553363 -5.032340793304916
11.878490901787835 -7.4799609594434004
4.485324888900547 0.768989938771342
9.505896419175208 -2.468298648957836
9.024627764435865 0.47318097767575873
14.762964238212748 -0.8339554653301268
7.55555987095863 -1.306092417467308
17.15292537449325 0.5439634420326017
7.399419079517869 1.2801117242529327
7.784028973286602 -2.5136326155471065
1.6159431219219318 0.7832929667702087
10.571640245653137 -2.0063293569465306
5.298197368831789 -0.29324095600988503
5.678801721851973 -6.037425740112375
13.582297565246424 -8.371852328741014
2.5804869005363313 -8.90689010604285
15.125992965697689 1.0403301239459413
13.302693528362585 -8.059187182637176
10.261554503562364 -2.5981560708335274
17.070737810456595 -9.346768100677155
19.88650226402373 2.6986551561926135
11.07027928143493 -7.3099540483700975
12.458607886076276 -0.9831454820603824
14.435592595737198 -0.3796810909320402
7.350179387350707 -5.930325857830665
2.943032834287415 1.070938941289219
7.280963039775296 -4.58243865231824
9.115481905646549 -5.16144883128648
15.343521744157327 1.8177723879589882
1.1080794308708033 -9.069254224665427
14.867127075213437 0.8601782767068242
10.898121086718042 -1.405235377102188
7.1589626695515785 -1.5462566515785026
7.255847509376022 -1.3489539085355735
13.126976002360928 0.061473078479472865
11.956196462092587 -1.5668320999446195
11.559578795042496 -1.877692017218371
8.007303900930737 -2.298045550599904
15.206134226869306 -8.761181837947353
4.023211181155718 -9.145584631255694
6.1648191465621425 -0.9675137925731154
8.178927401017473 -2.2503902289956605
8.409474300371953 0.6374649063607298
0.5744268482054132 1.5272770110272607
5.593025958302471 1.7987388083480236
10.68335789060494 -1.4571110368867
2.8551691673676176 1.5581936467131692
17.039046925705794 0.49736500315372184
11.068109428236623 -6.610383749930051
4.394731858120159 -8.31642602472341
17.86254376012769 1.243683290543483
1.4460370863994862 0.6603168501527394
12.02169993562189 1.0530547268213157
11.602974414913623 -8.105611413414357
14.187284815024597 1.1629382891647086
11.607331949852712 -5.494620302387293
17.355501781671475 0.688405436961226
10.20482676767007 -2.7739948232924525
14.20109699805874 -0.12136232259889157
12.157708542930681 -7.597363282570237
18.997054255272932 1.132505559289891
7.1092545794355715 -5.119991378911099
8.392184868702728 -3.7079192924148594
5.064104642850781 -7.828065242779804
4.449246089568493 -0.3842499907116456
6.626684590630067 -1.500076230384612
9.50297162973112 -2.7176356606197487
9.951874019515929 -4.0757354824768885
0.3954283269831482 0.9481558903984615
4.1222949316668025 -0.09638688292703451
0.3918295145009532 1.0132384221414397
2.2027392843147457 -8.412745959996307
8.60284345890597 -1.7204752021971033
9.797339173855725 -5.356270643265606
16.140998912266774 2.220310695818079
4.175152241019997 -6.726823908083952
16.64576376187274 1.273606825354365
8.894382849752366 -1.5309684914252195
18.524891784859687 1.4061708312164447
5.462694191699955 -0.9508353337759963
11.026226026458005 -2.2679726690666366
7.326764687654188 -1.1781794327437454
0.47140974414837244 2.244004674501738
8.259337566643628 -4.098431805553806
0.39732725493604937 0.8913853835771002
1.7291025621100262 -9.059460438084269
6.910153956760484 -1.0832372999649815
4.422676195710298 -0.3727484094568661
9.222839277774407 0.3676264526516818
8.76731954101381 -5.752380652739147
4.666604046624555 -0.06932232271844732
8.279060780345025 -1.8509045899350287
1.8394041716435972 1.3199517026503478
18.759994477534875 -9.034289116139616
1.3658644589325701 2.7319041658416507
11.91938402287974 -1.3714457197957404
10.299316252424079 -1.5621735841753237
10.116395994713537 -6.482021421779751
3.8298996625857753 0.2954914266009128
0.5177593153970449 -8.912387162012662
1.5846647817270254 -8.499123868111202
7.949985886417299 -3.1601030593614863
9.09959717946537 -7.626939458407516
16.234396420033136 -9.123176385213283
16.05375041418453 1.0377268438617664
5.646395064168904 -0.47838388827783873
8.613762238430077 1.2028575678396236
8.163289311648253 -3.7458853933305027
19.099161593402567 1.318975277901401
0.575771925348217 -8.758684484912914
0.05303404969017578 1.604334113661423
6.894103937041812 -0.8295370841040681
12.960273749077745 0.12789437806314263
11.277294036641647 1.5601620919625971
8.28481246784322 -0.4573572657216563
3.225784096356173 0.47492347281623154
3.2163460013619676 0.2941476792806459
13.144878526745297 -1.1834715812758136
5.959102083961581 1.9352402497889214
3.37137246725538 -0.02752512091199534
9.861949176861 -1.054472150343189
11.438320875704338 -3.0175964562199535
7.717319584935197 1.4068734020434674
1.477333098882358 0.8891599479200447
10.233409986225478 -4.757100110076083
17.32717153280776 0.9181745928289416
14.969499843339218 0.2441760052696892
7.858381263833316 -2.2729356038526602
11.912927808701763 -7.839356171815521
3.6767742134379757 -0.003070381356797644
6.759404713936041 1.0114192428832833
14.360105143108365 0.897860440533064
9.466087610091458 -6.342847302519212
6.01080531990957 -0.6360295987443917
1.3768238346902473 3.1458341913963066
2.4483115318887685 -8.514676035767547
8.741530699392245 -4.735796138060485
10.630961336395602 -1.2071772188101577
2.880300014695681 -9.184182594689114
11.09397089361506 -1.5737523966974485
17.582424528692115 -9.619634824862823
10.46775076153996 -3.999661233509763
16.910025132567736 1.267402110713698
9.51856097264514 -5.368386170507344
4.563025306157209 -0.5702589274809798
18.477059370575727 1.0762874664231807
5.224819245541056 -0.7779830670360858
3.4496390441807754 -7.801230975930526
9.537598382517382 -2.2715486921018586
2.1725796192084923 0.27078540064850665
18.115423979219383 1.1595359579586835
18.866667864226258 0.625008940562827
14.332334600817765 1.2561303141852207
9.14230364954687 -0.298620656690788
18.427821889115865 1.4930315245388819
8.154461530483811 -6.046454304452758
13.360002276506528 -8.095594748590388
9.073088904810827 -8.03471489230029
5.320720581384833 -0.1324653670566938
6.697690468019875 -1.0195101751167879
9.29236164616885 -1.8554180387158596
7.133517999819756 -5.702649765551114
9.35400108850724 -2.0382791029856646
4.451812281294903 -7.735970530920938
11.845321211898863 -1.3240732345574193
15.97112266084166 0.4491153048292384
3.335610318431742 2.0769697811501047
11.779479353419905 -1.329200033686582
9.219795040961392 -5.384258556304928
19.768470910007505 -10.032971869615313
13.7836062904227 0.5112021536957424
6.916498540397518 -1.743193456948777
11.291310627335864 -2.3878419370109176
14.268151796266494 0.1782862859897539
14.578442142928974 -5.535201416231574
15.424649323389895 0.9056112880862097
8.173149297434701 -1.8346714025185396
13.408213219309683 0.33863347907795
17.22918355518149 1.0105904169570257
7.07776408590822 -1.5990152719544863
2.6019059252342562 0.4293541663339071
11.290551603658752 -2.7950676835642767
5.778697881841996 -7.59669464451359
6.951543914704637 -1.0463042163656213
19.193835382479456 0.9797421647136897
1.0546230190365349 0.6398800945664896
10.231814733039753 -1.1746957384244987
5.804261351492413 -1.0160646924555894
3.921068256745502 -1.572226811293612
11.64570547677009 -7.66002231419991
6.5759615978784565 -8.213173373745253
10.854225726156526 -7.890747099944349
14.320852790276861 -5.417056428720309
9.043461762069965 -1.4678296777496882
4.113856081221089 -7.7296617554051155
14.33572487973433 0.23354899321828862
10.56501683480989 -0.5434714105641792
19.64303254794932 1.3784573013858106
17.693892540789843 1.4246250435090155
3.1622952345954207 0.6884508546925545
18.727558514600293 1.2513072185467826
5.1454309782025405 -6.657738234751972
13.071382217843398 -0.7617533678970478
13.045253266449144 -8.493696980061495
11.258345326032947 -2.220272591208457
13.03534656090648 -0.12074873526208996
2.611137393620699 0.41778720547491766
1.2323990866341668 0.8916267888788354
0.9489878931565741 0.8116847857686171
9.936656904258665 -1.936138292285024
11.100849818084813 -1.954173029877659
11.450326697402799 -2.0377839071927824
18.995651149025502 -9.321569427675742
4.812312414370576 -0.784229808862493
14.691103982250324 -9.345402180030536
7.338149869102353 -0.9789624543084753
8.841820285962585 -2.9015049170197402
0.22511382803609736 0.30766395628509047
7.45934137933742 -3.444030218056019
2.435103431104573 -0.3037872548690407
16.86594052053678 0.8526575933144778
19.836207900119213 0.33518494486729444
16.447203513246304 0.6688662612096047
9.588283614000108 -3.05910507912248
6.383706566268423 -2.637237437903009
10.761267235355874 -1.8464759997443065
9.41984062566533 -0.11844955675884505
7.741665205524607 -2.633569621857577
5.510227935634893 -0.7973313415474346
14.625870996237854 -9.401788437336629
3.350053021567827 0.4397308053931341
14.760875228560145 -0.18675941342903973
6.318536966717443 -0.964658577267715
17.941060145988413 -9.75820195339462
3.5898967337342294 -0.1600155458611595
7.159924759810297 -0.5655310855007818
6.410658377574438 -2.529527765893328
9.518853451958977 -2.169570404527123
0.38719584374432636 -8.746723422993007
11.186819895814885 -2.885872937556625
12.660184467525903 -1.6950518951713016
1.9758354062318055 -8.061897799540596
5.4359925525303945 0.5522925106426838
4.178676880400013 -7.8840595656934385
14.320431664816953 -8.674935702574714
11.458151196670174 -1.6494692185134465
12.916876179786538 -4.615837186341871
19.45094498287038 1.2635367036240792
5.478007176330726 -0.9203471175786955
15.431382596660944 -9.437749731757142
13.785246376891365 -0.277996193391841
14.74910272847158 -9.427755336676462
6.315118057531385 -0.6227030228729121
13.228284622785528 -0.8009511277932608
6.836246036923224 -1.6629905115559864
10.524686344491373 -1.5080923129259594
12.630458535521393 -0.5287318542995554
4.231349442361401 -0.1420419697185758
19.66674783922916 -9.499471221469042
11.340247109722531 -1.1191972575706042
18.743909534494428 -9.351915255197834
10.055578897652257 -2.293703573485949
9.090660064179344 -2.2707969444883913
17.497940149250446 1.5242296288900419
9.864322187469497 -1.6766633777028912
16.565855545473443 0.6319439636588386
8.561399433262924 -1.2089322360125931
14.471146485852966 -0.23901127776583847
9.235396330445544 -6.482690715477562
2.4560466721418166 0.14739801585348095
1.1275182073601868 3.113421384166448
5.910362583304392 -0.8797376913096859
17.788404292631668 1.344542243488027
12.608865196313529 -0.7695131616841284
2.212628373219255 -8.551455973920914
7.622869413176487 -1.3232525677967575
15.003329851694573 -0.21870645863750973
7.448129404539906 -2.0309267744406876
17.22920424922148 -9.833691906946834
18.619706178349247 0.883504942110183
10.170681075890482 -1.6943701109794187
16.339340852412093 -0.8953837188106324
14.790334800788894 0.10345919890923103
0.9377536735465917 0.40748889898850627
9.562029287080678 -5.259658892460589
18.35321867904081 1.8517558960667588
19.10327167988531 -9.628652254777679
6.35037057462757 -5.720381098527594
3.3675329676164143 -8.574212215644122
10.151112115036733 -1.6641012724798179
14.7627385484704 0.04334209028728628
9.985723680996577 -2.1107833489404904
12.513486245285886 -2.804867994475378
6.853113710072219 -1.2501825941182994
14.426610360557477 -8.579200348565623
8.642033206682173 -3.391477394636142
19.455529267478116 -9.075678845084628
9.1217577776428 -1.9080266116413922
19.040677645007236 0.5046672862046016
9.974808755913266 -1.1142462995929612
13.607046373068826 -9.190762095139325
0.08254592406978258 0.4662412521604501
3.311580960372634 -9.308235772817024
6.751012150512689 -1.233085760110429
16.913682395751817 0.49154866547885007
10.453559288345842 -1.5596696085429564
4.59390279956332 -6.996732693034149
8.031018567121896 -2.0076628235051777
14.867481242197249 -8.162107593098822
12.202104664792436 -1.1178333203883426
12.832814457613221 -7.942387156888006
8.063451346666106 -2.406986170248174
13.543577310955126 -6.984421472510185
0.9322136290346041 1.918970899096881
12.411974635944356 -2.5272957949465944
11.173741098764719 -2.6823709151440482
11.02238605991533 -7.929989312772595
3.7999067613709 -0.0007698919144940447
11.702631291371672 -8.095929022542942
9.002151485797416 -1.6537158769323865
13.077023382554195 -1.4333014534481983
11.44438322639039 -0.9830635678099696
0.4143350787223765 -9.009235847630185
11.71830967555292 -7.679429496546616
0.5400492920408807 -9.210206549148786
16.1711875917392 -8.917931889185093
7.7634123944127085 -5.671046934178804
12.451265072702887 -0.5268707244222466
4.406324318369672 -6.473390719903321
8.551931475128802 -1.9017102013820495
3.7807150939185723 -7.798620176318669
2.3547340895877236 0.8929983625516764
11.01690608449356 -6.766328745869368
8.312318812364135 -2.036394260372984
9.166421449338204 -4.418919230644765
0.028659983910399478 -8.106668769800226
9.877146625480897 -2.454384969833224
14.773768911515818 -0.3246293421410047
11.811042807894347 -5.354223819671043
15.904078307777759 0.42848319168849275
13.044333768766078 -1.2418045326982001
4.429825003488615 -0.19692741729878246
15.064482848007556 -9.605366050695206
6.911397071002483 -1.2199731194881893
8.906276776541013 -2.4476181088463047
6.3663303366946655 -0.6997487437633954
18.098122065920744 -9.563918460839588
10.270182479101585 -3.3618611852361533
5.647107818607099 -7.505775220320814
14.283065269373337 0.20658394429809265
13.603323648304047 1.4884563507573818
18.77167321607521 0.9306426488373957
10.052222325790947 -0.8406362442298014
10.05149604579866 -1.2949436967096484
6.95915425621563 -4.617529131399194
9.477524836872428 -6.815139189381945
6.386663806859895 -1.1225012615715424
0.7736313442681244 1.9868776370950907
13.043369215077877 -0.9023430432415445
7.665645754193578 -1.6670302561417385
9.283846017746802 -1.756885386006274
7.152012065784263 -5.778127499300334
6.897929619424229 -1.6344313401886301
13.82579184098985 -0.4378428150092278
3.5726787057416147 -0.6288137945424684
11.95833088717554 -7.329461606762236
9.735437241997131 -2.6734684727203866
7.871453673524184 -1.6948623062480244
19.65036288198603 0.6126952374922972
2.4267290130815984 0.5012640611447883
7.615971038396293 -2.6967957296079574
6.603203438650794 -7.105199309743203
7.007694465243308 -6.022049142091644
12.969340647280962 -0.18433099850836393
15.651442115846619 -9.218055222298
0.10814262035829003 1.3595958465848779
5.09934486725621 -0.9012974381152543
9.421047200708514 -1.939012354427653
17.58217387867414 0.7387982646889264
4.2208516429956555 -0.004483927229897149
13.675170870748984 -8.699172743017815
13.082607104658528 -1.4862916303479494
4.926111599660957 -1.1897033732649214
16.386579432530603 0.35147777269160685
7.063269311669946 -1.6269939220182696
12.745267686554662 -6.865754563018311
8.746920922501188 -3.9583208535489387
16.585382363039454 0.15620195995440922
12.867465326674496 -0.9953207036021021
9.969702679875263 -0.9182331404643835
6.83027336611287 -6.665790748125987
5.422246171508041 -0.5263127757334953
12.37816245867135 -6.401514835128795
7.397323063517017 -1.233424734836989
10.564091791374533 -6.249508419294163
5.709033464256801 -0.0800199832968641
12.225010020326714 -7.676825789522814
3.3742901509846375 3.3509492915669465
2.946851477060344 -7.4717077848004525
5.565563014864154 -0.8803144792849065
3.9405086219130867 -7.562958648248514
19.305423878574352 0.8670066395655747
14.951509883680373 -0.3644807425055958
14.512399877421897 0.9252322202572607
8.213779598701889 -4.6570282667391245
14.567542472421795 -0.05533370362049338
8.429258501924263 -3.7155513774154163
11.717525566865648 -1.1028829751683336
7.655838042636851 -6.595910587574087
14.68867425331263 0.3733920058048306
19.598662155570338 -0.3878331704788845
19.332716443747895 1.6954439219653232
9.136639673366368 -7.925062211445039
0.5947249182689225 1.3259854979783134
12.574384228337316 -1.113376890055001
14.70416547090219 0.48127078414533353
6.557847718758797 -5.927039848619419
11.021116183239434 0.3481938746422283
14.571127200984463 -9.221091464821704
1.2156054608329516 0.7508210617935682
17.354224613643044 1.0011979690361885
5.11181137959608 -1.055443659159543
6.360038612779999 -1.2057684952308867
9.170286157880266 -2.52395029729517
11.73739273786358 -1.2219786376885644
6.096964914116086 -0.7964303555842634
17.60713118753962 1.3812507852545473
6.433471987360781 -0.7570094997558161
14.31792981301916 -0.18849563213922005
11.198927014772469 -0.5295586213426158
2.599326029688567 -8.887916829306024
9.470485629209607 -1.9194106486183435
16.331963737073142 0.47022043636810784
15.255242617055867 0.6958287355438274
1.4527311551659259 0.4003346014897516
17.07971306987373 0.6647527002652525
19.33650656755887 2.3254908237319065
15.091020914448551 0.2031958572657649
8.102910710601668 -5.936581660946898
5.33807931325844 2.3011572119312507
10.668988721824215 -2.123190142815514
13.582398709300477 -0.3627379994473829
8.434332398201116 -3.575806982025784
8.7980636801541 -4.227191720897237
2.6448422679536594 -7.221832696146063
8.765811785505388 -1.6631079019843047
16.993458900772254 0.5438333667576678
5.775001025037894 -0.11639874320500895
11.9258889193577 -1.5115456920447476
16.849210635289925 -9.140956023543499
11.534028595463072 -2.9261833503383445
12.003207567506168 -0.2678275569929372
7.925006751551061 -2.9544126463380818
9.72986190021102 0.2094733344285038
11.703815326366094 -2.0377826840150184
19.39594330212124 1.3377398673279934
9.52843945730267 -2.515416805090455
13.818828544689936 -0.7140738010207046
9.497781395945358 -1.9532238805194435
8.458519062960145 -4.809835212483331
6.686740035607224 -1.1083566179850526
10.645077216013224 -2.8411457965606672
17.65025907745578 2.6019930710381
11.432436488103695 -6.885249552520835
8.98280100847214 -3.3673457967843925
4.0317285685627775 0.06980570251212387
5.8560190153223175 -0.4030365421385453
19.89291218005359 0.876228254063173
7.2298380538060325 -0.9347002822697481
6.1627534206505254 -6.763473189457681
8.228720676135962 -5.928197932552055
15.718982576551195 -0.660452968052765
19.889503887884686 0.8253130656042647
10.46682163142603 -5.0831304929201755
2.713113410674331 0.44196256592464944
4.368439214910884 -0.21807361815921825
12.985075505612329 -0.5394604436051029
10.805913707231149 -1.891974515899406
1.5660933037798415 0.6134005726469705
12.692248309499218 -0.12111590248987647
17.38519686914715 0.9931554660354323
8.43410413471784 -1.4968454342585102
8.754859335782697 -1.2752254674650134
19.829765439623156 0.92418260959555
10.716484897570329 -1.936078423848859
12.805682824830232 0.3172922496368532
13.258246552350897 -0.5288679651905459
10.69194347150826 -1.4810167493052722
10.70491067447419 -2.2321809924621574
8.432383779758581 -2.1028031511569534
14.536781575886806 -0.425105795378468
5.532194148511433 -0.7715726781124874
7.38869567606954 -1.5906271634089721
13.018194543599076 -1.4908531880051779
10.027937906578533 -1.6542608205207088
8.112691965486059 -2.269104978227293
12.012697826368322 -1.0425270848905037
19.733890120047175 0.5456004103150293
2.2608401048990383 0.8424274745964186
9.634693310135674 -2.636233345330732
11.339711535179704 -1.3373231733077615
13.304447046495536 -0.9533422136141338
12.17252164445078 -1.2762673484699527
2.816403177261592 0.25995479923883147
7.864388772170542 -1.4445037439362172
0.10179367233101289 1.463569517439823
5.9462271426736315 -0.9420424275921261
11.63402084455965 -1.5564728358424789
9.07671252424288 -4.495303960252937
17.57109164814034 -9.572037933505545
2.953219613635925 0.15769323176721953
0.5102549643452041 1.0761843471325565
2.0056833113474544 1.58648978425002
0.5441114203810203 2.5840406566968035
7.025664985497883 -5.240618047583516
15.87865578661468 0.1275556115786891
17.93743665150319 1.72890102759095
18.50883229846014 0.5565831174103415
9.528377936845915 -2.4325496688589974
5.534331270988499 -0.599453921299035
10.229296689655248 -1.9090505951274634
9.72523613394231 -2.0286923098637875
8.853336607873906 -1.8475338124010137
15.210835124614619 0.7770471944455427
12.010603240273545 -1.7559224895383276
10.194021782128024 -2.187889574095928
11.616815150830915 -1.3084027012878796
4.213826337586848 -0.014704524988997707
9.589840686783017 -2.744673438438465
10.868940994631899 -1.7657124195488674
0.5350318813724491 -9.31845635279586
6.90512866635074 1.7308915227140549
11.266783338820579 -4.6476464738068515
1.2538550941451794 -8.79489280686184
11.07667183117248 -1.39929198669499
17.184898481518516 0.8015941361782384
7.169537877152803 -0.8558081661379167
1.0320974423963931 -8.092850474019976
13.404662378806147 -0.773939126444751
16.2155541191226 0.7283666919338377
16.629833995639125 -9.438095306143941
4.073596125370203 0.413051814329395
11.713006860073556 -1.4281219161309269
12.61335935021401 0.18982299567912758
11.489206954481606 -1.6073439383983168
14.641941420612948 -8.556587687708552
9.231252334701892 -1.760007037684888
1.0406986962514762 1.0885216670243012
18.430265859180967 0.8405791866660746
15.106653826898883 0.33263680503978466
6.8095693887932605 -3.0459948251443985
9.650970850620741 -2.139814646059281
8.50560443700012 -2.5322813202935843
9.53643971858617 -2.62695055833595
18.626343250584096 -7.324074078283466
19.455603141026394 -8.069939028516984
13.647043560633234 -0.6035297810959512
10.387631681753593 -1.7101932756235643
1.6731730842794783 0.3870094192161831
9.995389312767044 -6.970794077727458
0.4335924079947194 0.7467264002675755
0.17729857396702575 1.0422688061422192
13.936089016446983 -8.135490602531684
17.774971659994723 1.8322351991710553
16.440814973164652 -9.061056569846098
8.700810025552652 -2.668205434910249
11.450154164616848 -1.9115874854929158
10.32528735943551 -1.9013410152644843
15.508164214200244 -0.0639559044463974
1.6927991747834006 -8.639614887279835
7.74097456036904 -1.082380184813374
4.282595187843046 -0.5684653983389414
9.991783526743353 -1.9551751581061423
2.889230839199804 0.11401109096431067
2.960112580095931 0.786357241641282
8.897785429728486 -1.6169454721681007
16.793569459344237 0.4526898932845169
5.573868169544594 -7.478091258071776
9.885854905766895 -1.6887427762645733
19.77682387278626 0.887302681128311
7.780894001867862 -2.2637681047597105
5.559792579414345 -0.7439288077289035
14.94647623961558 -8.643173463075584
7.299523014777328 -0.861263150600226
18.377564493787755 1.1406103771440899
9.111347776306472 -1.8819735459835059
8.28631168750891 -1.55867700455651
9.197152134060223 -1.5317214835020918
13.633522536356244 -0.383878565180181
16.432954367136745 0.5446654851045963
12.500296768261803 -8.081331944765017
10.049251362007672 -1.7667327744955603
5.545536611280806 -0.6171577713086949
3.0869714217211985 0.4363085985479577
9.051117752396765 -2.168204182892419
1.7181240688900128 2.347277899851079
2.833685903799786 0.5371448970516147
8.785622500357833 -3.4286438405666644
7.610614639106906 -1.2424455976829873
12.525608366974046 -0.23521451464804727
4.591962541451936 -0.14442843270107014
10.778904966710918 -1.5827362670262153
12.427969679357359 -0.2466298791910601
3.417930394798189 -8.605138333833692
10.100504271026642 -1.7527174598519402
10.922625423831203 -2.340832470263855
13.587845477738096 -0.4282603659511221
8.881234468091304 -5.464764380020857
13.678311159402938 -0.32533842339146085
9.849764898654316 -2.832310864779883
8.600354706994505 -1.856306489288645
1.5933015515131796 1.1338072008518685
4.719989576467576 -0.38580801174758617
19.984878389565853 -9.38920607718918
13.719298124214628 -0.27116787452801683
19.87543828310462 -9.16247767968022
17.886036745875817 2.2641341982526297
18.497363073934533 0.5608040123836024
17.18610559297004 -9.793800521523501
6.202097979209812 -1.0453268410718746
19.95387453465042 0.5099167152588681
15.703912611578208 0.038996742759855735
7.342973446642999 -5.866292246155685
14.650747494482498 -0.07703839290381762
16.58779872966373 0.5114269706735153
12.539007982518317 -1.2323178075043626
17.880326171170804 0.4823056966361566
15.169722486353539 0.07306753879869315
12.09049144178237 -8.10157432949109
11.941403869123699 -1.8271804263979194
19.375232933635292 0.9589320118770415
19.189985590774203 1.0630186661660685
7.523366988746246 -0.9732468942425017
14.853926696843734 -0.45658640202809664
10.043957365071435 0.12186374443700332
7.1371891766151645 -1.4613905803184497
9.531301520130476 -6.379871842560341
3.3620007577062974 -0.08780849028852179
19.572406993099143 0.804778360275642
4.266552232354265 0.9040350853472364
13.76732891578913 -0.7472704070649037
12.868741322797623 -0.9696890738536152
18.397054328524206 0.6128708829993955
3.204724729698307 0.3252129645429054
4.5908428643645856 -5.178101536472735
3.633454245620555 0.07562685196984743
9.561300654247493 -5.2012413454598985
12.173862095185234 -0.9872881883142085
10.343395039951037 -2.2255654613644116
13.93404154737737 0.0012882047677595376
5.2941357172149335 -8.024396603047448
12.76238513442967 -1.1546250874493091
5.504540534805737 -0.9607707360797086
1.7075866627236889 0.5859686238974784
15.281198852244998 -9.157736147178047
15.210911272397388 0.9192595146098325
11.065683362628008 -2.38886031545085
16.998890540435756 0.5604924632482025
17.516185124211166 0.9701197832150681
8.750314659271533 -1.7877235276179282
10.483141635783923 -4.826802696349543
15.569039265428072 0.4439818008707565
7.32322254087862 -0.5396218770512703
4.043260654600614 0.3372232349270875
2.3557353214224106 0.6481406807879633
7.916324303033907 -2.164474749363763
12.023145241928606 -7.003678603352104
3.506339758540484 0.47343777605916193
3.3384049493293806 0.3977586437567943
12.215608695486011 -1.21354948714368
7.634951113032634 -2.526201335997484
12.102014461591386 -1.2757789648043034
19.2792907059145 1.1337001590879683
9.341053804107245 -2.104825050945678
8.110956338089643 -2.1866303819642234
3.901257283285956 0.45202822203879567
11.271733424898077 -2.0907067797713017
7.238507437306503 -1.6961480977805206
10.349523202452117 -1.541204647341059
2.056842201213503 0.45807011751579174
6.458478047365682 -1.037204338958159
17.305809193428356 0.7759342534273769
19.369725050537866 2.186704084211168
7.854024579681824 -4.870843405174256
7.095109777865358 -1.6026888817634088
16.81819612621008 0.7911084870428708
9.54329848743373 -5.821042664853792
10.57386435916108 -6.669028354861956
5.531941820766088 -0.32747558615281297
9.279818146436451 -4.490676449210552
9.936646218745873 -1.1936747796129503
6.872142114693687 -0.41544685649847907
1.3407966137312097 0.5962322727535805
3.832094749544303 1.985615407589834
12.259813519494083 -0.8721698376765036
10.40974623609254 -1.1680513691561427
15.163191493590952 -0.6774926001068187
13.04302696352921 -0.43151148639505577
14.370394638580947 -0.13147453006458276
9.047381416824967 -1.8180601003552606
4.296306244331284 -0.41559942459697596
14.05616698112692 0.07859791559300794
5.500748411007885 -0.8139007634758524
15.237141171597308 -0.02346735795613178
11.584109200144082 -1.6123111769841059
0.9183335887341264 0.779596645371132
16.763249783657304 2.3593430474545274
5.899282447174899 -0.8449629567976793
8.64304352603759 -0.5296242615190703
3.7633454180894597 1.0460323023393168
3.045783577991165 0.4355962995754782
5.096885473218352 -7.3896437346745545
9.32324349758293 -1.3645805153789938
16.858077598241916 2.394035189288908
10.346112576006059 -1.0852812784547434
7.391310557102679 -2.366843771596411
11.570887212153677 -1.5575987715429045
8.172814805474257 -5.8897964214664755
1.2138170156274486 1.2931711028109751
10.449084507468571 -2.23383430453423
18.423233182361837 1.1623316510261854
11.218634728790486 2.068194651331801
18.1654747308764 1.2493327189049337
2.990690839956377 -8.408841435119097
9.906974067744002 -5.397179512403181
18.960040780390425 -9.62490825484631
9.853307945564906 -2.5038095531169735
16.68436263214729 0.7867462203117882
5.380761541216954 -1.0396030654942274
6.449638577039891 0.31373475333976836
10.924685644095403 -1.2567235675881312
12.949688318721824 1.9252315258262225
13.04288724838136 -8.197387848808287
15.072372622059742 -8.70054468355487
3.7562201274806912 0.7930482740075083
9.61109514148075 -0.7882198557102662
19.618691852997905 0.44039733670318437
14.511087042817605 1.8786858264580513
4.75008723508794 -0.1336728799437687
4.59991057593628 -0.1408764716749472
3.8233716596641694 -8.394907375507925
11.532221210991137 -1.3015390313665567
8.561653330678585 -5.461952103114181
6.215910930316065 -0.9251754631577946
19.718552836397087 1.0821219739005818
19.84472425798066 1.0835249342556152
8.603871940509123 -5.806394645646786
0.1065019848924107 0.975266262569693
2.206124242747088 -8.002382058526864
7.651329785866115 -1.6498635933810148
17.040226509886626 -9.151068218846747
13.410968377539625 -0.9255573026075754
2.848858770210253 -8.440384637073782
19.897959711357963 0.5714087032258093
9.1971359720392 -5.784361579134707
8.307245179104168 -5.811189153757232
6.401578746601406 -1.6312944785792791
13.119845905496263 -0.010416433803867697
16.242897702401574 0.043896256832159364
17.990582044763478 0.8176449355978341
9.248512711796996 -2.0565839718397223
14.084631052762091 0.9915344197058771
10.045261059984558 1.8419627856470484
5.133822568290123 0.4045497037696631
0.424760278833087 -7.216143575600601
9.301608421731125 -6.529434662554354
11.684305099384572 -1.8397328045724468
11.56058111695571 -4.267382817983475
15.108629534815334 -0.2749893787911475
10.549951764664668 2.393594758331954
2.671814612940185 0.7590130434314828
9.564451716641498 -1.5220151577761838
11.831786209297718 -3.4508991294081337
18.37512630636873 1.4673702572082032
7.047509395014172 -4.24376344579803
2.3266625188786305 0.9064469213003408
19.979283570500574 -0.7600712121728774
1.9523894077771353 0.44872714309330264
8.012623711825231 -2.2810932814595817
10.782949220536468 -2.157102982380735
2.920814129169917 -0.2688003419574436
6.636878695981565 0.365413163568496
3.671470672195877 0.15834359238673917
18.12441955845152 2.2366787856116406
0.8825306729417846 1.574374478810643
19.999135992706808 1.2465957455725687
16.83771398012333 1.2973521321434656
1.7021028599217263 0.695721729755856
3.995836669571971 -7.502368663136374
14.492664324493209 2.420734480112161
6.683754228045001 -0.7372037878937583
15.43296587775459 2.830378912056326
10.497487558298678 -1.4373800419893765
10.79644122308119 -1.232732244873495
8.923458285210993 -1.994606421044365
14.929326204200986 2.3894962924627885
5.633164086524124 -0.5800264384861333
14.488796015173689 4.018953870203508
1.1562934016765782 1.2776858747721187
13.010351746074269 0.3119121025854156
13.892579248181072 -0.33324984418338804
6.390905665394276 -0.5286880952582007
18.591430660906358 1.87571023551227
4.8552595453184555 -7.9100401556884865
0.3156497415186481 -8.944682505262293
2.210747620991659 0.18239202100266375
17.978469132936684 0.7238754866498698
16.283680094498948 3.024703623963133
3.056205712652133 0.8508636705254254
4.191716001193661 3.3727244310042632
4.65895024518381 -8.470711706950825
4.650341240697839 -8.090245773141394
12.068349746630089 -2.1211399595601743
2.086622785080169 0.8519013242522948
8.07961118230526 -3.1481825761628266
14.56225880434944 0.07069804080179017
6.518771461174024 -7.181226545862127
0.7093254018934931 1.0361943325045695
9.929160112590917 -4.512991988776299
6.848559873888558 0.09907366001310347
19.94009312215045 1.086242624057295
9.086054816874091 -1.437842836985093
1.72539235870574 0.655824598911555
10.038633165268704 -1.6045260937430468
5.810163656706854 -1.1842606031721992
6.652122671053537 0.5648986505573208
6.59338099355843 -0.6257130765697949
7.431853784701119 -0.6174450254353878
0.5427629366187255 -9.885870728561327
11.34872185082921 -1.0351719245422308
9.75200986045365 -0.9498108593052644
2.19887596099411 0.23540210984888324
14.797192383178388 -0.15954058547936972
8.308565596384259 1.1207266996918617
13.568208527516123 -8.05635842035598
9.66155523395948 -6.155295235655917
11.973716440694684 -0.39596724877398753
12.91482927848272 1.3944021161157152
7.06924501180696 -1.4622736860194772
12.141839625025542 -1.136077194684554
12.410939391527135 -0.4217039247806193
3.724693459080781 3.739309882916202
9.015659346655884 -2.139479780761267
16.603154323233703 0.6365158654002778
12.028553183467396 -0.44620836865408536
11.208979593888545 -4.723307653766769
1.6483851879961067 0.9792322054423939
16.9656987061438 0.3427688851834002
8.549104949223455 -1.9012619220658633
15.511216036422423 2.1377399304727995
1.6992049974357892 0.36517596679272635
7.310677887938939 -5.340876327154522
18.63646365062294 1.247277197428637
9.447361963791911 -2.1770250941627047
6.254352273141115 -7.331492714501339
9.296382070368296 -2.499272422027577
7.148695640148265 -4.998651020332353
5.913680030497876 -0.5967028810468407
4.401282098275389 -0.09843875010685971
12.744293723139089 -7.602199057028823
9.528402840359128 -2.9424530643405857
7.399274014367017 -0.8956549052878496
11.681795522309931 -1.4271475216261484
7.846092322207529 -1.4480994691579907
17.896833628964018 0.3696491167284582
5.328224907504699 -7.214734666120321
5.9594140217524565 1.133099413364192
7.001401240084051 -0.7425089090600945
10.131395815708874 -1.9214411773722753
8.628947416273416 -2.4724140352200865
11.719000018017445 -1.158018022412502
9.753651612278174 0.14778097871668505
12.047886579165906 -0.9390567526451219
10.213264928468002 -1.1965641239661253
9.457905122727142 -1.5654066614782671
3.869946786624746 -0.018239452675395965
0.03401446357262117 0.8674480611758596
0.8752575783283812 1.042167437543987
14.63816247767922 -8.645807647851548
17.420604234302754 2.344791741874386
7.342594095712021 -4.539157813503761
16.055885845279466 1.2716369287543265
14.74567297592648 0.023003306119044192
17.722763260780297 1.0534988325872117
13.946655433549925 0.05986006527893417
6.0418766762425 -0.758828547335023
8.24212647542728 -1.39207125708046
13.182591254419075 -1.264266671209429
0.4059024174497412 0.996532738246011
10.131508492786557 -2.9800531072374974
13.287916319056173 -1.3010938951172062
3.3264698126789245 0.22904633236051314
10.996783184450091 -1.4919943927696577
17.915376940709976 0.7360844596901308
1.5886553157179197 2.033796383851622
13.352209759098052 -8.075868402043113
9.659267211227961 -1.9550393638056534
7.133704133099094 -0.4219155512088258
18.724309622724885 0.6323756090866726
11.273221064039108 -4.234260674173408
16.305393907069433 0.23261532890970515
12.30032914194606 0.780107971745385
10.616092950045518 -0.7044784958410457
19.720971041883928 -9.014055556390323
2.746866216652695 0.03736803043254061
8.608761830260232 0.8113728537264072
16.19207914016193 0.12071017797260052
17.86315280167203 0.7831102076683323
13.784792821904722 -9.08635519963909
9.97102258945052 -1.5115984423283904
11.55794079579525 -1.3106875215603508
6.092667665948487 -0.8434785400710346
14.979036981595867 0.008722662966135303
3.825339401328014 1.5681835822984391
14.928575428458034 1.244347999818955
10.45536000540717 -1.376113064540415
10.050968823599419 -4.550460447046374
5.771572851701227 -0.8231771523344724
1.532339225120077 0.6712996767199924
18.511729160791244 1.1187081888938657
16.890535716981645 0.5715056230329316
12.385110353996883 -1.1839389807383809
10.152380616962072 -1.8340343739486724
16.94951595991169 -9.224484744330185
5.880145869030788 -0.7399067577182625
2.972355154960042 1.0542959578598676
1.4228315217745173 0.3210312560395192
9.27715113727705 -5.565150477276003
3.5425927254614913 0.05604518019291352
6.55604784058913 -0.4012599248158052
14.33708954065599 -0.17757846856997195
14.827264535757802 0.7342103484415463
6.76953714114967 -7.008109758270401
4.885016079425025 -0.5984404871726625
6.382955127360717 -0.5670323233718924
11.034650987145227 -1.1374851935074335
16.911685511554964 0.9108791948560977
15.511307072859761 0.9455423662101775
14.73340901146343 0.28777228512462677
10.60781621273355 -1.6783234030571372
10.446013189667534 -7.289981676632333
9.80452476543644 -2.8948430738208173
19.885516328909947 2.071951864883317
11.039458390290031 -4.510910740629909
14.209068985510871 -0.9079637472884032
8.701284432926679 -1.0747221442015154
8.322771311275837 0.5094293229534852
4.939400831322771 0.8817103384798655
6.729366270127061 -0.5320909520394141
7.750450858122906 -5.082954268157585
15.309110290759413 0.5858136278966907
1.5850318906772176 0.31875621081017713
18.474041614785346 0.5343453504946432
11.554439965818805 0.5014268985243522
11.067464674063437 -0.6917061379325727
17.13229466405368 1.5325013392879523
1.839720869069426 0.5016264312127194
18.374953879704346 -9.375955990178863
17.65266442693283 1.6834318501543448
17.976225596980246 -9.133948922658556
10.712393018939217 -1.8030765884899964
12.6206718884387 -0.9321889970663473
0.05312746394471257 0.3724284474630415
10.82301613636761 -7.421439437404975
19.125039862895417 0.9171655600327382
10.935617503642705 -7.472426120822073
13.353747688764077 -0.7055576819217955
7.1024254667062205 -5.175342698358303
8.187777581244095 2.3722913550422766
11.939806705616721 -4.983816409724035
16.474593034598314 -9.167121631416288
13.543686537829565 -0.20712503698123885
3.158613727082009 0.3245777168876278
16.469915019714506 0.472589227412208
1.4531927850343258 1.3084281853719275
8.726928593334362 -0.5721168071651235
1.158530136997698 -8.856865747866145
7.732518318183708 -1.5073872297269828
4.70888352145371 -0.5369807539613347
15.654180518238906 0.1663474506864118
14.094903141507803 -0.48141302077096004
10.687909081810712 -0.8666863265001835
11.752723902289198 -1.626710418668712
4.1791539490705585 0.060983693407649586
6.9903158835069 -1.1335975680803096
7.748130469090696 -0.9400409129999194
12.044901179932545 -1.318991558340366
7.793489013202688 -1.4569155028037901
14.378773164817572 0.3428258174558123
11.228479646660851 -1.236580361790549
13.332336130666809 0.6504623670250026
19.503521405234597 1.0715331621946964
16.307191624345325 1.390248746717765
9.261976875463464 -5.553668948306873
0.10305328466574792 2.318530284222213
4.277532482343961 0.22190586837833168
6.558067941148662 -1.0522731252201463
15.02452142371297 0.36571066246304906
2.288765048122366 2.457670422212405
8.075040562963943 -1.5893212373533685
8.800181552715582 -1.8472899384380437
7.6340046886486705 -1.1225483268557566
2.4514734279279793 -8.90838096496983
13.724318961892092 0.003426346595980345
5.075767201140103 2.8518268668966864
13.782418145893772 -1.097145940112978
12.79141697153703 1.334335417515885
10.595811627473617 -4.88106884499823
9.852317811820392 -1.306687061461027
10.416960885701045 -8.00881934262573
2.35458719438961 0.6358808268443583
11.635494721827186 -1.0757805843049748
0.15455277650901375 1.4811029426239206
8.379748747708485 -1.3286960577504539
5.252886334908722 -0.36948140185756945
9.484323250742078 -2.1490683324856086
17.911505601148612 0.85760068119071
3.973787054473811 0.5267240813514228
17.30383049156212 1.9130460527229727
11.112654943737002 -1.3569171792339696
8.857423098141137 0.06434533694685429
19.489669399651177 1.2284156227753984
17.19352010838772 1.0880385136415691
9.627998289610034 -1.5469230330718577
3.080319764523935 0.48428872251304383
19.052057042572564 1.0941234331363794
11.969599894153074 -1.125063451674034
18.61076562159216 0.8722765832745509
18.437668547200303 0.796684774163996
11.814741795561508 -1.3262511884275734
16.429842211684438 1.0035006024974462
10.844797529094604 -0.0711800647674789
11.215516235713567 -0.3427820513541331
2.744798147781867 0.6030954377876189
13.820276070421285 -0.3376200067931215
12.091863161682939 -0.5597101940511549
4.99570986820819 -0.7451125681063124
8.126605070158645 0.7585260634136894
2.4247893058944636 0.6487209208119311
8.488985559827398 0.14751385751595575
0.8560383036494352 3.2546816125047893
11.492748720118035 -1.1878798131435837
6.233355473306098 -0.6929560325078161
12.755548088738234 -1.034357983914522
7.613313312209409 -0.9855562850741904
4.6211424235976155 -7.638890305990495
8.980413790447624 -0.7904846429771007
7.011916824459548 -2.238354717581774
11.892141963007742 -1.3768270442651884
2.006542548309212 2.24065620135959
11.38655797470154 -1.100923163243984
11.723549682069875 -1.4073311366266579
17.075665485156243 0.5953966305799339
7.254844527935756 -0.0771463809843429
14.835177097640711 0.5004905775618694
1.0115344070617083 1.76665465866895
3.167828974641093 1.8886393937459982
8.433256556019076 -5.110523020506418
1.5319335698112655 0.6207903964504116
12.199018951721486 3.202182330890417
5.385652349693435 -8.614239344441948
6.054181953505351 0.8130741226295233
2.181430744822708 2.75807972161281
18.7101871087429 0.3792897849147009
1.8691667430061099 1.6290027942307512
17.448516791335415 2.6584686256935903
17.266360844607608 2.556700757784229
13.964901875521283 -0.19753672110661052
12.663567007807353 -0.6741964680318844
12.192989071440957 0.022257603565987605
0.8121648765129429 2.4391828472598545
17.925969471745404 0.40818845346077165
19.63535812785609 1.0665394357326832
15.092883064042319 2.0923600037134595
11.94846403327335 -1.049615098054268
18.553941099390553 1.0866814535101716
6.274499878108607 0.3725227161080362
2.6989243945320074 0.4836210198786489
17.27718843309429 2.2695770701267284
3.784948477349962 3.4777124303905067
16.792991922870517 1.5232040256319992
19.528824561912103 1.953893226348209
6.558820238665657 -8.259216326963845
14.761544141382142 0.7313571082930366
5.018624085745202 -7.9817486828753355
2.156544446980812 1.3897057541478528
8.991582796393924 1.6072251251205067
6.862013069194774 -4.270658714172336
1.047190525458813 1.0449057703262148
2.772122902014842 1.0302615167202434
0.20106120662902782 3.2952987973607515
14.487261436458539 -8.736472970355578
3.9529576771556734 0.26060660923328904
8.826082283223773 -1.4263791870399443
9.69771547492246 -2.700658915749461
11.68806379343722 -0.5784885887454161
16.0333630443384 0.2860291386317578
19.687793488981104 -9.127649397049476
4.51638485534121 0.047908876365860865
7.194246183291396 -6.409743029124756
17.911575397839346 0.7852713571626431
1.880742389280972 0.6886665835009795
4.8545661692019255 0.8105449285270391
8.605922621414535 -7.653361264345178
5.0013725089078465 -0.6244878489567325
10.220141598533068 -7.425607248472928
5.86409576807614 0.21240384318357192
17.02603337885201 0.7613675346017694
9.212641786088195 -0.6713533917921202
9.754760526337687 -4.373410162204548
13.264386448376404 -8.192556590428838
1.7000232005571023 -9.09145296873438
13.512939452633336 -0.35228552348349645
18.48121021511185 -9.247654959007134
16.033515769097477 0.6062638773496574
4.981387955734184 -7.488961163738599
17.678413118081743 -9.51995660155116
0.9370305065641877 -7.017166224522321
10.711102944154932 -4.635238166141735
18.72278825765039 0.7987519743760126
18.912361794490366 0.8837914359216985
7.18848938718434 2.7346636450743778
6.592182448780054 -7.136908293338267
17.001217947220482 0.6065420218526949
5.190501682672639 -0.2952006377350321
17.813164595098012 3.670529260180405
10.35509630135802 -2.467566888742144
8.02491941051558 -0.7175346254586269
14.22427275353716 -0.4775214843129182
17.260248001158665 1.2251843949225703
11.691137033570868 -0.8045852591034205
17.674557248767428 1.737662650911059
7.5435931256397195 -2.2262724227098203
11.604079327108062 -0.8010666226655218
5.114895698454194 -8.758725052456136
5.433699215427114 0.06484029378480692
8.81198858129745 -1.6800667239644094
9.739820920887539 -1.126027195234503
10.694573910704298 0.04401143756193948
7.458471748551136 -3.4672862488363587
10.362696720440178 -1.3152692112463096
11.747969190794604 0.3755975181723207
15.834247951003961 -8.932096901164464
6.730126468093407 0.5748779630474004
19.519896395825967 1.5621132575422045
4.847916162589907 0.5675978744771243
5.880682403585967 -0.7846078920410406
9.038350329269893 -1.5441957021882329
2.1841170232869684 0.6821700232518291
16.48253250343919 0.7778680268834512
3.1356483388176644 2.3241795838723256
15.23542975208016 0.5110428782245556
2.4060576904809006 0.5842934134220572
10.33967047203181 -0.5288319899667109
5.949304787315725 -6.403613691705651
10.59578733453614 0.4444351436074533
4.814492979905782 1.4618487606315342
9.986484780051823 -1.3596683547770787
8.95676844708451 0.04148779090464233
1.0773119475581387 2.3548812103557686
1.32087882307233 1.740209542822707
5.243957716851787 0.8248060087066429
6.110912436648471 -0.7889673934834555
4.84933342267819 0.2973693019340481
1.3185767617649071 1.3832251432082148
8.522738324908284 -2.055983445823169
5.459349051115483 -0.5501128799136666
10.00340607926757 -1.4911528189115428
4.89966437358333 -0.5809633933388674
18.708296807452978 3.788000961127275
3.7563918790734934 0.3122089456476183
8.177533587134864 -0.5933653933165852
9.203287536581236 -1.5810792994858636
8.609896146181862 -5.799136750006045
0.6687901872664768 -9.339819311460769
18.767844572394438 3.6471632710566855
13.918580695383191 0.04471519356923492
3.9887959046494528 0.8954478163646068
5.047511357013971 -0.36801336770270227
8.196421350578838 -1.637632281595459
2.9763375791663487 0.6906089267800973
5.526159626162717 2.9633479315947886
17.23610692877156 0.8473991871759634
3.9255719320150146 -8.419343719544827
12.166165671409287 -0.4642634740634878
0.7863568985456784 2.5502546936313526
0.26558299010590514 1.3435589882862113
7.605592242454996 -0.8157096786445905
17.703027093746115 1.4758273854342667
7.557129053280335 -3.4504988345056335
18.385960522291946 2.539665232451758
1.3169533751681648 1.0019827531449546
13.629236780723897 -0.22406194678659264
15.149171349131803 1.0176180179580439
11.599190135437611 -1.9958312442833546
12.263113487458806 0.20271378696616543
18.409595247424786 0.9779951703842698
12.883477149729565 0.6929557466889436
7.2036179580663715 -1.5253436134719165
0.19301741724271979 1.4573926387080105
10.808650890242868 -8.125263822015041
13.931195184152664 1.0107470210317828
9.089095873077792 -2.2496453376820176
0.06986470323807126 1.581750509030433
12.218220693920852 -1.227402923528711
13.172771564433841 0.5519658567535465
15.694370387327528 1.8985598059312534
10.330922009818538 -3.2112583597891766
2.442742466923318 0.5332800131901247
16.700865429299803 0.5420043959849616
10.624739361295568 -1.460274366415237
18.448344696536015 -9.318537393641037
18.553670986322437 0.5327148299611875
9.107313720248163 -1.9375968025373607
0.8450550925084822 1.0214386828569577
11.646886204576171 -0.9821814453934421
1.6108601709308414 3.0090958185783556
7.199641916998803 -0.6408382201465406
5.213218628524438 0.35232847968635644
19.811823419325794 1.0179529815483281
5.342011842766886 -1.2973491012056613
3.1157235182274734 1.1909417357122596
3.427234213779057 1.2182687190449633
0.8853585336456804 1.5214092781105644
2.2604703075403947 0.07346979647396429
4.7035547817516585 -0.0589577347622742
1.419150866521262 -8.837327613760765
6.153958311536149 -0.8004556300975083
2.427338611118053 2.1377637596757233
6.147956168252935 -0.5105276072184946
7.559250692548802 -1.5604778978169274
9.793068953852732 -2.814136207448905
17.503938640981765 -9.288620592586682
12.48144009807638 -0.24307438558768618
17.35802415440454 1.2772832274990917
1.47415508463959 0.6377951604058294
7.732141096338749 -1.6688957182277973
9.812704379672725 -1.9521008672117255
11.312554371805629 -1.1480049046782579
16.12672781409253 1.0347541762465753
4.397299945518068 0.704521854847747
9.386338872227732 -1.4115478416402012
6.852917726209083 0.44348602835739664
2.6760902352962885 1.7192729942065532
2.942351280545673 0.47031926883271835
12.649828543604102 -1.0824372970480671
9.988903387693084 -2.707225287504846
4.948260127527844 -0.5983551859408326
11.332647136824265 2.2440507880352785
12.768031820151165 -0.7487627103224224
9.742672595091612 -1.728380747575025
16.35541531174206 0.5884046988959526
16.120882458810367 0.01901954791292758
12.09921759754102 -0.3531008299979315
15.179241662491057 0.3613958636217568
4.429511505864226 0.08935206154966299
13.29855543583196 -0.1892778749229304
2.4867155951313613 1.4889023409920519
11.016800468142163 0.18106158894473046
5.993323413215299 -6.596522024994452
9.300176535604367 -0.41677377469613347
13.233889200661853 -0.8292348089203525
11.849729725444487 -0.7139492313986064
0.303123190726078 1.0968344314398215
10.010390219380922 -1.136833553027526
11.515002339749312 -1.5698540162535977
16.03576275525327 0.48185630228254545
7.7092448808555085 -0.5501718345581008
17.378539374626055 0.8413201773070451
8.751747785031377 -1.845232687801814
9.671896965932737 2.401401287683454
11.515310368125546 -0.08887304260038642
1.9141620400581456 0.5406481954571074
5.927434094449869 -0.40154646347982953
14.629473461639293 0.5156379347087477
19.464104183375415 0.9733320087599988
16.56710640381716 0.416756866721948
3.290826192014769 0.43493150321832813
18.611544321886967 0.7227138347559066
12.204413039003096 -0.7827425211862656
1.6987825523559708 1.7140656943866288
11.078240496028805 -1.365768092129238
13.700338494858531 2.5760100170164155
1.4821048285622356 1.3402583547858444
17.44825350963745 3.0329817834521737
19.65284617350506 3.27037387382126
17.36286575389615 1.05278949579098
12.946807580084153 0.15134667057793327
8.01433299912753 -1.4846828121922528
7.034280016080728 0.8805437279689188
8.309955436565623 1.7073544957361206
14.314112088111237 0.36602259821954963
13.43809892706297 -0.16162336508295538
10.907006490724218 -4.4610118661580005
3.198801952334902 0.23048008493797856
10.50052208705906 1.3946129698896184
15.827867769994937 -8.962468665203588
14.88984710877888 0.7677043597212468
7.460157015468654 -1.5158220470723631
12.628221019283682 0.4201932463833126
15.20936629700014 0.2322554437403497
9.37211516706508 -2.7451442324973776
13.278632901759151 -0.6431665975667875
7.247247766973496 -1.6838440678812772
4.189904357411084 -1.4363337080983312
4.542682927282477 -0.7036389881182133
19.57233931946935 0.575683951276265
19.186945218604933 3.8615626019852214
7.177335422129548 -0.1924053732940988
8.58901137153507 -1.9430799758737096
2.0133455084800835 0.6140204829272455
8.60575056951702 -1.873111000519706
12.77456955423762 -0.011765397117166898
7.824921674209493 -1.7984316428516482
0.5835711915168269 0.8892010523365564
0.8493009601979051 2.010175050081584
11.708567074957799 2.368179887387204
8.36423803291513 -1.2710487292828994
3.193139091361097 3.7711043764480268
5.4570941805029225 -0.7500337581838633
11.852660135468128 0.376535482942124
3.8344558830573274 0.8881641809681294
10.325106574287037 -2.222827406931057
7.925134500305796 -0.7663254727902394
9.31617212133657 -2.372757130758953
15.178629170819928 0.8535124141630143
14.541597381610867 -0.11674603349104241
5.663734640015495 -0.18349238352577626
0.45519960559145006 0.9192304468290509
12.752004637854109 -0.28815021993415585
4.36653241310041 -0.14609506342540407
6.549663267177674 -1.334179281602907
18.345691864852363 1.0291391308745645
16.524714382481225 0.9714238359746934
8.588206654523834 -4.989953214169531
10.1621416568005 -3.554037430111498
4.1303455095358945 1.222040249172676
7.865164461549698 -0.5922374798926586
1.1762688620581354 0.48735125940321744
16.557264486782362 0.791461239263137
9.75304541694378 0.4328871363699107
14.818285445354013 2.469789278481245
18.938726710547755 0.8254953602234816
2.688127084009927 0.8424113459257286
7.017254044534567 -0.2381638690576256
12.087387915836318 1.486632848960565
7.56624819022975 0.0889863296546467
13.568362860031263 2.5024059206695357
8.44862045475642 -1.387047257118058
5.517416342408987 -0.2130165646843019
8.149529637693995 -1.1630192923530887
16.901943499336262 1.2924900500332148
13.483767110631732 0.18330177525166347
8.745808086326246 1.8689485214080732
1.6803883890750408 0.28909524332750464
7.938236475637008 0.9001492415944222
8.261697022788837 -1.539995266840261
13.079029985768084 -8.234269866201384
19.136492838619667 0.33251493079710437
12.384543751889137 1.226689853230603
10.902056655240605 -0.03798272812699194
6.094382276400083 2.64758440616162
11.558796588108205 -0.8890091105079843
13.28564222521311 0.3537935433467331
12.265075817958824 -0.8301268731909544
15.52400813494825 -0.19474610836713224
17.955749911650923 1.093917642488631
9.028766978297757 -1.4726262767978582
16.596248618468664 1.222803059000263
17.70395248246525 1.5584066081169168
9.800563916029102 -4.9712894633166425
18.31004098611415 1.6389639551927329
19.170108820757083 -9.30462790716976
8.05286072654199 -2.289583700577069
3.1412730373163456 0.25302497430874904
7.853689033204467 -1.5652208300574424
15.886796604149573 0.6458409583102586
6.534498243653504 -1.2744469875046076
6.570608997240763 -0.7642156734207122
9.573542066543688 -1.5134778160691287
3.488430041530434 0.4288754383921414
15.575446626344368 0.23353549576091862
7.361994539321779 -5.74683877487048
12.326958901870645 -1.3966596734132863
8.705715591965756 -5.797206223664489
3.105227030477812 -8.257350377163545
17.84641988732764 0.9875993235440539
6.676619513219297 0.3012921229428078
9.520041015383605 -6.581528467794504
9.240721542693741 -6.196504784861893
13.318631698035803 -0.9830521113720667
7.029916177835171 -1.5695363750230442
11.292104531197708 -7.577129177384388
16.069709310198775 -8.091995303178486
10.917999295412603 -1.269196268822459
12.460394906301799 -8.063178346924287
8.554994863332166 -2.1693733957951378
8.22873496684413 -2.1138705497794454
19.504115925995347 0.4797454218488544
12.729372618415166 -1.780674849160764
1.3616205331884688 0.9830800933330186
2.86004372391288 0.37916928480078316
17.395538143037406 1.405490798219109
10.344852616545277 -1.4003169709093037
12.765628272958976 -0.3188292095109111
8.039961546154737 -2.157613284280646
11.338981060491896 -0.3814695713963159
16.84119306503776 0.9875291917520348
7.796042776978046 -3.172565256916521
6.5425711715475865 -1.4205152528903904
1.1401464972699202 0.4791529205366687
9.9510683700209 -2.1957204177225047
11.675856017920275 -1.2068136116257169
1.1540920090872975 1.0222389153715825
14.274616010874702 -0.017125900120798315
12.357429759373 -1.9209229840023847
4.274433448650481 -0.3803939438723402
6.7774217948468936 -0.8113376268741701
15.34296659114685 2.520182714108881
12.477912335203229 -4.336330066654303
18.644582003305832 0.780966043215856
2.542635909473811 -8.423553426994859
7.836066168940842 -0.8246852495796588
18.252504078531295 0.5784176077974483
11.744726703714504 -8.203309793118091
14.649823606051703 -0.39721990237818594
9.899228891131525 -0.7810099125988619
8.254061579813234 -1.2821607976803104
17.644352308136945 -9.267645169973232
9.189117698942034 -2.6753337066394405
5.632351013397413 -0.8404283298885027
2.293822355223889 0.3970619071715409
13.623565038998347 -0.41627641203348137
9.305576404310397 -1.5443911663840701
19.521835276994544 -9.156142616702498
0.48313759561410485 -8.701832172089073
19.863000422332743 1.300788999368312
11.29351799265174 -1.7260022575016278
14.317247413392225 0.5953557760556407
6.538968300617758 -8.175978001915176
4.311680492024322 0.842553872541443
11.816024378585 -3.219206769152608
19.732884911473146 0.932276488794168
9.76351050740288 -6.560096810907858
8.586739285830713 -1.8529957700081814
13.309800851259993 -0.37403959200785986
8.047271150967187 -1.8170757606775334
5.898963069828355 -7.406825614636426
16.83832007488364 2.1411945342884025
6.122131215901661 -6.271880284725509
3.7137683434183657 1.4393690228842244
12.238271082873318 -0.42420741344048685
7.957915144946896 -0.8127918056537341
14.163206141713 -1.1110631202030778
3.5533034228102225 0.7664915054086023
13.15350320702278 -3.0677133474128353
1.0348962419187469 -9.581952865305114
10.949570976570845 -2.3451720755271666
8.197038277543895 -5.89600020812322
3.5382080782881347 0.3979086236865723
5.784780863113102 2.8525879633587627
5.3019203086457525 -7.78776802381064
1.8670040931998237 3.3322057450043663
10.80910093290753 -5.388674525512547
17.89237979831857 0.9296342556524784
14.2018089287345 -0.1555430397304436
11.949177565241532 -0.11734882712689276
17.529328125095724 0.8318363627357588
16.64455313642905 0.9623569496903843
10.635432084383144 -1.6410725538081918
15.95105244788781 0.46602696779104597
9.020914443252112 2.2660330513545617
17.793306909371577 0.4563194533330962
19.216250988291275 2.2162251239963506
19.413566433414168 -9.04349931281783
10.764047904683155 -1.474878445501284
1.8120906890923465 0.39344658158892876
6.774890400417937 0.2505264332735458
13.291325201387611 -0.5591563066848362
7.904280902274746 -8.003728523670578
6.256810392871586 -0.2628991008093801
1.613608766402369 2.685985728005826
9.193572038829966 -2.518565129934337
10.49126775534585 -3.34298281262725
9.687649262766113 -6.867718102139465
15.261951569317107 -8.666023827021089
14.35228918920738 -0.04262371567879239
8.757395378423986 -5.728467362904096
10.121815718401562 0.12304437645509475
13.855579053802797 -8.732077567137718
1.2176942195489011 0.8995946475557421
11.078517928200604 -1.965883729843973
17.797694915562857 0.9682072128709114
7.6384422776837635 -6.103280996623716
4.830649412369842 -0.4334676575753947
1.8185761408640975 -8.58765125564014
10.83388132546993 -1.245132358808996
5.771105815856112 -6.958076636538822
9.427452295035023 -3.113440321580711
9.737625595556903 -8.05064607875088
7.157117397048137 -1.348778520336252
7.906750023972156 -5.510767944520701
10.711163516918939 -1.7844212781615438
9.904074497237398 -5.440910894861005
9.343053773456818 -7.09982324691979
7.257850092375874 -1.7075984811809048
14.583917943611498 -0.6021515115907634
15.262810811893164 -9.502415488396197
19.650820836583677 1.3634897255246266
11.72014680161991 -1.022543561752293
3.8123556668228566 0.40956903317382837
14.58617341531663 -0.8975174180837706
10.939134305920021 -0.8561777017305671
5.774130654048024 -6.422416084486667
14.956653118809227 -0.3035293241065717
18.312369309048933 0.7272481340158766
10.006759658917945 -2.6808008608137674
17.94387489727062 -9.297227819781222
1.1637393865600307 0.8946483892563699
3.60585055660457 -0.40023856622247783
19.293701127370806 0.9485902336498759
14.544111968760877 -0.6261185115486179
15.863241592940032 0.7329609075073272
1.195892099441365 0.3691831557021235
2.8488138490615933 -0.1281752467814036
15.692690201171308 0.8773650900213784
10.527352988983381 -6.171069927625356
5.809198301893035 -0.2361752098862828
8.032864986148736 -2.213786611261843
19.948944203731944 0.5107559322043882
10.099947988799862 -1.667094755377648
12.637024571658872 -1.0788434222819654
3.3309309478065265 0.7844968625405129
13.719647815686574 -0.37578128516974035
9.087048857784614 -2.5555211268109126
18.815124688390014 0.9250991125279323
6.515443954366472 -1.3608896017469343
12.407691402064934 -0.4414124873767801
7.663442218392354 -0.8689777209754723
0.5621788688496525 0.8929774795751367
12.934231936643611 1.5065583029050091
11.429707153596356 -4.150329685527747
6.036541373205862 -0.8839494787128735
12.042659337737632 -2.8503036074620796
7.805137370036734 -1.78452486784859
6.039554596791738 -1.1406940084366581
11.631455323500667 0.003383221113226531
11.364278329292588 0.005733840082581099
11.873832325719222 -1.6791874687706034
17.6946521925442 1.2846888363094793
8.466283953558515 -1.5836772270418544
5.299424863447946 -1.0697766830030246
10.840737000513894 -2.6675034473473636
6.920206431517252 -5.6644150311686605
10.025754817753553 -0.13416777414519238
1.2148294547679546 0.7119357050985355
19.0224483190869 1.1007780128665106
11.302997888001357 -7.568432300697952
0.9431665908798622 1.6420664091061419
12.650369635793336 -0.1289869167065022
7.056926143192916 -0.5568238257698126
12.004074919342214 -8.180428878048989
12.847284522308993 -0.6270972486397732
4.632225634849087 -0.46362958532425935
2.010691359345505 0.5105832070780896
16.021550190932974 0.47764122439107387
2.7855682271091156 0.49156954031023503
9.062154229697152 -1.774551080452078
8.890362500744134 -1.7242287454480862
9.450186177013007 -2.383626875592226
16.204503354517882 0.5119447063451886
18.93446188098475 -9.500114365260911
3.814641537709104 0.7323364862014191
11.594292618737352 -1.83305566400216
10.066995361709255 -3.346703375537792
10.680198874070303 -1.8749477964476873
10.611311561823525 -6.96918440347352
18.17741617696789 0.867892558696982
12.35534691230245 -0.8799826822225874
10.36531171866481 -5.086035188590087
7.37558943301682 -5.029137310572505
5.468273608483961 -7.028384807374664
8.590200053541928 0.4207295567677535
7.316837461506316 -1.437246420378878
7.8293988294948145 -2.0672644175202164
6.661064977696614 -1.8830094013963177
12.413126736634243 -7.314168279047365
15.73779401233588 0.07224759973453934
11.138850398034561 -0.23894321845304783
16.529610425617868 -9.512302928297194
13.283598304023947 -0.37506775978767526
13.149496116383506 -1.1191423462961878
9.037515473566808 -4.475930215356512
5.354026588907846 -0.6491662432635047
8.894764581111161 -1.5654163554698701
2.3703606012198235 -8.620651202080726
11.436108353226977 -1.3938253329198984
10.674799374101493 -3.8598390669209612
19.54762087334422 0.9553004557983584
14.983314244496835 -0.1083451621910203
11.763250808281425 -1.5387550997139383
16.89335269140377 0.2878905258934886
11.007602710147783 -1.599504530936017
9.547489998460449 -2.5099703748899955
7.814832821401987 -1.6610602517849409
1.1411261525232588 -8.12855793267143
9.426453106495424 -0.6579381535882535
10.859569349561735 -2.3952594839362664
13.876756878473527 -0.18829576695387928
14.878159220564989 -8.924032004847227
7.998980958871616 -6.214618533268417
15.851138085395542 -0.23215963137038526
14.993747176707778 0.6920257247989734
7.283655097995871 -4.901244192654752
13.758848050007382 -0.8189819414636443
12.045054950415608 -0.6559839557435534
7.0334112657185095 -1.3323618976484395
6.893117835492856 -0.9143303661850655
9.805110181529656 -6.941941629824806
10.051963932927638 -2.62110397364477
13.697007656723112 -1.077768650856394
2.3995154384163264 0.2524770123465532
17.75398998596782 0.48386298224885904
7.8425025300488045 -1.4099496463245247
11.521807788145152 -2.428887276397335
18.39004695706095 -9.731368589542349
2.2029073825971004 0.337908206029671
1.0911781264060507 -7.766826788554696
1.654393573012824 0.4667804235193169
12.245679370954685 -7.381901073319431
13.430325892493864 -0.6247089059724844
10.600099352438562 -2.2310247273670747
16.946897892606977 -9.667063296935545
10.546222101431386 -6.5988974066167785
4.3202556316275205 -0.3211094292430682
11.24679399768115 -6.188773579807837
8.470492199489911 -1.3426014193402942
11.792323134304212 -8.219926330276877
5.698416620788984 1.5331073950204008
9.501807006101817 -6.311541515480259
6.850138549069531 -1.2595557051202013
4.5499611015073445 -8.115743579431808
4.357793638544771 -0.18394858970799302
4.796253600822368 -0.1623357381141188
12.239967735783594 -0.7655945323701647
13.861089388950495 -8.464514279395624
16.20508371999356 0.2581387399222289
11.486127376687492 -2.3004223953886953
12.518033243741689 -0.341693447871148
11.547401783667862 -3.1166201198181374
18.902352638757463 1.2098858377296642
14.266531624343939 -0.7480137582469739
18.514311600634027 1.7032922116429698
19.63651544510457 -8.656307420343877
4.618549732543438 1.110821361504553
15.93341542808014 3.4624629099097275
12.422607417872655 -0.8205322697888062
17.534174567801678 -9.296303372270332
5.788662940221359 -0.1623646621155114
9.816736036018538 -1.5093110410039934
9.678633188763362 -1.919288713381944
10.537257134244491 -2.0082560114786134
8.676871375878664 -1.9704868178449466
0.9619574353497724 0.5857955348651656
5.358459066121719 -0.33670049605240054
8.184079534685896 -4.444241549044236
4.119789546912464 -0.4386673435551549
12.161128713038261 -1.4091286634458675
16.49004690475646 0.31788103967730696
9.992506688411016 -4.662806333828028
14.075300010456921 0.34487236467586146
5.207077781694697 0.49636394405231443
6.539333988643803 -1.2769557848147755
15.554995396956862 -0.184880878408626
15.08989222738897 -9.382639236970858
9.309358231828874 -1.8217895791964098
9.68496446419309 -0.30259624236141236
9.266667308563996 -0.8830341683952905
10.860816809627813 -1.4991136623506525
10.7698678899999 2.2918153283933242
18.058434450435083 1.2679033007599387
4.846096541957294 -0.07369306999548153
3.1088910495277116 2.714832076493635
8.600994557356227 0.5325157586544443
