0.22637458069086436 -0.32453081933645583
8.788801141640134 0.12449166183480423
3.8290185447708076 0.617134739144926
15.056693602982486 -1.7784393225738024
0.2414105085555498 2.4911092730025044
3.6088560733113835 1.871254496648429
12.451570171378602 -0.482234042703111
12.356341862427481 -0.3651037376642415
18.240706023897634 -1.7952953732440262
12.914511189380871 -1.2187949143044459
18.08876716754564 -1.1709490578177584
16.472724656890733 -1.6308975127492555
10.995565571558203 -0.09964494398856921
6.510186071846674 0.4349447452922111
11.1708504894571 0.254073587177703
18.49086782229327 0.7234336223912102
18.021694429624382 1.9893108257400423
18.287717036501583 -0.027872669248826504
18.141842860637723 -1.2355332579255955
17.92872447663121 1.6156276671029621
3.6226756009836016 -0.5342690991081461
14.842891272064767 -0.6224442585895402
0.6534127328341441 -0.508598286037101
0.7462992608114669 -7.253710204157984
9.866675441950804 -0.9222231548673555
12.9317239866745 -1.8562771383923915
16.580600893268116 -2.0790249238165646
11.818220626837393 -0.7198208093140319
14.16556387023991 -1.9388615490346564
8.960737375344193 1.2009045892625607
15.696271424868023 -1.936679457461239
14.614096045213044 -1.4574128247514033
12.054373516677096 -2.4345623195812123
17.357106556448596 -1.4625534752602134
12.561832632188466 -1.359470971926751
17.23407239451941 -1.0049912974856137
10.800257365621073 -1.7506498613702641
15.830643258940562 -0.204008877232532
0.651640555275361 -0.7934343616482653
0.2640051337666176 0.8577432268533685
14.788962281423137 -4.8199547373278016
10.408920171646793 0.12958943362850686
15.583399675140551 -2.2065127948123258
15.049713731494835 2.494147652223072
8.551556395025733 2.983856994087053
8.64514847827108 1.7810801074845974
6.396283628340895 -7.3194789843664685
10.342287475832016 3.21094757149026
10.362661697069807 -1.0710734721969983
1.925343594401734 -0.26304172235833634
18.429806438726644 -1.3071182339551541
15.542582269676316 -1.3486296989359006
16.542532292878455 -1.8781474785419752
17.735611276619792 -1.5670873140948829
18.619526352456965 -1.8958939885078583
17.129414295569397 -1.5286736976520119
19.718509153479452 -0.16839549773720566
11.241060948679065 0.7631252289641046
0.5506595027780065 1.5106332058164516
3.325540812077164 0.8910646285783372
19.174061094697777 -1.1878950310668137
11.866117465621507 -0.4950946841979557
19.858231732990536 0.9130418481117084
8.058847528388219 0.22207238485209346
10.426745131870135 0.760544258451835
14.229699228754566 1.398257514370684
0.8165433202206159 -0.46218694428550205
19.55643917410554 2.94466426699398
18.93137700838717 1.4958708321401535
17.146992043281404 -0.6050063466393365
12.167338705739102 2.236092405196966
12.29803139187888 -0.28344380721587875
16.0104219104945 1.5857989964513917
3.5187297405983418 0.9328326143844472
16.87207394460317 -0.396446237478756
5.730056107986763 1.7441385918572387
16.143738710487003 -1.1205994289781551
3.689983212237163 2.7390401942015035
3.8517319373377488 3.028116072479094
3.516827612834023 1.88936415805152
13.664388154808728 -1.6279320417476493
5.317461914756794 2.5671021178907254
6.3199616785160595 0.9067149923261624
14.78529569922406 1.7167522390145824
16.43527711781837 -0.9363186308946656
3.1699724854364226 1.587660389007819
16.987825373267086 2.378337006797162
17.374449727338938 -0.8080671058376176
4.147151755512468 -0.21327978828928362
9.140226278010704 4.268322793397267
16.340758311397547 0.2577233758751666
18.980412301881422 0.7937842464611548
17.834930287714453 -1.7013559480502352
19.38096610049332 0.3645325785555063
5.305290163842896 -0.3311346348993984
9.683378611006317 2.883947912362582
17.53517840345324 -0.8302718525992954
10.065269570202103 -0.3703778426591791
1.8974252380216714 0.5039629292898521
7.518133522911919 0.5078938416641227
13.748511767166308 -1.5454747770639532
19.540723954097754 -0.34291090373854183
10.776042290987464 -0.39321050287715986
15.447308677422985 -1.123565457803963
6.091936094588715 -0.7555978065876476
7.494130711877134 -0.09285781870767762
3.519345838559196 -0.583637035591519
17.806441378317235 -6.042533817090138
18.015886567124785 1.404892555434936
11.096577116824426 -0.511525309543548
0.04043235315747243 -0.7126945382929265
2.24438984362382 -0.116397695544684
14.473614996535531 -2.2706314259464175
8.683822691868839 -7.768895852794265
17.242792838932896 1.6747110866162296
18.25111225905821 -2.0787009023513847
15.812314694930777 -6.211067988644775
11.64013439027667 -1.0763446995519534
18.237592243896675 0.7960641609873084
7.315354637008631 -0.24085213940603845
6.286112753790112 0.14413553399203602
15.008476009510101 -2.1786030051317153
11.203624616393867 0.06373657023004213
2.295676581081142 -0.5567985393412086
18.68811918907467 -1.4659921500762652
6.839884727326517 -0.3748407811731577
5.764373357828377 -0.41026666410895035
2.6933084497245545 0.3080540303822734
10.866537100926898 -0.8937932847378385
15.897082284486101 -4.380753287407826
19.95356095553109 -0.3703967376045697
10.818996252080963 -1.8749464825841993
5.033976679925182 -0.3848761338102057
6.519094997927438 -1.6071990885573757
14.701590067272088 -0.9518004734715979
9.399333509600249 -0.5459671619607487
6.819532095110861 0.08029236497439074
7.224412064164527 0.3161552836535231
12.116683558069916 -1.0248961726420487
12.146123907443702 -0.916846528286651
0.28470668212960276 0.16698030615926546
14.235479413199888 -3.521241832117178
15.548734473543263 -0.7787725968175907
12.989841893108137 -1.0676782251931098
9.928518197896263 1.816952777946081
12.420003500795914 -2.5572963484860067
5.801307737123012 1.5127000921177531
1.9504037814697728 0.23896048337872994
17.116231935495822 -1.6753179861124095
2.4424622021519453 -1.7397231841302303
14.002740169508222 -1.2602533767070199
4.201396257636494 -0.6842698237862974
15.419507259952299 0.287260830982381
12.627420393329942 -1.5574377933515153
3.5905908212488287 2.549863040811771
9.480048057020467 0.10763475124341843
11.878110060647774 2.878210363458492
17.606572930682372 -1.6939393871772572
13.804104945500525 -1.8288990188696288
13.912273350985162 2.9085467869142474
16.579531105531697 -1.4001781170041783
5.046319211047604 0.2850699817153373
2.8651254764735223 1.0837925489304339
17.902635384392585 -1.6385762624829758
4.938238881183418 0.7487761616974912
1.4408872345172548 -0.921513441127288
9.73118967865785 3.4367121358806605
17.07269720100014 -0.6868077375367105
13.312149454931896 -1.6079097138359535
9.33894410581477 -1.5865963508117353
18.549871075115668 -1.445856439750591
17.774355641236266 -0.9956231490178847
9.319458586478383 0.07823333937660348
9.757047296367421 0.5167969948081649
15.667575028853438 0.6126333371079127
4.4607989288463825 0.7448542353725871
8.776686776736339 -0.3174396871285786
13.524677812495225 -1.3644974619393866
16.748115963816005 -1.3861261862450989
0.7525662230409393 -0.7689164198463623
17.605207459008113 -1.801163586544349
15.021405185730627 -1.1737408230205926
9.695805107892925 -0.232216406621351
19.624726437044437 -0.9026049747043572
18.828472656559754 -0.2334408853893686
4.6837027612126345 -0.1217038527356836
3.616108780694031 0.5078305786627393
10.74511273886807 -6.103263394564424
11.300610634435762 0.9077524420450978
7.599853291956785 -0.0801962426886948
12.211712542147776 1.3173431135906948
1.9947521376605841 -8.109528166700283
8.506472346331725 -0.7980274666339476
17.556082160199246 -3.000715649068635
2.239424883977288 2.176781525224937
1.0649563146396477 -7.593817120356874
1.8870478319396435 -0.4143519632297471
2.1348020160818 -7.8834802629236505
6.5833553043628505 0.44628726858129036
15.683587339229009 -6.676364754494867
2.0482099917814676 -0.25477024372739615
6.551512302607259 -0.017791552602520078
3.656806288035215 0.8944765836561379
1.5049404105410182 -0.8122900817423998
1.7479054720338019 -0.6454015399135641
14.84285874490199 -1.8719171023230907
11.713337526022789 -0.29322479138708657
1.860133616718442 -0.718849077816953
2.9890860670346138 -0.22465303476470436
10.109396948099736 -1.7936967170358624
19.35298365498878 -1.0947756171072907
10.318908598656483 -0.8215416769397944
8.266913293237861 0.4658269437614089
15.564416739099299 -2.189393178884999
10.614780150365165 0.0033844027757118644
15.48771041423581 -6.5764176893175375
9.200675748838544 -0.563340610886408
18.04017433656224 -5.7944164429947245
16.128255687444774 -1.9817097117704754
9.344880583044066 -2.8099023008289645
2.9957057013198436 -0.7245229488333664
16.70932617225175 -1.496381808454721
11.60762076168172 0.7072216871076835
19.20596810592781 -1.814592857039631
7.033005278579613 1.143186867877707
13.752908552688554 -1.482090450100794
6.9759374742596565 -0.052912432872654735
11.841896032977907 0.34664524076228964
15.713746837824335 -1.6409661671483389
3.936325422777946 0.03236601567183359
17.618604553830153 -0.9922330371773794
5.018448876850229 0.3786681721853987
3.714279707515491 -0.24679957465386765
9.528906100433055 0.22970687999912504
2.997729501362457 1.0720141349444476
13.447522881751523 -1.2481244407121583
17.151881923755276 -1.4479997667723257
3.1233767973268383 -8.102741847106461
17.477515377737824 -1.7351801713239023
18.65318291396807 -1.594985224473589
19.848734055154605 -0.7365161016723017
17.07789418370561 -1.564050468190974
9.743229413010349 -0.91666900057296
16.22841125533384 -6.288876882061182
14.397644196108491 -1.1556397469029163
7.589777055105607 -0.5741705547750561
6.324411935087341 1.2219776369094297
16.01515912243738 -1.4379345079147714
4.193094808221288 0.16622722937971177
18.99419548572583 -1.4401071896317863
8.729878158983052 0.30478578222440444
9.038277099603826 -1.0463404235289753
12.318486106575433 -0.39351878402639445
1.5680793098497596 -0.2597218344717068
16.54986024508285 -2.1468378931671714
5.814517984657588 0.13729887175089195
2.0826473232105753 -0.5970249733472404
1.5923771466016339 -0.6293422133827099
7.699412987580217 -0.02118962028721122
9.93537186674008 -0.6083452068938403
5.7744137483815265 -0.007511960168411325
16.41738106457559 -3.246718643775475
6.650005965196982 -0.05592315281538168
11.707173321660711 -0.5939701954539083
13.712556122378095 -1.5125524123274288
5.819578824060994 -0.26846941878808833
10.854147558420122 1.315142903328454
3.9125229659540937 -1.3962207650925886
15.074754326798125 -0.8764283499186303
18.37756607410011 -1.5596860387230869
2.1366749935500566 0.5902267963386372
2.3504517375532745 -6.900158357543906
16.904647928440838 -3.2696785143203906
15.486914923533645 -1.2995411190270683
7.106333861015704 0.8555924797036365
18.988731755895206 -1.3676693061637988
18.822223637302606 -0.6302681124450634
15.830959443109089 -2.111830353864623
9.008943184823702 -0.23176410863102506
16.549232197371012 -3.0662142365809055
7.521557494475665 -0.23429828165043354
18.572959793915008 -0.9273049570804974
6.077022779413314 0.8584407802475758
3.874029800369363 -1.9585649401177487
11.072163376411384 -2.0595129286909826
2.6939958440499243 -0.26721877467516997
0.10100190924046318 -1.1829989138674317
12.229947670783796 -0.8821109286346588
1.3360425875193953 -0.6320490795117698
10.709599704892891 -0.8731627783082748
4.190553992116904 3.0555518353769426
16.364412566193415 -1.8534503712953716
19.063978065862496 -1.1019095866269237
0.2578430265720969 -0.35060966670145804
12.526532596019345 -3.0950122904559856
11.878985674705438 -1.4045774058665557
16.56151830403035 -1.8754746665196103
13.85157362773586 -3.8327708648573777
19.655798371498847 -0.9843293404074795
19.71335778240894 -1.7887565039430422
9.699919493473173 -1.2113145140458472
13.547606643553845 -1.576347718367403
4.741515695205486 -0.12133657899240632
18.13858639113663 -2.05260663090274
17.171326369365165 -2.57425151705281
2.9492343069600198 -0.16546809503646953
9.87604608077955 -0.9794115520924479
1.719612195838991 -0.30114129528043276
9.846852475140716 -0.6546609396064252
12.197375850200142 -1.752249100649479
16.74043622761451 -1.4809750560143797
0.11152104245246075 -1.6815691306255385
5.612370561225026 -0.006198931425984905
11.888043671961237 -1.3005796623203554
9.176985078559227 -0.03213845287340791
11.994821724128668 -5.230800076218487
3.357911856142843 -0.6418641335779145
16.094810507883942 -4.2662261346248
3.3150241289684845 0.1293373282054406
3.007414981176539 -0.7117781095039164
13.724089968919275 0.3317622772188802
19.83610081419609 -6.711182990340783
7.179348123259891 0.23464772630289588
16.400578804050706 -6.2993175744220355
13.455518637309623 1.3500292314519615
13.014693026417113 -7.293210786731338
16.2207538443966 -1.1040943391159068
4.004413510106803 -0.6462903731543164
5.545098272661927 0.22536839227354052
7.299584781439727 -8.368258396811358
10.767815876118508 -0.9600463702524733
3.81730454109304 -0.2442623523698733
2.710586758027346 1.76446272383502
1.9158202512541387 -1.040751052333777
12.931213011981187 -2.6170010254869265
6.134036939336201 -1.240204529747264
15.48606591359216 2.740871526675071
4.401791694466632 -8.150648889080754
12.757966323358978 -1.5552071576575488
9.387551563068838 -1.3524251764237736
18.459081884026595 -2.4286475269016985
6.196109978667711 -0.786512075244761
2.3263676716031063 -1.0510684778199053
8.12911306287886 -0.29521140284647585
9.100896078294287 1.4713748078174482
6.632332257682113 -0.41459838781840497
0.7238618567009383 0.6238323591393865
0.3790199951828327 -0.757860277869367
9.095781877445084 0.14493590284670063
4.743206825181826 -0.1684339929671952
19.886462160180077 -0.015438186854990432
19.98602090897707 -1.007204331720132
3.361792206251873 -8.170624961709635
17.440149803915652 -2.9184210052941495
11.497742535314678 -1.1274422231354433
14.550227265584724 -6.3137610329743525
12.253142098341693 -1.3740225463988298
14.730423634813198 -4.053260157961216
18.341452826530254 1.9518581312537844
15.02565223033306 -1.3505770275262163
9.42403386541875 2.5374156263236247
19.525879937854818 -0.8887126588498073
18.33751155081241 -0.04672638785518238
13.227601656532137 -2.234743242253091
8.09214437767475 -7.784116655682806
16.741803874831742 -2.3689950508410056
18.21701201160208 -0.9318101846824126
15.497797888869163 -1.919598290393445
0.3917121730245308 1.182132790323281
18.70753785956694 -3.7226453686828362
8.370723053851702 1.5335567580743201
12.161769330037277 -4.491930430695931
19.069803625001462 -1.1173941147215822
12.214960039994963 -6.529814199208561
14.993552480158579 -1.587592048646095
13.350394849969403 -6.318369168373761
19.578261934319638 -0.5932201205499401
12.565038905143908 -5.944773226131345
2.511290674332815 -0.11772644432980836
4.441755432723158 -0.732132264054139
7.08470942724382 0.4950081677415276
17.08077235277605 -2.9821860076797693
7.166953968569541 -0.1100772451403787
19.306987965681007 -6.180749329147098
15.336957233239254 -1.6869896882128874
11.512544834785311 -1.74480230472632
19.23362413265147 -0.5648370570005612
4.8753890287432755 -0.7980388713481794
12.906959917923206 -0.3211501669077415
10.705098164416473 -1.1388947338315598
13.04161840999389 2.9981031885973977
12.625966209223796 -3.395169447745389
3.9267683336437416 0.1596201684629654
19.756237499049018 -0.4116003298810038
18.359990093752245 -0.1328693426529247
7.335041169737133 -0.0973493429658076
11.184200922301809 -1.0416490634849704
7.781102636692341 -0.04157044403552618
14.950693457252607 0.5527831170527258
12.951711608301274 -6.032839365088953
19.526624199128737 -1.0557494913250656
19.373596562913196 -2.2749178997669715
13.62864029412087 -1.16999386747409
18.011777537432383 -1.5761149741811078
12.958913267900757 0.3207440612210111
5.709780116124135 0.008912747965003992
14.156645267585608 -1.4239873548316624
17.538281065330455 -1.7490496113522278
15.167333719106278 0.003157745862275241
12.593230096636526 -4.845311552978936
11.397718591740528 1.778134227212122
11.455475637724996 -1.5035003898701393
9.13818933122896 0.1751378090960399
17.973116276263447 -2.0763200033804323
18.35695922224129 -1.3005111321889975
16.303866519299117 -3.896367318507637
13.971341642109017 -5.6001869957966255
19.384429230861777 -2.2101558767495577
10.373852358119782 -7.071710794999197
14.048962232082525 -2.358470687586961
17.935754689634845 -0.632267170042991
18.901890565336856 -1.504373029465052
9.204015008560049 2.171004303582672
13.862709483280732 -5.281856793506411
4.383217145310274 -0.47210480829799717
18.755078510974233 -6.406144032960466
18.498370198524576 0.478626558981888
12.461497821766848 -1.0979893136359133
5.533392488869351 0.6235782070795999
11.621974542008557 1.2645362313200361
18.61456387560319 1.8862552859024087
13.411252451692667 -0.9242804166687115
17.949015889045317 -1.2346629766092612
12.194642162836319 -1.3971977582062678
13.838816756086217 1.7377106575684933
5.8091862151924225 -0.7447031674586475
0.25783458001856746 -0.2944104060343505
14.610967055454413 -2.8184781014979388
14.666383892798397 1.9329301635622098
4.329004404766467 -0.06721132514446607
17.153189157858634 -2.4329868776152335
13.719600514243272 -1.9744885027605668
1.4258244662793973 -0.8787416952219854
15.001586894792387 -1.7238739397014298
15.769244607441054 -3.5124022778752138
2.3766481400553916 -0.34753488232992924
1.4409245730953177 1.6278068718721146
9.563426278828263 0.09384848957916297
10.663724280259498 -2.1253425785720963
10.73890314385077 -0.4703309234503824
9.341104089270551 2.908613227642875
1.659894238058802 -1.006098214924639
1.349107937166739 -0.9410556312004091
6.960579400076929 0.08896173818499697
14.704410583911152 -7.084809750126235
13.895666330195281 -1.6864686885329983
16.724916262458557 -1.9900906754473513
17.027351094675296 -3.783094706590671
19.22371798796545 -1.036379037856018
8.45765372339663 -0.5130547098488725
12.354477708696571 -1.0631145047309611
18.355670115497936 -1.1518057108628368
17.105212016292427 -1.8487452076942283
10.525591500999319 -2.623717347344162
14.312252671351672 -1.769649500923518
4.243664938084046 -0.19977612723393362
8.96116993138697 -0.19024388526229466
6.447052461394649 0.09895150816658951
8.190965029392492 1.6052431687634994
13.047018337214075 0.02586108402350401
5.625841682029785 2.4046547450207054
16.706464170672962 -2.140784804307623
16.12969637799256 -3.3538874715406575
3.1253164362502095 -8.193440389018463
4.63812385995564 0.5485062416095976
0.6272496111312217 -1.1103028740832883
0.6137487440175704 -0.6118766728458349
13.874841074361955 -5.757522733353202
13.177629137092024 -1.6471921010368775
5.016784083090037 -0.007155563197087211
17.05454788018747 -1.5889756227956302
15.871944718161764 -1.9619131422109968
18.920408514166883 1.885736984380837
18.143420092868965 -1.5180367578590828
3.5556245520768726 -0.6681567339782452
13.774871004015477 -6.8672597130640005
5.556787720879411 0.6111376287775494
14.88585241196434 -2.4109367344994905
13.169608470763297 -2.7795717246455793
8.952024872060784 0.016738376966235674
2.0070013385908125 -3.5353780836482565
7.197508638131861 0.34818798272881557
11.874710461462298 -0.6707722214640677
0.21379467568335964 -0.6959498185887124
1.2268694044143809 -0.4490293446809903
0.7136446191175819 -1.6328614085338076
6.168566577818606 0.07210114758206856
6.270302112787436 0.0744223112524803
6.753910835442053 0.03173477159678956
13.464808368043013 -1.322839687751222
3.390206918134048 0.052543354464124004
17.434349390881955 -2.470922483380602
18.212586113659224 -2.067397676843688
17.47789229402938 -1.0549045868021751
6.22733411074562 -7.106041777352634
15.103669294646258 -2.338623285095254
17.595702848207292 -1.859038239716181
14.47166367104817 -4.106841505671675
2.492291606947326 -3.284644088955039
4.100937314724226 0.1511859788506067
13.654829612971213 -5.811898093132171
1.8185452661416421 -0.32109358461776305
9.09130839670256 1.3374405186132656
9.313073271790463 -0.3924372153555574
2.479352150472165 0.006848359958991551
15.03395040898867 -1.44738030177004
16.918299380097846 -0.9195774527091085
14.96554324276881 -5.637883231293015
7.359380657121368 0.21687358941106605
19.86375132955793 -6.8817880312753585
4.095836832857234 -0.17020115235457317
12.036882607378748 -0.5886560364346793
12.909071725405594 -1.5741826685862332
13.840698388274937 -1.5201171006255758
4.181513208515727 0.16225931750493094
0.5967097582936499 -0.6377697666893944
11.878524056737326 -0.7329469822378607
0.07127629700716336 -0.8744452657616052
12.789454136722403 -1.6544527289830804
9.46987438934331 -1.4817284780026108
0.35805537765305256 -0.9512832853821518
16.932749877866996 -1.8174249808883056
12.082928597505422 -7.523823871292124
7.6167530752344 -0.1524454263042076
14.031515827191514 -3.9633669029273837
4.439520706005841 -1.389163560801942
0.24479262937749935 -0.1275683359184736
17.869760841975996 -2.100888654984247
12.533133275385957 -0.0072405863318823135
7.692782362737374 -0.653933567911744
16.509832031688717 -5.807481433689201
0.30991604274214624 -1.920044504684725
12.750404884028681 0.14880344718251884
19.74625283936729 -1.8741303215657408
16.085560715909445 -1.7390488718831594
0.14719360283022773 -1.0797735373958057
8.961825829026873 0.1073954866692767
8.167034934044711 -0.4254958469645065
5.568208398686952 -0.136933418668909
2.4793645808445137 -0.2509580623124489
10.51034001328124 -0.8070265368605373
18.153996099510977 -1.0002915757501447
1.8989517401178668 -1.9366063052609517
1.7263308558825026 -0.6736009816434766
13.892881091770692 -5.493098149775169
3.3845549041979717 -0.4378588689715828
15.860422906332454 -2.5719848988892173
12.6170876576104 -3.485255196092127
0.6740175012679405 -0.03250061984319144
19.132493831433834 -2.5133064599979686
3.1396320973101686 -0.45609055620558436
0.8157384571063185 -0.46399224469696715
8.402159502196465 -2.4265936008217115
18.317680843325693 -1.0945343298388066
13.489809405927254 -1.7788084389209957
5.263243340428803 -0.549897281223485
17.86559555038276 -1.1450187804372898
12.722510777358659 -2.900146274670156
11.50791223704026 -0.654097083563736
17.9158725422676 -1.9391130384708721
18.646152820404353 -1.6873466900956926
19.862332447645187 -0.8380477334879785
8.673482374500843 0.08343481408840028
10.45286489552758 -0.4577852087093311
3.2806792577240227 -0.053164105237425624
4.138489554288231 -0.18730295524387192
11.379431237398432 -6.95507403226886
15.782682460343237 -2.5304271323519996
15.350520635650529 -2.808016659812964
1.0817305929065058 -0.18415919067312259
5.553691122482625 0.7126533054137685
8.630613580411891 -0.5294074881891706
10.73119844641164 0.016100493169516894
17.316546051342733 -1.8240349036761379
6.2228627268218215 -0.3948790501741583
13.053324799762816 -1.7964146068328757
9.132495609329688 2.992645221197839
7.665713961187321 -0.18145670532208863
18.62354879492614 -0.1375197949452191
16.987892523273377 -2.0801990139636994
13.98696534224132 -1.7318729150838397
11.607967162657143 -0.6251706692814489
0.4837138186989123 -0.8828500640756176
12.07276946072162 -2.4443301493306873
13.628905460800397 -1.6858126913943625
17.990177144168733 -1.8609328616565417
19.956661043985594 -0.8940297637607262
11.059418297960613 -4.965393061610731
17.077985161903968 -2.124269817453407
14.141488578128394 -2.1324168209625984
11.91818588458146 -1.8964316365037006
11.680213267129352 -1.0057332302856548
15.33820827026462 -3.902616131737316
1.3528537598154662 -0.9253051898403027
17.359735172149723 -5.47555634707802
5.19647898124373 -0.3742144424002268
14.297405851482997 -1.7589028361860852
17.725755577508767 -2.74453164465601
11.00144372340419 -5.813092649154334
2.245210004412998 -0.29832012437739963
0.3462348898078704 -2.3511994205143747
8.668748030462378 -0.9092082929689211
4.628607806841014 -1.0225474464161863
10.19937259304845 -0.6296964273186177
8.614159098582057 -0.5400974794502902
15.525489721171278 -1.1515453585629256
14.741286594331271 -6.581681693465929
13.397259215691742 -1.716612359121948
15.240726564139822 -5.3312477545567925
1.6645344018805874 -0.2947085439871028
6.277171529615137 -0.04987922383344351
3.828132408321334 -0.2719633105255881
12.41913290517181 -6.1850066315907215
4.754971448798496 -0.20763706237228952
12.441839618741966 -4.098845756411793
16.624766637368168 -1.9548824905123197
16.88180124704617 -3.8679504040397292
14.949603001959986 -6.8279004897570506
10.657593686513803 -3.0312046894087197
18.898236985284907 0.7394749851842494
8.077186028358012 -7.573081819491899
15.522634259734673 -2.927391649029128
19.895550076551704 -1.8632043083543701
4.5634976305172446 -0.2468272711321235
5.498690072705248 -0.27988996929816656
16.24663509967602 -1.7868840931013763
18.458634095019146 -1.86576793756878
16.72897293983244 -1.9308438078852181
5.376570797086674 -0.6769466079754629
18.436806987125454 -1.765731033909667
15.866643481577507 -6.057123638993129
1.4531271277008817 -1.206893454311012
16.61104433974952 -2.347792208890226
4.7255684698286995 -0.3487405043391994
4.83001718766518 -1.6814442668359302
9.87643105309717 -0.15983397600955762
13.260883355752492 -5.9282883656459235
4.754822047639589 0.2611385339447155
6.2588619362015825 -8.03016465596164
4.487372667674518 -0.2125097632867714
14.980526540292919 -5.234873311310308
2.4320747685190245 -2.3114875882479575
0.24454764043715488 -1.3888451521890741
14.69186474607216 -1.7412509749045832
12.296119827470859 -4.7108651878673955
18.240776322895744 -1.0894239534719212
8.523535728634965 -8.03192129903314
19.82140574996669 -0.9247043289937485
17.459301165069483 -6.118400124650328
2.626156781625365 -0.3267107204177916
9.445528316984708 -0.7553403043597537
14.51355168430472 -1.5463092058494454
9.916413690938539 -1.9467206781846962
16.434334614487682 -2.2525384703253812
18.899376242995395 -1.7598224678708285
3.5340078318453747 -0.5263612901229897
2.606200127292939 1.4620071235535588
6.231001594449796 0.170254783093704
0.13539383448074954 0.8384125517851116
8.766869884264858 0.33932170372731973
13.299694317375462 -4.186772877502077
16.868573636383225 -1.9245178842679
18.53224068637489 -1.787927941706067
16.62590020089092 -1.03245153540992
18.462315301256478 -1.53818707706708
17.18795024230975 -1.9377820432647155
13.870385799996747 -1.9307083624970056
14.653384400935439 -2.1252305902696143
10.202785110971368 -0.5092896312792613
8.270929198802058 0.05555529994192912
15.194967463412361 -4.792170429114074
15.834534053818883 -4.034960420532619
11.059496630742368 -7.88780348357016
10.559133918346912 -0.6264231957701932
12.906709858574363 -1.562470663892143
15.508922630237105 -1.7941886701233325
12.192367483015818 -6.475808172562209
13.763105097984047 -2.1035590412430603
13.91150649888134 -2.39072546191803
15.176049928834745 -1.6988368517256582
0.02980653179714443 -7.18978989306782
3.3405693271005075 0.39660386493351896
15.61422103321376 -2.8026997185554134
18.35101989852396 -1.822196450673803
0.13774342720031607 -0.8467358997455364
0.9232381644430773 -0.5182558212575947
16.56500160128308 -5.519499193337986
17.445834166789457 -2.523209356217915
8.934547476840244 -1.3375247738279439
15.070074569507367 -1.5501833701486127
14.112327781236862 -1.742680512126209
14.797590788315853 -4.2081972197748945
12.889872535755053 -5.804491745201574
2.621823803193933 -0.5903938452388962
18.323749162542473 -2.0609683023495244
17.339968987052334 0.741544740284915
18.763375221319933 -5.828887767283275
17.116227194164967 -1.9972101843998182
4.608595023027759 -8.298985681164568
7.984739228844282 -0.06931384808648966
18.279750340732193 -2.2207118091841953
18.80333890340224 0.7958128383982481
18.7542255300357 -4.081783026939356
9.36024556800957 1.8442698503106412
13.661015826653069 -4.311106221565876
17.967619481332253 -1.294384789533554
10.530868363155722 -2.722044526276012
16.46054627125375 -2.2165959413920446
15.13081368577745 -4.099098498544746
10.974900526990638 0.031786306824075544
17.74638415252745 -6.114228575154728
5.132282776908543 0.13972750411303933
15.392351741436348 -2.2113596382004044
0.7364813946008648 -0.40064038160019044
14.26463368918029 -7.147604864104816
9.654850783605374 -0.2683711587697215
5.3265437488449034 -7.547864833851075
14.594207596794089 0.3433690224207233
2.5773165301229595 -8.146758450607422
9.710533907078245 -0.020443629799334506
11.868855139616247 -0.869476475349056
3.28879767724077 0.3680585539533603
12.53151765588792 -5.589643478469452
17.551078058315113 0.17444280901983095
1.6032561499808193 -0.8054345415136172
12.927279017876334 -1.3025312980540082
18.161030879947816 -1.106958001073131
10.494108487025622 -1.1791658550736759
18.683925412611185 -2.088019121456352
15.083077461638995 -1.3748717408569409
14.650396289115271 -1.416094044040463
17.478136598504733 -1.5557842123692507
2.4939555474934805 0.10321840773904829
7.0997801444820885 -0.15477370969050275
11.539610293850053 -0.6921239678768452
16.26856987297096 -1.2859751245474764
5.147324765969624 -0.032587407858814504
17.748232355006092 -1.3781478067130983
10.409623480991593 -0.5263365931206617
18.541786599033415 -1.0754789654555226
13.855523248827824 -2.07952570984197
9.021059669578166 -0.41870889658822286
0.7512831002766327 1.8756633164288776
1.7819921093725244 -0.07272942399979711
17.16098165540676 -2.14849310570733
13.528999825713141 2.2398943907477413
9.997799921725932 -0.9763437595357465
18.684059429761547 -1.1220554799984013
14.976737272081746 -2.0590081428994695
16.189354055411258 -2.3699912346964824
4.051556744035352 -1.7200813018260295
6.20863449649034 0.1960178789387326
0.15790567214753792 -0.7912605954368063
9.316305930242253 0.9353280833770293
11.024185092628578 -0.9026699759913926
17.134639692376094 -1.3924305240393513
15.997667465586456 -3.553812321613526
6.811005361914516 0.7083584352279267
17.713994406408307 -2.0216063840125047
18.768980230620627 0.3674023146937643
9.923549513679822 -0.4089016246203677
14.35097505315069 -1.257724611120993
10.025551917828901 -1.2863285779721536
3.2276230073484657 -0.03429616019936385
2.213323101402467 -0.3144928228092918
7.802711062005936 -8.137162164206755
17.206722338276602 -1.214587867632931
16.2665985817862 -3.2122394777172145
19.324931015176954 0.9665319401677825
9.346418188488824 -7.395168491802907
1.1228649708269707 -1.4041864108214241
13.65193893577502 -1.424040109241731
6.951167128515927 0.47622069607710177
19.023186861669608 -1.0845827908540193
18.10841588288112 -1.5720303279909678
10.926507764807646 -1.2160627494863299
16.092221411221725 -2.3862040017060906
7.562970927918973 -7.524332810715481
3.0898059916663 -0.22268897370247207
1.0693932336918357 -1.3974601850461437
12.857022711689103 -1.0573475158923438
7.158689645569811 0.08188927280778219
8.264825372001662 -0.24575680377143233
5.065725576765449 -0.7477008002341163
5.646114977790302 0.16632872667085521
0.583755076525732 -0.1864135365012816
12.165483843577142 -1.888208517681881
2.2467942846319677 0.11726233523333458
9.351569337185618 -0.3563704581242629
1.0142020053690406 -0.6932147693774949
16.63299708977664 -2.9045061379264574
3.1044153502691216 1.15637616127979
1.457000028747569 -0.8913718063019999
16.474255342961964 -1.4922899079105947
9.597401662426051 -0.3136486402759818
18.42911990058713 -1.5858830173463987
10.740249296029086 -1.109403207027835
15.348088352508096 -1.3222428664538863
5.8407018571975655 -0.4677822285123103
13.225717048194603 -1.5135743829259376
3.2563197028386908 -0.3389824674428036
2.823735387902503 -0.6851957274921009
8.833638399196165 -0.40488675021526577
17.958806282766037 -1.2791415478264994
15.736925736314465 -1.378214536654033
14.22558336095618 -1.531944832882606
10.205332996457217 -0.5119576532179896
10.22367938410374 -0.5694972499536067
13.11087540634535 -1.451804302904485
14.22920748127912 -1.4899317288755416
6.653051829017961 0.33631919227118506
8.601431875677514 -0.1292379346103215
10.099475489232105 -0.668780133302854
9.76313992651916 -0.9406530005776931
15.03033440612475 -2.1604968209055677
12.808338760817307 -1.3645654089728192
15.88456327925906 -1.6613373433757803
11.557826153866566 -0.8221754628931801
18.834905065597514 -1.1022729683012602
3.0621199150622833 1.2147603574416468
0.4954137798497533 -1.4995066762815146
15.849271553966354 -1.4948016721437747
2.9266248253583425 0.011003792851753846
3.669418615822778 0.029361004025780596
15.272934075205983 -1.7495161285245004
19.594859710098316 -1.0255122688593097
11.28084257823663 -1.1244452289160216
14.485854718829637 -2.108137062175063
1.8204485325299038 -0.2857218795963027
6.355903315634544 0.27137331741061765
6.5440481836477264 -0.21863663235774305
4.014130967780661 -0.4768992179137017
16.731614965984654 -0.6393426202620736
17.781761219546166 -1.194661128955782
9.443896608900406 -0.4926787592491158
18.12359283639945 -1.5900326045962594
15.345879002904796 -1.8388050779164573
14.589437558294435 2.156658142431489
18.341824587222458 -3.852012573892081
17.045537127841058 -1.813999900457375
5.742212223484239 0.08812613463576041
16.98717570886131 -1.058220009044585
11.05498841455667 -0.6921565266980971
14.217989791898566 -4.528325285920252
6.846560213022734 -0.01811034579659898
12.765472970301078 -1.3155863001350079
17.604096592723177 -2.3944013072072696
7.477064491368553 0.9371756140616372
6.333762638904738 0.11677205251592701
4.561589882481787 0.39559362879811816
19.274571597383392 -0.7355768127331048
2.730358628074322 -0.6267013171063895
14.052407404242366 -2.00812307494955
18.92064656590764 -0.36436893411069426
3.4119026679674027 -0.37227655416630195
18.119554692952427 -1.1992307834347038
17.381860403159553 -6.203746440769221
10.943287970173438 -0.23660829248661144
12.24244629687659 -1.6818428345408278
2.2405255620406797 -0.3472167902020876
1.5347983684560722 -5.949905060699668
2.0087911640900153 -2.3229577189155584
11.759768983602411 -1.7506686121424988
11.026366530528358 -0.7322406173992063
2.583830070718132 -0.48783634246538554
7.738009152346913 -8.072429935288309
10.591462372530561 -1.117267975746163
9.376951240904832 -0.18538493873871603
15.097796084817888 -4.304487169925648
19.8269235256145 0.8736766691632738
15.575133589755232 -2.206900127965811
18.407162408967977 -1.7370492013040655
10.737671723626601 -1.1984101099074846
19.12270831350131 -1.3516547611586187
17.68001963024489 -3.594815957978709
2.3525514824047593 -0.3776918312916654
8.545151747785855 0.07284977227545067
17.653744782351644 -1.73561569041189
14.06678744457876 -1.239243016662493
13.09650278826753 -1.7238353011107914
16.46843399780838 -1.446075147256317
3.2247612282130667 -0.0020755101841130885
7.255485938551298 -0.5542310106458026
9.985873026146331 -0.905313004631918
14.920388245502828 -1.2901725258631864
19.570588877770863 -1.1240762258948969
13.199413983599475 -1.514672732004324
5.964242434702034 0.5664094970423346
1.1381828304023316 -0.36443524499330504
15.62732839265725 -1.1968480490398608
10.716137100425412 -0.6457551700731218
13.07849055969852 -1.598279136553345
10.052756918374866 -0.2846583184233675
5.284092994629073 0.18766572854553876
8.701240428993298 -0.5092851272061891
12.562209685444731 -0.9588270796127744
11.15969913672572 -7.290373216515976
3.79361397394571 -0.3451469343323208
12.26308221194921 -0.8523460192809535
13.24176751416757 -1.131691127100296
4.676016969407621 -0.7122516540071828
6.938854524025217 1.5064541815594357
4.820098418728351 -0.07391101976216341
6.051693225242289 -1.169010985296522
2.6788988889971526 0.11224526756292147
4.5350949359664705 -0.2968014056629524
0.24402471409181625 -0.7073678340397986
12.26868421027196 -1.1643695638068206
17.547268790046214 -0.4740403845894608
1.663682888570623 -0.4349233183894251
3.6590768718572133 -0.33994794317501353
16.763705915403435 -2.2045824056626255
0.7025057603504155 -0.343364553706319
6.571782095190737 -0.6092706077517994
18.28924368479954 -1.1916908670091078
11.651521049821667 -1.053512689769689
12.991115450013815 -1.187623068539169
3.218475113546045 0.5662597005229595
15.555030495434767 -1.4684263041710652
16.64239425740855 -2.015991437846087
18.440669391094993 -1.2599655575236792
17.909040778935488 -2.1945841396449777
14.094971764312058 -0.46641222464492305
0.5263635905335938 -0.5200994237686987
17.479872522551144 -1.8305109360609788
5.6765108319840145 -0.48571917114557933
4.885257188628912 -0.764565435001682
3.7243548996092084 -0.23111010089732825
17.542441229038243 -2.127813639404641
18.835339842105018 -1.4906974686422738
18.261106094857183 -1.925467604538579
0.0863952069051864 -0.9101266113784695
13.413981683191345 -1.9811902896908082
8.05210122236358 -0.20978301823015555
2.5992535635096456 -0.9740091314257212
4.674612259293458 -0.23691266939156463
11.807233034591585 -0.750282065640983
10.793092649548864 0.3520207942180561
8.264045764971309 -0.21654489650093245
13.13165500125464 -1.8444662390301108
16.29922802967908 -0.11441572440821232
14.099000689030065 -2.20770590872202
12.150757420234589 -1.9986391072013032
7.4769734731638495 -0.15262336599864867
11.964057744889862 -1.1131625920312507
19.782699843472958 -0.36851018244074707
10.257337833142822 -1.5955383800758975
16.371414630897032 -1.9168360562061861
8.451016011355401 -1.191820836241413
1.8215106591513355 -0.4014350031761217
1.3409448970300886 -6.370835337061965
12.74720972730423 -0.8715710683744975
0.055536294958650034 -1.7696775142812111
17.63164765764982 -1.5730248063256393
17.134065518358835 -1.5587393254952946
10.464583180216845 -0.1555343017409473
2.228537006447833 -8.037267911473432
11.069597746630414 -1.4183873166009076
5.688220902264839 0.10432299149243912
18.15157195802796 -0.9971034809347684
17.647034321417287 -2.39715728678532
18.819833761439536 0.1971794127027363
17.465092934621396 -1.7889383644631178
12.580354317297454 -1.565382588633693
18.861149173044474 -0.7159542007968839
12.396300540614362 -0.849252597934114
15.571295411889126 -3.628504860554609
19.265990384994257 -0.8085447938712202
2.4695312306719606 -0.07664986296616835
11.10895048664456 -0.5029497442710748
4.782253792862242 0.01558355412713433
11.881958199890496 -1.1434852326598135
0.24913574504696 -7.1926990499856664
9.430264933634842 -0.0920971214012326
18.997421656931103 -0.7192105337663619
14.953646719409459 -2.218215540187278
3.73512936206978 -0.08790373177006297
13.044104767233952 -1.28085627865155
18.579523897672427 -1.2122988060879976
15.338071945599205 -1.2283319027732589
10.71905726902221 -0.8019301418923573
11.962775600502814 -0.4735865066123732
6.343536724241474 -0.19044911013093863
8.307488306423817 -0.5223529662534433
14.925650655719005 -1.4635141528284343
13.935406643642958 -3.8821190337066502
0.17082823662315028 -0.6804250489333702
4.216761808545937 0.2545844852877043
6.777013947617102 1.4968058703990001
14.274251397461452 -1.8395432560238243
12.541484471185525 -1.1750833892282613
16.488453868680818 -1.3020038293503
10.582115278265356 -1.2382268290275755
7.981192825309564 -0.8229307013759635
13.793628922352871 -0.3025355699310095
11.454843443554298 -1.2525052789677529
13.01401492504348 -0.3005741105425156
8.236405679188566 1.4002079861569814
19.406491547215033 -0.8076381898471019
3.697380077509366 1.2063044520528887
5.053000220588555 0.06759359323944547
7.253551991518553 0.1518322305292541
19.49209034173881 -6.507832081870127
18.53745987369176 -1.4288634869366774
8.635261029407493 0.032499139027648505
9.544681123541764 -0.5845113449982994
10.300216544675555 -0.6049577101224398
13.987665529723804 -2.082294302871746
16.274183306030213 -1.6450381976662347
5.450108340199919 -0.1668776987684783
12.012677835548741 -1.6894161871781659
3.9877250958067667 -0.024198796830906727
4.072414396640541 2.101581082664884
6.7158427221222246 0.11205504281465159
19.782120065945172 1.8715847192160766
7.022268992111853 2.184714366692477
10.240578475998703 -1.6380104403706002
13.472830326469486 -2.074732378243713
8.371662303585971 -0.2602133752267584
13.02147716759584 0.5776959998784921
11.67921882142935 0.1400919232505306
12.441487650416448 -1.6014662144884408
8.317882123911629 0.06778804386677709
8.700159461414492 -0.42223245976876056
11.356286385012357 -0.2607913097661854
10.04480739889767 -1.0921667626881646
11.543473168421155 0.10103320186495478
19.733069726777472 1.083794472243632
5.336893173817391 0.0926307468601231
1.3541956874229626 -0.7447329652662854
3.368086534452695 -0.6789943604972528
0.6319595057577576 -0.4411764000041202
14.254082029867417 -2.1563434601495044
0.4091735868365047 -0.4084377609175124
19.37961535939161 -1.1156822109864324
17.98742857081576 0.21513782240629423
4.323995459588929 0.6555561717301266
12.16537322541976 1.2477546648138382
2.6253476580586645 -0.6637148943600071
12.978094289206101 -1.5674290984961836
9.363144316013008 0.1150059753609129
19.6964905030599 -0.41512021946747035
18.34974042418425 -1.6355355067587432
18.268914122594023 1.0176432560162014
15.36920779404252 -1.7964921244778422
7.038416050694771 0.41714510083196366
7.654070317482871 -1.1458184697267955
11.592395011670687 -0.9706821561109642
18.1131081054407 -5.372035392037624
2.20181276061731 -0.6061699180377191
12.722753499485318 -0.6452404286614941
18.02189451600468 -1.0304099703254241
15.417188288137172 -2.503003641143553
0.8140995738394844 -0.6176550717012751
11.442184398738416 -2.8916523422588853
3.264313686915008 1.8146685431434557
15.48894365437299 -5.9626085903851305
19.07891358730104 -2.0266854326965977
3.262217102026978 -0.7674065180227143
11.315096566251865 -0.9504628064417147
14.267906529601262 -2.1858008909590114
6.192108032498059 -0.23656783618811006
1.9697180306977113 -1.0494815961512582
2.06590184921496 -0.13862670390726745
18.28442365818652 -1.2975148742003093
3.866905227452381 0.07954766098939398
17.653596070252377 -1.5017982653867943
17.43056295251353 -0.5410660736132402
18.021213076378913 2.6539868544443017
2.6995428508800563 0.38851334322189857
0.4394966996093773 -5.610735279905775
10.326277799376465 -0.7656366249809811
18.142544559336923 -2.0083342674887796
17.470850005572796 -2.9758778620110835
13.334646048703945 -2.368552967875108
0.47767726217199563 1.5477510372775145
5.079345640274467 0.3947880627004598
14.05117227600919 -1.4648040688254234
17.44395479031685 -2.8769965993627276
10.899506887030673 1.0796889824080314
18.243548489713206 -2.8091290356256287
2.2731345133158647 2.3385255830621605
10.347678966532829 -4.672925657276707
15.03840157925091 -1.7438775924698393
18.7039400462311 -2.435181237918839
11.318296243568637 -0.776533790577481
10.380313752845861 -1.2803163802483994
2.7345674521740966 2.723565116474263
0.03425884663076602 -0.8969063255250543
2.5743250955565333 1.6049686753995371
16.15852735502338 -1.873525521021599
16.930686763336677 -1.3127682227970476
7.566829184412969 0.2565838953135706
19.548809204275322 -0.4774269265292663
10.354653509258641 -2.6560226099041886
7.0614534412971235 2.5824875657425066
7.665575453771239 0.01080511569719142
6.8884925810159565 2.5807714562932085
13.56487151733971 -1.275402527057596
19.144167540796456 -0.44539404558518736
13.479970529047698 -1.6128096021465221
14.246848212844542 0.5814183269490721
18.33944108289837 -1.933417201104096
7.578862733277619 4.066602935135296
9.94869220293892 -0.4690548840130524
19.227501708945585 -0.04222551496399607
8.24926461236728 -0.2771738451670664
13.860256577375399 -1.1814107663514712
8.258081171833682 -0.14768964969010978
8.664472399586145 -0.4109421323450013
17.542897412413264 -6.1018659024451845
15.366274977876655 -2.3797178885412213
12.29558782005057 -1.23476683577918
7.37739626484248 2.6706417928898234
18.398798517334683 -0.5221254358643311
7.977307544242191 3.428756441405526
0.5158718458207587 -1.939593516792753
17.52143826255066 -1.196823879163135
6.785666999013649 0.025640880537108113
14.155523584819045 -1.2270545063627347
19.095096478546733 -6.8428584539469215
2.4088137147032125 2.4133691095923595
5.027139334698016 0.03454132077462302
12.399620966734311 -0.5644487837630848
13.67150003376688 -3.9150902776061596
3.544715148922509 2.469198017129162
4.265732372748942 0.061914686641366956
15.77142970068399 -0.30185501746737714
14.959895587635295 -1.6048708812124168
17.609929423072714 -1.575466599031774
0.5386232005849176 -1.285767265058818
14.605547900442316 0.5108763246956713
11.06851986094086 -0.530224754345257
8.44537036019975 0.5728097815007566
11.526210387141106 -2.051673658263268
11.679261619161014 -0.4241232282560101
1.4838178136993925 0.2854890211452651
4.762914350300161 -0.21586259848973632
1.7340539760214222 -0.6887080075384279
9.375914310974784 3.129233078569426
2.501229403649019 -0.877203681572448
14.842255238094438 -2.9356503903078774
7.5287806189534106 0.534673667624859
19.619609120988425 0.21524152572092733
1.470437788963356 -0.5985257780747896
17.510941220669796 -1.7287369708712186
19.37238098552893 -0.8226612187991831
3.074666631405293 2.8283614167991633
11.260768964036453 -1.6301046508102737
19.694941136239372 -0.9977029486621622
15.575093178753834 -1.0231625680923004
16.900596865528286 -3.218578404023595
14.221049325754711 -1.2179070347475662
19.40351649530583 -0.6535239307168217
9.397327379373673 0.05332180822604671
17.705546933788398 1.0659794466320431
16.399153841558864 -1.7173882981314013
6.774677930959798 -0.14147317817032135
9.443079745796574 -0.3664118958263315
9.065964554364193 -0.36641362832415225
2.902816859305475 -0.16170971485435182
3.8626618623914823 -0.8074927852037378
17.8047859721286 -2.092142441167774
12.782714517201635 -1.1107675523223464
9.754829837459111 -0.687816819983094
15.468589831065694 -4.706612031547593
16.613463080268087 -2.8128939219820444
12.710915774611045 -0.7256329260987113
16.298997773752117 -2.877098595185736
5.4355099538181095 0.20580813287286476
2.0409334854259793 -1.6011722110742188
5.182094348312849 -0.579406145437763
9.46240912479736 0.5843354010471149
6.463591575082459 0.5029998197223504
9.525935790088742 -0.1851472280365982
5.763452717556748 -0.3934979183860639
16.684637864476137 -2.0647205756667475
17.538573339647538 0.18966282047797672
12.379444162393002 -1.3098626782159049
6.8039018946659 0.1807235377566184
16.624584383160865 -1.8940774849551194
10.739444411628783 -0.22403181900662386
18.945288567475973 -1.3641731712835794
16.363534712139774 -1.4688408613531962
1.3126014401994621 -7.840513767760866
3.634855967789303 1.9492351343587946
0.4583801201052441 -1.2844249538628647
12.51521916377817 -0.39461172945616907
7.347715850237311 0.23275762699444874
6.453720597817173 0.14006844322999937
14.139309843834823 -1.4445826929562393
6.938608986091384 0.0619016709185658
11.602241698406372 0.25435399654903873
19.416755395642074 -2.0412176653547247
9.03022003959917 -0.25520851493672114
8.130514985369317 -0.5027701175758861
13.911433515588556 -1.5898546803876619
6.188378106649776 0.6929120996832118
15.024563196617256 -2.2306127542509584
4.31020114591956 -0.45062308326928396
10.868419118360967 0.7066821760337977
16.484667757144603 -2.095090623882067
17.34235329555836 -1.2270221557415046
7.757821702097804 1.5800337866117071
9.384020158966527 -0.6575119865613914
15.647971060229056 -2.801708260371091
15.972401010094927 -2.00798323787563
5.337661925752092 1.0893706320722298
0.9005243164346672 -0.3056935725530852
0.19347894903667892 -1.0019720847707632
5.876104083559299 -0.46848305002141677
2.1037480289997283 1.330499565025137
19.310571348345213 -1.1895197108180524
19.218599355785873 -1.1563554923568384
4.261311704751824 -1.0800980206665662
11.424402841128472 -0.4477508622643696
19.996432461548075 -0.31406444603990663
13.177198537722633 -1.0724655440783828
5.030325597027044 -0.13790083821639026
5.403900123629346 2.5444480421099844
8.4252030420423 0.7781354883495494
11.763142618975193 -0.604410846401138
15.478578164319526 -5.497944411286574
12.527395609634334 -0.9391899942220822
5.435251220875986 0.19098876065807557
17.224624959203386 -1.142976260316486
15.07064449001224 -1.6958881449011063
15.860062255800257 -1.81610267646818
7.593701214122094 -0.12462045538166872
15.919731634431963 -2.796762923171278
16.66621236438306 -1.9630442674690478
8.645314225736229 -0.3558291034201667
0.018874335268602563 -1.1667316466846753
16.4794138914801 -2.9292537321942858
7.861078484587431 -0.2698848292155585
15.853807356956226 0.3130959539797066
4.9712554560021145 0.09468708884180321
10.820520140579292 -0.35790124532149126
6.444700992877887 -0.3751339532802407
8.214471409070775 0.44957786211409856
15.913647821870095 -0.9371242546406612
7.852388396276138 -0.09335752924630691
10.15264258459534 -0.589278979257252
2.4228231874230963 -0.030070698118904365
5.191231963613987 -0.10349310538892487
10.18702128733723 -0.4829720855716586
15.866790394800333 -3.623849771170396
7.71019513441676 -0.3048725907308406
19.988028772736737 0.8351951992601419
15.501739772907293 -3.5443263597503125
15.537432146783267 -2.717754611090226
6.053323421666187 0.8274609028865623
0.14220952907285778 2.1046680022993187
18.34520993409973 0.2939355917595534
1.3701338111902992 -0.28808837828728473
12.652732156462893 -1.9551845725811685
8.525184433814438 -0.6026963101446944
15.30671621546649 -1.2306737457140293
16.364219226143224 -1.5815841422082995
4.972503014781198 2.080802158088008
9.920624239581791 -0.004977681912816223
15.858831472881013 -1.3655180441273305
17.53714844957006 -2.9160237715147552
17.222849855222826 -2.4907176800357678
10.043649809632033 0.9022172433610361
12.39357937952239 -6.431754651614958
7.667161527012864 -0.1645834077576805
7.90379851625947 0.16057510892462185
13.182924548526678 -1.82801317469008
13.583965112686023 -5.202695176619396
17.525121562931005 -1.6704289161631758
15.640020864578204 -2.824702553567731
18.1143489017191 -1.9947786054004453
17.67863090982229 -2.1847664712534387
14.663577844169486 2.3488594437122985
12.13626175511942 -4.252595607642585
10.717254198630403 -0.8860416481039177
18.279513781850433 -1.4818590018724305
1.017047918367028 -0.5710175946481947
18.89739272747868 -1.5077414402639082
6.388246844844937 0.3434894850392395
14.041458780608504 0.09852890705733927
11.778275568901492 -2.019419889749684
11.223442138065268 -0.41501421958354484
2.1700274948222504 -0.434811764637979
3.8451650299329465 -0.41365563926236737
9.138531181356175 -0.16589869564781537
16.813904781020074 -0.7845512387352338
15.678283748074701 -1.7155627963273647
5.278331994852162 -0.019590638488518247
7.710958104536054 0.36805559201996857
15.602206676640408 -1.2220572576544306
15.819702110853171 -1.8576725113263057
3.781871639843198 0.2377964437931004
4.910833345259414 0.6231424366775621
19.666410032068292 -0.8721989143907154
1.5176009441475693 0.31809093073905015
13.299969009988509 -0.6835667593686374
1.5957250008333608 0.29326480725558435
18.023779614334686 -2.0483358509179683
7.58612892876098 1.3680553421357788
11.536496318010837 -0.5376917174190493
19.038511318461197 -0.9648007967621908
0.7353572886453426 -0.4504779072102014
4.315754009589437 1.0582646336238524
17.352491021212714 -1.486161813542694
1.6347161275468818 -0.3934709563053177
12.762440692885495 -1.58645626419475
5.492132066652272 0.035176716647356165
5.301669603816484 0.5329983669121707
12.583890371338175 2.9480035820157946
9.399970410725317 -7.896441176885134
6.874586855989426 1.9139740401844731
17.439424113419644 -3.3091494435002007
6.461991232450476 0.5359907194152318
5.222180483267857 -0.40214253060070987
17.437282086911434 -1.0524676122406251
18.102400052984763 -2.2164333552169775
8.626083293974396 0.0026908898835816264
6.156003469786534 0.5435711515898547
10.818910464249853 -0.5098184501755018
15.423944497277535 -1.2547364494054747
8.353694712148675 -0.15660507119208328
8.736012561377501 0.7261855287240657
3.45279870759338 1.6243198481118792
15.998915629635567 -2.3008965550846607
16.32127041378601 -0.18120797774256722
18.825276588578046 -0.8490759333795411
15.230406795145665 -1.4040598797985886
8.962909320631082 0.2521221140337897
12.676729494404873 -0.730475272371951
17.422117345268823 -0.9872507868222118
12.422086275028377 -0.6685772072985036
17.565395128942097 -1.607437628293499
12.573865854171421 -1.2602378593889476
13.81101954351941 -0.9295947320756565
15.810578156628921 -1.722723899652674
4.747362432134419 2.251442171101327
8.9237979868896 -0.2264702722278126
13.566066786351707 -0.683967703955264
11.045177416850649 -0.5908849048952044
2.5051263004253483 0.3106006696855512
11.698169576897117 -0.9466980590346757
17.081335844758442 2.103829081180906
10.699149130997446 0.44518881926524456
18.24231905073755 0.1675499625173958
10.399660491207472 2.750734939278636
4.606055809934851 0.00031939503373765166
5.795138807477151 0.3595441609834328
7.860377712381589 -0.8126481720990468
8.177144713248982 -0.0641176434334721
17.8622246063664 -2.571360254709304
4.446692495131711 0.3466591684730438
10.676472026197356 -0.7621667065629046
14.163826970367634 -1.3385399421009796
8.727994448332101 0.8557183221718061
12.435299699965599 -1.4389740753391556
13.613389871974242 -0.884883150329011
1.3693898810115048 -0.6919079704594321
2.380278190289647 -0.4062057378019853
16.460827251936163 -0.9336155722920816
0.22653807452573757 0.17619570386508027
5.687988567671737 1.7119990696751821
4.78526079388676 -0.3536465498872695
19.54963802141326 -0.5380871256452167
5.199738117892553 3.9321185135068397
12.683684152321211 -1.8825980979510144
5.717631515376996 1.6038826507323263
11.064573159174142 1.8611395793278571
8.294544428984787 -0.5183007360410403
18.082856432470706 -0.10642014265930105
11.607568616619966 3.179277224276319
8.564415948419631 3.2171069258812315
18.81880973114114 -0.9929996469426733
5.951755782905179 0.09294006040488825
2.295150774069434 0.46204611812632934
2.2949709568076786 1.8490504708126152
17.044201982646644 -1.4760455089237121
14.128591102044352 -1.1265654003938217
5.978217475054979 2.4707171431269304
0.7113077924328574 -0.30160770954575256
16.316954405354345 -0.9642691240352665
6.618444114635534 2.0375112973578933
15.0619669508428 -1.6938733320629944
3.8779203786405603 1.8535248223974743
1.0468125931134056 2.9714793170826974
1.9092910655350552 1.0190485215015406
14.664835947458077 0.3448754659724586
12.719638759854686 -1.7874096909801505
18.366368148271718 0.5547824269290408
5.746221196237103 -0.012630882740021276
19.480680087829953 0.43532440662131056
19.55019548724133 1.3632789127500067
15.28075715703015 -2.807709378020218
5.961835835317247 0.7145372240855298
2.3286870027623117 0.33550215489553004
15.37075115422019 2.6637887960356124
14.503561746184966 -4.203693611135427
0.018799514446517174 -0.8349461983048375
4.1718985004170195 0.2559175140307239
19.7451898185358 -1.1952515331693734
7.335250921316866 0.5755148938769086
15.228723085372977 -1.6435496324214887
15.008100582058228 -4.6158153400534125
19.863598393329294 -0.5077400736512953
6.740613108694849 -0.48530917639865334
0.7154131141389111 -0.24894055787320732
0.028352799866296054 -0.4454274193846432
18.32437969674798 -1.0133443734544823
10.589185904230845 -7.476605366525026
16.67696574913799 -1.7082002210430791
16.290979553077957 -4.060691151017364
8.416790975681314 0.42672487863450065
8.869363617912619 -0.3809946285165048
15.486120655959907 -0.7513991930035626
17.199497926595317 -3.9036872930018567
3.944422828170215 -8.308039438039884
12.502472968521536 -1.3423685337620967
16.79394354063178 -1.8369303123889753
6.750785991627853 -0.5838327188910487
9.608442336191484 0.8616176114391363
17.522580445349433 -1.7431799628380484
13.519634352375629 -1.6413791959936033
0.029139431658454007 -5.481105915414512
16.147780919221596 -2.9685148381076125
17.39371475490323 -1.3049734259241756
14.185285315428825 -1.5285097810817831
2.1911575374990417 3.177991962091701
8.689177406902738 -1.0259638793911103
16.32523262854859 -1.8212776684789544
16.41315138984606 -1.847588220737656
12.188562807783375 0.9686247032761641
13.302902467544385 -1.5271909439195435
19.063231796090516 -0.6197767578807369
18.352165374343965 -1.2973874349462264
18.028627048801383 -0.8924918205515725
6.824112218971356 0.4743786553805852
14.802639759589056 -0.7557610168332287
19.836637526959983 -0.6704921203066184
12.812629218880407 -0.42249929433777217
6.6872739088528075 -0.12707566797624048
18.807403233108836 -0.5632753148985453
13.933449185048474 -0.6637079877893118
13.022768496329213 -0.2678720160749113
14.721396227175788 -0.4273055915370398
3.3180753090797257 -0.9422066497963866
13.985023117708147 -1.2975369546984759
10.411992643188457 1.0885461723102678
13.331630384459444 -1.6478591605315291
16.254890852239182 0.5224823440144545
14.514808476813874 -0.025543788798145742
0.7453361329440831 0.01002553638856915
10.62630121318504 -0.5034882360182908
3.1811643224990256 0.054203857296168695
14.17823985475846 -0.9980462487341138
19.396306534725866 -0.6188379542076208
3.183660477247991 1.2760525479290712
17.582405447631405 -1.124831114487577
3.955699099040145 -0.03276441036367342
9.247853783245509 1.2506189232245974
16.05655052957005 -2.1407908892523233
12.178429715458867 0.7656060469217698
19.285241993853184 0.7921121843415191
3.5998032886193227 0.3753123437470049
11.42481918322314 0.8057810553571001
8.971822481803123 0.8424983598267803
1.0613991142705639 0.3038164974239736
2.06059994420144 0.4961984948891321
5.942445886569528 0.4333840892353188
12.673247001642533 0.06437842815332828
14.881789368381957 -1.301120699611488
4.299588484222295 -0.49317498973425683
7.584510792690553 0.3049485326046155
8.778952934128773 0.17641332182165412
16.3863519646891 -1.6774454330155362
14.302123993763635 0.8437624456564029
6.842358260836451 -0.08408866014884098
14.077750931521269 -0.40797928797033844
11.413705010655717 -0.4325922184849717
15.327950692436639 -1.9577924787359928
15.96541131122824 -2.1852598159512557
7.40141323674786 2.431990811535347
5.606777069135304 0.4472917335928601
6.8303870012551355 2.2586582116796374
18.981818132528115 -1.0698519189703646
1.068824079882925 -0.5130114636848374
5.9859490637232025 0.7964668109496559
0.3197025320274606 0.9279858578355509
10.369695908903726 0.5748140749199605
3.0933248827015962 -0.11740269267731304
5.33973674016646 0.43059958674516857
2.2495581837796723 1.4955430217662127
15.533566631792207 -1.2932299666663174
14.438227354617204 -1.67818968290526
11.21456826703463 0.30429381156759194
13.047381083096466 -1.8351454994547407
4.778206594225934 1.1510651610635148
1.5912378733833052 -0.25679672197280046
18.651194380810814 -1.6948771749406544
0.35238189758542987 0.6656184168809648
3.6764664865190753 -0.026922144976974954
17.054836078768748 0.5678582382464934
9.64136955189868 -0.5733446233288143
3.912357413702101 2.2055140054531854
1.8111913678658402 -0.5031100663008384
17.37949064064353 -1.2188280903496096
7.343146951070642 -0.2883196371109994
7.898097284409932 0.9047199709011589
12.171577667131768 -0.9591834538976425
16.896319746109366 0.125823611218121
11.05552205712005 -0.6366404510753157
7.534314609960414 1.063518749468872
6.793984511402785 1.6183039556428924
8.391488901387321 0.044401146846857226
18.702662488986448 -0.9163482473860549
19.216528092687206 -1.1401779856885739
14.397630259355601 -1.3226979991390175
16.917368620180394 -1.8635939553620364
3.2660264001160515 -0.46421836715337816
11.17786544715557 -0.7574368824880287
12.213792733416748 -0.28039866411164605
13.43369873368472 -0.3336871464234388
11.407681174072914 2.2046582240761112
12.487219895993995 -1.0289277774393844
16.22216593056916 -0.28240531009627
6.995295369474274 0.3649212681544442
8.13744464449231 -1.1514187532136777
11.625620418006674 0.724617218981572
1.6670462966777042 0.6458532731797331
0.6645237723577366 -0.7473053339946658
17.412812289385787 -1.6060629626082077
6.103388303287703 0.15345017075510284
9.49760778438485 -0.839956497287601
15.082546132146469 -1.543559679755298
4.500695375175092 1.8074659042817776
0.984861545259341 -0.31150649633403127
15.44861222401971 -1.592509201475242
16.714070587028417 -1.5783967901384126
11.880792675381313 -0.8989112855462809
12.039752696424758 -0.6584404742499119
18.210469605315755 -0.6918656152256596
19.71381782950424 -0.07374380299976846
19.353635742933328 -1.2053294548789353
10.600807054633751 0.018508232253008364
15.610372520348236 -1.7090140712307362
1.4111514254332953 -0.5774959915903232
14.553852587167238 -1.2815149083510344
19.551550091565336 0.10591327142111309
15.070844077605253 0.49205238420593184
17.222981983762317 0.558951017475704
11.397467832129282 -0.1286589400283018
10.755034164977056 -0.730601120222407
14.431951581720252 -1.697532800939185
16.701807458630903 -1.4932363667128818
19.440004152589836 1.0859998995215916
15.812725937856882 -1.860754082326844
15.016152624262963 -1.2104922008284826
0.15135451223418542 -0.14710326972730892
17.93543254145889 -1.3498784542402826
9.437597110207827 0.15441958172312914
12.052132005961099 -1.0619079355800518
9.93194949424531 -0.2663409803894533
5.010920062153362 0.33750334923725434
16.450977091646237 0.11581335937411102
18.979388159272762 0.06922358457504105
1.2842080642591445 -0.9210955600787014
9.833102941217177 1.292892468513251
15.001197209236317 -1.6828683611611268
15.370186562354082 -1.3352362922743979
7.564616592532622 0.22407919471863802
17.462774543273557 -0.9277526562598637
15.114628292234405 -2.0423018750332647
4.230138347500107 0.07149238288247234
1.0513798146607232 0.026393341829909364
8.897904942870165 0.010349882051399473
10.155452227272104 -0.1507445396205918
19.303366232788647 1.3060507189517936
1.111395546802606 0.8823464941438115
12.722011740735319 -0.9445811181268486
3.5350304980751432 0.8656431458721929
1.796358195138025 -0.137533919623131
13.59662149563181 -1.211980363268093
14.103715926893726 -1.349062060167539
13.387843853686379 -1.1657858264487764
13.254817212293283 -2.1011139073183807
3.06301999778435 0.2357769659196727
5.158189941727518 1.8690773349540648
14.383769844242247 -1.141763572135425
17.878229805962775 1.6396643354640212
3.8175424620084804 2.3985559696907575
1.0564281961620519 1.1083657105639515
2.282253491939154 2.68278810296911
17.44402866577866 -1.265810304440613
10.054702571519032 0.6281585720564263
7.910034991272545 0.010668498737938875
15.241477212625435 2.432536916258007
14.309446695574872 2.388278236155984
2.999931739819551 0.01592246109885062
1.8209526958134834 0.18518491439334478
15.269691899424458 -3.1293809244243187
3.5624836080666658 -0.25231883879659794
9.041530862346987 2.199929227507858
1.7921243280986925 -1.2066722595146988
11.607737528611821 0.1738996887024148
14.268443455970756 -1.3234457574894174
0.28641883303371174 -0.20037205347499765
4.594100191771001 0.09873126922736589
19.391667398767556 -0.808747816801638
11.863587256435443 -0.8422083657094792
5.521289383768785 -0.5270382683229327
1.439936284405562 -6.930593924906665
15.470904368777301 -4.64855072054844
9.686473826351252 -0.6037852019268665
16.76854931521137 1.3349449598511258
0.09895058042438136 -0.3307217601650612
0.963194091989515 -0.40367073685726307
8.123396125734192 -0.852977980780924
7.163261070091989 0.5645859794114207
6.848321535673415 0.5932297956533642
8.776426633158252 -1.0448976154659613
4.276132068340569 0.1374611573005387
19.924128601468517 0.40576186083746113
14.269985366661919 0.8300963378855114
11.327224913056822 0.22196065891155653
13.696466137832306 0.9244684666696444
6.6618934600819975 0.4766511147565095
5.4065896236996 2.1968969942666976
14.713394775343742 -0.9611487867541193
15.414432014992325 -1.844832126132886
16.11584326183417 -0.9165603694036893
9.181777339299307 -0.386855015475072
1.790548513273949 0.08661859395059981
3.530159127851817 -0.3759367577698311
13.122146333307837 -0.14430257136362412
19.019037081994096 -1.072254351026114
19.578421157722218 -0.0933414095931217
3.6687218871845118 0.020592286251078368
16.966453044158623 -1.4985054073892594
17.25160701646776 -1.372305753316695
3.811016307746003 -0.33367768429101896
0.4375432056873402 -0.9110189532047743
12.092809901769998 -1.4718332245632149
0.13651565498552562 0.3948469905057593
8.05394361649256 1.5700853798812724
15.106559873084848 -2.190365460024273
0.18487188516267894 -0.19359189813753297
7.666778422897835 0.715104831491678
7.20115449019748 3.2034747885485295
15.80986141803314 -2.675006627402111
3.8445648358747095 0.6653328195920992
8.407029853552103 1.3236997142803508
7.8947530494702125 2.53937805685969
1.0569652243376164 2.14235072246848
18.069465052867503 1.244728034495914
3.453654283967173 0.11546261768505012
5.892458210103605 0.6785925595321008
13.965729014993078 -1.0870191550027029
6.034722845880148 0.1890769338205999
14.714463972758422 -1.5118658018319504
16.155150683497958 2.3959900868923296
16.954003621701627 -1.3331127207951625
0.6071687698108525 0.899796076912015
7.177978793020743 0.046872978077654726
3.20448878123116 -0.6032838477617413
12.872802201441338 -1.7156658043130035
4.905629642074339 0.9650620627943217
4.341567143902314 1.8877572572841617
13.073714015070763 2.9170001607059826
13.49363872913656 -1.3474371405276242
12.382335745756539 -0.145538871332462
17.19744784055904 -1.3679856058428828
5.938132843771028 -0.08962426244709654
3.462700167575446 0.10841994491685486
18.466401204193765 -1.0263930834838453
7.2289461641670885 0.01080373559090786
9.177970037504195 1.1712029640111647
11.357585576670088 -1.466025928625123
8.848920863904164 0.5421084104097653
5.181839652640085 -0.7803481390339579
1.7033981339399142 -0.706153107652057
3.113429540417983 -0.003566148259528751
12.756183698779921 -0.8725459809990617
6.763642982000529 0.049960960686356526
1.0294912402894643 -0.938463197249738
14.587893300155761 -1.6105367787603155
14.396872130860206 -1.5889326773860803
12.781667820971302 -0.8933585069203178
5.593542415613924 0.16835433724240298
17.206129667543866 -6.217304524156942
11.829222821566349 -1.1981920673699926
1.1844655681288392 -0.4884634931041507
6.519780601497157 0.0892235331918409
14.179441421899439 -0.889194314539505
1.2505466461902461 0.5497236173789569
13.169147071856827 -1.9922594072302398
19.17687349260033 -2.2637014209055786
16.794981448403952 -2.1328513491218746
3.432595369440359 -0.3010510779159041
18.183789498512894 -1.7017747907027412
4.523309004494632 -1.9057598620164728
8.043052076418128 0.2733025360290517
19.36856189409454 -2.2887451482211754
11.068096216593093 -1.5154436245233864
12.181642255272713 -1.2874939859162537
2.3112277362137004 -0.31342778852935105
12.721396140008371 -3.2791136872536777
19.035642053898417 -0.641825303371504
2.78200336971416 -0.18006596281693707
11.220673425991285 0.4937403118186926
15.931818262495057 -1.7426748912985612
7.850111740850659 -0.09119779772063108
1.4591484260002796 -0.642379140589065
16.347065015833465 -1.3459643090505595
16.823434634221563 -2.9450892872809846
8.171318989008252 -0.5228336401110687
10.42176353945707 -1.4177122140387013
18.61954902212937 -1.3003841518707808
13.041402364384762 -1.7597665920060843
8.937460961323012 -0.4199091682359899
2.2571341508420177 0.14900433671209962
18.96112655987097 -0.9094557433386463
15.519982930546977 -2.295683428509376
17.19471947420561 -1.1880979633421591
13.839968099103125 -1.3584255790087847
18.527124004521777 2.2489516526074755
10.761448863161876 -3.381218937769089
16.137411644392603 -2.237356691908534
16.392376151150422 -2.8609678911971814
13.375584861356359 -1.4038872538869287
4.38053771131606 -8.211911483525123
4.932040572581342 -8.413924041977396
1.0066987858647336 -1.1867366591069952
3.9957031370712772 0.7022629162214259
16.905486499449125 -0.796472526978548
19.36757301321779 -0.8723333089767831
15.40907985500498 -2.1552807497732474
12.321047540025463 -0.802324337444582
12.758627840884282 -2.2293424838192615
17.275353861730757 -1.0518131526991652
11.171261891594712 -2.0740523915821467
10.799759171626174 -1.9266500717896773
10.146667845861254 -2.643604846471166
4.121559722301223 0.7601838704529871
9.34044163281573 -0.58646298432177
16.831250837242802 0.182107648162332
14.213716313826247 -6.552511240302116
1.9506183583866585 2.3692101648467845
7.121884300596734 -7.761716807409858
14.076091320376506 -1.6005036898565725
15.57761837962236 -3.5992768633039964
9.641892048559914 -0.024136780477308162
12.302003738388192 -1.1148439276932693
3.9197260934123324 -0.03176866581789109
15.275107093859335 -2.2034797991943833
18.06405495470987 1.9225973856441647
13.333539728603903 -5.7914531176837665
8.092445846703406 1.7766428063604467
9.946519923563248 -0.907947597906724
15.992568487033278 -0.83540428476659
15.648781378772632 -4.139572595461446
15.372926364889707 -1.6566702804051643
11.995331771583224 -4.862463323780459
13.054127985443987 -2.250612830616111
14.263783164167545 -1.7189959496721365
3.9105681363583744 -0.5596265593800877
17.717676092973104 -1.626854142356971
19.835220693725972 2.0903553939049186
0.6094920334601956 -1.1101670266089492
7.463999256851937 2.180558558745918
18.199161457348637 -2.286972188770624
16.747456787841216 -1.0662208929119985
1.0718408426176544 -1.0163642662282169
8.695334005210324 0.546504798621468
7.923332911589811 -0.1437995691414744
15.631659306315843 -1.5985283597869855
11.794951332163665 -0.8733772231547103
16.974344667469367 -1.4149619807607574
18.22762848031649 1.0884245013265486
5.9060206213592465 -0.05852245698464659
6.915400813518587 1.4290780234085
18.936583984602574 -6.297616658454838
18.24100409703482 -1.2557511635235825
9.865134816981671 -0.7087802279293084
19.276784053844462 -0.174370370797841
9.666392228244892 -0.5601624392116364
18.072582783856465 -2.315651509134495
11.792490350284922 0.6363509860450092
8.50876195664495 1.9961737128294859
19.948102359617685 -1.0833906232197488
15.916958610606235 -2.587065743362768
15.641166063435413 -4.465037374093861
5.285395399930664 -0.13276970707164654
4.2200329637298175 0.06723545311327445
10.385611620702008 -1.1623338152417597
16.755241686149617 0.0019309563121327755
17.28250551342664 -3.382142608239949
16.50335131790785 -1.7364829091565324
6.636526007496833 0.01871547993301853
16.1313031139611 -1.47533533603251
19.66983656946934 -1.163545691323746
16.137347550166208 -1.7260383544087299
5.105047020787124 -0.7036792627075454
11.271715408083772 -0.5013037376274498
19.40302679198799 -1.4307645653830234
13.268944615437917 -6.8281236644466015
13.61871845970515 -3.2916990318636272
13.389675393666446 -1.111022723192887
10.504437790092137 -1.1771016234937013
5.086763147749122 0.1008340784531615
2.425742860912534 -0.9463914701693177
9.226997345082903 -0.6875921771899377
3.748927626368167 -0.06891795608025189
19.862300517648393 -0.7645873844981429
6.974887448856946 -8.319821898856276
11.449813607404458 -0.9165457546893474
11.483610213268033 -0.8747368222879974
7.913421550397196 0.2739080005843678
16.43528992234509 -4.585549808087136
13.538668259379214 -0.649646060543836
12.074531530061524 -3.6299864479484394
2.4101193149785356 -1.4742316174876124
2.850117972251593 -1.2344498413196172
9.5762861001997 -0.4676951003611848
9.396351078368058 -0.9896664914706572
1.823312044096996 -0.7527042861858929
9.761827020242299 -7.734074894416193
12.718001515199692 -1.1871038161490113
19.390152963121057 -1.2163875880640722
1.3017850768148194 -0.03954102554363115
14.149962769399158 -2.209005507880337
1.042682740638659 -8.601661712405331
19.276124915818382 -2.38495919489928
15.881938500297785 -2.931906855212415
3.3802795173813234 1.5218318817019294
10.159835245217197 -0.8240003337786822
1.832664775119157 -0.4621658499776874
15.876773625585706 -1.4719650532989763
10.93690005852993 -0.6207003257012458
14.969540785744163 -1.2613007662055122
6.7923850195078055 -0.29563899632787793
6.841944031781956 -0.024337840890310325
16.970376874558035 -2.801915675281708
12.626242733359144 -1.6039205629378008
1.242030838580148 -0.6052962749191013
12.849924995694414 -1.2595643289511467
19.39344668925046 -0.5041395310154171
17.94574739625656 0.7888616318925661
16.72656174574167 -3.6771261985788146
2.9482905170708333 -0.26542232412051514
6.223583041402446 -7.558114134765072
15.054781962362092 -1.8337820186321716
12.704857179251535 -7.334186208678494
13.750781402017074 -0.31521429003330104
10.294613805962786 0.9186493424056239
11.029996901232932 -0.9057489214705102
17.66840169016023 -0.6776637861986208
9.79964657781034 0.22726859730736026
10.791529273606649 -1.196195448941858
15.364928910625197 -2.4447022865749313
17.742920436235025 -1.8933315440043845
17.86572505890179 0.01832656581215214
18.559100764633374 -1.6964839236238227
12.875545320772707 0.1839675205203566
10.54264545502908 -7.011397443847532
14.865079185426575 -1.825126711590384
4.20591994326084 -0.22690540737626602
6.6489274185967835 0.11558735834635145
3.9192268054244592 -1.068145885914687
18.753380551248227 -1.5282104970603414
4.582427401212321 -0.44601979579609397
1.0199176403977712 -0.6670576525032709
15.204840699492927 -1.7756364948123995
0.8702741695076207 -0.2866713805308269
1.243343011016491 -0.3763018286380846
15.74071431164959 -1.5584789056319015
12.516093776331392 -1.2118726329681988
16.93862226959765 -1.0917613025352626
15.193715298322335 -4.840322030674378
14.790947016966625 -1.3949787028880618
19.4454748553939 -1.5791917065619436
0.2196552121947365 -1.2597700493988926
9.914573361123947 -0.9002613766765339
15.96039876042607 -2.4751390437962364
17.082276671179383 -2.698188024875412
18.606194545156104 -0.1694929076210334
2.4593725188211755 -8.095622896964764
12.701448153356322 -6.176472176901401
11.470809556936205 -0.9674944784511732
8.683652626450352 0.679744685511741
0.20635049159711805 -0.7090754601096622
2.7251057010990487 -0.14491728160316455
12.72258795630049 -6.016749698454061
12.375166058692058 -1.6042560049827657
10.630847871527864 -1.3294269988937182
8.341929985976709 -0.10168825607827245
1.7787415575350805 -0.7499353109479195
9.57255047306291 -0.5116155964261193
10.770822848920984 -0.6883202186317645
10.83292513643155 -7.309557418113968
9.267362798956379 -0.01980907066865728
8.580118869667915 -0.12406280997229366
12.193537096320597 -2.1044089230716754
12.530558154117731 -1.139605344394921
18.441342796500503 -5.928800272887463
2.6548610477997334 -0.03344517262817448
3.759121806550951 0.012887153699702808
3.728051528614437 -0.03588969616410995
15.789799152649977 -2.378659620060715
5.823124623370088 0.13541533622726679
11.785470872247723 -1.720134087843672
1.3501260614808246 -0.6161326070807672
16.754902325511328 -6.24979741877232
10.62010437434053 0.1472006767164377
16.29638556789556 -2.016185058058557
18.677445140894033 -1.2719153337073137
4.471953953030998 -0.6179594922885123
5.001811347789028 -0.047155919550278314
3.5853921558615345 -1.2792716131404802
6.952693724930029 0.07559954570142757
19.93783212807131 -1.944235272680735
16.274700089157935 -2.1239249849339457
5.210417848688154 0.05130900654029316
0.9406234730286159 -0.5630514156763958
7.794855651551561 -0.039048973718767976
10.726133187906168 -1.0913869686638145
13.054888556530152 -1.2831002388623476
14.342575145688627 -1.7345796354123313
2.972161394156332 -0.1864642841081169
10.495249614249733 -1.0489399745259356
5.692436379970352 0.1953043354550489
8.783793541010882 -0.7942367313707881
8.098407837159307 -0.4520913955071065
16.17738997908944 -1.5516653046700566
2.223745417251319 -2.1439401606245876
4.861812335116356 -0.7233358999442416
15.339760439065909 -3.1148834738245195
11.642706237704195 -0.7833403930942151
11.361655034008216 -0.7544659113488674
17.155052326684025 -2.7476565411708953
16.828684560605268 -3.864001295538449
12.712712111614618 -1.0074311953302764
10.351791516168872 -6.917778605336459
6.995859877458925 0.03346894256694816
18.89598464325952 -6.397042069303278
1.368823864385256 1.293788921663022
15.114355076948536 -3.382598563568103
15.448548476800012 -1.2167197163900465
19.464156828263704 -1.3075030809897146
8.971935214057241 0.09080330919135929
15.839005644779537 -1.8493930276936772
1.0841590328690158 -0.48708860654806907
18.799253529412475 -2.427333922904985
4.993252087255356 -0.13759605426814314
12.78236011966675 -1.797234141366779
3.781792869197841 -0.2901489809221973
6.685305495779656 -7.611742548597731
17.57946713971512 -1.2110286108333725
15.061405141321735 -2.2339574036958223
9.236555986838187 0.38889701738859594
12.847932189320314 -3.5789825870447105
2.364556910256976 0.4630513741013669
6.012904467131314 3.2498220122943993
13.533092471658872 -1.61496652104363
2.395544329936034 -0.7408672556806155
19.377624684062827 -0.07578077983718184
3.052804890250785 -0.25438098682504406
7.027289390105033 -0.01092257062300056
12.094499631416586 -1.020497868542212
17.2564798349915 -1.299482172232101
15.353943014914075 -2.2260923990223955
2.1505217991170342 0.2866848904339568
5.391535027666626 -8.392421738216209
13.932303020644696 -1.5895510684603256
4.344907398315941 -0.48382108364705206
19.674063476035794 -0.635558349827996
8.264074238999992 -0.6548330062816675
7.132886336346455 0.04279453429126229
19.18452891400108 -0.4045842594676939
2.3700607646204617 -0.7549222331308227
14.155771662279086 -1.6757722356222635
9.078536757477847 -0.6949640584839802
5.3197019801610805 0.056263413700236825
17.40287944802236 -0.3745850288059712
11.285628902992348 -0.12350341337568713
18.022656130438627 -1.409005707909071
19.408232053602703 1.302481955073234
18.29500090420662 -0.3002398598549413
16.518739979333805 -1.2844627651873104
11.284583870269685 1.9003126426432035
13.318264382696542 0.058011347081850184
