12.517029062562644 -1.1487460426724758
16.61738549695809 -0.05155744460930299
4.69301252714872 -0.11537177510888805
14.169000933670539 -1.2994636905429306
2.5602485289312207 3.3043945491005746
8.78443055485716 -0.2850149255572686
15.758395804989833 -0.033059891087059354
11.801552405951005 -0.652848823059842
15.926810404345751 -0.3996243700763716
7.3706226121061285 -0.9741289380960144
12.772219004422107 -1.3717199132378206
11.055866614200344 -1.4406421843192552
15.913265233617029 -0.1917821557190602
13.967666240786317 -0.683203193890749
4.8918903432536895 0.7101451859931962
15.287593445607127 1.2039499216823113
1.2768229561786542 2.962750722909371
0.9381973124462668 0.5483305957977851
13.575745736412477 -1.198546623259457
2.388074240521056 3.2887623406739928
9.179297844147614 -1.7817123433855813
5.006724782983178 0.9827400523164993
15.611352696988389 -0.4985052600503425
3.6481098197217667 -1.6007728453417693
14.565762671992605 -1.2602448106415036
15.268428817638743 -0.9793664232261281
14.731725820691413 -0.9009018892394687
5.917588986947592 -1.0006209130975297
2.1864061756325115 -0.3831499631504102
8.808611972699195 0.3605022467541096
18.717631970632453 -0.5775099025373276
6.564434989524434 -0.5140552410909155
4.9512852756710375 -2.1959662840456122
12.06820906474269 -1.2873043160460185
10.676537963841662 -1.9068027658247912
17.476197609730967 0.5841516933188688
7.1570269099000345 -1.908676261654293
17.127531929190532 1.246797551867723
4.628777274657739 -0.6663010733253918
15.21814144018174 0.118104740733208
11.095747200394996 -3.583031066865331
8.475986774324037 -0.42072792021115524
3.868416819798081 -1.0199788476379363
2.9537582609795567 2.248496315177167
7.96981552296493 1.5840571301853055
12.645345836600077 2.016132824074118
2.8436410260024383 -2.3138646162386918
1.477793625962369 2.5099718907701076
13.050959961689712 -1.6710574837986663
17.649357773792328 -0.21689695257071537
16.644072835108112 -0.4157019396276083
10.946240204936982 -1.745214632335692
18.41098192959519 -0.6042965535420376
16.272905496122892 -0.4039552136163592
17.764264674101774 -1.0074280972347212
14.307646948388998 -1.099820036481942
15.431306462693476 0.5235425488457524
18.625413936818656 0.6383002158515166
18.927179279459637 1.2843156799997548
6.961665751754439 0.5569800651716406
12.767750760141444 -0.9556864758181953
14.903635943408231 -0.07384341843320286
12.533956865779768 0.07148636100223438
17.49005914576767 0.0723063479663685
3.1981708765457815 0.5799255645580025
5.099798052213548 3.387688369325924
17.124998945786803 -0.3349271401965176
19.194353518983405 2.673491243326951
18.782859770273834 2.195557218972698
0.1469219816078841 0.321151178892506
6.895615376176949 2.1215723988541924
9.890421119880369 -0.5569925405932015
3.5281895308657907 2.929595203527384
6.178613092286603 0.7526456368943965
7.76949746268379 -0.0887038447195254
1.647340434218522 1.9062760692529042
4.05735691469685 -0.04129357818686921
13.371911281289686 1.173128994730297
4.964998730281081 1.3924401666194366
0.2236185530981608 1.71120157964399
12.260014923090635 -1.4481615475770417
10.20427112240037 1.9679070991898446
0.1941048071596282 0.6953328806993386
4.228897246353703 2.7558813089685175
5.9378150359322195 -0.6529803969938976
12.687712217339914 0.08857043377996612
3.275302870381494 2.3428790177063314
1.5398574505729696 0.516733633102226
5.2957981345206 -0.7968931148390968
15.245787638037603 3.1184724720240826
19.87716459191172 0.7521519824216478
19.88681507279058 1.404051862923599
4.569951212876848 -0.9477762723288048
16.921197572389076 0.5535208919795318
7.740065487053636 -1.166969245454127
8.528859813897428 1.8265348090921512
1.0840898116630713 0.44896180707341315
18.870480058000606 0.16074229517815883
11.60376164184222 0.95544472715294
13.985698749471274 -0.5704696316715148
8.081797719752895 -1.0697535671275304
8.38474761118435 -0.9728183054663246
16.282749588266128 0.025965294297799826
0.6830808773790209 0.19591957043438396
11.299706602892067 -3.131201504365799
7.618312712096805 -1.4505713125351147
8.609745478337956 -1.5472794284375362
14.92067769276096 -6.799494431722033
4.961983093178118 3.6396570326118285
19.734103102348868 0.056776959088724405
11.902586119993797 -1.1187189418046077
15.635539120828117 -0.6957199574302615
9.5073935714851 -2.2256723065386153
6.24389726852535 -3.752098848771465
1.3142810134251552 3.1037243187829326
13.95750659205824 -2.4047562313933755
16.361201592283766 -7.297147487074635
11.315685538153126 -1.6449118863352747
16.905132372900304 0.9883956649127963
12.074055897330386 -2.0511191565427405
19.9023422886342 -0.05264973519068636
18.57653139915427 -0.48223329985147306
8.090878162575107 -0.2946544869901784
3.3535759009416397 -0.42278662461180694
15.67751606280399 -0.4932692235351101
2.951370266590014 -0.7842230688814787
12.503492169408602 -1.8093247631281986
5.5559477609718355 0.20947012825890887
12.047733374603244 -1.814050039459055
0.8965509441728601 -0.8293499008554523
10.852495091809024 -1.3390475186944404
12.800803958878355 -2.9281858494755135
8.648065768344082 -1.51812232357903
13.250214752892399 -4.69077157906504
12.239019725864457 0.08837490825913757
11.50443494281095 -2.0799739176379948
4.542475591155385 -0.4848133199997229
18.52071390058992 -0.04190286002308301
9.043450280254222 -1.4224211929254913
8.824384699759989 -1.523611057358995
17.149360117687422 0.659425070506351
3.588047184673655 -7.719548140782516
11.05312900188363 -0.6686621708296676
3.7220343499640847 -0.05826770190364115
10.544116676634829 2.5108992191936914
14.304831767184556 -6.927174073727035
4.2664507392596995 1.3847815494369087
7.090286654483748 -0.6548463319144163
12.569514324072541 -1.4693381108409613
4.42635811025803 -7.640881309027342
3.206571964051116 -0.030546043225318953
14.048264663351704 -1.9484767869080677
1.0440421466164642 0.8606613751061827
10.405068596538417 -1.8597321311424269
12.597663636322194 1.4074077374242884
16.25137210584708 -0.014860521098622834
6.172349505362069 1.2289244773383374
3.8466319692455904 -0.9167977930294254
2.6864002779417158 -0.5194920385408679
18.41244830427246 2.4599372407776148
5.511370868558947 -0.363833918824435
14.630092225145882 -0.5476855004775635
10.124930972145194 0.1306466167076678
4.000533746587872 -0.9114545221754328
0.9614423932391414 0.7249463613038152
11.741740451073792 -2.349016876861889
8.12545727497181 3.598801767924985
7.3547680210951 -1.0900164102494758
9.201891803718361 -1.4504986070628008
9.243372339456176 -4.367219767911001
16.117789111529728 -0.3821439436389963
7.629768226975819 -0.6047562557756762
18.761956904991987 0.040643094606744826
9.246889032183077 -0.7137739872019186
6.52798167116739 0.8496785410184813
18.183901854534422 0.5889862185064483
7.012785207597359 -1.1795838384876958
8.103808704021482 -1.169327389006705
8.202102222764992 -1.0663180966122026
1.8301923134648495 -0.07091196112170745
6.867113353348189 -1.605238534896751
2.6348505641289948 0.10708176098940383
19.202840999565176 0.06718276909443852
12.30130518221017 -1.037513900166466
14.568622325807421 0.482926312671754
1.864758600006609 -0.045665570345853
5.395277316026746 0.14846733010691857
17.944083462065837 -2.8111001794225476
9.135847629482425 0.5806392271718211
3.8895899491319277 -0.2841769963955102
7.601644811441437 3.161747549397736
8.594643459986742 -4.13334454535615
1.0663091236239475 -0.5632369688711201
18.02403028349365 -0.9557361423251709
17.76280877365886 1.274930471540051
13.881349923942297 -2.5495653731153625
17.97568805091287 -0.13272101252830357
16.597125840285134 -1.8237214408675861
14.299972723837978 -0.7151163111221521
1.8665320181236122 -8.413182685718066
17.605898362303687 -0.190380353990193
8.683809538514069 -1.8615935197887652
7.841128734559411 0.3162446690808197
6.058916654048096 -1.1426239702621739
5.643077155803201 -0.9874530515723422
1.6776940658136774 -0.42763728867712714
12.187160730317249 -0.12037832153092284
10.924577331300537 -2.5095554802240825
3.9355639789846397 -0.5410384210693512
5.190036981374499 -7.296759748693275
12.234242061271043 -1.015433733464775
13.252621050815762 -1.9045421834400258
12.341820973737017 -0.6783422490052796
17.673022615452737 -0.4644308514556134
12.569968212039324 -0.2940086085004004
9.736968520043211 -4.9870551067804785
12.229593540314855 -1.5584337672284199
1.3204565495345104 -1.2867712804734486
18.44785161200797 -0.5255222180187885
14.395261982466236 -5.2260256661887095
9.416225717045869 -1.8232313057576182
10.611006712290633 -1.4928640650261957
3.7225228075509045 0.2878408575536229
18.660358765737968 -1.1187116071848344
7.343042829556865 0.5345165227459782
7.129010818570138 -0.8020807067636818
9.339717439755702 -1.9039255114267655
19.713012179888793 1.139167058064279
9.828329499770794 -1.404984539842162
2.451353415110096 -0.22610492442625857
8.934164611363194 -1.248320020398477
11.035051619020132 -0.9693727388301492
2.669116106413586 -0.2899726668273299
9.744950838510396 -0.5948948289281388
9.450159955818863 0.06163432972242422
2.936862619649931 0.011826961527164032
13.217418025759539 -1.3878938780212096
17.752078373045595 -1.3023305063960597
18.130717019318464 -0.3618172537255839
17.923383508519315 -0.259367643477419
11.900829039651452 -1.0887278862503014
14.678550329401181 -1.0918661758819421
13.659532283172096 -1.5770299266125825
10.588518021863873 -4.566276250620475
2.1175731300510496 0.29016570536606506
1.2893776882677177 -0.7107624333760065
19.84909189491441 1.986020619704693
8.038764920521366 -1.0149250086220658
15.118701692224171 -0.41580015824837047
4.100313960093367 -0.7756342537902893
13.340576087377537 -0.6499016538624707
9.775438048689058 -3.040615065675486
13.280714607786893 -0.2982466249127503
13.014910173044443 -0.899788422800436
13.9229234461945 -1.0711981141262297
19.74873796978528 -0.19570161566649527
3.6772544200996204 -0.4111495648429645
8.018236924053854 -1.8271613703897185
4.313772668309412 -0.4328198961644695
7.19340474232537 -1.2407432675610062
10.522041974973947 -2.2546593221929423
7.8072283000291165 -1.8537751182262103
8.214004903363032 -1.7405946977729299
1.540885027857662 0.1557775982748205
7.876276115291974 -1.0008696655678735
13.91560526572636 -2.2979389191972466
10.987746243932854 2.563935372473712
2.8949375288232044 -7.976873985854548
11.302163524871073 -0.26677671958802757
0.837249170903585 -0.27579335348265893
10.495559340697318 0.9238857735481112
4.87721933508683 -3.5511849225645857
3.00739949092667 -1.1161353043967666
6.776465381761129 -0.8084304395551567
5.285304980739659 0.34462977807957884
15.863282236948196 -0.5544642438921239
12.626617753695415 0.577912935142875
17.72862369146062 -0.4403770194544088
8.25035014568904 -1.6924039682100323
2.3845906090648135 -0.24510309090203414
11.928296865700025 -2.114510560127842
13.449443971653023 -1.2402152213023891
18.10301744135558 0.6079981994981547
16.35608567168821 -6.858660322047933
9.642877072550064 -4.258910183685305
4.763199820422926 -0.7139188375878377
12.580487969338042 -2.4517995628042897
3.7408848951214964 -0.06634328026193763
1.6387734168830763 -0.044699219592204215
8.940790759124507 -1.395930561392495
10.043141484441179 1.3711895709711144
15.483119127463405 -0.8514448490622208
16.06551968949204 -0.46848925708847844
12.766871733905447 -1.2155896078930217
9.73308285411927 -4.531919394082262
16.402259547741075 -0.7053704965862326
14.69673743631135 -0.9548073688351028
3.1541966899068914 -1.903172842895532
11.466340732171066 -0.9152603908712582
15.890311883632563 -1.3770975934690424
7.157338509684634 -2.1367274750484158
10.998941194139576 -1.609338211682533
0.3975809782694643 -0.1811105575122038
7.912589601514792 -2.1613409139042776
1.1263275835075623 -0.1968465369273388
7.3170738331162335 -1.823030550028332
15.104010375093432 -1.211169926839927
17.684029025171068 -0.24942095792523664
10.71588827425918 -2.1421701444074293
15.954635092529251 -1.1000032322302495
9.179043342635374 -1.2263085075560414
15.402299711448343 -1.3380609510285901
6.085803321120313 -1.1050223032871265
13.761826569461164 -1.519758383606302
2.792048109322963 -0.13657266461030682
17.700534040693164 -2.5721331354941994
10.35456057896026 -1.9758679248045583
3.1124226529800896 -0.914508596981055
9.435400893402795 -0.927661476153433
10.29483720588207 -1.96279963152576
1.7571467691466218 0.826462956689041
16.31124214387393 -1.8543209728376233
19.667356824606443 -0.10974469447558952
9.185794224124319 -5.553855128530275
6.19638754280179 3.3437353055096635
8.972874111078282 -5.605749205086998
5.1988574477046345 -0.5088749559147815
13.720954652953667 -2.083947216618776
15.999369150983698 -0.2403695029295696
5.398782115014576 -2.146295968889787
13.687115521563932 -1.8026653677000015
0.9101991821250105 0.018047283474203812
1.3316585275164954 1.6980883572132948
13.28027995019937 -2.103364219506817
6.9233413784278826 -3.0516500245836387
17.894311168623258 -1.479544896471539
13.888438604352647 2.3708902733275066
6.923972934101344 -6.296855609337988
11.576352146443083 -1.8175142072432005
9.689985518653048 -2.7659005151435596
16.999472901887774 -1.0078186391106423
10.9381444495725 -2.8956543593949475
14.271996691279883 -1.7500407907679596
10.88136410228296 -2.245270138017109
16.087431358233008 1.8399567627948301
2.6933425557046005 -0.6926369646894192
11.988390435483758 0.767805411386162
8.289320812674312 -2.2883700372365294
17.05769643328416 -0.01642734845025015
1.0046748586515026 0.07564030858390614
10.62237764504207 0.6270734564749237
7.04282792612043 -1.5368366323244773
16.9629077001187 -1.6621363441850958
3.5731361162615394 -1.3505326152961425
12.554802683627452 -1.6243170901779025
10.827813990052281 -4.471305773533023
11.241173214951559 -1.6277689254152723
15.098229605257002 -2.055600098074059
1.3512451838302497 3.114634361424072
10.430103002709258 -1.9583001295855864
8.737694133015738 2.383131107791654
12.763088506020022 -1.0322324770793896
2.1684426093973905 0.3575062670177316
12.660376815409176 -2.6968314781763145
6.170659837871577 -3.5970416643032954
8.68237271495723 -2.03903368331244
6.611543784475171 -0.486748474640078
18.954212097119516 -0.49098051022571815
2.5454142572123146 1.7019588171514792
0.9836623801006699 -7.537541059555009
17.874975278787502 1.8487056795939778
16.54402742828852 -3.2055990285963487
15.216246537563334 -0.8049168428761455
5.758371290431456 -1.8544992542588596
9.526647728616515 -1.3403141668240095
11.235532846407578 -4.3506096634736915
12.887934605528168 -1.2455522578707028
7.154202380202377 -3.67704761336601
16.69001566881483 -0.2514452208292223
15.618680530693123 -1.2363066672063467
14.415834872572747 -0.5263569505173897
8.025198000415271 -3.3162757641857286
12.44231092879361 -1.9159984357556654
4.274361075167003 -1.8199016046371987
11.507655035665426 -1.4210203364426963
8.316936552696248 -2.7177896628706777
8.459155689650004 -0.8610370432899105
6.71312658073945 -2.1343139557533366
11.156088985430669 -0.7031271934176253
16.93880748108924 -0.617872583865041
13.021940420884675 2.443692029056995
0.23775300052277237 -1.6626472922558517
15.59343319399058 -0.7558509411358543
10.400337613692995 -1.4155356078612389
5.856104347586158 -0.7260847740058229
11.070706898550604 -2.3359380019217397
11.899253498781748 -1.4330372599039551
1.8746301652820887 0.08388745125949293
9.622424163451388 1.3008415700369254
4.601355394337526 -1.5364541287094404
14.476586069324293 -0.8001482426078779
10.896975081668783 -3.31714047607727
16.578783254494862 0.4466934643987164
4.085082127245593 -0.9404509305620069
2.442408727793539 0.6112700677162404
9.278592106807409 -1.9853234395825123
6.6958169700614505 -0.6511207816786657
5.933323498704614 -1.5107213299352118
17.77329806720503 1.1701850032478902
18.15957028459959 -2.2245921653700247
6.8830619919061 2.9880307281638676
15.49093821179636 -0.9123073045936828
13.371973353401934 -0.33098464005763684
17.47955535371187 -0.33104106071945083
17.615016386328186 -0.40748530316185005
2.517065968769514 -0.9076619013611523
1.7785058870369361 -0.7744333730545421
11.657326185917013 -3.518915697531348
10.690348254075047 -3.743236177012705
17.564125750248497 -1.0542880494177427
17.812048072619994 0.5323265570375856
5.515933206823579 -1.1605418382379182
9.862831481364907 2.432899882327037
7.5805682711182945 -6.345751699477396
8.419390716473188 -1.4329453170560407
2.467660503953201 -1.147513114253477
1.089937517453842 1.4921316765851793
7.934511572624907 -1.124856318498263
4.018990696725119 0.5210096142802217
9.96882395896129 2.828544717872788
2.5893100316961317 3.2671671844409764
16.595499438773423 0.279535977140968
13.639148528765393 -1.1634470445418306
11.168599226809905 -1.6025271318310952
5.341336826541851 2.533472954964789
12.341933296249772 -3.2251293226154973
12.501818173429271 -1.158293406266365
3.9195685709000156 -1.597395025922544
4.868243325242956 2.494152912354318
4.5005803978204755 -0.7082652970235362
4.831314095783612 -0.921051953235134
2.3160828158798505 -0.3741411057664305
2.8553195931781 -0.03266274153272283
11.268416864226685 -1.5255022505668696
8.730392933941253 -2.2894680165686623
5.62477464162942 -1.0800154362205887
9.17551732319309 -0.38126450373309945
19.085039386549287 -0.03982299980430977
5.722491079859306 -2.5368218344740425
17.579233952737116 0.19391221674408263
8.596940310736459 1.7680569848552108
14.854766170807796 -2.045447885458354
10.697358978115734 -2.497796729348624
6.507670136379974 -1.2315246731264424
6.172247507920115 -7.662362898798833
13.687385224444817 -1.3851074199061524
14.007079005589885 -1.2319515006493704
11.269492960121545 -3.319892722016073
15.968912521090006 -0.568701645036791
12.052616060560757 -1.968911644769023
8.489824970897834 -1.323284185156445
13.924418728218313 -0.9688912640662171
3.2883147771038397 -0.8164421369958291
16.03354253003563 -3.100653704561416
14.64196993451081 -1.0356675288011272
3.233448453479988 -0.4945005443051309
8.414328291827145 -1.7595602750255885
2.7796218802640644 -0.26157938608974174
13.696286506889791 1.9153856438344303
7.585645498001115 -0.22080438886412973
12.728649988249773 1.7041899718703961
7.410192369017407 -1.921895855918906
4.852958309564536 -0.8868730278196755
19.061123100770413 -1.2688688471575718
4.357621831032072 0.41822885655719244
8.80895425020863 -1.959100626750493
19.144706306498424 -0.26408170342050763
13.233823445889508 -3.4313935723393216
12.722708824689311 -1.6108305201541597
18.950969207333827 -0.08497543273435268
14.083981184002269 -1.0760081785051114
18.576179910799375 -0.6158646696433966
4.004505885469408 3.4453148712200248
3.7085652529380955 -0.8656438161139436
13.206086089794438 -2.0817503782511024
11.62085508260208 -3.7712471754620833
3.9466712971144706 0.5849164073638936
11.786332433845873 -2.971383693701835
9.194453497670462 -4.234128730821327
2.997451646454562 -0.22380699187900013
4.4597557130761665 -5.908687119761624
14.81251475455925 -0.2771388641416278
3.6967268149663486 -0.2908059527349006
18.608199963451444 -0.23082783346175523
17.589923441953854 -0.2198882641643429
13.929721129284486 -3.426489298148276
8.863919725438299 -1.8364303058425495
4.766378837196465 -0.6033641842196845
8.147444417302191 -1.7363012604868024
7.212991835801045 -1.0022316540085396
16.41602183542123 -0.351173542005093
1.226456983754628 -0.219833436455238
13.842991093928584 -2.4068287062683034
9.405191829103353 -1.3894236236061976
0.4188349980999642 -2.5211952748157898
6.0527075273479145 -1.4350328756553574
5.674573881925953 -1.2410289874123859
8.89336612589615 -3.701259456051663
4.030790203620399 -5.930400993726188
15.712011807450581 -0.4065848147746047
3.772252356924766 -1.2008581684687598
16.735671152773495 -0.2666228011544373
18.63530215571242 2.067472858472694
6.6963333469542645 -1.0469664430884997
10.581457241701834 -0.9944543073619911
9.69825271020249 -1.574343140203397
19.89563896117922 0.38531753507340677
6.75932073592205 -6.711415563516504
3.6473773048722764 -0.30170479494382774
15.676455700502647 -2.264165808392253
0.7103653926946493 -0.014319080789658573
0.2516298336999224 -0.008451977422033519
10.836966060000334 -1.8392167792969687
10.136330642522337 -1.7638862610528196
15.280461206614905 -0.44972056894813556
0.17806520003222995 -0.2687842397317306
5.459415151468047 -0.794969150395846
19.7749406687001 -0.2453167474916778
13.936692271148363 -1.4527966705928885
11.655693217602476 -2.8663831577232055
10.300021894122755 -2.374253630947591
13.951325547137042 -1.2875071629803885
9.319073862425448 -5.249687247561946
7.605597531040457 -1.4490807782996908
2.6065709260131604 -1.849879675835538
16.45314184382968 -2.5435401747649067
10.191156517266686 -1.3054254707953055
18.055311797920023 -0.29307133317796324
5.8105431522971145 0.41957111457492174
5.785878589984641 -1.797451375936917
10.47768751767346 -4.7474839277541685
18.91556756796631 -1.4069449721454597
0.09696929875160265 1.210409074446205
14.573491503472503 -2.0512233337162447
11.334216702122912 -1.392986140395814
12.905685898110429 -2.319074436141643
18.477422016442254 -0.017104311158490634
11.292128958888366 -2.1955725118325633
9.955274361677592 -2.1166461742665015
18.581908700456502 -0.16033635615370406
9.996044905054672 -1.7320488124704325
13.810145247696965 -1.2905874500672947
16.74951930865995 -2.247888328180631
7.086930022855074 -1.5508364602099067
5.533766231859033 -1.8973261761799431
5.104333002733325 -0.6626252056180262
17.111509513849526 -0.3780823749045562
3.826579790839766 -1.774827856607749
11.765073278122149 -1.2155927777652291
13.174773014937912 -2.784405570544566
5.195763459000371 -0.7626738115924582
18.593744668706833 -0.28800394810994606
14.924725357855756 -5.744305898844293
14.07746983108353 -1.0309770409514396
17.065455382338836 -0.5430238847069399
12.30164245294208 -1.5975721465861445
7.189894783837787 -0.4423586661249058
5.653545981406419 -2.447729243696611
6.524286847440162 -1.0942795356188182
2.5473158066961776 -0.378122200524979
6.178245707496069 -1.3071444733792286
11.043184179937283 -1.1510720228188163
17.93031179682865 0.06232363061122887
17.77764180755385 0.2532059639876672
17.659123631872017 -0.11238902142481719
2.4394281846114607 -0.16705838445838297
7.957913132206311 -6.168144793931727
19.159571060341207 -0.3569597005321452
5.769812218000118 -1.445138547415102
9.650550836668312 -1.1606688278255861
1.3892033698377473 0.6607479714178726
13.716651604039399 -1.62137951804767
12.915753561875253 -0.5200874556008461
19.145199575683375 -0.33659939984248965
12.173726887580953 -1.7436822825331437
14.019661299733643 -1.3782108234595905
8.156613880847248 1.5455546894224703
9.874884093178458 -1.758103910910057
14.750550925490012 0.45437065967252444
9.394519066905122 -2.571101669303729
14.809354793831982 -1.1406882194224663
2.59132229076836 0.07891425914980335
6.240289915916653 -1.270447370008193
9.69631512736726 -4.551906267930965
12.724118874472241 -1.530759991826192
3.0543906108779524 -0.608937738227613
19.446845417975027 -0.40303689890116223
15.68935769397478 -4.3303037496399535
10.024598571948491 -2.519228259244834
5.769104772691281 -1.4566460172957665
7.735804266700997 -2.3901923816669046
13.728236304209913 -1.7222917976378873
12.403433633610444 -2.5480811785062314
6.44193990333261 -1.239148039616597
10.205513833467945 -4.638705602086891
12.338116400657599 -2.1772828200851744
14.910962548926603 -1.1337756868084408
2.044547639001217 -0.9566667210365134
17.387456917320726 -3.1321280765619406
18.075103218322436 -0.1672036336396619
17.903609640525 -1.4408170836072955
1.2655916039832436 -0.5437574666649774
12.854991730703436 -3.183346648273472
6.533056505638694 -1.0325584828729866
19.314205965312485 -0.8621602994145319
5.592567961476019 -0.8051329774343674
10.286132515236478 -4.194611510386976
12.56122408386092 -1.5450786050758367
9.006441469679837 -6.354327917146836
17.05546840173596 -0.3216048782205001
7.363192811236971 -1.5399403513899215
1.5703837658119115 0.04265869502063499
10.654772261540124 -3.8961674424136574
5.476745413648826 -0.8432818629802288
17.02623437900954 -2.7369828592481418
14.65209339004681 -0.9203635520208034
14.864335773345145 -2.9796179338735045
9.712042918598986 -5.060498718625184
14.02428290358336 -4.499512992934373
0.2758599778489496 1.4357463957656245
7.283354385062402 -4.312119609527872
13.532984757124273 -2.3901131101872792
15.01473963491302 -1.3465699285176447
6.371910043165599 -1.2104331378236484
8.056026032523505 -1.2437133340970898
17.670160680995092 -0.6205049687058468
13.542239144307091 -2.3080059229516117
14.027621398290334 -1.0666467352691038
6.440135999597527 -2.0234955831926458
1.5656105562833142 -0.16402881753784398
17.061205920250863 -7.48801862918607
14.595918328743027 -1.83983755832436
10.013086031356982 -2.6437788440346153
10.099523039939973 -2.0916674820957
15.147073428407742 -6.266335670210937
18.91493018922595 0.10231015232744874
0.8832867582013612 -0.9009668617421873
15.90881665272465 -0.27996887042890184
6.287697759048803 -3.947714953218291
3.2064048195270276 -0.40615894023611954
12.280313461183525 -3.245331813832163
16.65217409445505 -7.077800510051042
1.0919068232507636 -1.0820976825052357
14.947864590511102 -1.1274739875736803
17.322874894864032 -2.6811961887185984
12.615873411125417 -1.424355563377202
5.022452409385893 -7.215564070559514
15.538237737886128 -0.7962982352694837
14.739462870132558 -6.75223797273875
5.770994531296626 -1.112995536157335
16.23155594778174 -1.1041310390236596
9.876158500810021 -1.455089664944881
2.9211757956560067 -8.130263977678519
5.066701195640026 -1.0728205658619319
15.978870869775639 -1.4998791014195612
9.324391396339692 -1.796560012115267
13.917819241661665 0.06743678410339718
0.1879476070481438 -0.20630996201907892
0.3108893033796265 0.13083496820373858
12.66517154594362 -0.6013448351405861
19.194988221429348 -1.8329038502286075
5.087974127891952 -1.1005851026601534
7.933394320977088 -1.8498041733772654
18.648276262115665 0.5235900487396661
17.883180084507174 -0.33837619859906715
0.8307866470154914 -0.2956136911748098
5.471604640580429 -1.5295699674079113
19.660637615595085 -0.5118076578422392
5.926099674842099 -1.0182091430553273
2.8622376254682296 -0.20257330296382586
17.145385498666982 -0.8620896251819782
4.6424112413388805 -1.6096830894013003
9.834014127160158 -5.391286166363325
7.138471614289212 -1.3830672095003684
10.56232170429911 -1.8801190276775992
14.620904590620992 -1.10047781596955
3.837542561055327 -1.3283699103778015
5.949811714274658 -1.550896906222115
10.406174150935792 -4.648259531084641
8.72608444595183 -1.0357276734525251
10.196937987379904 -4.299998592735457
4.894867343799781 0.4703808773749427
7.577829808786108 -2.0312936401705803
16.652782816500117 -0.4129244332212923
7.044382404591611 -1.603447888603931
17.40948722332351 -0.24664050949622138
16.120982288102738 -7.375702955550041
2.384139448891253 -0.2415439508049993
17.305797399019603 -1.147913090548207
10.898285496466364 -1.7326038973723854
13.577275899179893 -1.4231377876383842
1.9344168884646495 -1.0772352940089123
7.9644529806998845 -4.268656658583957
11.718343307698643 -2.4459957185105163
18.28639305890713 -1.1387532497483357
7.81883688917032 0.5880411624819964
2.8368675269646566 -1.309235136249438
5.097749263041562 -1.1021241024247146
16.465932812154463 -1.916525353051243
6.772892912023593 -1.2347062968781675
17.857088415446 -1.0161599727100583
16.928201223718386 1.3540095455553138
1.4278160940760016 -7.69067630843697
9.877918363968273 2.6564087641423244
2.251941164169419 -1.832377325527259
13.354187033657652 -1.1736802902300123
14.317891786464156 -4.004939744173122
15.215239458829396 -0.8176977769646749
7.510253324093035 -3.0333727864487003
10.222242413471745 -0.6623572023538229
3.9468185205524695 -7.680092967431615
15.198236274045438 -0.3860817266210989
0.6695151699694533 -0.3308829149612306
10.515946898643598 -1.0740338965607166
9.119773777958137 -4.334969843080064
1.541047735092784 0.14694672951484117
2.3316555506793613 -2.445140340907861
1.5769387302507236 0.7780343211123414
11.037266751134807 -5.351665031573867
19.51041440593031 -0.02394362107274453
8.856585007862323 -1.4969171539309802
6.63826154366046 -0.12342074382054485
1.472012884835479 -1.934606084793918
0.8051625949716008 1.3708289822268098
3.7056565902737124 -0.3629270710830108
11.487749806882768 -1.8765176397267966
13.391975282916405 -1.2841197933200854
17.728038825414178 -0.6697498139800775
0.5791502779325385 -1.0659980118405545
6.636036456940805 -0.8040113598069067
6.391095605111762 -0.6734547103487319
17.247531578248985 -0.45908270620591285
9.66801126817611 -1.012384589012321
12.424459347990835 -1.9244714176610147
6.59908553045935 -1.0917111647374076
10.318805059524266 -1.7382089069123867
0.3243564215140816 -0.1318444551449531
18.235868409142466 -0.6232333190860666
4.915450105920045 -0.5122953454873126
14.523157815453514 -0.8235270945977519
0.46642775507393985 -0.44954939087146245
9.805862434871923 -1.678496187240307
15.364040263910692 1.0116405610563408
10.494266690051811 -1.1399369730182085
8.582516890291993 -2.0801788057001533
6.106438328942582 1.8860112616959133
14.27885878868442 -1.3798338380141628
16.30082336094362 -0.5254651782893636
1.269967340201891 -0.3816292867235057
17.208807099579797 -0.5182209120373878
13.879991010690908 -5.45764380977803
18.0904700219592 0.000732061243158777
19.74493239950229 -0.24538008759644445
4.1445434888100525 0.2674443232205337
12.982133167191611 -1.8086998283467228
12.282727868864443 -1.3973500974680766
9.953400380253903 -2.218703937378397
7.744339775841467 -0.4147199308155012
2.665717426577385 -0.3856696973995738
19.26623170566516 0.13602154388500173
1.9902375730320792 0.1365232722793295
7.690813594607247 -1.0480891529443597
7.150332847752565 -2.32740593589902
15.605855381243563 -0.4336169196240747
18.261476654490842 -0.17625489918797754
4.2227806872094575 -7.517003527556048
7.926588012381062 -0.722836650578169
4.503644194173707 -0.8079531129270027
1.0803908940609814 1.5163168416587627
4.300902822806084 -1.8664592662480164
14.552798015508928 -1.3550029916926654
11.122039363760447 -1.918678282344782
14.04996390034843 -0.6084436453300199
15.195100240833922 -0.8044766903106828
3.7535339151987492 -0.8642544444574839
17.5407644739741 -0.6228134633233645
17.122572804607945 -0.5139155124788195
7.051861084244055 -3.94511308336469
4.07394508496654 -0.5196166923184191
14.54910012594556 -1.576630255783803
6.18597440130581 -0.7822776513910604
4.604846690171617 -0.3753756660231044
7.695772019063476 -1.2564056869567568
8.214106994380582 -2.75976992005021
2.0490495465837593 -0.09954483166307523
12.093602000900313 -1.2329377382359006
6.535996328958268 -1.9071656291489958
9.961338173598111 -1.1151316107932323
7.187710832560653 -1.3761876515473699
5.2386051698340665 -0.9857626348363608
3.6193605070905117 -0.7739169657273222
9.243613121031547 0.07934203218978514
6.601319300353125 -1.267905291200432
9.126427866958712 -1.3414969322893
7.719869569143111 -1.6612349272549585
19.20274786867893 -0.33145941580419724
12.74059462287002 -1.6336551769035168
6.536256977198533 -0.7528458342686177
4.508413992363681 -1.346850125895031
10.685584465778813 -2.089146810852882
1.6656642886676656 0.009850322542975465
11.987629695827936 -2.2574035595944784
10.588807758553752 -2.055225845005017
13.659784625162647 -1.3132271062200738
9.90071328369079 -1.6314402292760577
10.39340459410578 -1.6154373655157506
6.67234997373346 -1.2442142216347847
6.834574593936075 -1.241482081007156
11.306151692858718 -1.812820314167894
11.579961480225798 -1.6281993041667366
14.200039018896325 -0.43206553158214966
8.40349817265363 -1.7904162015765195
9.503032636859317 -1.7561532592833058
13.170850866043411 -1.6065418882262819
19.244838333770957 -0.5162868815903081
11.00817793862942 -1.828754344483552
10.406132788733467 -1.4800745761595433
6.011388861513097 -0.71203536575693
15.506387515993284 -0.8095070891522049
9.93103469730526 -0.14524369715983548
14.40244817195882 -2.190243931234687
9.836508706468376 -1.6051389211332656
13.610660113852493 -0.8456882256745253
17.028770918031206 -0.226156255454516
13.616812065334631 -1.3507976940055506
19.617097215377566 -0.40686170949335165
17.36834397192442 -0.7014227972872562
19.272463107258947 -0.4264918578006307
17.590304617852663 -0.2680041026439611
1.5297355356441926 -0.02412970182024171
11.56064318407922 -2.1786384314268465
8.816194393503592 -1.6296286896696535
13.752953006539903 -0.12482090573772758
9.73098662684984 -1.315447119543961
9.100183939871522 -1.6475852336013836
3.451176048126383 -0.7552135912622248
16.355935708591346 -0.6310909637787828
5.5458826937307375 2.1444143816493364
19.81677817515133 -7.537190849250358
4.8811139201930365 -1.0920593494821695
2.3947405015216106 -0.1517485876831484
10.272190312713343 -1.7671432833038092
5.979442948424636 -0.9399194430609668
7.713030170105926 -2.8098907265293485
8.940477319058463 -1.8307302756598645
11.95129716266513 -1.6035859941705426
19.99622578241375 -0.2639332265025782
3.7081956755604617 0.7236833670305495
3.4860551333911234 -0.3500929160295526
7.113399170083001 -0.23920923060469268
14.358402701210034 -0.9207907374011037
10.420957660378674 -2.0623053916317207
0.23899539997398472 -0.47030117957764955
14.557530102851231 0.49767867395270976
1.8779278240929622 -0.027521222613943352
13.80299306158486 -1.2657909645204748
9.39095115440634 -5.0236080124077045
15.3385134312863 -0.2355220403651372
15.32764846487447 -1.1744026726006067
4.925259026046057 -0.8093315156325527
4.2504008604663674 -3.7103561615567413
15.046397401574785 -6.401926778665346
19.254858630722865 -0.545016084852862
6.6107541800236405 -0.9386360776393672
3.196833170522805 -0.5081768518524059
7.921900265952772 -6.10778432646529
13.433148912556709 -1.8569256756879293
2.3944471188652248 0.025059665891163485
11.667847750698488 -3.6378860548457386
14.37528067587471 0.01568268189048108
19.55961009446098 -0.45864652980857723
15.88790288000293 -0.5655925591494657
16.25851830029179 -0.6841235397187935
2.354556390391019 -0.21950248120909582
7.009127445753032 -6.710527483877642
4.151737639757936 -0.4374865649324643
19.4280341944318 -0.008921868064534128
5.174795565868441 -0.9956036979452275
2.5471310138891265 0.16695161855871013
13.956634665593143 -1.4326088671754946
8.394271211385407 -1.1278792286389403
16.37659685416298 -0.3388449203925542
4.997789116526874 -1.4456118882213418
13.532130108445116 -1.5553204855324074
6.776510529784867 -0.9215188589071148
6.271802293857603 -1.2898697243969788
10.794306821942914 -2.1032911029927654
15.176265818821458 -0.7674728005798677
15.857409459759234 -0.42221253585392243
6.2467464687267045 -0.6553665354917454
5.798826414660123 -0.9543813338399332
10.832639137870297 -1.8335754123851804
18.20650775076742 0.10199225583842077
14.39377169977812 -0.5543658699104943
11.78637736662882 -1.9684864416736412
3.511729238078237 -0.061011324919271206
18.830977420828056 -1.3953343942645466
8.925255620372239 -1.8351364783813755
4.479617113140138 -0.2777174925397727
3.183349801008997 -0.12711529693797158
14.205552020740202 -1.5093433482454892
17.8215394338036 1.7967962708839091
2.4723583792132113 -0.22037270402827464
2.855110985157301 -1.4095874402923694
10.267418463225543 -1.028613509618142
10.883507544519071 -2.366110919187338
17.921047845893643 -0.16895438502306384
12.666447239622274 -1.703383052895851
5.5698265247340855 -0.5985479350131003
18.826667427347193 -0.09338708827230544
3.313945445835014 -0.5508245473811735
5.99369339452181 -1.4837926218046216
11.247251126003395 -1.2252203773963743
4.850504513703976 -1.3510999837136182
14.025984339536821 -0.896711233612904
13.06383655830204 -1.8236600941559398
7.414271117016263 -1.0116487010646285
15.548485905499122 0.6161331110048485
9.253256848090194 -1.4464477411509915
14.942450042801045 -0.9087180982640919
16.440017609542885 -0.48243242714367507
1.1017627862965143 -0.20443428813059292
11.97839370475424 -0.2674372171352943
11.696921895205472 -0.9411077217460418
5.2069786726410445 -0.9842325717962354
13.603153726149086 -1.6276905723326192
4.858544803816647 -1.4234975265523282
4.0810802987691845 -0.7594568079649094
5.12004461844128 -1.082164972187958
19.663853785727184 -0.41226869064672955
1.4005272957106198 -0.14399722597237077
1.3263384362934516 -0.12043518880399584
1.4770211677968297 -0.2984572296090986
7.523588209276014 -1.132650553319249
14.795257307485533 -1.6342571171660447
7.067230506678571 -1.4862046570582081
5.115218070460972 -0.6058494326113633
3.996053285023238 0.8631494205990776
7.791829144983041 -1.4821930059114905
2.9655827868968143 -0.6752621089393632
16.6433574095256 1.2071036240421784
7.55811115365479 -2.0359227067494317
5.741900763815057 -1.5865521016212698
10.001705841994855 -1.7946624420154427
11.944764263360607 -1.4178067175996634
8.585419128301538 -0.9174893830308474
10.125998727419526 -2.849986590521658
18.969978219667325 -0.4513434808928772
12.440078735776257 -2.664827159000946
18.810019111016768 -0.1716280087957349
5.507983170974134 -4.190976096296281
1.6744048180068016 0.22595341595812182
19.84046967924415 -0.9119697228156733
15.852318181873564 -0.7735133518443078
14.235301949868253 -1.1453842011821131
16.12523473741155 -0.02406423248242305
14.373802282966167 -2.727031717289013
19.152043042739795 -0.5526162968348365
19.00951632387873 -0.08406695818857579
5.4156247211067905 -0.27724163342408925
3.3150173411503387 -0.6364036815635629
19.051673521462515 0.3716644060609206
0.41758285184065697 -0.43488036383460754
11.950819334861855 -1.3727108946670223
10.221840842687145 -1.4998727808740817
2.823815877560752 0.015615109620199047
7.010394957367521 -1.5955125893336848
12.697886216066017 -1.1005816596811508
16.85075955686132 -0.3146048090088657
18.133380814057865 0.18572532389207252
18.71239156375546 -0.05207998557891497
11.090792208627992 -1.6612035305915045
17.494901100906112 -1.1481178627679982
0.10853081905652956 -0.0685143057947436
12.668670308707437 -1.4047598731878017
19.250333611974625 -0.4483072586665152
4.92258863902649 -0.8246727876794164
8.391402659730327 -1.2644539584457348
18.00538533843104 -0.3484194088548586
2.9669200754111853 0.08383020139306521
9.230400627353657 -1.6573733198975178
13.75081412535858 -0.23013518806535865
7.7757419425222505 -1.4813672992932543
12.519494203443884 -1.684007271509913
10.084470930948498 -1.7470313715119605
2.359981867717909 -1.6959000072057924
17.957826754504428 -0.25874849665430494
12.667449840519964 -0.8337189857026479
15.940159844758808 1.8050011008252307
1.9681535251868747 -0.3368816835481154
11.437100380767788 -1.8841222288746833
5.233098923590427 -0.41393525940501275
17.14368921228403 -0.5784986122795058
2.023491911776625 -0.511559613154811
4.245405487795541 1.263245548407279
16.334770121679874 -0.6657660146647996
12.015113067288546 -0.40608009886370755
19.140016909499163 1.9902039312716062
12.2153565520208 -1.100237927582695
7.717492932218076 0.278207909412181
16.70825694054725 -0.1805471554541735
4.439657337336931 -0.4409583677290103
16.91364307012172 -1.6097799001420035
19.022763112696882 -0.2895393520098332
2.952237229637443 -0.2332819502689262
10.135108047579639 -1.8057145390850806
6.568105276333723 -1.1152056222488866
0.7411213017160472 -0.3270451439766961
10.606848704700013 -1.5349037792049016
9.985264723327408 -2.1389351868607798
15.287003605422841 -1.1615085448576257
6.5653957944021855 -1.450056896540865
15.985203857016408 1.5663095844800572
3.0463402645709174 -0.3449126153497196
1.9960779309877559 2.3073680073263616
14.84761728218253 1.64741132680656
10.979752282074339 -2.8398180232165653
1.2884916090251453 -0.26419446526957235
7.49467212438912 -1.1739516234720717
1.7498753660656317 0.6205332239351719
8.446998550448992 -0.43854305355584
14.852830106946302 -1.1687998958389427
2.093193882315134 -0.03529690220321233
10.038299782550947 -1.7905851666966783
14.358398030681931 -0.2899717546107597
0.9230754341562004 -0.69480467682774
9.05909956741501 -0.5254866786792041
0.6842134953045436 1.6472287024629684
19.314707022547818 -0.19858272182087214
8.466530586618351 -1.8893019392382455
10.076148001014952 -1.8450397788231898
11.6943626217768 -1.013199449300917
7.249341151717773 -1.8873706786805717
12.024230589671324 -1.1788471246177217
15.492321625006966 -0.516579227809815
0.8093787156896337 1.4841823528911406
6.427410016988485 -0.3346731967826181
13.541713421547433 2.012216084880447
10.720697838084561 -2.21943820133382
10.831482035182338 -2.0837364261485667
17.879317791884816 0.0564487947379761
10.398133160780061 -1.241269530108338
19.04561010550281 -0.28469599816372987
15.64947677513661 0.7338696752620574
18.36754975483328 -0.7161679981470669
14.021006941935083 -0.4422785654120776
8.866891313599234 -4.326658844753382
12.280021855375248 -1.539387619718938
14.904727767151142 -7.005490396976896
8.014101372178269 -1.7482888143948203
18.520845449431963 0.2115959344387234
6.767729156656768 -0.5667853744462208
9.415405500440611 -2.621238689208836
1.633335144295406 -0.05585915150104956
15.382416572690875 -3.6197233103638484
3.8497190505815135 1.4893064021543037
16.43802253333374 -7.241730935071324
17.057673664661902 -0.9805704745291913
13.469798621258938 -2.1438116592803853
12.215250683056505 -1.5013246577883161
9.183901135540673 -2.6796382021407372
7.762598947377944 -1.1457637737522155
14.476949776342895 -1.9824299159414882
14.918913362295903 -0.8104404912489714
19.780705900910707 -0.449282247855569
15.088664653949117 -0.48590180235579494
16.84787365359745 -0.5488705801309434
6.13554322163867 -0.7046685318476805
17.5222851044799 2.543117241840721
6.806775955124408 -0.529873182096746
6.048397141214105 -4.953207925988163
10.149976048015146 -1.8023075080657733
1.0046638084123674 -0.2175338340073957
3.6483215749731386 -1.3674957683899964
10.896432932233697 -4.351633819854784
15.052324095596038 1.3440267046846957
10.388843036074611 -0.9531052783128151
8.059548731113724 -1.0616886538939625
2.47366596277621 -1.071980695077206
1.3110671216711978 2.2667716443441703
9.231537767578795 -4.17827231574751
13.468336223242012 1.2673103293342156
15.93649016902821 -5.141464805011118
10.866114150086522 -1.469076087100604
14.853909176797643 -1.265097993646722
6.092923591191273 -0.7943876582127757
18.965771603165923 -0.6886862954657367
8.55158996579951 1.3415093131365419
1.7310327783246153 -0.10932949376004997
9.704623054787783 -0.16624748026937272
18.283193189632108 -0.6892457599640268
6.16404031244065 -0.5348971412825826
19.332632338773138 -0.04573095556218951
13.290321304376894 -1.2646941250431727
14.86575442964557 -3.895820262640199
10.447505564873246 1.934115558626404
2.3022511867309325 0.14826792344244183
9.397132885432825 2.165653027056181
6.183196225337964 -0.7906071064027502
4.697986358807218 -0.16607688907065726
11.776818825233383 -1.4118071926701181
11.748378388310039 1.007441385271275
6.919969862552172 -1.4912676880039013
0.04196498149093131 3.6194468242024382
7.286290051096182 -1.493408390720492
12.430433988292885 0.6395972398647579
11.694878778243773 -2.1861572824379842
17.45090615035909 0.44538336851199894
8.152856996525125 -1.7212304867071846
8.01775079780542 -1.2048441796699885
4.921018333159835 -1.9570278385284219
9.279967161057142 -2.573900687170388
11.760311860665809 -1.6645595043386678
9.684798337111985 2.0896802690555205
16.701545793895896 0.6406986512568009
12.377802302187284 2.536242719773729
12.83125017307164 -2.848192851497412
10.60233710562915 -1.2953211545474679
7.550546374541176 -1.6379669825939644
2.767608410931917 0.09406681796260219
8.880200670554876 -4.182986986713133
13.866527573569561 1.1146208331815413
0.6272178653146951 -0.15071727205030858
17.57570006060834 0.3463495026663804
2.3934663700265983 -1.686812890188067
13.489232982743507 1.3592667621679468
4.6045553373904395 -0.6493580762260833
19.15051608970347 1.1885127614859792
9.057147873822247 -1.2139921042586435
14.913316325062887 -0.8427549526334458
17.917828248696917 -1.0151632495594647
17.71509259168025 0.7333703846120877
0.8859923677125837 0.14807650214380338
11.913681753388671 -0.9124546326133158
12.03374232568553 -3.0549805752635235
14.18865026273723 -0.25094426739056475
6.0438183903901805 -0.45506448710812436
4.713252677310929 -0.4918584796184964
5.934916028203279 -1.091893801208963
5.733896148515923 1.2740283695852068
12.679099904427233 -2.0837398173671504
9.96416348003932 -2.2404524730244444
13.878337440759669 -0.6049404358989359
19.048274400034163 0.46805840420141936
18.853703452601273 -0.06781070154163829
16.257859720742818 -0.41794395587091693
12.468458725934143 -1.0889669915072142
8.059509278606402 0.8662288062692857
8.782576543201499 -2.8800752318951206
13.061717353178413 -0.9458227187738539
14.07172704501363 -0.13448373389093232
3.406687758180241 -1.3075798928836144
5.409160218916676 -0.743995223239106
13.908835811546483 -1.0265729974542426
0.4709918548346287 0.03775469179168864
8.184523883090165 3.419326055774428
14.286882224943755 -1.0794095647090773
7.456706900566498 -1.4041207684680455
7.230077086788632 -1.3978396779294207
6.995312155571866 -1.138363255465304
18.128208566296163 -0.15151646516033418
13.700674802029155 -1.6294113880519003
3.4192512892097926 -0.8549312764982079
7.710034698077679 -1.0794371709351747
11.197039599970383 -2.116117250748367
0.4394091558825503 -0.9054788268729796
4.981974902579931 -0.8607360599550469
0.35645613146163807 0.11552574483167172
8.555211001018819 -1.9472275343890755
14.939544097411066 -0.298019022771679
17.549583794669548 -1.1110520285082404
12.2157385078355 -1.565150477548376
8.219866311406777 -0.5824874431558262
13.880068392131317 -0.7265805318047653
0.8014086922116958 0.14441809841978182
12.331960779255146 -1.8290499565242304
4.742049160341783 -1.1607893238756883
19.009314166019088 1.211697523295028
11.756418952342212 -1.8552077216946028
19.709594677484294 -0.07365762273492024
14.731572415586216 -1.0211521044233283
15.72997490493126 -0.14510288263334248
13.299008500883925 -0.8776669014373252
6.434894915164634 -0.4919411750725802
9.134631207962096 -3.6774255169590395
17.393632925385106 1.53562132432295
16.571893253425497 -1.3044650908403936
13.417738005366838 -0.24802240620991656
19.463187372895227 -0.023220787846850804
0.4340418171641912 0.020128574649367098
8.317815216037344 -1.1558066184605664
6.968001346907927 -1.3794450977406139
5.664346861341991 0.49443086585996293
14.822279160667891 -1.6917146064855082
8.333385888528525 -1.5851658409525915
13.583981778815946 -1.99095512310821
12.530864634442791 -1.5611999628589048
6.155634024534986 0.2164508409749385
3.0644540802760196 -0.6807174467245517
8.13997143229741 -1.334620157976011
4.2091077278266695 0.26602623759304833
15.653359514100194 -0.8468678154609102
10.243365086871217 -1.5362934661413807
14.96856986484227 1.81265383694183
17.640201629529294 -0.7775547916677445
8.937276665100123 -2.221235984320293
18.754523353241655 -0.4881504611709139
2.6197948191027054 1.9531637987372465
10.959536194723926 -1.179410266691347
9.236090518689874 -1.9913534568649003
3.8456672164482124 -1.1804489462472936
14.52411885371006 0.24928870156713984
19.75028021407429 -0.3618633599313119
12.842483377737702 -0.9277260979180553
10.223022420186867 -2.932170902050768
17.254999445230986 0.22559638647272484
7.805182414287184 -0.8012329973619482
1.4955693802829533 0.28147185100355643
4.743821700935502 -0.5146353023494167
11.49642532486312 1.762795499455122
4.028430974324615 0.738323161241614
2.0120598806571617 0.1693357902887195
12.269917471574052 -5.020043466105974
3.86650536611564 -0.1099654819403493
16.51093461624638 -0.1842698167454131
3.778885053065677 0.05778210760508472
9.396919054687308 -1.2858414598955794
13.170959314958749 -1.4077834082621994
8.542116632283026 -1.6521179514735764
14.810847459245142 -2.598041416820079
13.554694237892521 -1.1469786634703898
7.554789957014007 -1.2393728861870918
12.820348403146776 -2.513168649688916
5.979376914703126 -1.3749295627557667
11.52642576604917 -2.108838958595671
18.70649591290464 0.7995486207170257
14.83908452946671 -0.33244058248099606
16.38807239429993 0.018452195206846378
12.184772513996391 -1.6518814122967926
12.304626434626558 -0.6350924919289861
0.26807052653833885 0.5705619411637319
4.934448143724641 -0.539276791366871
7.167493987905219 -1.399325063012219
12.054659450853624 -0.989296721161538
10.785523124908964 -2.371587920256854
3.678631633071485 -0.26752239849963105
9.981766702292145 -2.218335850242551
11.786796131505957 -2.0162396788682657
19.419043066777213 0.11962520571195877
8.586099860607641 -1.9602135030308903
2.9207071570806797 -0.5910512354342334
4.940281880601848 -0.12129653519167216
15.387136718859958 2.109528380562475
6.0881089822222645 0.477048109353253
12.517016568820663 -1.0399669219801493
6.401157124170129 -1.798309693230575
0.9838788398538375 -0.7795139876127899
3.010186557670079 0.03912705863746699
8.970022409520631 -1.2029675315427353
4.031379044166336 1.4300279042876785
18.978576266046616 -0.02686445253807404
10.806049586329218 -1.8178079265174827
3.151184257772801 -1.1045531517295164
2.0818023951990257 -0.20526444911997238
2.71652583411373 0.33674673324962057
4.167085960694857 -1.336539975086529
7.759936499220614 -1.3117160286684189
1.5572636366276473 0.07675996044756223
16.238744843911316 -0.6401626221182527
7.949647648264212 -4.004606707890222
16.41850869812849 -0.5655328442210253
8.968443600060068 -2.2152957288445636
16.79762184134266 -0.36854051955510364
2.5001008282484234 -0.37135462541862696
5.232175355273235 1.7009460174280184
17.44254989517645 -2.2096231970588973
9.791600858128994 -1.6223441925326896
3.5232129514793598 -0.8165335025742548
4.603753637714355 -0.7467310917570655
5.13068289562683 -0.935793003001382
14.940567307348747 -0.2911689033110558
2.9506794431345202 1.0410689425648734
7.213720817665972 -1.8950481381415476
14.992806465788782 -0.1315810019449003
5.6737308075034125 -1.0122955051434528
9.709959220837032 -1.8826735138123583
3.91256007565194 -0.33472834367877036
5.3847595092508245 -0.7021625682402717
12.736856744583198 -1.5019080508843663
3.142552775486009 -0.46292110004733245
13.023716456654569 -0.38625362233310967
4.048983692602648 -0.041247649920126445
14.433309357852357 -1.129841744890553
7.483683731935416 -0.33865075087922736
5.99810681521054 -0.13826124107779497
11.832569576600324 -1.0035255652613668
18.19608246535301 0.5033318616735578
16.133453165935634 0.06364802582520579
7.250623830679105 -0.7594653731567053
17.37138827501843 -0.3478464361229106
19.260237811120327 1.983111867892969
1.0715769340400527 0.1840735587286462
14.788548934158722 -0.8627823159857196
10.998984241062365 -0.972935836114788
4.637890239856442 1.292690990314812
12.582754233482056 -1.4634813270968938
17.706279529858936 -0.1591061454651442
10.314630471351373 -1.749029479104149
0.7644869643539783 0.048477946644736813
4.376818323406615 0.5922786988460945
16.73642008383387 2.3889621425011325
14.164588566231018 -2.7757727382869795
18.95287818129779 1.7595478763307029
9.383347946129604 -3.429086500023444
14.025713654808566 -0.7336154415414813
14.178100353937964 -2.1439674623631584
8.676881726391388 -1.1495070127403615
15.539605402944114 -1.6758223267719126
3.1759699235883248 -0.31509171566650185
15.006281051845841 -0.7022605390468036
17.541844579142776 0.30039741151928784
7.24275219361708 -0.8713195674232678
8.481275551651432 -1.6573784701824832
4.7295079084856155 0.6300430691283532
12.728856662177519 0.1359649035620111
17.37038413757546 -0.42877889692109383
19.93299464084335 1.2665313398809541
15.302373999174758 -0.8337642838718494
7.732334716534998 -0.9537716477015691
12.880826216974032 -0.5735465934845185
0.9596096988413472 0.20206626816505366
2.0139808083992508 0.4870343573305268
2.1081503319140404 0.043733903785484446
14.304903315102552 -0.7979285457591421
11.983386751354784 -1.5123053694134065
14.935371124990581 -0.03097766350378961
11.81551142494624 -1.2671053232916605
14.459877925564928 1.5171608295214218
8.371069216464115 -1.637967968028287
13.518165435780706 -0.1675234913623984
4.311650332525005 -0.2305524865315859
6.489539803502648 -0.3059066442840588
9.075680080613747 -1.428082212777536
3.6791783149411974 2.3493010340057667
2.620564277004786 1.038375813892233
10.84905941877361 -0.2376906372777892
8.488098297945202 1.8634427586815914
4.546747385269934 -0.7305508120511446
14.540771272824607 -0.6836548632632317
3.242542579099951 -0.8672009296292257
2.2321291616826744 0.07263148416627996
4.764520470681549 -1.7885854531003869
7.613271225302784 -0.3767940856876735
6.327491786014307 -0.8860065789618317
7.811186653668597 -1.0215493911716662
3.473942263053193 0.6108291292769172
10.80364866159655 -1.6564360011502177
16.15586110813655 0.0641358918941849
7.5752957071098885 -1.845184912754725
4.630601622487036 -0.5810692389097858
6.325840725334056 -0.7353486923787558
11.42008798615066 0.9950977054197527
4.929088767157276 1.0798678389381
8.363338322815265 -1.4550648029591748
13.150712094784032 -1.2394750523372777
19.10318347837915 3.452152355277296
19.126816618434518 -0.5240041663550556
7.8916621943486716 0.11223015165958061
7.578883360148357 2.8841343546597833
12.361631094861961 -1.626961488162983
19.42610408788513 0.3248954001015998
11.45569431432105 2.812606754473732
1.978408182198513 2.371221403965093
13.700188246028432 -0.9540698497960542
3.4723957705977235 -0.37284640244361444
19.90211827857883 0.20934497165679328
18.916692029799425 1.6192405297864179
13.385813459019717 -1.3540885037768613
16.16640580127961 0.14046427489648583
11.363007579512708 1.9285886875067466
10.041413641489301 -1.1616476788847927
6.552881209860091 -0.803593765830551
18.736374792406824 1.720229079225675
9.92758343334663 -1.4405552522442262
9.535486461950706 -0.11942136167018144
18.853301199438324 3.2816812923176255
11.944185206739446 0.44149207214459973
1.8067812836091102 0.7649910808479795
13.06189377691898 -1.4758062879833869
17.55576864376924 1.2908790764900686
10.525658189338436 -2.2557767871239442
16.357829305755 0.5316265892793312
16.49310163204671 1.0237344968488384
6.252781849292062 -1.606146731035664
3.627955703134812 0.7088378568840326
5.923372460398192 -0.3099674659872871
18.620950782978863 2.439429137666175
7.569427988836876 -3.0640491832854613
13.188639813888322 -0.9018508982961805
9.87674404461532 -0.9514325883252381
8.88391000023659 -2.023355634416606
13.551240085588308 -0.7564482258563316
8.728547170730748 -1.0560268952886767
10.0882183014001 -3.908701988670962
13.0668995987642 -1.1492733019060213
5.02093315333692 -1.479401888484112
11.059138621704482 -1.3070274578342165
12.566289138736051 -1.3381750340730432
11.40193922133635 -1.3421429694892983
7.311940169587462 -3.132728354866038
14.983217568122386 -0.9024388738682891
18.780744097300115 -1.0163977164758966
12.6903116472672 -0.6001224420876061
6.997834469889038 -1.1395732349843175
6.425290876049544 0.34152053523030673
7.125723346414039 -6.742465151067072
0.7252006679410801 -1.2409764727847625
10.791431959376201 -1.8972000002291758
13.833641936296988 -1.2044133991432944
5.609595587098621 -1.623015056751405
3.3380015203866353 0.55929519291547
19.143994303769656 -0.33101330227038694
12.203617420250643 -1.4367661458769536
6.176228534262042 -5.272246921463802
10.010664891082735 -2.24224526431288
12.165955899507884 -1.340920398005648
11.342998659768195 -1.6102292160476284
2.929090899119214 3.1959920825419275
11.311379670321543 -3.2646157407244134
15.439278259381906 -0.8512674421394288
16.10004984290279 -0.641208062095574
6.965945824039551 0.6912601569336825
8.549295120846478 -1.2261142504967986
6.415954548188646 -0.13167235895116305
16.332048463389665 -0.5322888598787945
7.926062010108479 -0.8510430333484673
13.875372098956746 -0.6468897880019544
11.33868651973875 -0.6688260681073654
12.134439703625914 -1.124820937096735
12.796326013238625 -0.12582156720304177
9.328147576007416 -1.9385787192641049
10.530070700756328 0.6706899857069129
11.561255873099569 0.007018209451455565
7.599798298606422 -0.05236811427564904
3.436925823789282 1.3043762141294077
18.352212185571936 -0.8942022337526977
7.722109875275325 -1.1132691369256331
8.052608771399557 0.42235244224856844
11.99446881748393 -1.3598036118815897
8.077266914837635 0.5228386774525315
4.978466978158969 0.7854969906282715
8.380907352395832 -0.8278003923753927
19.5064836577703 0.06652428705243421
13.377250163747268 -0.835701546318774
11.937265572628393 0.16108487539575278
13.209434530492848 -1.13785213336645
10.465843126528663 0.033066145547344133
7.830720257744728 -0.6319160018097046
4.6778639361817795 -0.7052450580504052
3.6940500227604556 1.7671333105972242
19.05584343478177 -0.43788563186817003
2.9525111464962355 0.2583993237179265
10.41719550073056 -0.5671636067516748
9.109261417404882 -1.0134369806637493
13.92238396434568 0.6708096485985173
3.5754117403192693 0.7605208834229094
2.68962050438405 0.32067774907349733
15.014281248175747 0.5008036333034256
14.796391175417225 -0.6655779233022395
4.287872732159068 0.8439003184739436
6.65047890438814 -0.8386364956134704
9.34987224834362 -1.7828799965001116
18.037901924459344 -0.005995840783853124
12.723715355809928 -0.32617326752597664
12.126185021991004 -1.320563391527625
4.4660194438530345 1.4978267971134538
8.890066575575782 -1.7575469432046946
9.11161640504985 -0.48775385200782995
15.099132678078641 -0.11158366910018315
19.16899446265891 -0.4905172152299355
18.660155304995712 -0.39497686038605734
11.129051460310153 2.0710173510932983
14.959520890422128 -0.6309058469927579
12.908901964683666 1.7879447441424703
13.61808867895753 -0.8977846230095363
19.201286378600912 -0.2215491822855463
5.695611410387698 -0.1500819569052393
15.003557274329214 0.06676127410974482
2.045260748020613 1.0342821492276661
17.843112557531672 -0.015396541608490077
14.214293291771265 -0.7663932522148317
11.684096552833463 0.2758591864785535
6.793352971438454 -0.6089255578731736
11.406527597183286 -1.514425236347739
2.731812912086039 1.0466950432019637
15.410233073899144 -0.8797880416913906
2.8187560467911754 1.860515948731017
12.806956455456447 -0.8917170839298589
7.496066002973072 -1.8742664815347805
12.398368400205625 0.6015705705696867
7.178297787231459 -1.7528333617304432
9.220009333213973 1.3254701376842757
9.766473680485044 -1.683313663147523
14.993132998225652 1.4661383717654108
5.517156431568853 -1.0514690717755337
8.281856988347418 -0.8123578439719499
12.13325240213384 -1.746156244098342
5.6976933951246345 0.21063705913031106
8.288818866535344 -1.3194768258255887
15.878387965308592 1.224185287095112
5.740685082698907 -0.9367547622116764
5.41296347201128 -0.15316947039218273
19.120299256872325 1.830768166594552
1.259883500036479 0.09500276427748516
14.435980579364854 -0.9163979563504228
12.91810095885984 -0.9582925491574992
10.970556040928388 -2.120923486578959
17.12907405397204 -0.39136490568089843
7.1729279169363585 -1.4758934868874456
9.444655832334721 -1.6971698134656825
10.115169343526325 -0.6056013062695278
12.190059896651999 -0.09752728902110669
7.581058995639675 2.223596567739069
7.379936759497287 -1.0180640666950074
2.987217845951636 1.142221981657738
19.501972385852106 -0.21456107845633077
14.055940639730133 -2.5861948132130097
3.6532155282284897 0.2535800189194506
9.737908658383398 0.2636949553735372
5.293988366870047 -0.9855119448255684
17.056819558048584 -0.43918599701083694
19.80292977947335 -0.1769031917489511
14.502861918265452 -1.305856702902078
10.929668022473864 -1.7448998810695473
10.242204634728028 -0.2365955097772898
10.819312876178207 -1.1486957947611935
10.227331548614213 -1.658752249650116
14.368838506359898 -1.046262335727273
8.709003478980282 -1.3919203752658997
3.1665647766507217 -0.1571559642129934
4.5655120842913055 -0.17348671837824298
10.340238291055202 0.5955266767455758
1.4651350892679509 -0.10378634275754589
12.611828091172134 -0.428598339725071
11.637298342509292 -1.3167007440706757
19.209267918498877 -0.18482820869282954
8.935273563745064 -1.3630212387761418
5.858662932619837 -0.4073782439676228
14.489808971978118 0.7561859557053108
16.37255875538997 0.7883149927193418
12.894450420351639 -0.31444511238002426
6.1443589438082435 -0.9414942556158005
13.040173942179779 -1.4856030892355137
7.708768481688562 -0.6047805094417097
19.44746015436763 1.262798518600339
15.87455305715804 -0.8353838277429287
2.5507475556179187 0.21469494917497825
7.475782501351166 -0.6222878750298529
18.170022160986875 -0.6482555507577216
16.73088270552799 -0.1538583197341135
12.167710049765885 -1.4906967057679945
17.807299370204426 0.23510079757303695
15.097863020518348 -0.6023954628814755
19.291700416012272 0.6909934088602665
13.3764362998487 0.442679883800333
5.413177888920013 -0.9148602956291154
19.555764998033045 1.975565230540982
10.422864606495645 -1.5962692357279953
5.793271356016005 -0.5480038446732365
2.6654150155434317 -0.21831875589862015
13.483051425393956 0.4820451132040106
1.1243521672049002 -0.45683680089621936
18.148893933435286 -0.0920593606918325
10.305898251729552 -1.2280846819508384
2.9680342640066364 -0.23662908454579568
18.45781747477924 0.07194599701567805
16.42477603158593 0.9446344225508299
12.688052654078323 0.33964817109834505
3.120869697746193 -0.1119098632762271
8.530918217180353 0.27552489627497423
11.182810239497792 -1.1426868130754184
1.4261529582683292 0.4573783093955276
8.006705209811294 -1.0948717469089273
0.8248040948028517 0.5544628411925707
5.5925193055531555 -1.3976966577186647
9.342766118301686 -1.0283790088717029
8.236668915179472 -0.06770841037831685
1.322389138901166 0.32750733448055624
1.7271843360201597 3.19977446635385
13.828483245452786 1.4550695579631603
16.025268455011588 0.43471715237950487
2.920395654044252 2.0633974977782454
13.209359524718057 -1.378900366620814
1.784116959933586 1.0665077642509253
2.2165507777339277 0.19817122866847547
5.022251293182227 1.7725254260054002
4.574644021668523 1.8642362540585191
12.726162686957318 -0.8290563920101841
7.562660064317078 -0.706641636347905
3.1846206987519228 -1.2966602835218857
2.1484517886278556 -0.09618617593953613
8.518379919367934 2.65364111630965
17.554461202047708 -0.7873416777267622
8.060299198045394 -0.4177243021685369
8.904576972647877 -1.3445535285650876
12.767089786615088 -1.290093171977499
17.707610308055674 -0.06036738082106894
12.329752543383975 -1.030966763206313
6.577309975924491 -0.8821542758898029
2.5346905347803017 -0.6899184175163294
6.623045405054318 -4.958866342697768
17.35663647844016 -0.8328009112171493
10.492769440944132 -2.0045577057150954
4.338475599999206 2.966530094975519
12.657973742293725 -1.294047811549762
15.372540898965868 -0.6199088064291927
3.0321963644886814 -0.746404632334381
13.044473561955385 -0.6897310306285376
13.179822176833984 -0.7797952609531936
10.736517916709555 -3.0556940713598824
17.760576563160605 -0.016034474137970413
16.413976931763123 0.6366520364535133
3.997803628301374 1.6933898206747888
8.01959870595903 -0.46623757976009944
19.822075218811104 2.1281816101858677
13.607073178829223 -0.7647836593379416
18.102181506886975 1.4981568427455816
13.328496107642435 -0.12434030444414013
15.008601773797308 -1.077094913663712
4.822436471087819 -0.4115230264847902
6.714148822442384 -1.0226499517491165
5.200911331302268 0.3330771334224226
2.540717950303226 -0.21079203451546288
5.280763241731926 0.8006296421179948
14.3401102062136 -0.8039892062463971
11.146748287436193 0.6298534915898586
17.305118408699737 -0.2011710402126675
13.035015613126351 -1.3957730885314026
10.58563464022932 -1.3225123355699153
4.976090215250657 -0.5891575751138849
6.097527826166078 -1.2189161991668427
17.199184002840916 -0.6714108193178324
13.30565228588839 0.36682466066490393
16.43587028251572 1.7978601670725776
18.638302280879337 -0.46943794351782814
12.554343329002648 -1.2720875967768568
10.524784335513399 -0.8840177565065046
7.2019206181129904 0.9016981525263826
1.7447882081608308 -0.27058478818671006
15.001624999682829 0.5374778176164534
1.5415510039637463 2.168766181708411
9.906598398851717 2.2897028203553207
11.966404096961822 1.0128013079260474
10.823040361893142 2.7294687044879375
13.24008082607796 -0.8291931089844781
6.8778108878988675 -0.19965134814788474
16.14686173075449 0.13072456374789743
19.43784103629273 -0.20689569414368536
10.313919579087727 -1.622978889791487
3.909524529896064 2.1458417344210843
9.457287992742732 -1.4393822680427877
12.60334547029377 0.4878202209253034
9.126720152467762 -1.886733856737551
9.82184985051924 -1.932363453488212
13.261796588902694 -1.5085089089385826
4.953238904895784 1.2056448180139636
9.636445700444156 -0.11799922108244945
1.7072598534958245 2.454716668271722
7.103373998692714 -0.9517102459050338
10.889476860357568 -0.7838063262710273
10.84675178442729 -1.42140405412128
10.01703704930578 -2.129859445353486
15.33451291903867 -0.6707379085375231
14.649278613929285 -0.8953650239294743
5.10998160248609 -0.6321061226871001
10.435330547461575 1.1157330683145772
15.479658968326802 -0.9228709671572924
12.355901180441961 -0.8589042554627416
12.697093667928442 -3.305712288067903
5.332799028069235 -0.8045895884883643
17.441412852096096 -0.2893126967343453
0.976936070068224 0.2189245753416261
6.880567858783005 -1.334823538119853
7.500666540284447 -1.6511928021428774
10.901903351566808 -1.545119091478326
10.494886307695861 -1.5951296637217165
0.35029676052586184 0.08977932274519468
2.8875513765536875 -0.3918091617723154
10.059948103805594 -4.291049185302889
12.669597768683127 -1.6873886360415158
18.92138510582707 -0.13752933152106425
6.839132412096031 -1.354529160764728
11.667597271018352 0.08182804148655265
9.982200476695393 0.41150986906172016
2.1300084900649487 -0.354347005901252
2.7869811426566904 -0.7947446829721715
5.630672851801873 -1.2228059462904337
3.0073153646141213 -0.4415324394474317
3.0223793778872685 -0.6435831360746006
17.142981964641468 -7.082973922996585
14.56411382134351 -0.3375130986394812
12.193336822928575 -3.2607233203514956
8.000140180029971 -2.5502349167106484
11.571342516893814 -1.825237080204757
18.312661227927524 -0.13390723350955103
19.973752142955554 -1.6652662566297647
6.753805878102814 -0.22026456883061915
18.157130515774437 -0.19169742684280877
1.3430859383421445 1.0383617488435135
11.359559333719835 -1.4133216901300882
1.9925736216926322 0.2585508847134317
4.499095557451058 -0.5209096101817109
5.846168561774503 -0.4498391724893932
4.114103545896906 -0.8176108278657942
13.11434561257357 -1.8513359560181617
9.735674970459465 -3.0237073942229773
17.18340456782175 -0.3852909829023511
12.980448749786149 -1.5209990718112463
10.103261852726229 -1.800066118431046
9.467974832175926 -1.200495304156159
13.068446218206233 -1.0117271384120003
6.885973159914646 -1.8407578246830898
8.7900349347148 -1.2452692047539664
9.590564190671996 -1.5780768416901476
0.05397046277301243 3.0421344498397436
14.925002239650665 -5.229329558597473
17.190539565605963 -0.5283706645967389
8.357490839333353 -2.2264842380686667
11.232813789544494 -1.9128590773454361
7.1182581032083645 -6.1680573930011136
19.75756351231743 -1.2671783685110545
16.124969736812094 -1.3742522210141983
13.156325799987568 0.5840085115265723
5.580083221273401 -0.6126379291008913
13.010748005172283 -0.9773037198745274
19.77952141860807 -0.6008011622813891
3.076965051310041 -0.13312147544825714
9.548824071770857 -2.2014243704120515
19.955182910686627 0.10514167223210433
19.4985956954979 -1.2408194847327318
10.082156700978436 -2.303983761450859
14.738001458193956 -3.890696912225533
9.906996416067361 0.945213117841019
11.888638197297276 -1.9683416568668854
18.252641771423626 0.951581175844929
11.33438028517857 -3.8784139795617563
14.675094579129551 0.8805049889294816
5.18509483994434 -3.0165521045923156
11.463999459584162 -1.512231564502791
7.283446266270005 -1.779020162846112
0.5686743537044754 0.0569312482949301
12.153767599053026 -1.5080337980203686
1.0855257822242 -0.08884532913803225
18.806609448387768 -0.3880803166785347
1.0084219932447915 3.104641075060305
5.157669145888626 -1.6672983041108052
13.785632154516302 1.8127540014979104
14.628813220593814 -1.2718913831047127
11.258678890958809 0.1485835848149189
5.736406866767466 -2.041631469841347
10.382371069564456 -1.5327002081159131
16.44951332909274 -3.4344710501710707
10.999171714032835 -2.705768904537462
13.648977540986833 -1.4113697465797956
9.577068716147798 -1.8010337278373831
4.151951377098082 -1.0339350949726072
5.7754332075614565 3.752899373095131
9.282794780112736 -1.9989387874653364
15.286899561928704 1.619565077629671
0.6204884667968464 -1.162518561123212
4.275017720037454 -0.09687103816012739
8.123290644496269 -1.7500871405698541
12.179554662069062 -0.8862058600159227
7.26072527794078 -1.3323261785198381
10.06361420603498 -1.56633149778237
8.553999938288179 -1.4406340010304617
10.758615226810518 -1.3447863563391598
8.69660599472869 1.1171367640166947
8.686025594757272 -1.7538138469301028
19.174276308299355 1.8657094190494938
18.104576307516215 -1.2427899017978712
16.59032146365484 -0.504854150567901
11.086971320378211 -2.183008289203504
13.099179413330772 0.5470233959075155
9.630275523553697 -1.763602380630674
19.752108738553286 -1.210072495624447
2.9294522416623705 0.6200817539007172
11.843877455550656 2.1101568977193326
6.711421222240389 -1.360219224078259
4.3855143705911885 -1.0229502878826362
17.82992188373926 -0.8977409524256088
10.8689943889752 -2.3480314551907973
17.74815038287912 0.0030940293351677736
13.872138055675993 -1.4860270238041462
18.352940545683236 1.0828752434194588
19.161881236515523 -0.8907500487803834
15.123224889164137 -0.9100202128067373
7.046717235626348 -1.4259555949169387
8.921574156685345 -1.3089956703458099
9.015793365102697 -2.032221483089739
11.87050906975777 -1.2568278374094892
3.118412818838985 -0.863255679005989
19.118817482928282 0.1179589345304635
12.873459253313968 -2.30007188258149
18.296966230357132 -1.4632913027580303
4.717388208023367 -2.219177451133538
18.199377160291515 0.2520845726568446
17.768974381466943 -0.6771625795751328
15.798720404060326 -0.27685538816032107
12.05386286241156 -2.1981185338379587
17.929422475699532 -0.8103777488638698
1.4033210550124662 -0.04819102385706858
11.500379785971134 -1.1292276715561167
6.0952997776733975 -6.706794079897978
11.387188343019835 -1.941434255391816
9.104884276878375 -1.5251426098334633
15.573091920610587 -0.27956564394506905
17.6610778108068 -1.4721565947485575
12.560131955635748 0.0005793275089441829
16.213005723137453 -3.145236800407309
10.645207477869008 -2.9485898754377726
8.418082148119694 -2.803000124794753
6.442420724663336 -0.998983835574739
0.11458848973605705 -0.7349640818546435
11.76384718251218 -2.3417924786806226
5.051308784951168 -7.249561497525959
8.13405198378931 -1.1699270170824394
4.5888077219075205 -0.7368696870945912
9.548995042295987 -1.2344990732565528
6.848742416926594 -1.6184155324345848
3.3357686800037993 -8.58586276053303
9.554084334678565 -3.0326396965623017
16.393103609610147 -1.437130040711651
13.253290471686691 0.05520593770398924
13.401440204335067 -1.625388226419436
18.661434214448292 -0.060657995077700935
9.621800011983442 -1.5208461582115875
3.9172352308316607 -0.18863551631609382
5.808893765176708 -0.7945917872291373
12.258980478170013 -1.9773968990485313
6.897851216067846 -1.3211914412136496
2.3395432881285045 -0.2505830100672367
15.925436882135708 -1.152382213614595
0.7925235830581185 -0.15503745417714873
11.571856799160692 -1.8809021296034012
12.832836360357396 -1.3575808610716695
18.028106633101146 0.8151301649217956
17.00547252533179 -0.92183920569369
4.415219985843376 -0.5202208852835896
3.344275942277154 -2.5085678838551115
14.521321877376678 -1.0240878519402583
18.768952320581036 -1.460094760264406
5.67716911361875 0.6552940996780596
14.288370227461039 0.7815696056835095
12.564074377536892 -1.6697545053059728
4.787661517009116 -0.3742927575427798
12.115835299019645 -0.7273399482985785
16.272973249714745 -0.6458656666194524
10.814796613887031 -2.7520363891278707
6.540511575968627 -1.570827388184347
8.537380965397341 -0.3362700842327153
0.10307781019272905 -0.23533576751577723
19.18120420558176 1.0223131935705447
10.259408209889926 -3.7337299348502975
13.44480393839395 -1.3431412940334255
5.1023716519891416 -0.6666697901773666
2.899885786400923 -0.3120985748295395
8.581083550965335 -2.8686361030435146
1.258546360358009 -0.22942096720891136
8.215507650369936 -1.3193059473239077
0.8104936911147635 -0.15140128069646983
13.959193029112447 -1.3467654748351028
10.638831811135567 -1.220230344992941
0.012774014809632757 -0.3474618479456728
10.34361582885267 -1.7010933608529641
12.401560632619965 -1.610603872114572
10.365133783711077 -1.7572597051542056
15.53755514717377 -1.269450682690721
6.864968699434414 -0.9303372410812354
12.494690201314581 -2.3119432926101964
11.860261958728278 -2.443720291314171
13.39950030970044 -1.5704289252027033
15.34151112684749 -0.8051718240891882
0.530520041227717 -0.29646660734573166
19.93368608120962 0.11725983642478893
16.666303905871946 -1.5507251425563795
2.849327189846068 -0.930395954241861
11.950160603000434 -1.4643088825522352
7.1203464671467955 -0.16303881363557526
18.006585484544015 -0.19259677174751327
16.081111207755114 -0.27809340448667874
13.370056128463652 -3.488659174054
14.820669006277106 -1.1636146714044282
5.7374159182237925 -1.6678885605706306
1.431106097000692 0.18024979743192243
11.32636008615486 -2.6142794306207016
7.4569880239611965 -1.3605853157529642
5.273126399030431 -0.7053168873605652
7.588291460883791 -6.26835375717287
2.766047200934624 -0.20818987617658208
7.65410506954513 -1.6279658813654132
10.576657304869801 -2.651256574618534
8.708629510041723 -1.3008231519965647
17.68272549624332 -1.15468315814927
15.30395422848484 -0.5289573212564873
18.184064684195445 -0.14464882138146162
6.185969189699918 -1.3624380663288398
5.297144660256603 -1.4268244253389337
19.881458619938293 -0.13663786950691678
15.308538791183704 -1.0510250492081266
19.940599540994118 -0.21005505362207716
11.741168797113566 -3.6986648468825285
8.709340005338017 -0.5502673863566906
18.000835735242447 -0.6623933662908571
17.85182298793881 -0.34588925840622475
13.037034659736538 -1.891021816940357
1.5852981973555749 0.0017380296095464431
9.138907644166107 -3.799949209486025
7.338155899039945 -1.5684594167479677
10.71999807222383 -3.419964740621908
17.823754824799135 -0.5871135062827559
19.07876015638472 -0.11638214077743325
0.9513430764317655 -0.1617705375207276
1.3937751261796103 0.18143778886350134
13.343609849795442 -1.5500980846998578
8.83924724429243 -1.3311587071561573
14.096050987856863 -1.3428964272226773
4.367976762518814 -0.5485427644813256
13.131049166222757 -1.628366424596206
15.939140537629608 -0.20839076481118401
3.0739717185512414 -0.8112586753892567
11.702127457212104 -1.9775516842329437
9.881678733218964 -1.5188276130075304
13.614390434014993 -5.402760217689685
5.77949149417831 -1.8264473823476617
2.719434442538371 -1.1405034438244543
4.9126089413034615 -0.4807069130315079
5.913441156984077 -0.8923939743645148
7.693698971052682 -2.0790486787792255
3.1562533250527007 -1.4670713021962136
5.909793732703317 -0.8795679088175765
8.44668536715568 -5.541900688690569
4.735639154043812 -0.42870174199800354
19.180948923666318 -1.29107575628021
15.01334677658729 0.20548888067383386
9.981193120375554 -3.9687275618506113
7.096123067427268 -1.1359012864476803
12.558398292054234 -2.54519085405793
19.199225403693514 -0.13203066846893904
14.300382844159001 -1.1505049825801141
18.06483508385357 -0.18238835058942265
2.0887754961727176 -0.7718268544999591
4.901160752651187 -0.543264038814505
12.905116534288151 -1.538214554438967
0.8216665599078559 0.07476065864321019
5.39396986019619 -3.063733726657721
10.756737344405327 -1.3235193951982807
19.595835303157745 -0.4768998700196573
10.954903542075638 -0.809647484012836
17.94109159465858 -1.9028044001884112
18.454765144732598 0.48995951425401874
8.16430459884879 0.9107995712684902
11.596233265298984 -1.5089305298658897
13.73183872774517 -2.2837277381918457
13.949467613100012 0.5172676866465638
4.032891448342911 -0.38167561018524554
4.2701812252213776 -0.27522644915933603
9.02732056626266 -1.4183147021264337
9.82963235899501 -1.3698710496870639
19.040306963469217 -0.3877742505807234
6.513063110839678 -0.4022799799500971
14.98635686748992 -2.7907185271643185
11.235334567599523 -1.5674511053263318
9.687268110409386 -1.863116571435561
13.468702079867205 -1.0926354329750712
18.287380894239067 -0.7931570651740373
5.310715938653117 -0.7444421365750156
3.27550517854816 0.10913706335588294
12.81314641335171 -2.1349793319343466
12.332855654331377 -1.4336366257174697
17.99534541766568 -0.7504707199365436
0.017478623931465598 -0.11793760095410005
14.765257100777081 0.04663956763714064
12.943612475607418 -0.3205582283710055
16.469900087908293 -0.4941747520651616
16.271419898060376 1.0203566933642956
14.050005740064792 0.4950353675479086
4.902214884062111 -0.28610133456666553
6.704564112528533 2.8501489787198437
6.8105982674717405 0.009473708900359729
