15.02715163242697 -0.508071138403852
5.328365514901154 -0.3752416802468855
19.166896662999935 0.5476865544430622
5.1724171106314145 -1.3196411931342047
3.0362821480110065 1.7673138849343204
4.6926982082143205 0.5860719788490115
6.299514275374089 0.5476478709171815
1.2405553842000927 0.8035437278794507
10.18958255736608 -0.6252563827018033
15.104948592863519 0.2928833410219244
19.845880373595822 -0.46018465390768565
16.978871220213954 -0.40609282393070373
4.8814016897727335 -0.11423139832026007
16.146886819190584 -0.30380806136705696
15.52249160091078 0.5820168703002979
13.922586587250457 0.5258332634509482
8.948132126364232 2.8769602330399917
6.596963217968973 -0.556253370614845
16.46130792214747 -0.15557147964458704
18.280578812119025 2.765852463984073
17.5098930446607 -0.3969179282765572
4.443646862169109 1.2309249421130894
12.079449852663306 -0.5774241033044217
10.60018325045815 -1.4166567564790487
9.849791473605448 -1.027858309636628
13.042114985148164 -0.9951337556714401
1.0024139070185718 -0.5359276197538485
17.53185353517285 -0.5277410196469486
3.5080113592025968 -1.0832968096058198
2.903163329051379 1.500857873688314
0.22865689191564834 -0.9614166859591255
0.9458901118090921 -0.4157407203115148
14.651054861193773 -2.345217827121731
18.991926615124527 -0.4816122256879763
6.679043234394496 -1.4163501446386597
1.9980775539859585 0.9278929976531618
8.648718776034594 -1.285867841156519
10.014110547521396 0.5724676646364314
13.83365519405711 -0.8666671556768127
15.20944421878614 0.007695589370504154
4.364677263802912 -6.009147975329689
10.37988175643327 -0.01504928180837832
13.979718598786803 -1.3543407337042848
7.690450822257137 2.7493337555321338
3.7711468709445293 2.7650629453120006
9.91813407477557 1.6369535901432726
0.34858463015287255 -1.2397834335443219
8.999986075863085 2.056014739440051
3.5444127098162648 -1.4726964502964435
15.640248551530865 -0.09681540805328925
18.45313952037092 -0.09542024618854446
19.011329583115515 -0.3994254985659867
16.149170678276672 -0.8762979590871613
4.865072259743381 -1.2843907751373744
6.738420166810269 -2.701321837177011
2.270294870762256 -0.6011825135748827
16.054443120095403 0.5504649352717685
13.260348614840863 -0.029601092177315172
8.242566964165356 0.6065320416940798
11.102320648938468 -0.04158102538892908
8.890768746693915 -0.6394758099037403
10.92368026792137 0.05220638679863769
17.04300299038953 2.4167478826977966
5.480398392966905 -0.6250106938168859
5.303180447816695 -0.7591375097584074
2.536015554122469 1.8171993624423581
17.242953441724286 -0.050130292269282305
9.867490922914012 2.849009078970391
7.851886104926426 2.547295030062288
16.5711846629526 1.3100956678061422
12.992419034943268 2.1055699936560504
3.3043161742268525 0.335347745911656
10.382105434157962 2.648214932802659
1.908869209738412 2.1258042205111183
2.613155198241686 0.23991386246791468
13.2218313349957 0.663558167310297
12.331555962896513 -0.4848339165902836
13.607386776196925 3.2177406691947326
19.927152666290063 1.1534098061645879
11.957849659235919 0.6546859298258417
18.168033108658 -0.28774530297276935
12.252320496701008 1.6885099912363082
9.596336597731225 -0.23525754554512918
10.84050178289345 2.472662506853632
5.769874150085711 -0.9682418431310005
4.443806350576528 0.04144732695054103
6.83934769673392 2.1108301929195044
5.970884069509872 -0.6873284307034303
16.83526100666895 -0.6263508690250811
6.553930278750589 3.357528791187346
4.959130066670284 -0.7269855867671748
10.222042484579552 0.43487836470730395
16.972933163935327 -0.5696326487350168
9.825057421344045 0.02869794690917199
10.539068075706775 -0.937873653630589
12.449611904006783 1.9403470626679231
17.392228931358638 0.6607205260679768
11.199203549862332 -0.3905955675173011
9.99055162834314 0.38225452081054834
7.180967127130174 -0.6017011902632213
8.546414437970196 -0.8781643229489873
2.41805536093298 0.15751447978404637
11.048487614829527 -0.69215889196642
15.876402518240438 -0.1738976040812443
19.832816325927805 -0.9588377636030266
1.0665842477384397 -0.8248362618976621
5.145702753548508 -2.0522374877814373
8.337116894206009 -2.177116801361277
2.859771132952706 2.375572200491342
13.69835546158485 -0.33412349156719456
11.890097969300685 -0.8162281065041094
3.996774024977721 -0.8957256504495467
10.357466024216167 -1.3689995298257205
9.908081256690249 -3.48433298664671
17.99001875580363 2.4214853978737105
8.20965509163915 -2.6564562271714767
6.924461067075546 -5.0479444066465
7.374634506540446 -1.5336856524252207
17.057814430588348 0.21513653880881514
11.514328386241619 -1.5611691416691442
17.927161091667255 0.19091719797944515
16.804892814988584 -0.9364901534960357
8.65175683661535 -0.2993576267747619
16.18541662635854 -0.6250683044815257
15.371784273826448 -0.46755372997926936
18.85871063342152 -0.6046767806437279
10.122958713105525 -1.341502124379189
2.443310433048148 0.23305956498994507
19.86274588660855 -0.44814451809845474
11.697474352175416 -1.4374887821009907
11.329264345524782 -0.937530644613926
6.403126704732622 -2.1955271737589723
17.05248639305163 -0.48404676282896913
3.9548264642002118 -6.391912359030182
13.571410619917057 0.014474464948181972
5.836229784671908 -1.3125052979260594
18.25988247551574 0.198188170229807
2.7121456880539467 -0.6136707089595473
11.61090556669151 -0.802256026544799
3.870189257503354 -1.5155940778673613
18.679429437330715 0.8437543044095823
2.1152486438967966 -1.8063847746636652
2.2859504462688665 0.40039943520779975
3.6397487218889526 -0.8990400047160064
14.241288317325811 1.7337086170255491
4.792788472888806 -3.4411293187823593
18.115165904088578 1.810974754685041
10.447332137075861 -1.3263168484066568
2.128220831579774 -0.7320759760703933
0.9453071647833257 -1.8226395294140316
4.649219990986355 -0.9617032940089953
3.2126104345579756 -2.4327970894021225
0.08143070756596416 2.520609794963694
7.248351214855995 -1.6632026051149014
4.737615046109591 2.7769270644549833
5.416060810112029 -0.18026016827078256
9.766240972217854 1.2092702597500082
17.913035657131562 -0.5004999688768564
7.389352189422323 -1.7980407952805915
9.67324452201614 3.1982692169717954
11.848047736187047 -0.3239996182641613
11.873590488412251 -0.6501012596000202
5.127438468901664 0.6049190271757882
15.324481809467681 -0.6739084368182412
9.984068267820588 0.8709457900886844
15.228659854180153 -0.8821853951694193
14.90283165680905 3.8231132155919596
9.798726940094248 -0.9315521181073733
1.6542984918358996 -0.7230710899581535
12.468604775093958 -2.2391063920157634
9.949266844695732 -0.6633734583482258
17.902589462411324 0.22467841345401637
15.56926593803317 -0.13700499117616258
9.822865869541637 -0.372533615209379
16.73293944732915 2.0728561933439407
8.946121065861112 -0.03927890806694523
16.147638728780546 -0.5804933785140063
14.007557716972265 -0.7544543598461521
6.969812118414017 -0.768906934189962
10.271887728132963 -1.3280774326485576
3.1634708596036587 -1.1492927523889713
2.90707972113571 -0.6317217603997388
15.288246281181083 -0.2234138501663032
16.807356759872814 -0.3939297850635559
1.2474991239590665 0.7379504592544964
6.673766065639236 -1.2137387554911498
3.1193156010264556 0.0740661427175943
18.62303376998025 -3.3335897188664365
9.175721423198363 0.10673049435257198
10.98472487518753 -1.4672026986350926
17.594842364817584 2.3029332907202726
13.115633311169553 -2.3010545110399794
13.567048276303701 -1.26225466543829
16.448891857313438 -1.474123573538692
11.135703887244366 0.7625260401969688
9.251953243644556 -2.9144840151893403
17.921331277252577 0.03382007400707347
10.100930832970608 -2.7313710846755015
10.788762019554664 -0.6451564436866065
6.511064705924331 -4.229533022146813
15.63705258674542 -0.39114518717534397
3.294515997077476 -1.0961388024347491
13.87597281945271 0.2914791620244643
17.417685353349462 -0.49314308896572656
11.821906076998951 -1.0514148017398262
14.24597794452105 -1.2585935181668582
15.275127321602222 0.6571891258056005
8.424709794597367 -3.371024887625488
17.45643282289054 -0.6667100234936025
6.7272675960637685 -3.195658069126774
4.362338327733219 -0.5071061452338594
18.018830698356865 -1.0006738130792487
1.525895544589472 0.011081687415158012
8.48677383281717 -3.145958740456952
2.846191958507617 0.3966272270182368
1.688828012463395 -1.826600495655974
1.4579566776251887 -0.6473807915260262
5.3956588162417125 -2.389848228775459
17.57893945931773 -0.9507548249916279
19.301077058851945 -3.1223097082128
19.452501651738125 -0.5571943233679105
5.516229915741655 -0.07923650965097542
7.834821437221402 -0.30787113040363934
9.476154308523881 -2.3434187467548955
10.481958579943203 0.06267688446478095
0.8564598724081449 -0.12173234147533553
1.6588951245939698 -0.6863487540090931
10.176841693217686 0.6975264619587451
8.597139670977747 -0.8481081689684029
6.030306586605315 -0.890884896652801
6.135684100359362 -0.8865935169186656
3.39408828625804 -0.10699395249435824
3.224446536430666 -1.2661241279812503
3.7667043523090453 0.7531096323873051
19.41079913666269 1.9056889711624112
4.873398647952015 -0.9226522249827103
2.3656859615305645 -0.6052088466254674
11.502208120099425 -1.9188820117823333
9.978171343665172 -0.9928570705505013
7.0860652056281905 -1.2226614929341728
7.32671601219937 -0.7780409460569699
18.227550515327692 -1.162855411167316
7.4832020823458745 -1.194766264700662
9.558498466065268 -2.79793685510429
7.720173276797515 -0.3085416903135581
14.251692168392932 -1.098278890056031
13.780590160439846 1.071476875623777
7.54635231267757 -0.9447212406538557
8.787789735259606 -0.6380844673016091
1.6527808365410082 -0.9651889303395002
19.906690840838802 0.14729307917417622
2.0846559830896125 -2.0733604632424063
19.941502757420352 0.23492788693858796
14.518450825448669 -0.6078406471910931
3.786135644996152 -0.9611152105973644
10.555266140600628 -1.298360652491053
17.35773962934659 -0.714402885111017
2.4003529861858435 -0.6136561627883422
0.21373182897482823 -0.314873173064252
15.816125198456518 -0.6137598281255263
9.472332929079826 -1.4106332442062426
3.8289693808264893 -1.46276692317881
0.5843182740617228 -0.6794598975172567
6.516382288670246 -1.2617539235492043
3.5162804836489987 -0.1700411571574649
5.002544789850379 -3.2812038730864903
15.042878747246684 1.8075938518999342
2.148687307959214 -1.8407377029197847
1.587699972893534 0.43622315075588103
17.965520312685843 -0.6531613377788571
1.8346258092245724 1.980624563436241
2.846647426038203 -5.847528349192478
13.838338950777127 -1.9835245122143548
9.083514782914154 -1.3400483869883975
18.48975913718434 0.2664016466676616
3.691544012032385 -0.8062271979516068
6.420318813063657 0.153515086972326
1.7323020782746044 -1.071528091308588
0.9056728204307684 -0.8100660706057956
13.388462379847924 -1.0058290842388868
8.21549064261132 -1.2051094988155202
15.816413672070668 -0.45149142081158433
3.1736372050710386 1.1275011906700363
9.255076467618963 -5.81567143432137
8.559993505082938 -3.9778246474164716
1.1276953645695087 -1.0357980214252038
12.684345778221221 -1.0058847068878551
13.403245989971012 -0.2117981670249439
3.280932532732117 -0.635046404257183
11.37729528560265 -0.8206463868974079
4.016994949327901 2.8607074369834438
10.526189244067972 -1.1795481524618014
18.711234045112096 -0.07568846191031625
5.408958534120223 -1.5251181196573305
6.974393500895356 -2.0498618745511115
13.138003911387903 -2.0673807718133643
3.0078463965442936 -0.6875291611125858
13.17929585040036 -2.2837125198497534
3.5629394466403355 -0.22353224601411983
6.5062883436049965 -2.6140638878460654
6.583495939375046 -2.0164145469753456
12.949105273051629 -0.7722067191396347
11.02237653455558 -1.4099554890131278
18.264707500980638 -0.8774421361095687
9.439834344308503 -1.3593373611810018
7.487788820650119 -1.71868576928049
17.99805373523094 -1.4581163657352807
4.028676102895923 -0.906924665102847
8.134946802478275 -1.6350891969375625
6.768712988289617 -1.848917888622442
7.742011127641648 -1.1254474556954415
8.540052690072674 -1.4001869686844153
14.177679128587672 -0.8241494255774137
4.296721635218036 -1.0168193487315877
4.543675772408518 -0.7561576517593882
13.0982051919311 -6.8161697897991065
2.2580054766867885 -0.6931453137628839
16.220796656034448 -1.3228857562623204
3.062381332668634 0.6998084749864352
6.56496527941325 -1.5398504138336313
14.059289541905166 3.2536227621682943
9.644835645103711 -2.3082698173862073
5.1380300838149005 -0.9944795593262341
0.8297150758116361 -2.5909064604564063
5.6991074804027555 0.8686968663376938
5.482963729460633 -1.9591019249846373
5.898674949735207 -0.8515438269993272
12.451312264806628 -1.4941589838898384
7.575116964066433 -0.636963851455848
4.143941637620584 -2.1432965770998487
16.51320231198626 -0.8597578705618171
9.365254118243735 -1.0175886489423978
12.539835104555872 0.6301997574256241
2.09038726494358 -2.2630474133370844
11.106879539667005 -3.478908204015247
10.893602529042894 -2.467905584792559
9.407002135708435 1.49054327938207
15.050944750596868 -2.9257151075460883
6.17628741429228 -1.48142743078369
3.706837048647572 -2.6437759884390557
15.532607408007777 -1.722005350708769
3.959708832868067 -2.049682317991309
0.5343817013485945 -1.971593033786922
12.127975568622366 -1.6508504506102726
9.545024122647968 0.9215140055688134
6.944608302877685 -1.823549554904859
11.350622263853563 3.2974713898772103
17.408177779433473 -0.8469769664154836
5.740486936449353 -0.3918716529880458
3.97524399759153 -0.8465106495456344
19.07278521538709 0.7306351093778044
3.871702044213176 -1.4064340396641546
13.158491501890463 -2.1233191722279576
12.689460196159056 -1.8076112562988822
2.4119677251352005 -0.7331505860493414
6.000966868281955 -3.1308672468899625
3.143887812132531 -1.0890375302396695
10.575166576700568 -2.5177707451518825
5.508096899086129 0.9175757774725454
7.422854453779205 -1.555227076532609
14.960838397456758 2.309845499835213
16.34345973859246 -0.53029466198026
5.152720261161115 0.2045378401434182
16.11777951849148 -2.254719750181615
11.366129792401681 -3.078154782281515
7.4964219730900545 -1.3977809063535627
1.3772054772987055 -0.4383588305647359
7.14292918603387 -1.0669475220128415
13.133832582692342 0.559283770718102
10.69037308224198 -4.448703558806509
9.964273909974914 3.3856594194769514
4.631922411509626 -4.430423701860855
3.873111956665349 -0.8551931061764529
10.55342480432839 -1.4563194163461743
11.148270082106677 -0.968305529186756
14.198996208398967 -6.773557295917676
16.826750684652005 -0.23904339952639575
14.689994018583397 -7.0493634461768195
19.890328719423383 0.2806623095512398
5.774209514947178 -2.441199409245718
12.71778092349529 -0.7178259812717999
7.065616973605645 -2.3498377343667443
17.25112185694531 -0.7877858689367145
10.7608239553939 -2.8237645893286714
6.514390486884638 -0.29501200330955546
4.644554405281452 -2.6463307100822546
3.3174341578830764 0.9137607005313819
5.363219337726438 -2.8425050263553593
18.509022858736415 0.6755110142833044
4.587002278125123 -2.367571360789053
12.329432035918021 1.440116519520744
2.3185300358568393 -2.7650052549726722
7.118187452826875 -1.4150188626212872
7.9068683906018515 -0.902823121347944
13.086955994578032 -0.970545718761849
18.65525628966801 -1.0654625469546382
17.901215170341903 -0.1754228684466809
6.438684290401634 -1.1362836358575237
5.88768800159149 2.8114595503394066
13.683818790013351 -1.5596385452453032
15.00718613230719 -0.478103351365622
1.7117299823886662 -1.0868678584125036
16.429336952753925 0.28611826635294024
1.9818084227763875 -0.7705283526697566
3.5471731492992045 1.339209452221552
7.773858471215664 -1.5986485335290495
8.463082099354542 -1.136074185315671
3.032937781594332 -0.7507130817711758
18.05167459239264 0.976690609636924
4.46749677546793 -5.813128105521555
18.865022572484076 2.2025748256884503
11.360368573361205 -1.1567124278601602
6.377926538649429 -0.7358532758478292
7.011873681498214 -1.4493345059633593
13.10992006184232 -1.031511371621965
14.968190281705434 -1.5515447309098682
11.76241468004079 -1.3323777077907717
12.40568074831354 -2.193213259570922
10.855304004542957 -1.9106026497582516
4.751110535028376 -1.5041548172220793
2.239389839013114 1.0570402633838518
8.555508905057613 -1.3722046928614946
14.547171088085683 1.7366975387661323
6.81195858881908 -2.0381815739995264
14.771396538736203 -0.6716764159593973
13.603466511298928 -1.4947106299090565
11.152190068585641 0.1429888210163308
15.769974482594973 -0.8015769568495192
19.885694911233532 0.29995255786100056
6.435468259429079 1.229290682066118
12.74343807888243 3.116682222289268
12.060892483172656 -0.24531422333499264
15.29091620723066 -0.4709718856339728
15.903313160705395 -0.47758765606289266
12.72235043071151 2.365235685230027
8.479679167844973 -2.1791159501320787
14.107072166317886 -0.5493274023399894
14.304436973010295 -1.7863407055653562
12.298738407043682 2.4267795471201326
12.205444987575175 -0.9098283791169397
15.604785025179838 -0.9236688287525747
18.420494704551547 -0.610202676861004
4.272718948285037 -0.7955299203651048
12.792750276837873 -0.8151474142409219
16.87843487859645 -0.8585786050692711
13.279874374210891 -0.8349623818149642
4.996206980795876 0.5013839155028372
6.945385679064952 -1.4219852377720748
11.84685108294152 -3.48070207670807
4.724519404997093 -0.3078098492843863
9.730540205417679 1.8357178571074046
9.352714457576269 -2.6185588037516516
17.029816531524368 -0.8253564685270448
14.321796610659277 -0.79459625322418
9.195850715577546 -6.292150166567537
7.901495646143894 -1.2946402474773735
5.096284510152913 -1.2070636584732621
8.457705150606166 -1.5511671604462538
2.137946860682565 -0.6338443918790664
11.640196321497903 -1.4691369318508547
14.040924623458286 -0.8404520846286777
13.154617499694755 -0.5960994948757304
2.6564906671347526 -1.0169453675812636
12.841316638507354 -2.8421770050822373
4.548697797394194 -1.2026655045125234
19.026761282084614 -0.7431486262254953
4.226840105171749 -1.110876684521943
17.53921303773891 -0.6928689268308676
2.036640019692201 2.8541634480342584
13.576938959259786 -0.40406577656586934
5.827676582487702 1.9955549859721775
13.545170985487985 -2.4490685509851104
14.592604662524822 -0.8885925474945866
0.9307196459579775 -1.1029121928181436
7.6556890554875 -0.6203342357125192
2.680854812639561 -0.9829333462427405
11.134080125182642 -1.3102856501907019
19.82351206300737 -1.1636488903697475
2.063269976966296 -0.6338522876827735
6.659496044138179 -1.2305588864393466
4.941390198028035 -1.2910405361725004
12.046019121437165 -1.1299602215298399
17.321920710027687 3.637816297427987
19.81134652809235 -0.82086383378871
12.33896370648012 -1.0617230089429877
5.348118206288904 -1.7299461526546545
18.991301344631804 0.07599813660873425
4.047203270922884 -2.7645216861829454
4.204404258903744 -2.724097818408041
17.81189661264259 -0.6670356087214772
1.7068963935218862 -5.658269033575134
12.391414195610349 -0.7892167727556237
13.964224285324006 -0.9092108998759977
17.921070179968748 -0.6984639925502717
17.31767057774375 -0.03353946188887577
19.83173414315728 -1.1510496268398245
18.684777668836446 -0.24220764727793595
11.644468429257845 -1.1006649761364684
0.6012599684580275 -0.6620558480371014
4.310770856165324 -0.5528089672563191
19.7069988556435 -0.3766945862525352
0.8946041684224497 -1.026240732812691
8.851271137875116 -2.566699695605724
11.32211785561202 -0.8298276886727651
3.94517630050786 -4.344943814177436
5.145552933348585 -1.439726590145679
7.391190457959797 -1.784713729085241
13.359735157717438 -1.2704743835077046
2.0042217219749263 -5.4788053248251805
9.387803872546865 -0.5325193513940614
7.870898709939538 -1.7038864395268054
15.987508168532493 -0.20501057931835376
7.467593514629747 2.7841659526584563
9.493014961491703 -0.9197863862023123
3.1518688655025677 0.9362652140168579
9.853336640909438 -0.693709189293031
18.06556910337652 0.5837458808504202
6.935297872840674 -2.7838416987834673
15.288016899978322 -0.87965138145875
0.06958319014056252 -1.6956281335946142
9.01334696566354 -1.0253351746261925
11.740678214757327 -1.2382407073659538
2.022560972706235 -0.6418716870004398
0.2758390847889669 -0.7627087393061627
9.12662901978708 -0.6424272805995106
1.55967177921191 -1.0222819516174737
12.068000914763001 -1.0187020438579402
10.278539375681962 -1.1923554442552944
19.076344880669808 -1.1389795532400937
8.472393469650537 -2.9324406126073064
18.83029223217829 -1.2321674402903962
4.817046870472867 -1.0473036769489852
12.159378283154398 -3.0856196384099315
0.6372768999023508 -0.7699914224622438
7.8242032782311375 -4.177277528401021
1.2822409336564362 -1.5811851012310316
7.3454495875769465 -0.9907638208489606
11.72601441913082 -1.193407395242953
0.6130603289575564 -0.28894411383832747
14.146383863139715 -1.905468630100388
14.082038537064438 -2.222937054711617
3.6928726048705713 -1.5810673606605299
9.018816379352591 0.6937597947778349
8.967915036948536 -2.379532703596879
7.768603667183316 -0.7851672579509249
16.376250710234206 -1.6887042818608655
14.622259885137632 -0.29448716556724813
12.69135494863863 -1.348864303610744
7.301436999804682 -1.356302753652094
13.128101234817454 -1.0384759377873547
12.980694151914147 -0.7122186412893088
7.185247210288479 -1.3415477000482383
11.236658760742383 -6.831397931043716
5.072061346779491 -2.0225803324418274
11.326541591121527 -2.3948285462290424
13.329486413913584 -0.9815639826966468
18.694934014618457 -0.16896867620686687
18.493930624201717 -0.8509714467658724
5.934134830701501 -0.5662249816852227
6.157366079854753 -1.9579141592398623
11.923582364429349 -0.8592815690128492
14.266715318950155 -1.0252325200152834
19.012731944352502 -2.9799073832965077
1.3162738290101972 -0.598641089145189
8.982138343426348 -1.0635576097170194
6.01217251411927 -1.6473179508811335
1.2148220216636378 -0.4248948426561845
5.801012139088693 -4.786123540399644
15.83455661888232 -0.6055574355590858
18.365729922895746 -0.6106442474144333
1.9268695043069188 -0.8011296895209257
2.877399142313313 0.07587619763086875
11.806559742606334 -0.4791206510291564
12.409081844035336 -0.8605456301323423
11.060483613520264 -0.5209617223604116
6.396333730420487 -1.0273224150549043
5.9105586310622575 -3.26976150283348
9.205780957225091 -1.209181247170667
4.290334632658606 -1.1796141970719585
3.158961280631893 -0.15947050606267388
19.579673420904868 0.2364640055800255
16.533301923543714 -0.9929556717810792
7.408258616935741 -0.8489854467411604
9.7932066633328 -0.976505234549531
4.620237136328224 -1.2446843545949666
5.045833963191365 -1.291127646964971
3.9488732234763817 2.7922582441339387
18.403951450273347 -0.475214652944523
17.596304409386047 0.34401405506289584
16.73059410879775 -0.8983925273540306
10.895058372873015 -1.1684464194813977
6.295313573386699 -1.1938779079172372
13.699437110243176 -0.7723660706498567
6.000500400215168 -3.246695891501437
0.05605853016447901 -0.5642536417379698
18.34417579775781 -0.5560907577052174
7.122820510267764 -3.1412849815467214
14.767555231110213 -3.334449154140063
16.940546740994694 -0.7337566024650862
4.061945893539664 -1.0722478231337602
5.956499237703061 -2.9970946362976183
14.423435469212864 -0.9849808554130169
15.902915591287611 -0.9903486698607504
13.34798987497859 -0.8341922037669531
13.099237640750765 -2.7504100408284375
6.68979104176038 -2.8946023437885797
15.393731059969342 -1.050404913305291
13.540098432340313 -1.3642080750119483
17.355243120238523 -3.2192881054021
3.285046804298487 -0.7971242040348135
11.088280416540236 -2.1140308473128044
12.219225346465526 -1.5372702185320206
9.145789843015486 -2.870203416180886
9.397287241115038 -0.885577724752802
11.63425868533774 -2.224077490261232
12.78570658611923 -0.94179722207077
6.689419434589325 -2.296114675998116
5.108043452377317 -1.0879130987378078
5.917374538920336 -5.510323463502854
16.245424183395816 -0.08798148911923698
6.2313665097197894 -1.7038443929737395
9.288955005122203 -1.1085002615415156
5.727903593070546 -4.995836505788299
15.942586804735644 -0.8012369725085181
2.823093811804916 -6.325730526343772
17.99278691242434 -0.05414942305441042
11.236444009953203 -3.189034782792686
5.025673081377667 -1.765026680869984
3.971734318546459 -2.7802083507594237
5.158021659017952 1.1859141356110985
18.772309859641275 -6.736846165158124
12.456371310874275 -1.5065591912899252
14.952364673150011 -1.8365510950762038
15.607451324852779 -0.8010014144391844
1.4783949200912654 -0.8915621046977348
9.51699352222362 -0.9777816260191032
16.191215545129115 -1.407567876823359
0.750464370379975 -0.5284605532116085
10.756620525899063 -3.003524899786505
16.232161737503244 -0.5898384208077532
5.813664679783962 -4.505911528166763
18.608569135772534 -1.5745697755620878
8.01024002648618 -3.408677307558838
7.993317450164066 -1.3211022796936192
0.22845434342268128 -3.057311362033674
16.854466408195016 -0.22468870480175052
9.861536812450574 -3.2748291963103235
9.5784480937344 -0.6478202981489372
11.811901684181585 -2.986495160201994
16.893548082783887 -0.6358467635371017
8.201860980073443 -2.423392820010314
5.430022870167512 -4.129638354764892
10.207212899401453 -2.2900118922838604
16.392942814119543 -1.066350968677136
10.833636848477289 -3.6362460138662023
17.604476064814335 -0.23234466824682246
0.9441846251622767 -1.220550081025027
3.42890930121265 -0.7535441456849998
16.059150725778707 -1.7589088927824166
18.858412730723533 -0.6938554429790997
3.920176566348912 -1.1891591865685085
14.888765318524245 -0.8420905449167616
10.139426675763188 -6.249012180973326
16.833662605264216 -0.559878631594494
11.825718474679633 -1.3622585581790978
16.859290915174164 -0.4937923844739126
1.5637988878069007 0.03839977674000326
9.507023507835283 -1.3150390654744721
7.330074800172277 -1.2855502713402944
1.1911133415827675 -0.10444164055461325
15.878879846153088 -7.279419991747127
5.796689012844521 -1.733303388185896
2.4582527921512645 -0.7494723129405065
19.131024517416062 0.14580843179993125
8.707287691226627 -3.164657904376845
19.982251777463453 -0.7015895530399043
2.9982396248550485 -0.8961211694843345
16.04475264755887 -1.177345504903113
14.155783163616894 -0.7761277771130638
3.5553313601774317 -0.6656467475963825
19.725719204296368 -0.8790868892302864
13.5311013822071 -1.161744099824067
5.982774869352909 -6.424558460302694
14.862332870518376 -0.6042050833301765
18.233610630417754 -0.24847517055973198
3.71942248899198 -0.7870420679986402
14.276195207842404 -1.4318277352914464
0.01654875465918245 -0.5806752177951547
6.45790047815185 -2.2771913413391642
15.768245774083297 0.4672940092636509
17.229849731380128 -2.668294852846436
19.259179707887448 0.3615076938794567
9.623689715925368 -3.3066411967057423
17.700056607767134 -0.02983583985127422
10.181079732400292 -1.4725540939817563
14.376271334263462 -0.49093661205133654
7.578556876512605 -4.681583381915915
10.810753376651423 -1.0885316806733507
4.570380010214797 -1.574149876653351
16.54767173681514 -0.20354294202131765
12.371438251350755 -1.8551818875406902
11.37673918779801 -1.298770272378728
15.426548715265781 -2.808751145011217
2.7399709110740322 -1.1000730113215058
3.1092465563979745 -2.6784987828238846
10.222909291056803 1.0033745603898347
11.062919825527269 -1.8732075048375305
5.339070863539619 -1.552227357565971
10.540719075944425 -2.6239371691122853
11.965016292192548 -0.7628584370346355
3.7616891938198234 -1.5005722595754127
13.178786900521738 0.9514536198652699
16.981947959988606 -2.733242429521361
15.37683778105114 1.6632379408129172
0.9132619670114904 -7.075931408160956
13.44871865582707 -0.4983964693169527
6.966151575509387 -4.056530508407735
5.187613320221293 -1.0661321193873585
1.0585135819292861 -2.295736736957729
4.078146805186837 0.6192147549451885
8.002815717803673 -3.7129012493213587
7.074877514136666 -0.49302985888311646
5.1039646226955036 -2.141701046995719
2.1653741061576706 1.0228571716165669
19.525811605588373 -1.2789057821759537
6.570391288809598 -1.2761630463093687
18.500520821526123 -7.237840121438707
15.877359219112607 3.0821232426224796
0.5879995708378357 -2.289364134703487
5.894246208573432 -1.0249052259657967
1.99710991696402 -0.7718094587891218
14.092128574892914 0.35218128313850394
8.666898424053711 -5.293968889753903
3.4340628947813467 1.6884920795368707
16.905630161631933 -0.6500658359506939
5.48494803014396 -1.4833730456703247
1.008996203878322 -0.626356790714727
8.75817459092991 -1.0805769102971783
10.059647704815097 -2.2794830760352713
10.571380321646927 -1.3878917732328389
10.432091095543218 -1.3068562861269353
7.044219157383257 -1.1060676861364376
3.027217676570684 0.9731044662551451
16.67093822431953 -0.7398945467660544
17.48542998122358 -0.6374033276515552
4.413510954491959 -1.1817412603147772
10.886584675723947 -1.3075973536478365
12.265058950744836 -1.233858054602628
18.504517479037197 0.1350058417875119
15.25214210861573 -0.4302110795546074
12.860076246311413 -1.4329216772997468
13.864548342336272 -0.7448911432796682
3.8841150761411036 -0.12872358347367446
2.396666204386223 0.030263136691347996
11.367211360476011 -2.1969334362115567
6.073258084828721 2.353418488906044
12.60859952870674 -1.188101094052979
5.963614613826263 -1.1618177231900326
15.613544103828966 -1.3697212424889407
11.481694880459225 -1.2290626179024307
4.690643566668186 -4.935166036663779
19.328199007233877 -0.4089068382730878
10.279852439697143 -1.2008943104949008
7.759028849243382 -0.4715519714926616
17.886888267817472 -1.0161070437353759
18.44109996474171 -0.35035430757381064
8.055773995179944 -1.2685819185183687
12.50983003300353 -0.27270453183785964
18.594807038023877 -0.5591804264216241
17.149137666170937 -0.2384056444622558
4.235461439396109 -0.7544644871405823
10.225626811919785 -1.306701343931745
1.4684107296965134 -1.9326321389780712
10.21967136104742 -0.7156732687449806
16.548747587265243 -0.8020823735155411
4.876792121339369 -2.2026459078919203
18.39319916076106 0.1334431959915929
17.9179837880318 -0.6225320401218134
11.85049072521994 0.32307667472802415
10.230442338268562 -3.0927447829589454
13.629761738551634 -1.0555350437578275
5.903344799265438 -1.3791842641786862
16.442551347378775 -0.36791329396024985
2.748836060525616 -0.6306098349390883
0.5484954344068702 -0.9406731941465535
0.6916090596030914 -1.000153109606966
11.512927712369912 -1.508191060695114
16.86479793913142 -7.190107725202018
13.564197991360038 -0.8763331584036621
0.7274974011769623 -2.0259151560058233
11.438464148940295 -1.089807828452505
2.9455558824874055 -0.5748768874248983
1.1475666409640704 -0.8670948117401815
11.43784280097246 -2.9364164879782293
5.338041423446246 -0.9824613167706114
16.896420584552825 -0.37881714540910355
3.487460263369215 -1.4714372718832323
1.5884211889486297 0.7346262766614161
15.278271359482835 -0.5883863120880245
13.622271064330633 -0.8562975895013442
1.0410393635582065 -0.922305760496043
3.981445811227382 0.9770775352663977
3.0677145644936283 -1.138540943550559
13.797725131454278 -0.8415385029447168
9.235022826422949 -1.4783875013950438
11.57844682442186 -1.1968623606496511
8.857830878513413 -1.2907380027188515
8.344861568311904 -1.0263898837469618
5.977656744203686 -1.6363025396947328
7.422173689166667 -1.5127471987356036
6.5384185900372165 -1.0968753428000995
5.758300031929865 -2.5041896214505193
6.365572741783436 -1.229747602944924
5.9141842081741345 -1.1720261163898387
14.289453957881978 -0.6801132966394537
17.64719822838074 -0.4866640628526019
16.201059568525462 -0.5457166074979309
14.684878442420533 -0.7923339316058077
5.642044353633665 -1.290983003448141
6.110959773842615 -1.3748078456921502
3.5338954418158095 -0.6393570755026229
2.412639611758708 -0.6889843708262683
14.252231343012172 -0.6561801180526324
10.929517504034306 -1.1450218444725893
1.9661363349028549 -1.0792899837281944
6.921552394353268 -1.4675266225868033
9.981570924772713 -0.766776308938989
5.627861346301432 -0.9057586647135561
4.749786173718907 -1.0957678183687547
11.064183722299505 -0.3756027751207557
8.449252889120949 -2.5746263650343186
17.914959052342905 -0.4651962523752109
13.027990454011828 -0.5927247165483331
14.769976672890804 -0.4904675753812052
7.254740440378602 -1.2916667718391919
18.701289775609045 -0.7577926178039583
8.70320691364142 -1.4416367616187094
8.681536526692778 -1.198802012249299
18.016334530162574 -0.016620788821263353
6.833462680901177 -1.1800579975605494
18.1680240858679 -1.0140238168989617
17.466343773732603 -0.3674731430457313
6.889899025295063 -0.8677631549241192
9.568068480733839 -0.8237994795697337
17.800951309406194 -0.4447907597726687
17.50520995181669 -0.5143176959592022
11.681269107224306 -1.1785961136570842
7.432210069866405 2.071606825041577
11.920976358526678 -3.6063518400324432
2.198876600227344 -0.8520849899311327
8.938059403172508 -1.3136029598481345
5.68080500406142 -1.5976982266004263
13.11739883803974 -0.9354830030456557
12.306222000257735 -2.5511534079231875
19.79379682360706 -0.5866854942758516
1.8468458955007534 -0.6924418370586062
9.01139318914259 -1.2687961813726172
1.9040356731506118 0.6933938441552028
14.09280086197181 -0.8690096024850391
13.230828525277227 -0.2805544977989948
18.48050288411764 -0.1785315950285689
6.7392558835099505 -1.4105932867044522
13.454366110495762 -2.4444013320200026
0.04556961127590142 0.5497692215154748
0.37594639700932053 -0.34836344894634164
5.010505653794252 -1.006754087200598
9.66840002266729 -2.2181198263778446
15.414421640769014 -0.5528143467328674
5.014340814099301 -2.0371239223879485
12.965582732452816 -0.9301960669189323
2.3226658220113916 -4.452274443389463
4.468765396199554 -3.7804555616466056
15.632319934840622 -1.4109048827803652
10.398379180450666 -0.9973887187093415
18.42228400383922 -0.5227523126342584
5.3287536022482165 -1.7962024219068222
16.393961414581913 -0.7687704231422378
6.955248085833007 -1.1753399691281465
5.15021984540951 -4.973645884189884
13.04668957240999 -0.016235592386901605
18.161233562919897 -0.4257166546337193
3.6748058421795773 -0.8162461563150637
1.0322454526882576 -1.0846057115079772
6.057746482575191 -1.0188676648614312
1.5657759321418523 -2.66574008266797
12.258634981857638 -1.1688939874504205
5.9541177084739845 -1.1473705740313285
18.339160050541707 -0.5936618058814299
17.0595810170539 0.06410264119308445
4.763802737948872 -1.0459832262873783
11.157712674097212 -0.9725276506897446
19.509056625625657 0.3470882939457163
2.604510177938781 -0.6854311845570118
7.5314964426024416 -1.205205182864715
11.27863597082844 -1.117540502035011
18.507772528800274 -0.5760611763766113
5.328836981999451 -1.1867352233838648
19.720940361466575 -0.4120833890939198
11.87495327652795 -0.525639166285037
15.961314235211832 0.4551759859682494
15.813185450412092 -0.9403385672810824
2.1646520985009916 -0.6941236964168583
10.838283149268767 -0.41610141479247686
14.318832445538629 -0.5214627978464997
1.8958518259929271 -0.6016131248190286
4.502457465525344 -1.0865410572354808
5.309102607126071 -1.9701595078560066
0.1461738881437804 -0.6776336699944787
3.7141297441079666 -0.9139766589887282
6.4817559021695565 -1.1342119337002114
12.267981870762304 -1.1779033567553612
11.909194099031815 1.2457370602751467
6.7898470198334895 -1.0297256771534844
15.064710382577191 -1.0558535913071938
1.716411604536083 0.622859370177518
10.923248835298518 -1.1425153411015343
18.661314028996987 -0.11044734497759091
8.859699160483622 -1.2883059851679115
10.2281918209194 -1.2410509895048216
9.49719533009911 -1.399628646636188
18.629279153455624 -0.6469808976182653
3.4188540655985045 -0.9016467339197008
7.60551508642859 -0.7088153295003947
11.200820319680854 -1.6310858268981143
17.33602402576308 -0.2717589408845254
18.77174156261591 -1.1987481173103947
4.3341216977137 -0.6385563072207529
4.068264055903717 -0.8494006721139965
14.92121604274233 -0.69593972562788
19.280732222644982 -0.2738509234654102
4.832863681365918 -1.244322082550864
7.9825162559142075 -1.1638923990291263
5.24894239139005 0.22596737876591
1.1047406620856366 0.12539214334115834
11.581647200505097 -0.9888216181881831
11.297633147223344 -1.5781574056721295
5.819347904912841 -1.6216934203921405
19.829279484557482 -0.8289665833847482
18.12177665703256 -0.4040678198039518
4.304626972993615 -1.3743269628279413
4.065481451563303 -0.5059546084596525
5.084594038647426 -0.9487255081344028
15.347725418274656 -1.7180546265435486
8.28528898328794 -0.9788790717849647
18.90775868297661 -1.6552103177244448
3.556498635130102 -1.0052641814284264
9.942159204449249 -1.3065305935073779
8.039529871119969 0.5295873743042515
1.4514448292301598 -0.7786783273382222
17.42717329839614 -0.4685819483128276
0.41069766568744404 0.5129671099103721
0.5005400465233913 -1.1716793992950654
4.74924442551312 -1.3031484173945105
16.634112022365088 -0.2226478274738383
17.476871447478867 -0.2840948582264441
9.531692892104319 -0.27445205476367235
18.521180671934033 -1.7202592117378583
16.881864594032347 -0.6654111166483694
16.500982297752433 -2.302487595339903
16.388043337923076 -0.7536586941152846
2.259073204437387 -5.86011916437546
12.60809322429651 -0.4804987123139544
11.290505688551088 -2.013940025368171
12.689023636078304 -1.010221441029785
2.8520187203609653 -0.6757217299491288
12.70950741126033 -0.7481356472059202
13.633303793794143 -6.720229775862395
19.145042760747224 -0.5847341962773295
7.708043270216809 -1.3028185185681929
7.5625676290696795 -0.2721692909420137
19.354541637667346 -0.8102189577091398
19.09624536414106 0.24546613108118276
13.188344059934034 -1.2727336940720104
18.719775286849952 -0.42442734884104194
12.37693123984044 -0.8932389205500527
4.730902069052488 -0.8684019825010485
19.065592353499266 -0.3758169726223887
14.416232819083566 -0.6282518681266681
18.776261974774883 -0.18037163764420266
10.126878591764385 -0.7161602097308368
7.6671918979463936 -1.3421624104501364
16.371210086880286 -0.25587612695131196
4.481028519320783 -1.875688702946571
5.2861398658687415 -1.0970558171850995
0.5582526362280202 -0.5597917058746577
8.775173518361866 -1.1875585332973846
12.127902086035517 -0.86672976457477
12.411076453993198 -0.8755848297640484
16.662057484724013 -0.725390676992767
6.357184680973953 -1.204529862739681
17.99931553484353 -0.47581302488292165
6.576202304936663 -0.7247509692042223
1.4617132816329546 -0.7753104855630902
4.105795345996452 -1.036029124681867
16.724609525980593 -0.2567777794099846
5.410508617680659 -1.6781317069995165
7.347129491289663 -1.227816782816928
8.219648097222906 -0.6829843419831529
7.769278294096461 0.950546385467739
18.873229131740906 -0.6439448752214223
5.821269202573678 -1.447931564479181
1.6405637236887047 -0.2939797655616377
16.61241540568558 -0.7284116380772696
9.076710066514448 -1.4841927500788137
16.278162924954653 2.6531946248899114
17.864335705543425 -0.6940229569817039
0.5015627705073278 0.5522855036674652
16.558956015859025 3.0543006388177405
17.35958347897004 -0.43451544656876606
19.389407075855303 -0.10610471332754733
5.357834470649455 -0.49363418365203326
17.467106639500305 0.442302062533293
7.6444855208292415 -3.931170068629796
15.334349404664785 -1.034820409180594
17.413538293763057 -0.7232989184824558
18.15729704589379 -0.18657381671316664
15.45231911110484 -0.6159069681528208
18.925780796968084 -0.6668604379045725
18.94424261229439 -0.5587039494839744
7.532678050799817 -1.4733758311283973
8.884747162671143 -1.4452989239602663
3.357906095050792 -0.8961959067837865
0.9758934537341217 0.9546991933524278
1.3529752497356666 -1.001636399670979
1.1707754679645261 1.0602497731363423
13.345375950174557 3.3743751730668725
1.9570470342908644 -0.9476276495573668
18.486135376216698 -0.5192193881948761
9.169335858911808 -0.804357377287532
1.9993528892716546 -0.24621389310262215
0.3849150726821743 -0.4520927529813361
16.696743804409085 -1.0267811825579707
0.41285399540607876 -0.3611294254732509
19.08260405014694 -0.5116669824459171
12.059599433478793 -0.23111425756913084
14.52691006807469 -1.0911135886412122
1.5314860309094696 -0.5204673266639986
13.182324012332419 0.7705357483987078
4.3696520977869175 -0.7570048319313839
3.1971637158020867 -1.087810157845943
2.459757660476919 -0.888583312204785
2.8919308799792827 -0.0643082798670439
6.996455272872869 -1.5377443953920638
7.391110391627784 -0.6475593815789948
10.807402960554121 -0.5591993160863901
12.015487218676961 0.37191758082089926
8.981403436684674 -0.38350502349686655
6.038869080163065 1.8821285464527697
6.215360549096996 -1.3037835682258812
5.571626979492898 -1.4372421844246341
7.087346008592419 -0.6917966466784141
1.8127149011739565 -0.028349881005984963
15.552616364485795 -0.9803776845207605
5.516852300157886 0.35933871809044204
14.673990650210698 -0.9080432329344765
12.846461768463602 -0.014399237209987346
18.871671170222314 -1.5880087335975404
17.69833925353326 -0.10264299350468431
16.858722997531405 -1.9012946011122898
19.78555218445257 -0.5640516530843495
8.727747907499598 -0.5849158617281975
0.5450195887070868 -0.4472567022134485
1.665092680158078 -0.9306128721704073
2.272720043634472 -0.3726293472979685
4.940746584030362 -4.8346916989714215
17.80846501287768 1.7745707847858694
4.93554382537407 -4.0204059249139785
8.696510838308347 -1.442306773656517
17.419398954390623 -1.3249437882842126
3.0965910825635454 -1.0924429133625513
0.9487503274416762 -2.1371189877484813
10.706452112492013 -0.975964057604776
0.016180451870502877 -1.1527536402723173
0.24540364352201482 -0.4993426478367562
19.25156948334261 -0.6408083305225566
11.095147402449985 -0.6420432394219991
16.4013306626657 -1.166358108920226
8.47136344668818 -1.187973207918013
16.48004468103927 2.61549927245587
0.6378877697113515 -0.45399176721572626
2.5556806921752555 -3.0245236175185473
0.6805672795990839 -0.6570432601049783
7.84561154267431 -1.1525464378682906
13.585531389116642 -1.1889050519172848
6.27429807215545 -2.160425795476243
14.590953332819648 1.3333460132359136
0.8574180020729785 0.5709847255465113
7.223359287531515 -0.8628689286002705
13.546480188168221 -1.9980033761028086
5.154356970551251 1.444391469506524
4.467357606438081 -2.709327199619729
5.803012451122405 0.8119673245479951
12.555973677454318 -4.021886604021189
18.92378529277835 -0.5210274173944358
4.205870113160748 -1.2487324574407648
11.027627780983979 -1.1014175259344412
15.94912297580421 -1.1916273501458292
2.5178213080699576 3.086138626420242
1.0697542450928055 -1.0453542890533443
9.729773212985107 -0.47563208566301224
3.1812872723476295 -1.2653010788608272
1.718191250518848 -0.418291269159963
6.277050671756483 -1.0802000984744073
12.988723126108452 -0.5776453078480268
13.615047327067053 -2.1784830694876125
10.244584687507968 1.7123905038852927
3.1012869431269503 -0.6524040873953645
14.515067860586877 1.947641559029357
11.685421938666105 -1.096034976236997
4.237117039753868 -0.11677814262243583
17.874499419592706 -0.3194450678061288
18.116521220852068 1.3344356897439735
3.708866648723727 -1.0548548169253955
0.7827898327496505 2.72742750143259
2.721143343891947 -0.9961943258121748
7.404497865172571 0.9607906919895278
19.07186661260112 -0.9627550846714589
8.923971642159984 -0.26892169235617874
0.521514582838646 -0.7717358202505
18.39279360941419 -0.5485742445194506
19.045662400935356 -0.9434742772893491
17.077719405024965 -0.8012355330688675
2.8463869242220956 -0.9549781682693397
11.647363099858817 1.6260501418667366
13.864014244453568 -0.24117208205823398
12.52891044172493 1.4030993517337815
10.808419736193727 -1.686810705986964
7.678132040804384 -0.9639959472207196
2.5060128535905526 -0.6581301944220848
2.6942453496235745 -0.5948786618043675
15.559722267813912 -1.1321811956810035
10.66731638408816 1.1941325434758936
9.985966800821737 -1.0922704183097927
4.6607883328359465 1.0958286425777457
18.29023888585833 -0.757743481254021
14.374717566816566 1.4010565018248722
13.730124480419411 -0.8718547218663785
7.117580192984114 0.8375237408719088
7.4196108713033455 -1.1255513520194853
0.4828314648752401 -0.46380977535043266
11.844435479580433 -1.3547627688133739
11.540722717897015 1.1511355911892893
14.449847440609126 -0.427912685829095
2.292274152550131 -0.2541136379148881
11.106253088129895 -1.9097343693536317
14.510669187730636 0.40186866592513676
2.302729501995067 -0.4860755692729285
18.92769309756347 -0.08556746636208037
14.397307859313997 -0.7709308608600984
12.628126843867479 1.292946078146079
14.358493506948491 -0.968583328881011
6.2947020674317455 -1.2406434132391153
8.265893869424 -0.6891415907698399
5.377412790048004 -0.18431561089224857
8.156693935506361 -1.2490515890197065
18.378391076495053 0.06009617578119685
15.196232518543214 -0.5168479364233572
19.401951468947466 1.9857044582220011
16.567311128236973 -1.2566987745786244
14.11421924392385 -0.5602370410242015
0.886336343276841 0.1945751347195327
13.550020803205413 -1.5356707475898457
12.697817354131278 -0.9761346146285004
13.264149087146844 -0.47653735455312696
4.232695656027242 -0.9393259568606876
11.724880594899279 1.3195109320868073
3.355380039201685 -0.8324384446568928
2.9471599778146254 -0.8313820469132132
4.396629480033017 -1.3089960474537696
8.845648500549562 -0.9525928804119186
3.0380948586465206 -0.6902167532841059
15.82120189389449 -1.04927542244308
5.722627105314319 -1.6547866093457346
8.686014534472633 -0.951572881930673
5.444320295721048 -1.1973107127943414
13.426680439060558 -1.1115430969525857
13.398615001293114 -0.9234302276633128
6.020102552549402 -1.076967987396218
4.166584170578128 -1.6181900222714798
12.38397650625011 -0.8151591641575536
4.530153143540131 -1.561231513195787
1.027870184063999 -0.5872850935220101
16.96683295072508 0.0823998941958341
13.442367437832294 -0.5211236341758911
4.71234652556116 -0.9851457708123645
14.441756852785558 -1.0701326670304907
15.709022906225167 -1.235968300084299
6.407344673182053 0.8620739338811219
5.853359154511736 -1.5772756905636858
5.554382615805178 -1.0621872248346738
19.223257456552165 -0.27969756801126866
9.44301740794668 -0.6897391576013883
14.562032380851178 -0.5502064947265246
1.7183112260165812 -0.37326054268481795
16.537878656690832 -1.274161162669386
18.124587947416995 1.927785452318746
4.804350197799369 -1.4565137464226687
6.67064857027816 -0.7107065421887034
6.143249906913841 -1.0562067326607218
7.393047132282142 -1.1263020334571303
14.68885043569463 -0.816148518464812
17.672578931625445 -0.38735121991053856
14.008679188471254 0.0896566970085226
6.628169378406703 -1.811548951446515
0.7160789459754507 -0.6993873397964392
18.40942619041135 -1.4710465878012298
6.046137528463855 -1.1941766032091155
18.912430262508856 -0.0188742782988343
19.037200603043992 -0.6167846731708801
3.28419527483775 -0.9450429245475988
6.636935004253274 -0.26347218538593475
4.017458508321785 -1.663311672440688
9.030133129413983 -0.6994565910328205
6.655767912937589 0.6513860369351961
11.86004610581066 -1.129917666674939
16.99061996705011 -1.1094618384582848
9.939610133885873 -1.1524903127897508
17.05000207376156 2.426225311454022
2.2179710123171965 -0.1674742924137234
6.72377052037689 -1.5031306650540173
11.660792658984622 -1.7351544595822785
3.5643109078207247 -0.35311553454872624
10.04087531320194 -1.1969991805218148
5.525992726798046 -0.031328898378182785
3.565888369004865 -2.007224489985193
8.477108167364298 -0.7238909204273023
14.828797499175195 -0.1445030771884678
9.005457015250876 -0.41457217388191026
0.9052400053317055 -0.2272543009132088
7.672327557476151 1.8485049343017845
5.164507784347249 0.9374465429209445
4.763605274482726 -0.9328767135695877
2.117804528784662 -2.6294104560439995
1.9570416727783286 -0.27491852788465454
4.964686583958697 0.17387706872741293
11.5306502585842 -0.3984389507363324
8.537471858423778 -0.7726749981457013
0.9223480900072402 -0.57817993188393
18.77735671648771 -0.5830216087491362
3.1827007724546417 -2.7311517468199815
12.588835057881555 -0.7082536280603022
15.3492303172951 -0.7945053511778853
12.119324210661112 -1.4384673888304336
4.876356624433155 -1.4189053858141611
6.074156742875863 -1.1697811113149956
6.683348774601244 0.03202377891599552
13.974975705064312 -0.6447660366913086
13.182770380855704 -0.6318392698296184
5.988402862092581 -1.495336379075238
2.885932208522081 -0.5151338586269345
9.177926067561303 0.7760460767914212
9.481994377740083 -0.9716925959912812
4.346783274760447 -1.7614670863198787
7.519948405621692 -0.8498404600251308
12.446370795238508 -1.4530966385970525
6.290528870211585 -1.0405205094260253
9.65687280759749 -1.4333234259403864
11.288370102022673 -1.2717643399185972
15.63859381419173 -0.12068558905025142
3.1750390241200614 -1.0965255699304584
2.7200871397290016 -1.0282777132862835
18.29602349129603 0.6708966888555336
5.0891454513723655 2.8817007139696207
7.7610168279400655 0.2937201071897922
16.79583685130021 -0.4699883237436374
7.359083726113045 -1.5474292562703695
14.213192424437608 -1.0368305988175912
3.6021944154213976 -0.8905791283331994
0.12683060120982842 -0.2647090253022484
17.739488822851087 1.8228490399354313
14.121666964013857 -0.3500052566701596
19.401316402728348 -0.5069652648100827
7.85205841604043 -1.6758340031187777
2.2849549781559735 -0.9772604802033618
8.37910143077455 -0.5088621099254651
6.933360234145239 -1.6262345177686621
3.3688407413327974 -1.0638360625700338
11.17505880703599 -1.3818453964761745
12.167088358983326 -1.307996468816732
8.862680424147827 -1.5725704609197133
9.020184406093037 -1.0340649918950733
12.464586063130653 -1.2407833693665518
19.047351340293527 -0.29556103132324935
18.373716102041676 -0.656397292217697
19.517443864164697 0.8137983454230528
5.393148057280326 -2.447736088630941
19.566013573458438 -0.5919528212494838
16.150519344714336 -0.569638306085646
17.767015809193808 -0.6069264235120845
11.827315328246074 -0.9469915598184244
11.7180128183693 -0.6988847621791154
10.515539463748288 0.28313839647523326
9.23524629153232 -1.431180515557027
1.1845728745001112 -0.0814572516772597
15.29469285165294 -0.6189869861732723
1.2999198358866217 -0.6460852880028829
14.880311768204704 -0.873938832190431
11.484794186022935 -1.1355898449854362
19.698354386205047 -0.48877789262984234
19.1587834629867 -0.8528546994194451
3.2971467242378534 -0.5941738586806944
11.906539291164002 -0.3829359110169063
4.89257876954413 -1.1964871813540188
10.446550574587986 -0.028401743988736503
16.398551735999558 0.6613850829242564
8.904123528566092 -0.9507266558034493
1.9252597700402356 -0.213332900630332
13.969810381467601 0.29019358638627607
4.875569565645201 -0.7771587150813728
1.7516713073701535 -0.5507762958249705
1.305540458368182 1.4020677917568327
16.352015330508454 -0.05139862338558608
15.645182318130773 -0.2602843447703397
2.2402660824512237 -0.1969915395214767
17.8491594270238 1.9676281291989552
18.032829493309823 -0.08181447241599413
17.273816529360303 -0.11469440461975271
6.68414520237289 -1.5107303217050019
5.164070519827067 -1.0112057611539587
19.458704538123854 -0.022000498547504424
16.24839294259841 2.4270901290406908
5.30015327430901 -4.519364031332506
18.047989615483992 0.7864967731999762
1.9603382534955083 -2.1264513579775346
13.473153145957498 -0.5772647408016438
2.5011204206332964 -6.417043837270859
7.550971927572665 -1.0080937997479056
4.062379436236117 -2.915029496599575
15.905260801336912 -0.6290749010190915
15.506016813886799 -0.4509628397674511
19.28720937949281 0.13875515067899621
15.904364715449583 0.41190745421471875
17.1151380770452 -0.33598702921281326
19.594227214184915 0.024425515468065137
6.250037451443831 0.5973949343718049
8.487366626825443 -1.1935667297608819
7.406747321767307 0.8347172177197563
14.157558410846624 -1.028141009234353
19.101946908536046 -0.1660820903409429
6.422474417555298 -0.6123049150757304
15.363672332871182 -0.2847668120711554
1.3577253142547283 0.15647777982444658
1.0183835597746498 -0.16677152230589398
9.898791525099513 -0.5981103841412626
1.2625855003533737 -0.6147401229476492
14.844021577378312 0.006333461199708831
17.807811008316808 0.7815266632558286
10.898752554148667 3.0273990734235263
2.204491798077974 -0.9047260370752392
0.8271612277386582 0.18586082086225025
1.5209499140936669 -0.2089014963818681
17.36469626684644 0.9776802385105452
13.588202194352723 -0.8018467713854568
9.209525212569384 2.0141833595368923
9.40286991169294 0.3768851854289774
14.817010799256762 1.0126536158189663
13.135935058577394 1.9617673523987929
12.265707173081697 -0.9040471570220383
11.09216405643302 -0.5793897642333482
15.638783239443196 -1.3884003899990567
1.5809465500963278 -0.17128826611884812
9.928079359323496 -1.4458172339190711
19.562418797542936 -0.3047502534971497
10.323112366648587 -0.9597864335997002
10.13658392319509 -1.0034437459497343
5.785754238497906 -0.4942556932305988
19.528844249503805 -0.5582628100746497
16.959868866664756 0.7318369081180912
7.300532629890319 -1.6171207019167637
9.230987977053005 -0.9847383238341688
10.486665332200463 -1.05721829496978
16.54428010922783 2.164043192548628
15.869223836312777 2.7292619724869533
2.348494560581213 -0.8843265397001004
0.10250425895891938 -0.520195254483618
12.461502901710166 3.7016514247007684
0.3979242203584983 -0.9644626625918369
3.2887542741549645 1.2497128867746548
17.026218607342088 2.486147001576323
0.008667614470816258 -0.5393177101171959
19.581492264034853 0.22398058802362653
13.457008041773351 1.345823965564314
7.836162671079117 2.294357271159802
15.94209611958956 -0.3999611116604592
18.71551987176638 -0.7988786175354506
6.090806639430257 -0.1503128547998281
8.702976127459618 0.6686022846157189
8.002643396733157 -1.2169104246875277
11.67961956811944 -0.19481091984266918
11.051583191723427 1.781648401586902
14.952897807112599 0.292191957261314
2.4822938857845296 0.13995846591104277
12.964623202948747 0.6547522579180901
8.031423246674983 -0.8601830820212126
15.323014605561069 1.1004775353863858
5.974875810220744 1.6222281589060807
2.003780467201175 1.158425900593829
4.366655784813638 1.531549979123982
4.90520104037216 -1.020224667673399
10.931894514471852 0.688462663815577
7.690919540114965 -1.3907015134757235
16.008158223979322 0.3081061788991599
12.526029901688116 1.1699628525288424
14.345505160521391 -1.520749808737059
9.854688762837766 -0.27356344417762213
4.289703088272992 0.42886867398815254
14.365771122738758 3.3327172170985246
5.31180586986142 -4.385268178968136
13.747625819400994 -0.6307748697603587
3.1252462355765487 0.5081872010488022
8.22259930661963 -1.284986020086622
12.018397053480815 -0.6283794436458631
18.540050410569023 0.04023586213985809
17.07541553691677 -1.5250090954620703
16.050058166352926 -0.2805007525714684
6.815154892633969 -1.6955285140523033
9.691698531539528 -0.8146396185601454
6.154053156657948 -1.5016635121785198
7.710197124855774 -0.7224426762770519
6.641007845592986 -2.1703240777204034
1.3588388074429927 -0.5284309336076028
12.564269003863481 -2.4131664454309947
3.606104054208134 -0.48745853442876663
9.143098865841397 -0.7912984540478719
13.65087517192235 -0.01546045758219574
15.873715124361633 -1.9363005589196407
0.2917087628293811 -1.064348735654968
7.799858496574285 -1.5698368574094603
7.517664358494117 -1.3912404101394487
6.550281896865495 -1.611851025121359
1.8755414760165459 -0.018605093073705038
14.09614238554554 -1.0137075016080854
3.0449281644327715 -1.0855028324016907
13.102261618426237 -6.700555895663709
12.773752896471368 -1.1452696860905927
17.883891984931093 -0.31848283906108754
6.5616567352196 -1.4053025692794328
11.363796396660133 2.879369238124675
8.508243353670084 -1.4056560888647802
7.5427522469291715 -1.1676856015318207
9.229616112132582 -1.0304056788788232
12.384371009851334 3.3039004745877603
15.584437585287443 -0.8660671233947881
19.170758521798053 -0.01829984241842203
5.298106104383325 -1.1102015540160561
4.140817611894787 0.8262179987242597
12.427452194696723 -0.734487509114483
0.7614253126927313 0.6062097468969769
4.745093974114465 -0.6394700702922793
2.239687115525965 0.45753768281072454
0.001670936150446202 -0.5777322500916086
10.318492356746814 3.2058139672062476
5.187238358129941 0.943773173766267
1.4353102470964771 1.9506911706158385
9.120952631670525 0.2887340189213935
12.294398660569648 -1.9816608235813216
8.535383885380375 -0.9046706612821551
5.282169155380277 0.7801430828849015
16.774253413630184 -0.24182872124443558
8.3348134893061 0.19717530739980516
9.184165254277115 0.08592217939109753
4.146876822668429 0.8212306201683732
14.181788265575259 -0.2540955304406932
16.590856398055397 -0.36981942032864334
0.948641331502051 1.0638290201732534
16.658750757796753 -0.19191877715951297
16.62193515688687 0.5886175556099328
15.554986063767315 0.4190341454183388
12.091604375476017 -0.9292158484171235
18.96553206832405 1.4320978000134228
17.13570376254599 -0.7479093639350426
7.388733933919143 -0.34434367985007175
3.375415403663894 0.3958037033069199
3.1785210124612124 0.7804542502112759
14.58232314136253 1.0355059868541694
17.959942576669825 2.5218535058300153
8.191094459826425 -0.40798865931285494
3.9300056971771515 -0.6529970930729532
9.25368950737652 -0.4659924353051599
7.500939070638059 0.8608495190573557
7.8049073925589685 -1.1665995176691555
14.04351013271704 -0.6667317773564182
17.222584148194752 -0.19385008835031575
2.7819866346450737 0.5767355530021024
16.621251986026554 -0.21095755477971115
19.82323661089896 1.1091773967186231
18.795473018525847 -0.5533940616328781
16.861697484077023 0.07770096937282414
3.152271842304365 -0.45507056870737866
8.719186918321764 -1.1874665049588073
12.52789236451338 -1.0211001882292197
9.112247849346394 1.6468366914960346
14.470434421252989 -0.5321601112072417
5.571685737924287 2.09234377348488
1.621856625357293 -0.6641511636151223
11.440405530198056 -1.5110877988279077
16.719444811969986 1.0075512579320043
15.641912928564953 0.044058130862271914
2.9720161240761436 1.8336706468587292
8.828549526298515 -0.50520345255328
10.565628433556858 -0.7082536594276319
7.906023281077349 -0.11774534014432717
4.768528690538954 -0.7118727192253982
18.98898339996845 -0.39443888207578964
9.245868484411352 0.3596858442711218
10.712608471954569 -1.1103605486818418
11.399891314980422 0.01257138417881306
8.973992272616506 -0.6565721547039376
8.012804395070576 -1.3191309982441504
19.769371771173805 0.7444819383473167
14.77795246230434 -1.4953917979327953
4.360072892646864 2.734244670079157
13.589167140216386 -0.7246554669766522
0.1729580810297323 0.775110888967243
15.0300580212667 -0.7052976345946784
9.221313943051548 -0.3585769074287093
1.7407637738404191 -0.6602291364453189
1.7125326092090662 0.17243230354576822
14.714553030490707 -0.6759386550200359
13.389918254067878 0.8958483665192717
11.915400168777557 -0.8658500825456914
19.332463333742755 0.4067013340503727
12.701336131565158 1.0046719010653362
6.167167461270975 -1.0989410572305167
0.6622626201362363 -0.4977582945772299
13.323744103298946 -0.6754609833517234
5.961659111022193 -1.3249911783275083
17.32478467908886 0.004827907126025072
3.2049816098427404 -0.8762862593317443
15.010082864159026 -0.5544440216690901
3.45707971414568 0.4349483445721271
14.208593390797725 0.44814398398479893
13.87022758509835 2.277180756487249
5.2023931685010565 -0.8819470816158745
10.695056053681814 0.21009278791412983
8.739396693773278 -1.095945425848091
6.479269220144705 -2.3313563249197418
13.350832703918433 -0.3989130284671114
5.452404855363839 0.6005712949107441
17.584932119472157 -0.5772894595715936
9.45875057607243 -1.3959861736902506
10.992763956641962 -1.1492144932854462
9.219297061195196 -1.043693782179054
18.823512151941216 -0.3358318342778057
8.761115336681508 -0.3380170616886819
1.5356182127817786 0.06723761562807676
12.134124993555123 -0.7986663998555652
0.5634388750742105 -0.47193199909687317
15.039110099448768 -0.7795405742962466
0.8736061513514263 -0.34901628200392915
13.047234436303064 -0.4519046438294562
5.610152911097554 1.200204012964579
5.019139039599724 -0.9249929199906706
17.11856232925245 0.1662310377677048
13.493254515215096 -0.8746529454434544
9.735320430965913 -1.0645330036587268
8.270105235300719 -0.7198808050483554
11.907487514067133 -0.3184834474123767
4.098683745460437 -0.0019160262683491774
14.88608759756349 0.1860464385086433
19.270438214435007 -0.09442778871975663
10.18881849795163 -0.9174621303552996
5.3779023868404865 -1.300487532365241
17.181251610435734 0.13994971692872885
6.36202803209446 0.9177516705458062
4.5671224468670095 -1.352145907496773
15.285723297073234 -0.2702660232354386
13.070016937355124 -0.1682412710367803
8.556676538422812 -1.0997787341896414
4.414647812731345 -0.4608903679736529
17.80909181794348 -0.23511545530803699
4.69739711369968 -0.09071063241493135
15.30637088202068 -0.489697380903083
14.641147427242167 -0.09785835837025135
14.308761327434853 0.7101778516864335
15.810011516446991 -0.9168184778943758
16.99167971940082 1.0633192970531598
14.359115134464677 -0.748732009878258
17.33394347471757 0.44806669769255086
3.889261645657138 -0.7876288781738067
14.197767480306636 0.6911993344076446
14.357730021210678 -1.1396616100820616
16.819787131931456 -0.11464259402986293
7.081322799404082 -1.0380759796182761
17.114974282922965 -0.7474603263722908
18.710955678103346 -0.20784846149915612
2.1976873900155978 0.6081374838752952
1.8141156880204248 1.6724923855815739
1.1826997987358197 -0.15969217600425362
3.423265269932119 1.2469068740299196
14.575105896134213 -0.8807982002514323
3.776527200515615 -0.25700539406981376
10.776225582995817 -0.9760570076819338
6.709952403054523 -0.5858904572621803
5.973082025562239 -1.6593452016476447
2.9084368962858487 0.7209232823662073
13.896520687551117 -0.47022251408776033
11.092714385306783 -0.4960327705171176
17.816894450756998 1.4423138196271021
17.35880031081959 2.3422181208578636
15.463638228229197 0.2392364454093259
0.487922080098985 1.4890980970176355
17.528954171337094 -0.2592963441654365
2.531946358648424 1.9891752386964285
4.164269732072599 -1.0293659668379367
17.936813089162413 1.1718490814764388
10.865489292355132 1.2253986435276476
5.315892992088659 0.049234193225257586
16.398523979749864 0.5295144058345266
11.98629220020732 -1.66891463341031
4.0950242745895284 -0.5875666679161169
14.949385074445388 2.285330507748167
12.000937277098595 -1.2263349318168553
17.69980761913389 0.2404950803571345
9.661744051190574 -0.8279154116387824
17.79561203196816 -0.23454032272563616
8.427072754967245 -0.537896722917167
10.761696764329956 -0.8595921974929118
8.586595295937421 -0.9606329618533702
7.496655703194687 -1.8076696182775105
14.418925469919138 -6.988190489301418
8.587595453326381 -1.0172877533174967
7.314313580854399 -1.4094861231200997
11.626470809065236 2.663818155773757
0.5873770636942062 -0.5324073503248017
14.982697651261486 -0.43198492216968587
17.179726954292377 -0.48678209136984457
18.881778724430177 0.29971418563955976
18.553183866399102 0.3925893454579577
19.809077315040174 -1.7470601129397243
6.809908015200795 -0.38372867791864546
10.107583084632239 -0.18080389470844316
18.091840825211335 1.785479798952241
1.9061643001866997 -0.5155105893605327
19.152980748674995 1.5729985294196418
16.06861926684567 -0.4811105264677646
14.440002387498382 1.1301232764832525
3.1974014146923406 -0.15120058023218444
10.21882307047344 -1.109523598304899
1.6795169484501105 -0.2556936748562374
9.777603172149837 -0.9067454743744902
17.48284378054447 0.8051845598604347
2.9228287204228076 -0.5275024054159705
3.7404786281979105 1.7098654183385238
10.269519833831994 -0.6423280252802231
2.507810897586718 1.1811040963054202
16.593469322411373 -0.10224502503413482
19.190402674221456 -0.4054220076583074
7.023645258577058 -0.905654911209106
6.053987579601512 -0.8652517012375976
15.920325436059567 -0.5485005357674761
4.7543042072945205 -2.6739856985258874
3.640857854914549 -0.09645008000508071
15.660732352150976 3.265594624097696
15.438126940528731 -0.9559031957685148
1.0683945760994231 -0.6302262265859174
0.03012574991901218 0.47949417399153077
16.54904155880385 1.4005790436664167
19.908386090954938 -0.8142751085882481
9.61520123538339 -0.28831795699125046
1.230598066954886 2.020085871017419
14.536015491484827 1.918331081273488
0.38279572761321 2.1409335178302684
7.713869097828868 1.052923692805131
5.018553711504469 -0.11674659653979717
16.81470970213099 0.9920578230777797
16.199450941328482 -0.004505866597738259
16.691587937509656 -0.9404264481325871
5.526621585629585 -0.048260816161974446
9.060790975386794 0.9320294029485674
13.357112767242707 -0.738405214960654
2.2937535983794963 1.3851802395575423
18.263685234354817 -0.1457175299963881
6.542717301257325 -1.448670586191724
7.641687046863797 -1.2007835969510265
18.982033307316925 2.0033948454952366
7.004735984089362 -0.39985239199813416
8.508638657992462 2.117471562042478
17.965743871898674 0.3149714678243274
19.860797971473925 0.4129828499779556
12.262052983427253 -0.8254061056223811
7.338240117007943 -1.3604512537633142
0.3151230092384184 -0.526460924073012
15.670770856674658 -0.38493535498398224
7.623694923072414 -1.1414951252339083
17.60820831199495 1.3260088078743162
12.976141590938362 -1.0117818233605793
6.715838251741646 -0.6364364463681823
3.394488773154842 -1.3430851579729344
16.72968571578967 -0.7147471362950646
16.91213060483449 -0.11292290645530895
15.693356458717739 -0.33528021355222876
15.509839669883524 -0.5884243130408886
6.782641450504419 -1.6342524093493997
19.211296606065062 -0.4809842665262001
19.09370992607661 -0.43348945558901536
5.744859549635563 -1.0778580150639863
18.84712431661074 -0.7774061203583005
11.551491109195936 -1.7684503667661415
5.935943815156317 -1.270429680496904
7.402464231744078 -1.2693853185878137
16.34930625695175 -0.5526831701646281
2.4860049310326917 1.3585852548340147
7.19051508830281 0.1227777299264235
19.330325590086222 -0.5980171084573399
4.80707917990701 -1.9183801744912277
4.071511939242915 -1.076367404668642
2.425133979813985 -1.0314779420113493
17.75150170752136 -0.527069242332037
12.699305532469737 -6.859098967511538
11.941170199037359 -0.7357355091742708
12.009898877571102 -1.8957911103293366
5.470893665043505 -2.5763404805390366
5.854673566627946 -1.436906744735382
7.417358940578148 -1.2626770325083108
6.222623507614722 -3.903624866369828
16.404822896920198 0.7627012132781231
6.998007995330641 -1.1386828263263875
18.12625325510733 2.521915902247255
6.377231465725458 -0.9015689832409356
14.937895523339382 -0.31784579835426724
6.806290400780781 -1.0091201697710206
1.997381966176655 -0.3929833403899531
19.680051891199305 -0.6253384846991296
17.588486938525758 -0.9794346268605432
1.427179636754682 -2.180843632643012
18.661337359944493 -0.12249369262567147
13.217238143121888 -1.1978446242028704
19.493315319380198 -0.5273749929785195
8.124674403333389 -1.1332388194774605
18.093587048010537 -0.37291058479109906
7.9561871775056785 -1.6588065542240273
7.478918383947801 -0.9878201214481543
19.494437867013012 -0.5703770538314686
17.020074864170486 1.5857069780515474
16.659005492430396 -2.917203337838351
12.79438068737165 -1.0084877230201148
12.853711377080478 -1.0830461349887832
5.700085449058767 -1.452220838233589
14.971388018794846 -7.300884507137355
2.1291308556168107 -0.9362579590748749
3.03484801045951 -1.1571143029655735
11.565507118077255 1.2614133253047084
6.7932610571654255 -1.0304759078853651
12.255910540584633 -0.6953637642009871
11.531639196849758 -1.8951844412902472
6.182423260556533 -1.0485545938215153
7.736476441983361 -1.4073660331769202
17.264699234093833 -0.1710426172164588
0.6204456367964694 -1.0675010144288188
12.11660300694755 -1.3302205181202387
7.106518318959081 -3.6569789770763372
4.157179082430453 1.3511228197490324
9.314507957420165 -3.7622428766984513
4.8874938384606175 1.3471366098649962
7.888319534480945 -2.5534570220894586
17.766390676234565 0.8884163337036126
6.967694217321788 -3.1553110973954763
18.448862633074214 -0.3876441100782126
8.823990174950577 -1.377813464164293
4.171582836087652 -0.73413854616364
3.7276406155991793 -1.444455269969545
6.328850559480326 -1.0178934570774256
14.609496783635525 -1.0436107792339886
0.8324178053176825 2.1695362583281548
13.045948649052768 -1.8404788500822353
19.041186727953257 3.3476853243865454
13.775872202717876 -1.118244167034939
3.7421667913436583 1.006022311491898
5.659540007497586 -2.8700479730972255
6.238526432786756 -0.22733358799517253
18.660290495369836 -3.2712155279883053
4.466326157740987 -1.4829065183372947
7.012429713682927 -1.3268708714664477
19.339713208396105 -0.5294440902885763
18.95053023094191 -1.6325305093014708
1.7963800602494007 2.576820297799961
13.435844344755816 -1.8843174380792882
8.2899516329526 0.9065228674526122
10.726961477087603 -2.1206071080099758
11.698859299849655 -0.327298917319559
19.92091914106313 -0.5874271695527129
8.043881239371823 -0.9403767625754063
15.025543781352988 -0.5840956506704157
13.272452637085637 -0.736138660229677
15.14001274118336 -0.7027410289029932
11.76553831979662 -0.733552301769977
19.1881181362596 0.8986035419291112
18.20322848871973 -0.13452264368147715
14.758570741593926 0.7857311654265057
9.874706795187363 -1.7146154259608388
9.237797374468423 -1.058811731793598
5.1963877202148385 -1.1270230932870715
2.9849181865240446 1.3593957622257544
13.507026151719504 -0.6954097225830951
9.778228700717037 -3.04601751112005
14.028692941559791 -0.21484718804371172
9.69211263852577 1.6431063666627825
3.885856370311574 -1.1608373429252965
4.960064298433603 -1.3967182778348224
8.626931977233932 -2.1453525528981836
11.341804232474095 -1.240256262167472
7.04590025063023 -0.6426081407213763
5.125284351905638 -1.3107317388813589
6.535188821273182 0.8493869155127192
12.365667692439239 -2.280078845716283
12.186580283740225 -1.3085527752693553
3.444886105332232 -0.9942076576192239
10.061228234833651 -0.8875170841506268
8.690676192825626 -1.286648805962089
10.618864274336806 -0.9075619866787997
6.592002453875467 -1.7181696474033505
12.638984735823152 -0.6153399723595354
5.014012700800248 -2.159630650322295
17.597887454286425 -0.7724827311475357
13.617564540507514 -2.369842523698147
1.950259641325038 0.36927452540635314
9.409879340859982 -1.2934129573932356
2.1900907750131635 0.3476810665054245
7.626322319462288 -2.705395751378666
7.094872276052871 -1.9669584364153883
6.923167150051326 -1.0688169199842223
11.742803656164302 -0.8458512370845517
5.810836500821417 -4.254910254661488
8.724239021194974 -1.332258979361796
3.7321225798501234 -1.4615647373150136
4.665489724092545 -0.5057053408920547
10.05013341722214 -2.521478612220213
15.958307704938582 0.8873019905991435
6.420562910969828 -3.4597859489688183
4.414366636532918 -1.4376646129788866
19.574541437818656 -2.517881209573654
9.280646243207363 -0.8132670865677899
8.038055426532349 -3.584107524450526
15.184184416970764 -0.887336432561202
14.446469594203293 -2.8270165873706574
14.823009450195363 -0.7428134482330686
1.4342898775837574 -1.0244498013937298
8.466067285429302 -0.86657650889486
5.127357269633847 -2.0192224319210212
11.85388371779823 -3.4546697258285266
3.4594824168400136 -2.0140600477757507
15.81014728753268 -1.441972774830453
18.463954955421123 0.7934678952143953
11.719449312806926 -1.2971923199922129
9.791229048253225 -1.4291296099562651
10.865356989733693 -0.8856007683343149
4.165900112101424 -0.666829527418149
12.067509208882377 -1.056040623183364
8.278567772482354 -1.2078529668328444
16.770162038651264 -0.5162841448848581
18.797362606621025 -0.8133976755458052
3.969426171516391 -1.281017168642508
11.343454939442193 -1.4599646983261796
5.183854225310226 -1.3787305968239747
1.8028253771286347 -0.6244505523714312
9.207086431489385 0.6779053109132922
6.794953159620207 -2.858333118496794
7.926071072158778 -1.0598253066245946
2.7434712650729507 -1.476917076309398
19.900054736287643 -0.3873414478135118
7.913654880412673 -4.119399787095503
13.649306040433192 -0.20526118405605337
0.06437411427363396 0.3302145948958596
2.302827011940096 -0.6185975844503556
4.389889010211534 -0.8565950625049137
2.984794640832512 -0.32148682107940757
8.834338422142327 -2.824765380836132
13.18612899497601 -2.090033860722106
0.8598484459738022 -0.6676018343912948
9.591016406131311 -0.4143119889427738
10.98821269734007 -1.3747529844970747
10.959551832579356 1.12740951064494
3.2988170796980136 -1.8752630205275063
10.010689393797053 -1.3701248464922104
13.289189806382305 -0.9815250411513844
1.3327089511214905 -1.0258473884610004
19.05617829819069 -1.4927703818191966
18.291172240508978 -0.7284019680649113
2.8100217924881963 -1.0793761773589197
6.6555355712851005 -1.18435972288371
5.785889097646498 -1.2162287593819683
7.374828197993634 -0.8843025355807386
9.479950717323362 -1.3142549743757366
18.602899277479896 -0.23673050614758526
1.1726419202767353 -0.5712452483711445
6.914952211815826 -1.573940941501459
3.450403794086581 -1.0478520834972793
7.770659225735313 -1.0349401021972613
13.952708794837916 -0.9246792417408752
2.4480027252055345 -1.1246598890571304
11.933058662092071 -1.7168776962009766
12.562846772430577 -1.1895166358357605
19.42269775500646 -0.6217782363792276
15.79526342005457 -0.1644600951613405
6.367747247261784 -3.8863624238556334
0.8904626063147513 -2.022747819448369
2.2509481847171675 -0.6986103376295922
18.859042664461697 0.47432146322070223
5.126501794242447 -1.0416886424619174
9.686245687597633 -0.604059005661201
13.994538327953125 -2.8728930340381287
17.352496786435584 -1.0240503117845803
13.683346424088668 -1.5726155450094188
3.9756180119392273 -0.8751343460743666
7.884316399547157 -3.3631048101520506
4.77547843167513 -1.3905311015509907
8.028910202434496 -1.0629577112452409
5.579143154254588 -1.7480939277782173
1.4138441938187625 -0.10795673088498167
19.84304045920887 -0.5511817110310514
0.4320225131829452 -0.8096510818171152
9.071423246907528 -0.7578171508277207
17.89554265882055 -1.102677499523172
8.789530021480807 -0.4032501475074716
8.71726210420393 -1.2732907348671136
5.716894568112268 -1.7215471371188789
8.015331052493986 -1.9321503230228516
5.759876448837451 -1.0859200741755903
3.612798841377186 -1.0765702810371864
10.358150864157311 -1.0830749016236927
5.5404182878791035 -1.7717831630356535
10.237770952493912 0.0023517577443370463
11.693077796092195 -1.2137469525717826
14.929820365290936 -0.9267114628784957
18.31219231699888 -1.1144769478253542
11.104389891721421 -1.3522526228747553
14.682915473176207 -1.20715491609541
6.556456376137009 -1.6140530907035888
8.44822965362859 -3.559773975196207
16.26244544920509 -1.1373476906857098
5.338801982383541 -1.003857788948472
6.671145018802114 -1.2098790504338606
3.9594324377952086 -0.9020898330530605
7.334939248292651 -1.1747603170943712
10.463029541021113 -0.9188317068415701
7.244367613565087 -1.2774992124356954
13.08334537661041 -0.9867925185898304
11.624041325676465 -1.4946237535808986
1.368438139400915 0.36444417098188286
5.605794655927182 -1.7234069352602095
2.6678409450002727 -0.6699212063849868
11.298989067345119 -0.840843980886843
10.911315107434458 -1.6420784167025826
14.514815746352811 -1.7230535547945172
15.188734963441151 -1.2870384262048546
18.5493330406986 0.09854406655624383
11.556367207643309 -1.0630852437040248
0.6832990904493706 -1.1418644106646245
13.569665076981046 -1.848617246709988
11.976132792674726 -1.0215077532137375
7.4909795540154045 -2.0217832967354545
1.262125551475048 -0.19968006766672589
9.12942513374519 -3.980654489492892
14.331816689450005 -0.05617648641501001
18.04580245922888 -1.4686978374595678
8.018008852899698 -1.0320012498712736
3.603095013553548 -2.5552289486241353
6.95098868123095 -1.0781890222163033
4.785697153618522 -1.1031816515031323
5.778031790594377 -1.2093477770032794
15.841305326919638 -1.3355097677270726
7.338584167611464 -1.082076276194687
1.5439042813042212 -0.5599001262098666
6.419687276230199 -1.166122131045305
1.5822976854379307 -1.3413998834162464
10.273044269163012 -0.802698512448569
6.632801017422251 -2.723155526120534
2.637418827067081 0.3616152029972661
18.310628356607456 -1.8528004739997512
8.908998861923799 -0.7281945819066507
17.145439181572687 2.0611378004127348
2.230211752422491 -0.7435298673966841
15.294086641919643 -1.1724547595887833
3.2306870801719567 0.07252468975714588
11.926915071159897 -1.1535148112651596
19.64855607384794 -0.22577380871531672
10.321091879183136 -0.8013792343466088
8.594523113561586 -0.8391161852175444
8.51929917687524 -1.0667840917504707
18.055286172823457 0.05476790944217247
10.287893019932838 -3.264186111874776
16.554410218805597 -0.4632897968046519
18.006414471028013 -0.15039764430120633
13.671663917432936 -0.5360540902677958
4.358986824826698 -1.8371986330339112
12.380848533484718 -0.9478380777694294
12.941841585536183 -0.22682541576249393
16.593452404066287 -0.9658612709680188
17.552504728317793 -0.12360328339195209
8.921409433347552 -2.066878630967267
5.91390295974653 -1.1489147842710608
13.352026286100616 -0.09942232998779316
6.664443372790417 -1.0519382606150087
6.476493382401898 -1.18630227984338
10.612176940243469 0.5521102265796481
15.272215516249856 1.1623773854006776
11.006866940034968 -0.3265337657654892
14.556117871895776 3.007471027714559
0.0491060293624308 1.855891337380505
