8.141880222409988 -0.4791670434565731
14.968757789522153 -0.5246609632179327
8.777416615928924 -0.43086129274602447
15.070085851825803 -0.5236371136185254
8.237546740654231 -0.556721889362719
0.2342093432316474 -1.3547733715336556
8.450603556916912 -0.5750744733571319
0.6591870977313574 -1.51969689224532
12.134941544574593 0.4332155145928527
1.2191042456668204 -0.7535357252217039
3.9610409885239073 1.0381610211514871
0.0364247780205776 -1.0925547966228546
17.416353618225806 1.954285704060481
3.0430365593935536 0.023717550341456207
8.734484212188871 -0.435201000719151
17.73808287834122 -1.7804880339025229
7.143231405075392 -0.6810844965702078
14.740674134003768 -0.6984789511568428
7.0090266935949375 -0.7244506877291353
18.615591883229328 -1.500701394818186
4.356451495343137 1.0929807358247658
14.60714504497196 -1.224292986575673
19.405671739974636 2.4002344992175413
2.9891544216720773 0.03699136213574211
3.9760057708504344 0.8991687621008317
14.610257141350838 -1.2979667009413858
11.99671248370477 0.43633975567233746
14.771777644603922 -0.9561891038619355
19.95955560190071 2.481125844114968
14.742882277855589 -0.9967001805529365
6.854941257755695 -0.7327340760350197
14.710694117653167 -1.2051026946686825
8.568815398932335 -1.0216942573625072
14.560669868147189 -0.1877768005215169
10.146926678985876 -0.271284550275234
15.573881583546099 -1.415872711848983
3.83633214571645 0.7002708984772995
15.177845126152167 -1.2598260404633839
4.496703318628778 1.541416488490615
14.728257987781209 -0.9771239082371708
1.7971256510394007 0.024113131392464557
11.887571539926075 -0.1714749395701109
18.907759612331493 -0.9842416690589535
16.64296178278956 -1.5834241577443984
4.297754102634233 1.6176640708768941
11.863833336950009 -0.1581483347702075
8.2654249766593 -1.212986385400507
11.898299388709539 -0.2608812762034736
1.887945088848495 -1.3077323830836902
12.379404312916005 -0.14035532759945082
17.93182493008632 2.1220382104338458
13.654822368327517 -0.1639512164561145
19.200976979115243 -0.9620977291281239
12.405834491031454 -0.13661470472966458
18.92987663217694 -0.9962665575869291
10.080429521744083 -0.5747403480278364
4.373472848033317 1.7531108756286222
12.381487596980001 -0.15784667202951172
8.587857265503883 -1.0099366249912987
11.640180415625782 -0.44939226475940636
18.771262556613618 1.9461423766824526
11.396804130730487 -0.14612756483053693
0.4231276967331313 2.332848162303691
14.67741338642718 -0.08328032659073888
0.7977180507216973 -0.34953890017003186
12.090475417586278 -0.38838657690649403
13.418553899793926 0.4846966262716935
15.376499201237824 -0.23719184205304628
3.867400285373776 0.9518900729098765
15.182762979812571 -1.266659816858726
7.784673995066793 -1.0525991463422653
11.095490216218476 -0.49597624454915346
7.528612521680505 0.09094254588922739
10.990829512332423 -0.5282495640057215
18.13058487103956 2.1544685884757717
13.49551628030457 -0.20691766206889872
4.459190962770793 1.437069566025271
14.588415785387204 -0.4021072995388855
3.9421665147287674 0.7186665548784621
15.192363380938021 -0.293278271695625
4.39179170741196 1.0369528535224242
10.74703499266924 -0.66226443258914
15.671361971597333 -0.0649264078801762
13.13479322899778 -0.21263920645550605
3.8961070791723995 2.2476620376365424
4.108020268101304 -1.0973282429921352
3.4954148797189455 2.6665342109265717
14.596225928881324 -1.155257690057436
4.11955338398064 1.268312967510048
14.519299895523798 -1.1918051013645325
8.445678178409596 0.2292290691962186
14.944057336888946 -1.1817405317203344
3.8785819298766735 0.8100787587864845
15.788959350788382 -1.3956469866488503
7.975517469838938 -0.763112325009517
18.932334550877826 -1.5057314304710896
4.096080648074724 0.9573301023648951
14.829009347681161 -1.198656168634422
3.3918944069561903 2.423367678593053
14.9976294098404 -1.4542272520734563
3.782479575236067 -0.7870589347886838
17.4841801484771 -1.592273370176627
7.368092751627894 0.3408284835965111
16.148832744819035 -1.4547090343142144
3.225050474734507 -1.0165970856363282
14.92524408851546 -0.04376651882885492
4.240281920338564 1.4612218525138039
14.935758426651487 -1.009865673576528
4.592771855508291 -1.1092112342192553
18.269136656558185 -1.4889129701129278
4.527490795235945 -0.8047448823620875
12.168375612237337 -0.37609835174363093
3.6156869847236695 2.300988342729134
4.655837888797075 0.21560604794922578
6.90305525460195 0.7306647889722592
14.118509155487859 -0.3130682002643385
4.778527003272539 -0.7490453071510602
14.66452849341621 -0.04416565055317096
13.230904556699485 0.01385684565132838
3.476996942995936 -0.9577073927922726
11.633296817986942 0.09414749845022022
4.477140724191232 -0.5003365023192909
9.73208175006555 -0.4164615262274096
15.528271696547625 -1.37263386952914
4.096136772970413 1.3294323255614986
14.62519035534906 -0.06865185282708326
3.773086978229908 2.3367719473311452
2.066925142465611 -1.179435878447663
7.13136341083821 -1.76723928504062
2.4541489292682113 -1.223005862404083
5.453365141518322 -1.2984630782677056
3.601857499406114 -1.1457665806094874
4.771230770625152 -1.3427457533754852
15.543911656828111 -1.3672329225160407
10.109313179800075 -0.4353543787209293
14.306832007160066 -0.17662228565394766
4.325327190227199 1.626590249918037
14.125050948098604 -0.2777989852492385
10.68412276753647 0.1850718707517673
2.457217314787275 -1.229651522313476
5.345263743111968 -0.5994161899948696
14.557589787331539 -0.08676878023959261
9.600594571254772 -0.44311864974764903
1.9906383605823657 -1.2730649521399446
6.549883676864586 -2.003479448231197
2.5699319261560465 -1.1333538636935738
7.5144338171861405 0.06968095500559249
2.638556108197874 -1.2754510496515874
10.63461729071279 -0.136179960431071
13.058228556144185 -0.09684054419473671
1.4796263441480004 -1.0174993235267875
11.538342213605452 -0.3931018545233823
4.979734025323281 -0.6709894095210224
12.861985008415584 -0.1467517412844271
7.753213509900701 0.1709532664027495
15.301461455291133 -0.4545037730339005
9.905938732011613 -0.3808603039866985
12.355722891731492 -0.11273571843811828
7.852055856892621 -0.9557574679085392
12.274822008801305 -0.1286248315040668
3.6571562389369547 2.309490850180267
12.225123569967165 -0.12152304903454328
15.622404125044113 -1.3194752901285385
13.73178832522851 0.12005377264534305
5.923315098316204 -0.4810672163159287
13.315024820973068 -0.14208377923289295
16.49490971758851 -2.701384025350697
13.503908140190257 0.011238852330534212
14.856549213357114 0.6257866291038553
6.8249618565859915 -1.9226581309713802
5.274688638732984 -0.6224268394679325
13.067259457024138 -0.10153748347687104
9.011414757802712 -0.6376337415100191
11.456425133264231 -0.06708330029280812
10.046371394907018 -0.24370538358507832
10.172515565615216 -0.5140301418155964
4.127924971266512 -1.2881240552070803
12.637913320177184 0.1838814799542823
4.371633023665238 -0.9582951853220588
11.595756123158827 -0.05753738615664589
1.500265810156076 -0.3956133588758016
7.742580299057655 -1.518489309384346
7.400194367341832 0.03015370081032767
6.690863397425531 -1.9493259054970176
6.256358388725121 -0.3527709521647235
11.78792029445587 0.05781274885259336
4.75101507886989 -0.7194669202202845
8.515978168109303 -1.099281730135044
5.474396602915562 -0.21868680670461202
8.837260406535647 -0.8872659054208916
6.345190534942977 -0.31884505939584357
3.4254457596319283 0.14982954062738432
7.609514637110041 0.45496554734830247
6.225930789506245 -2.0694232219214794
4.092556957592182 -0.9056041943490146
11.763107896462644 -0.05127794102895983
12.933906917645515 0.010194292482060996
12.211185506123012 -0.12004352971261414
3.093953935330114 -1.259819702198576
14.047084462725955 -0.16983438277467006
4.716943220129341 -0.7172558662309055
11.762551974502749 0.0555582203066655
9.420291637648354 -0.5291789805465124
14.405073347826251 -0.15359713988549673
8.243912069470625 0.16436550150552778
12.010403929276947 -0.09920387167297257
3.864482871956593 -0.9660098232254164
14.116641075406516 -0.31257450365010414
9.040157004037637 -0.8234052337885549
13.362897401297937 0.010903015432551642
14.585007986405804 -0.32520606864008333
12.979320089818287 -0.1184526984935799
8.077348199572508 0.27775993215965844
3.157081575558647 -1.0942587042209917
4.584174875598037 -0.7964529478508908
4.315613335824613 -0.606450875472783
5.468845638869752 -0.5781127291421664
14.303386156644635 -0.22534974204922625
8.291332932976275 0.196834049483246
3.5170155711524735 -0.9636856694190923
2.4103408049447377 -1.3518810935213934
3.5541960753531314 -0.9382762680437021
4.412260962491918 -0.8984477395726528
3.488048718344123 -1.2127416702807277
15.837615927571044 -1.3369597101152784
3.665386119261728 -1.1207928437038621
5.454555042984789 -0.6023996533711851
14.113701042146056 -0.20954923435884798
5.437759254175236 -0.5567010231352774
14.538763458818703 -0.048858484164311995
5.6080987487562695 -0.5561323497752014
3.4120008585764974 -1.2509823494573848
2.1179750300191995 -1.3053632132080484
11.405771664682574 -0.12128594555963193
3.2158112225081834 -1.2565158423419223
2.422238350671201 -1.185269375100589
10.05990444957718 -0.39870786139767245
14.552360045846706 -0.04584786053874818
6.6998231112666184 -1.9410855304336472
2.423151364241658 -1.2075818416127904
4.342246754590845 -0.9031970427394512
12.316456462025151 -0.21090006237183564
5.137663393136622 -0.5732637174929013
12.159426600965407 -0.25438916627965524
13.899751405767832 0.13205513012277953
12.073324763703877 -0.26900188330408503
3.5100305278800614 -1.152033557977243
14.067361973873535 -0.366113958870873
2.5106851422834016 -1.6540965609264755
13.771693480716088 -0.20902593075038156
4.71239290199796 -0.7226055042975328
12.18330745459479 -0.1802570537906709
2.559622449231633 -1.281681481649846
14.01268118900067 -0.258691538067088
13.859829837025524 -0.09540287703818687
12.620673385519286 -0.08046857780990677
3.510381176292685 -1.1586283795080263
11.560756709354196 -0.4607825353423884
8.191562417361117 -1.2989460316104489
14.789335293580658 -0.04825919320553178
2.9494468216332983 -1.2801621947713586
11.250078523090663 -0.52105247585622
11.492617997674499 -0.060245384577193306
15.112008024380769 -0.26714427032444754
3.3235212617876426 -1.1998103824956585
15.042445688000123 -0.3232932433163943
4.5760794608889075 -1.4767106154991958
4.464757356026525 -0.5109619326570275
15.039742659472717 -1.0233067928528106
2.073252186488297 -1.1938582215613718
13.350115666015771 0.04763060925134226
3.769779010679287 -0.8182343705036172
11.811558233616605 -0.04658338103999711
8.116728622896032 -1.3766368199617935
11.063079731099572 -0.17941247818792655
6.760961190691772 -1.9603569067640325
4.629589829636423 -0.3010658411662651
3.036833135576051 -1.0911724880453115
13.91585406068299 -0.2542328042307401
14.88435919573565 -0.030690649460282923
1.745364120794099 -1.1503431014663588
14.87652629687679 -0.17219242523866846
1.832032215516003 -1.1825093022070388
4.965361036120358 -2.4268110383849315
1.9335047951985502 -1.2681038158933466
11.426947571359664 -0.09911635981348144
4.662701899550545 -0.309659649520779
3.7354104587385577 -0.8556976029738799
11.353096263623769 -2.96019761243623
14.871242639025004 -1.2847723811693643
11.095398832353396 -2.402608814317594
14.841373797643346 -0.8194451639716525
13.866724180147258 -2.6039817589962393
14.298814059447677 -0.9498302928257727
12.520076610224987 -2.776532407367132
6.192420358275664 0.6084909441238406
12.541383784603186 -2.7917157853874373
13.196862686411762 -0.48280623741421347
15.018217023664574 -2.071594300622227
14.533322607171288 -0.810167123478183
16.977100109602993 -2.1399105746170393
5.9601629484403125 0.49390401772463005
18.511735075101498 -1.8360289707927682
14.635756716503538 -0.7713675583368614
18.919257055141095 -1.728499039075745
14.212139285717944 -0.7587102983821249
14.69292191667934 -4.238134095155256
15.904299753969838 -1.5128484607983246
14.707416847106229 -4.207914666448495
14.83193445707736 -0.7933293568225872
14.080331447256025 -4.384380142750152
16.87318088641915 -1.705801603801706
13.898157495914834 -1.1556629388685635
11.394865645896141 0.4789546380647628
14.24190717524256 -4.145510041264725
16.64607859736213 -1.657340239247232
14.328527020197157 -1.6950815783932072
13.383509338821835 -0.48683984920964857
15.509187318987347 -4.277526558383094
5.566042156525062 0.36651682342843267
18.72814484378465 -1.7562657091729479
14.875300018802914 -0.28069082218613217
18.48786887465806 -1.7374098365355013
0.1451533152776942 -1.493721318614433
13.907767571081193 -2.548946595121313
1.1517272909483498 -0.7261163999208551
17.700420668106926 -1.9389451520298322
14.294754898133988 -0.909684808149331
13.131549625614007 -2.6439307770761475
14.865061753661793 -0.15706677066367247
14.133552862896481 -2.4420894354165217
17.13293831345514 -1.9067121275532721
12.311184323948778 -2.691967128413607
0.10607171392023451 -1.4797190762394783
12.854606581155315 -2.7308490741725993
14.73630397532995 -0.4093652946247008
12.001443899339561 -2.7319033017826566
7.674820857503725 0.6309813554032675
12.840591649408413 -2.7135825120128065
7.866285484329322 0.7166151249830021
11.867342304813175 -2.757506485105577
0.2288368612368858 1.6717850103733134
10.752994012395844 -2.386227194728907
0.7653955135637303 2.1956108061604813
11.086802114837068 -2.4331031748248706
0.31812810013045634 1.973146304628543
10.349932898146003 -2.4038302978030126
0.866934523290673 2.2146442933787527
10.297684961337403 -2.4397107793671244
1.1833618835311193 1.9139646110697712
8.849117646181124 -0.7406396845471193
1.1671921006110202 1.97723774736345
10.465336193380884 -2.5029631885280796
0.10842803570328385 1.2135545765793854
9.75137800643875 -0.669632578579647
0.41966950824604066 1.8790095376788571
9.900178733950128 -0.4758160488171906
0.43099594517943396 1.8814178815796005
6.933783711492935 -1.8682115316392445
1.0761886897386685 1.7553277247976582
15.51844870338431 -1.3738729761788515
1.2206066099027897 2.05228501284354
13.903843168943402 -0.19825224054354773
0.9138136011017086 2.021572555773714
13.750740792712467 -0.10395608407571598
0.9671250609537698 2.027366630808576
4.599634123949745 -0.17869362420693607
1.4063123286298622 1.995389600995043
4.593625283187489 -0.10176561669849718
19.945357584868024 0.9890325521455023
12.757921908498753 -0.07286941663177887
1.0236843778531273 2.0280078371317822
11.453669465692663 -0.3943608462845205
18.73947562231211 -1.6115278230182617
4.962608774631203 -2.275834016001776
3.1579681101914954 -1.4625356412108994
4.72993502867694 -2.4134927208468575
3.501880464202734 -1.308104777490799
11.512390093860988 -0.1360677565956647
19.48120182764377 -1.3762369188636345
4.730536641365644 -2.534787462097514
17.432800610371984 -1.713726082504152
4.10112313471516 -2.7699524070948787
14.053824744686048 -0.5500544391893935
9.807048931920516 -0.6634417474123705
11.238987361398669 -0.7214705194933482
4.327950599672734 -2.709713840245814
8.449171468031643 -1.562189683018801
4.639086347650031 -2.3973034998754694
4.528343811604505 -3.1718769817116432
3.634381600256482 -2.9077990788911783
13.209328089762083 -0.615216077657027
5.920217936867502 -2.2099758318593707
17.5088317306286 -1.9097061503282016
3.4853952442107796 -2.955605060769585
16.1129609674496 -1.676031133825364
11.794772177259013 -0.1634167914169905
11.119964770350022 -0.7634741813053832
11.682221005903267 -0.1581056091710924
13.416776266562794 -0.5802102192043185
11.821665658854627 -0.15960983997891376
18.29709917122167 -1.685065288660784
12.247472901152939 -0.19539649445918142
0.19062255540048897 -1.1108155647186546
12.224988045355554 -0.20357315239505117
19.209389106563982 -1.9155943400970217
10.675691104706601 -0.7041230225921716
19.236619094073376 -1.847242198932049
10.342232288126889 -0.8075402750693876
0.1824089037648131 -1.1907511976388823
11.575340201372736 -0.3234992854650342
0.22066666535556623 -1.1706847372276146
13.281816268746084 -0.18826706237968094
19.189195245850538 -1.882167557393208
10.524077458613048 -0.7182612183291119
0.07401923705376709 -1.2258474678200977
12.395969696532864 -0.31271718173150226
0.09970658120030758 -1.2295681677197685
14.050866438474245 -0.4389934999314203
3.0148090983302875 -1.5208212609959524
12.071280040824414 -0.3782833073615772
19.938869640472277 -1.7664740193931046
15.091861479029218 -0.4267552000857435
4.231739063565526 -1.1343468758446271
14.65823632901172 -0.13158638464063932
2.2771405891608905 -1.4172583571204533
14.703704773655128 -0.7079401195914186
9.238320619724274 -0.18986343595943855
14.170671738905513 -0.9140039560561589
2.9842167265356627 -1.5269965030318788
14.008759780778327 -0.8990403949403075
4.595626167986561 1.0001458198673174
0.9279012347178771 -0.9374407972665078
9.226753543417813 0.046152544992908426
0.000999918763277624 -1.5283235659816556
8.708840561226864 -0.013494212786102772
1.1948333086120209 -0.5430352231116886
9.43071616837529 -0.029748712050243542
3.839207951993126 -1.1640364993984962
2.178624494290794 0.11871024216930715
0.3379884189029005 -1.5406890263917723
9.312294099324609 0.05028391676097464
1.191354728924143 -0.7658133978325229
4.6179065246765685 1.7853162230477222
18.731210230856266 -1.5432307505287792
5.178066741047437 1.4467063055305862
19.841246787692064 -1.1473578787510852
5.789887220789592 1.6775138354081411
0.9871207086661113 -0.7223266290698696
5.055356085050163 1.3829418402813523
16.096025537538125 -1.5807049775435777
4.8685849687832015 1.6446232709722917
17.618906678800435 -1.8247934750038703
4.053879210590744 2.3617070336938375
19.469746246501945 -1.2877854929574255
1.8079202989906031 -0.02163997316797818
0.9754927669788476 -0.7223315656124505
1.013903931650658 2.5475217333788107
15.32077503129686 -1.5283225658021689
0.8192826423934498 -0.4143610720902957
0.7695318073932684 -1.4875496127787142
2.96860157149736 0.24576304379092717
1.1408940442158573 -0.6992539332544496
2.564182630936495 0.19680655257213958
19.791128948870725 -1.1702225767039882
19.751778546657615 -0.8635498461742934
17.090395546195968 -1.707430595528099
17.19655494753293 -1.388588099142838
0.5589112137317114 -1.5472713735059638
5.422071528174842 1.269985155643264
2.668071989067236 -1.3997326319006491
19.659372570034723 -1.0256462355384204
0.28552680948223963 -1.4694780048970006
17.20076711122968 -1.3381188751411328
7.001797999877195 -0.1468694241934311
16.569235319439695 -1.300282692812536
4.188014518078086 -1.0745455555039658
16.369447991483195 -1.0277478772625723
0.6435944336381858 -1.533154062132096
17.54119635038268 -1.4242747891677292
17.42910581014077 -1.8595107692707604
17.45377772716208 -1.1667214285686762
0.7723456988303217 -1.4920159425278616
0.3951035928102161 -0.7221108661235901
3.8348730004193965 -1.1679382762312258
17.535232698786018 -1.425821803669136
0.8629627769116877 -1.4696224486299507
16.737636474313987 -1.2743982989362614
0.09007160285626853 -1.5206359719223812
19.98283194424413 -0.8055828912172641
5.9864790748026575 -0.5265477542508501
0.7771263834483484 -0.4221532873249343
1.64796451348482 -1.3959715820381775
16.31006181376704 -1.0042653418599163
0.44058906370245776 -1.5908411477185105
19.930726708473603 -0.8124105165028574
0.25554394089358357 -1.654849319276968
0.24220418296784701 -0.6783646711008434
6.369702329027635 -0.35060778001699955
5.294416444359919 1.2128791374319978
1.9316632602408124 -1.4089978675193662
18.694309326796812 2.3051983320634526
1.1414509970256348 -1.4145661131225666
4.430299473132936 2.126024339921141
0.2900701747355636 -1.6203615557606774
4.401552404780714 2.0546054877006483
8.943103051698326 0.029540387321321623
18.884850318782632 -1.231452873853247
5.330580664828217 -0.8146176762291051
17.290035498240098 -1.1928867508083163
6.675877526637097 -0.22718617526445997
4.707221651450135 1.0145164725382694
0.7366135132637319 -1.5028582598886322
4.868624284634129 1.1100040455511142
8.896014203310393 0.02044145988453165
17.909273143840302 -1.3012364525671913
6.304334100853843 -0.4094344615456464
16.633242224110955 -1.112688804282016
6.6897231257538055 -0.22035684113115397
17.03329377743983 -1.3290072775800947
5.163123589881025 -0.7080666113266486
17.427295361219635 -1.4235071813580429
5.699441141575804 -0.7293018061665737
17.97075700542134 -1.0421944351986705
5.60858219079624 -0.7540811444310024
17.158308653152556 -1.3454188883357912
6.01367509438117 -0.5504387446249994
17.551274694114706 -1.360538561958258
6.084011361191247 -0.5140493580928731
17.93072297671071 -1.3020123314500773
5.906985136494592 -0.6292632564583499
17.934805398561263 -1.1565828486768697
5.985664729236235 -0.558539910006332
17.88374302702839 -1.1934347980763425
5.178371378297286 -0.7059473865446129
15.633240451701313 -0.8994801586259035
5.401313314450046 -0.6744150321139346
16.985478477452297 -1.2541367610391314
5.483501426015488 -0.6436629005382304
16.754106759237747 -1.2655089715832968
3.80203038838323 -1.1883188992340896
17.342305993554213 -1.3181796222725122
3.748804054011459 -1.2024319078618377
16.633055659229203 -1.0880076466721205
4.362884720215067 -0.9898646968559118
15.618782070273872 -0.9106824008164497
4.562030321679995 1.5464376857206321
15.622665285993458 -0.9095459220899053
5.645973049583214 -0.7829970492195578
16.846725193191958 -1.4326934046314257
6.026564017623607 -0.5645038689495177
15.601887731183876 -0.9297562883548136
3.0347617763975014 -1.439158419225656
15.64298730191049 -0.883367720818731
9.97635230019045 0.11131948616821069
17.581749108989246 -1.3458976810347234
5.941142064387289 -0.6092844218502298
16.811695891858843 -1.1711920342366906
5.889963905771864 -0.6284406397687351
16.890970449262444 -1.4285353003283536
8.94790961245963 0.0010810344875507166
16.832326516565157 -1.3515983194467895
3.664765162071976 -1.2342205095489673
16.75608851143686 -1.3273704170349263
8.763043011508516 -0.020989921774255474
16.080628758094687 -1.9553238025687008
8.810511773843825 0.02839578418933761
18.963410030747923 -1.5927740376772925
9.968815044470869 0.10657640693976628
16.10912075149868 -1.9669297533809589
9.343367486147182 0.09402597502323966
19.518210954661363 -1.911871617988858
6.521219940647798 -0.44441761040247973
8.818770891033733 -0.2925952317596425
6.586653853904602 -0.4417645317004598
17.393666793144185 -1.1952055541261795
5.518695100963024 -0.8288514626729566
4.700106706676051 -0.956470103371358
10.153681794189307 -0.0033788478188071375
11.058279455647964 0.2760361169539217
9.903125844150091 0.1010832839340422
19.04724672350245 -2.0234061696369134
8.930355702307303 0.02413230436962592
17.956115223802012 -1.7679846928395868
10.273715610860291 0.13831721184003365
2.501612129195576 0.18191424910957496
8.964463920868468 0.030055740331405276
3.7200039416351087 -1.2781367792701828
11.418056713933742 0.4712015792105848
10.700471507741103 0.1142430820433388
10.049719440441024 -0.02334258805087916
9.23518035154012 -0.05627658618330965
6.337454233049731 -0.46902479896232047
4.5986318272774716 1.5367845322465332
9.857630992916086 0.0897356485461338
10.279029457570653 -0.010214259587699143
9.884707764148045 0.09282146617067638
19.613511882885366 -0.9132144472085713
14.045774795378009 0.5538880513706702
4.445777000048893 0.9268106089702212
14.063591787568305 0.5588102541088443
4.4748163026048235 -1.030884316390053
10.897561166492423 0.25509718952829435
15.405156169980422 -1.8773368615982502
10.259422433751427 0.13048694416321066
16.339984181635245 -0.8665540323013344
9.907737927546993 0.11480380771352024
14.929824218000537 -1.7052054030557726
10.346248892585848 0.04749110511341284
18.25113337351185 -1.1339058801157267
4.520296142118099 1.8676968555348887
15.930685921922299 -1.0220683247449664
13.182559267459757 0.4972227636663198
0.9801596547357214 -1.5767995156169072
10.879113585318228 0.24296481357863392
1.0276137542494443 -1.5354461468676854
10.016032276930739 -0.042626262445582236
1.0569902146714887 -1.5397117892357213
12.306489818369972 0.49726400927132275
19.262405927910386 -1.9837207819782456
3.284906177612671 0.31826258297092874
19.214848158279956 -1.9958675484497206
2.7045364054900687 2.8435369613074943
19.431211375601574 -1.9350284414310988
10.77981447262116 0.19846800128063968
5.349816296827542 1.4768739992886624
10.777285735013658 0.19655944201219094
15.39973171313066 1.1158862494181367
1.8004938615721195 -0.04794937961277439
9.130756175626093 -0.07891368820741201
5.062939019694737 1.0887771216989912
3.94484599073801 -1.2293600642150269
5.862782347317545 1.4554869971918425
5.168612016999794 -0.9575646802578454
5.470164891374871 1.3069090276680837
7.005293855143325 -0.6036919349865398
2.0609072931733086 2.8313502711661998
5.003711558005602 -0.9623187245485422
12.313649949515383 0.4824866060180527
4.488256365153214 2.0172950330597756
4.973937820985648 1.1195741464548021
8.620810722860728 -0.3870642018191408
5.697236160960139 1.3876659014929376
9.278506286782665 -0.2337521669060872
5.27150567282187 1.1705549547605623
6.412893677194233 -0.5228274986891691
5.360132794560467 1.4913030421249247
5.961670266079175 -0.671166498840913
10.908547673540605 0.25273974224390533
2.322379864692399 -1.509019615398981
18.960508521027034 -1.1507008496629691
8.225166191255623 -0.03646273552305983
3.5038958268329434 0.36229051071962004
8.176096666635265 -0.09095036486123324
4.9774099645645995 1.1285317171165237
8.344210596334534 -0.10680541968324889
4.61256011441474 1.3205198736345471
6.006715306386113 -0.648136370472105
4.544474313564331 1.9031517217589755
4.080192829069036 -1.1995999327657412
18.58381891716343 -1.2236049389804111
8.389564798107656 -0.09238473517483406
17.967087309308162 -1.2504776682530687
1.116592475054086 -1.5627215052834642
18.751640805003365 -1.1778430532268056
6.517485587453597 -0.5539917396299485
19.0874345834623 -1.12462099898532
8.33544608218656 -0.10066119777944746
19.671106109652207 -0.9383465674539807
1.3657558988494243 -1.521486608684588
18.15218592365502 -1.2312440834008884
0.7186020784206104 -1.670226930404191
19.208945631081793 -1.1382086986131097
5.21468974892941 -1.008224269027398
18.246927172555996 -1.1947839908648696
4.320342743846924 -1.139909760979281
18.14973059276311 -1.2075892130489632
6.680099551624984 -0.8194724481955449
2.2216674434861154 0.11312541276982177
6.202670563209682 -0.891305088282601
0.16544452540539906 -0.8230136395559379
5.879468580956134 -0.8400922938957319
19.424266043734118 -1.1030546869841682
7.594501940934482 -0.497643314224294
0.11390787057169109 -0.8226701552476029
7.557962618628675 -0.5141613694352878
18.324182222481568 -1.1885566574095052
5.872408862048954 -0.8199322117570077
0.5830334772374712 -0.6256995125009037
8.601026202187319 -0.8061072686458811
4.917530246176398 0.7312831932968201
8.46845183541891 -0.7708274012988128
19.000397124600916 -1.2409443510160973
8.042093327188653 -0.6414731792976996
1.3003224816620753 -0.33529275276729764
7.999973133874794 -0.6093017816756968
1.0697120932590747 -0.41054444456994155
12.784117485735154 0.3444050301660256
6.423531881875553 0.6968293081596939
10.740440495715424 0.014878610576794904
5.654700929479864 0.5856482057084657
8.577402183068642 -0.8159451464125124
5.685910751639472 0.5879819925673861
8.835774821756589 -0.6982700634818404
3.9892910240502224 0.44831598091225033
13.016327556541482 0.3669213412813339
18.998073741276855 -1.2322063216853556
9.490236937211986 -0.4031455819966763
1.6936829554852133 -0.1732157733439204
14.019960978464034 0.45503038895187103
7.1999663652489305 0.8265824406383359
16.757230861958575 1.7180831432436459
5.586121717620849 0.6055432662107707
14.034345843415101 0.4071801978383152
6.20301308865836 0.6259770072935409
16.654566340560827 1.6678142252424144
6.341580881130094 0.6642634054063767
13.85239711200006 0.3696016516698282
2.840566056763375 0.09029220112922377
14.990624906364328 0.7554463105657481
3.0629909468437235 0.11499291764562011
14.208750667773145 0.4319423604530493
6.084901503749533 0.5774078446539739
14.43462568327419 0.475425645717319
4.012103204521669 0.41118949638044344
13.166405870742535 0.22165512274329213
17.132602088989078 -1.4902158564341317
13.018486189273519 0.22375356712992386
19.519971664876998 -1.114281482150403
14.48699616729535 0.4902448787944227
2.0802015450003393 -0.08441183243274614
13.222033749012054 0.22951778297362235
4.129922128327011 0.4740802214127896
14.194819567012875 0.3566671972688658
19.82681605926098 -0.9643582993264774
15.37673999649557 0.9579888724604269
16.343996237003513 0.15806590910836288
16.842899656778677 1.699608096182832
16.547763840517746 0.49678657964121925
13.304109265135617 0.13956646125730798
17.73841609431233 -1.442538441919659
16.367798496006834 1.3936176753984575
0.06405513507198 -0.8989384083702919
17.10701712049502 1.7217260893395807
19.40162669233803 -1.1554323198067988
15.99060147106407 1.2339351384664141
16.3342255188018 0.23936510462853594
17.108430018743174 1.7261191812152386
18.61236402643807 -1.3843018117621364
17.442017891840848 1.7678288637293254
15.84362197664424 -1.1264941750784008
16.61051208701923 1.3862813455415162
15.608519512862939 -0.9726094055050217
16.537415416054674 1.3627240157422391
15.851585423142543 -1.1002484092480866
16.49957451244486 1.3064104188035823
18.790660061878004 -1.336175276232996
16.416584242217702 1.2807237743294864
16.530938319153382 0.4716375462617622
16.688893216380844 1.3846768846838298
5.841656003687135 0.40496051371622405
16.58301538395825 1.3205021136643178
4.503635178176849 0.5539967124204025
16.759845374479667 1.411331285781853
5.073268914916812 0.4137414916175126
16.0890569247893 1.027186948066381
15.87600809473438 -1.139849723766511
16.74907444728223 1.4099607545160695
18.528088547517697 -1.3804947043551299
15.350264504537094 0.5408638380337991
5.056235997593148 0.5384663827208859
13.776005178834009 -0.031138879682841826
15.943371319328373 -1.070563153013195
14.02152875425887 -0.014872073493356494
16.29547250833451 0.2828215052228081
13.558160379711794 -0.045881764678104495
17.733632952234 -1.4505660395383995
12.941677302175556 -0.18546771113138064
7.269703292353335 0.590046366015564
13.181922681421486 -0.15599273927484808
4.8378083726057834 0.5747995366434703
13.495905803304103 -0.06756661713360497
4.939551180794742 0.5663404459306177
12.919712891314306 -0.1920068528558773
5.2802162719278565 0.21789404660738676
16.187909881415578 0.9285618638417207
5.267376528671541 0.22582921187717442
14.226941510783872 -0.111803147784771
15.586924016464833 -0.9839341844392209
12.834256900082904 -0.19820120418051582
5.231776873397632 0.2207791369038291
12.77929398930257 -0.2290523859541115
6.3595922504309685 0.47564419749557924
15.568826912065674 0.5708300237593034
6.686844800949774 0.4564605748688758
15.86033178333044 0.7954859209353145
2.896951977864529 0.07498415568455113
15.734008049870415 0.60199055288236
3.0256874123282076 0.09728671971375352
15.989657059117475 0.7920330715514409
15.782102878307189 -1.1774867602669241
14.236975806216277 -0.12230257270036465
7.242297530706775 0.5811774140510663
15.697525499479237 0.6021608051474504
4.651292476078911 0.5574615292118777
14.774735124894248 0.15832374163153157
15.693242393484022 -0.9782058447298209
12.483382470236368 -0.23969608100275014
2.0564753177113397 -0.10456689366830241
13.647843734869955 -0.07715221514044275
4.262244574946048 0.48883612375778546
13.12985415894054 -0.16856962601903624
5.784533911217483 0.387699570540265
12.520973490087428 -0.2317431631696023
5.566827785945529 0.2984548397413072
12.561946309040119 -0.21336195385830264
4.274261289707465 0.5014501546106354
14.596155317867984 0.024020223118819878
16.458288965114956 0.36802735351877286
14.498828538303444 -0.005732167157892681
16.43293547935627 0.33011756589897845
15.39612482128572 0.3433945203131364
16.44283554867143 0.2593009309198244
15.010677230289376 0.06971254985700882
5.282627881439384 0.18022370413666278
14.949722027194591 -0.08973288159919039
5.1104540054486876 0.3260083917756621
15.096873258702773 -0.05306305571633961
15.894370090862125 -1.1745733593045722
15.260880141316918 -0.22760088594804567
1.2215959486322767 -0.4290382260171448
15.07017986922452 -0.20520954481488368
2.3262199309732496 0.014916623880812573
15.120807389202296 -0.19219525100209578
2.79775084793774 0.07872286888247858
14.954136486898525 -0.23286191322426153
6.928449982064755 0.5133119637151736
15.042338789239622 -0.1653496610057652
1.0028114631372942 -0.5156985570309398
14.993561717793932 -0.08843216617512574
15.932948186398967 -1.1393875516505532
14.915581582036586 -0.23064557709260985
5.3942471850673055 0.7414524582698859
15.091361256854794 -0.13463697044004763
6.38131507191789 0.5070737915277015
15.380347016447837 -0.2204176738851375
0.8152442757773042 -0.5744809769774576
2.224120460939791 -0.06012652207253642
6.705578884994944 0.7845635177296924
16.822170982122298 -1.594049470454327
5.845265193300459 0.5411745461141465
18.425535850869228 -1.476891925195923
0.12026896088034862 -0.8785091113395244
2.2149820398694526 -0.06479843685649611
17.599774325929392 -1.4522722632003415
3.508087279558816 0.17554720669190005
17.742358458589607 -1.4876855084984661
18.38900665370068 -1.4631177722147495
16.2361767533083 -1.234477359195408
4.756463295423913 -0.1866343992928824
18.499463033200197 -1.2035327369107673
4.4883841104718325 -0.5432509157974706
4.28826895521316 2.2611886938291104
4.260687368146835 -0.6919464999744483
17.923599044585256 -1.4107649448570028
4.210232141941282 -0.7121300377845426
17.585176993502277 -1.4725743479837494
4.207012420743068 -0.712848728706834
16.46776477046545 0.40353436142637805
3.1855146393036065 -1.1824214555108528
5.661441485889959 0.4795099040474663
4.225016394147187 -0.7219488377851664
19.4742846170075 2.4847174175634703
3.160862328065567 -1.1816120239166699
19.692604995055714 -1.0185927617449346
3.3811344459737844 -1.1339819459164089
16.370338815792202 -1.3322373423370863
3.16575426110991 -1.1842995607134723
18.225973228829417 -1.1721196962039098
3.1686627816021846 -1.1879019658142744
2.0574308365875553 -0.027846839579814715
4.910872133830247 -0.5862651392673511
5.661833918013484 1.411381571291408
4.491224793731908 -0.778914419761476
11.666701319499511 0.537452119761745
4.472660004944153 -0.7896406739015458
9.959071677337025 -0.07101986983244189
4.391632685784657 -0.8255610379676344
9.189218070611831 0.046053675677850806
6.306029544799199 -0.257803927202136
19.79431876648045 2.49832019683398
6.172193865931582 -0.3190434114511857
9.509132957485498 0.11582458497986715
5.930696932732848 -0.37710976463093254
4.976730010783215 -0.8331799227071194
5.852226095070207 -0.3834534891858517
19.285076230491818 -1.433240315148844
7.256129274352312 0.06512234892845009
19.531399935600234 -1.7748804519115156
7.737978591738391 0.22847958328252266
5.09175643483233 -0.8230932744148852
7.390179317246788 0.0817494958902408
0.41320928396518397 -1.200435872519803
7.376004679799273 0.08076453585052965
0.6127372093155687 -1.0936969081468295
7.843096879364769 0.24229831717461997
0.9666209082175361 -0.8172657016854588
7.494893853385999 0.09662064189894119
17.2209747132291 -1.8776395388093747
7.666565622183945 0.16026245269596046
14.19937952513073 -0.4794700419700056
7.7663433913310245 0.20214621926860082
19.299085402267597 -1.4264588454728373
8.536763408919374 0.32168232398916663
0.9929811502158774 -0.7733281248934378
8.44788777371275 0.27191068589498724
12.43402379917965 -0.5836094431443961
8.722788226265134 0.36171423280733517
13.870325188788474 -0.5208801022560738
8.79141084689887 0.3836308150442048
0.874793389333359 -0.772315934405393
9.78436323746374 0.5604962991237016
12.640893237472733 -0.4269397440282106
10.108697603324282 0.46636915019890723
11.528294023160425 -0.5558313253491001
10.044840409075713 0.4714856924521362
13.16678969135764 -0.30078385393759766
10.144681358441343 0.46804759915118244
13.221851395515525 -0.5895108584357087
10.472453088259934 0.5223561210120731
13.2770041307091 -0.28304293266929326
10.713151070623297 0.5727062212315225
11.921873980028721 -0.4369649589626838
10.831803777170192 0.5939164565255475
14.571349153958709 -0.305662109307865
10.809530725516451 0.5936984375671484
12.562643603729352 -0.33436185311027833
11.287175448655573 0.8023659179199356
9.983136069522748 -0.9305617729147442
11.314320841599304 0.8093621511237814
13.010592850055284 -0.3380640154736547
11.636216936115918 0.952405434249987
4.843460531311574 -2.1268792178292824
10.107562073567614 0.38035124651377383
4.091263210787651 -1.689921406159091
9.37961333592223 0.33342547322835686
4.117559778594536 -1.6908029373112392
8.939382439463486 0.2937792400091537
6.090915848293381 -1.246568504816105
8.63008087925645 0.20038877347790768
4.8333789620771785 -2.1239777055506637
8.583373854032358 0.2052770409283714
4.809428342289765 -2.1180836062121453
7.874984118465323 0.001659721470880185
4.1265059202147505 -2.568407346436395
7.76357790425913 0.015239862215003327
4.149167706768893 -2.538332656811529
4.119870380070554 -1.083266933155633
4.952483372718414 -2.0157153285861367
3.3771997698649727 -1.3216487241356334
10.958005639991983 -0.6472542016480735
0.4406786183436686 -1.4154916613810469
11.21424270185607 -0.4033017481728993
0.4125927320536124 -1.5415110534463146
11.115008877703788 -0.4553054559599624
0.20273072189838778 -1.4411898793595739
4.988732764073002 -2.0031377113944666
0.3313923444630862 -1.373530057441976
11.101243182379989 -0.22049333410984556
0.199174682425415 -1.4162769624953158
12.645289095186923 -0.3602841602555562
0.27230922393229695 -1.36114821033145
12.078240839347313 -0.4542445838069634
1.3979742822301344 -0.6454466224898987
9.918063983929812 -1.0577695741429456
1.441495047821614 -0.5679161592548971
10.837590104544468 -0.7813449977084643
1.4287136073601174 -0.5738549115288012
12.906728534520564 -0.5567015478668847
0.29486735255653845 -1.003218240932783
11.736290768624595 -0.5699833724953042
0.36221541364967724 -0.9591563375990931
6.1362216220103205 -2.5300311316824255
18.6343959823144 -1.6000078211386757
16.879017292820258 -1.772126774876622
1.2433455270271954 -0.6024412734407727
18.832335302725443 -1.6014191824977284
18.348692222990216 -1.6452283067552338
1.025495433736759 -1.4687300196769004
17.745071352879403 -1.8087145268521403
10.870419141654526 0.1897797932691604
18.870266799410327 -1.558886115496029
19.879644079179272 -0.8395996005015356
18.161762477569106 -1.6536083048741272
18.846146290384564 -1.143066501911895
18.289911010869623 -1.6417919468442463
16.534176707363976 -1.116064156498871
19.520974659584553 -1.3387847473019234
19.200495194692685 -1.1559103014906724
19.296160286387497 -1.4200016233445758
9.398584340534986 -0.23994370767854584
18.073255874781623 -1.6882845871530086
1.8820135954401656 -1.4606904163445953
0.26877299423290946 -1.0218090343015236
19.844584669801502 -1.4425851368009373
19.85848600782274 -1.223476432102816
15.446022402477583 -1.8834922195652481
0.023224586618065188 -1.1531691775188002
19.211490214856656 -1.5064770175619264
17.770828864290916 -1.7889119476713997
17.28618881191534 -1.9835998256724918
18.93550214201466 -1.5156044573516876
1.4442125097638523 -1.4483304977930258
17.558812621768485 -1.8518404020615244
9.054637337061514 -0.16148466647148063
0.703805905070112 -1.503015096308908
5.348538961789021 -0.9103806385964205
0.46364157614837 -1.5383069330806889
14.644751143858894 -0.8021279083783479
17.586562838049634 -1.8529151201091942
15.101297740497953 -1.643002349708683
1.3562846269393194 -0.580326476587331
14.944331514064086 -1.5528298931444484
0.09809737468487535 -1.1077966885480635
0.6371209770207957 -3.9411523876900345
0.8367129500909538 -1.460127182483102
18.30993985187183 -4.088974746617276
0.4008724887277689 -1.5457920966511616
18.298977305246012 -4.09463949424964
7.608403448653942 -0.14664758344858292
16.94354809270636 -4.192354362646708
1.2562494764177972 -0.669343696069916
17.080703436219007 -4.151961702082247
1.3051171945075593 -0.6405619369023452
16.595004872130623 -4.250451004484151
17.83497538575774 -1.7831181882696066
14.332574403857498 -1.1825955156813959
18.37799418020659 -1.64549261384512
13.810030110909498 -0.9174375109756108
17.781953506755865 -1.8011830502609003
1.250704387890672 -1.4437953072682834
0.8224790244628981 -1.4675873483645667
19.08138586404408 -2.0111999699877505
17.868401731593135 -1.7603676480889654
8.740883892181031 -0.3099540109521519
1.8294823928483421 -0.24065610655429226
9.572847873868447 -0.19427314108426158
18.826802958087857 -1.5319201294451108
1.458895894051719 -1.4894375512520974
1.0439593765599222 -0.8866815716945061
1.128420139088804 -1.5201634080920026
0.3127119785973198 -1.5307490124717824
1.128387240932267 -1.5101790919086038
0.9814407444874891 -0.650128610919529
5.2538116477559935 -0.936456999931015
0.9183264639758901 -0.7487749124308235
14.83513268990637 -1.9736255289629707
17.72166718687029 -1.8184352815459084
15.263960309877655 -1.692522445859655
1.443591525436417 -0.4320965658793592
15.30048385759555 -1.6969700020155463
2.1501646519143307 -0.13318907391525175
15.08532983121242 -1.761604051136176
2.2329403478047785 -0.1335615111450595
13.819327049840439 -1.112805831458789
1.3537640305308338 -0.48105980840540474
15.184102622500214 -1.6987903143007863
3.4648650904944005 0.12681884593846382
13.884178046626289 -0.7381694102626121
2.2986190849030668 -0.11039635589255292
18.39990023966544 -4.075481130918457
0.273061070220516 -0.9254506663962249
12.702597800868352 -0.688063186886205
3.5175782145382595 0.07297482711131344
12.589946763501004 -0.6953382392958752
3.7617662055194074 0.1425498677709931
19.312009184936663 -3.9451776826853955
0.1891273679557624 -0.9755397049549658
5.171928791269562 -2.910273970494578
3.772232848516423 0.15498409289917264
1.2354839156059538 -3.9722233302785845
0.3515146275127077 -0.8745426550153538
1.7687327855854018 -3.928261294673161
0.08142507354741021 -1.026530048599636
14.468024742589055 -1.194570676120891
19.930758953318495 -1.0834697210594668
14.996912417119631 -1.7507909687865566
18.996779853772185 -1.408183258079945
19.744033872080685 -1.4617516299503397
18.507222542490872 -1.50335300598177
19.704156557986007 -1.4626108889771932
18.8221804780733 -1.4460559585754913
1.1140723183435035 -1.5037984488430376
3.5642312952645807 0.138416099636696
0.9636674315799924 -1.5416611425946047
1.4001562506249574 -0.4036466830345453
1.0540770840446614 -1.4880832837830589
19.159841918153052 -1.3514372452171903
1.9025256544009541 -1.5129060327579247
18.068856706044347 -1.5630255029785574
4.966283511091189 -0.9495021846887058
0.5056267189790414 -0.7901540122447028
18.892782548978385 -2.0227092407079192
19.346354413728648 -1.284589928101445
0.006450100187509328 -1.812114983832048
17.94791535432081 -1.5981276443724173
1.0107725573493929 -1.5095647429251366
17.963186484516672 -1.597054301970324
1.836968006635618 -1.5070603899209518
18.460006711306225 -1.5135584273758995
19.292802127465556 -1.748328332602671
17.840049955197653 -1.6191413331115831
19.15684233162544 -1.5400679627572496
17.377031196090847 -1.651591360165844
18.921985694839872 -1.6200444143995087
17.67666182322083 -1.6365413378069458
14.951355491141019 -1.982888351799262
17.068780634899877 -1.6607261334564112
19.686831930030454 -1.4696861709977174
16.61818682266084 -1.6433153997175296
17.27257796789397 -2.0017533010645554
15.906518501580754 -1.4266311264569065
16.39574308432104 -1.9956867472018145
15.894346175111052 -1.4722374754027883
19.625176847896814 -1.4543542156903153
15.718201520735477 -1.42946982487197
19.152331243546254 -1.544534379221704
14.758511588030302 -1.1737830205352673
19.54155317114011 -1.9231099120995092
15.309940060400834 -1.4460830679814074
19.51051602417629 -1.9283907234385496
15.125134038560526 -1.4797561518101103
18.86846946627508 -1.9830084935967907
15.046570818634802 -1.2601777551147555
0.4740795636449007 -1.6264989280301354
14.640193520185546 -0.5561902005077509
19.882748351329244 -1.9513673269816723
14.534173557971592 -0.5839039170303083
2.41305262875374 -1.5162522712021764
14.678503137438177 -0.6399499288167667
0.28582864940076697 -1.7753528142020316
15.199140444671224 -0.392230663701525
5.506582464467001 -0.8688594902465924
14.071665164168579 -0.45066623486158414
6.28189435758182 -0.5353616912359422
13.357947738294795 -0.5232039103015482
6.407163660111408 -0.5636721618714604
13.973715833735433 -0.47773223388150327
6.510613798213546 -0.5858041176655828
13.218372188087207 -0.5413944195886273
5.235817807287902 -0.9560801377472282
13.720844740902617 -0.49066340465475006
6.275063534496872 -0.5439095545992494
13.385512036876332 -0.5168462224468466
2.8194868064728946 -1.5471047248120897
14.824452318338777 -0.5773714619150623
1.2915799945985018 -1.5287654167357219
14.260517177025541 -0.361297426468637
19.763130023066292 -2.050929768758022
13.799320548974277 -0.48803608854189257
0.17725867259206915 -1.848343657805828
15.05917616387373 -0.43926257827320436
18.209933219779835 -2.4987424811668384
14.685633488238505 -0.6437913341669559
17.721178394750584 -2.5638348630347987
14.102442547158752 -0.4336198042173552
17.826679146420275 -2.602521139870796
14.686340361085538 -0.5693493262231727
18.02559915473565 -2.5523023844092205
13.2341535440888 -0.5270400872359187
18.460972434330227 -2.4579317235428584
14.236342113038434 -0.372346495462159
1.781636740923514 -1.546384959529328
14.783481096973878 -0.6205521644558534
1.6899274328984426 -1.5534354222911582
14.645158364489962 -0.690254029033237
19.27299824370251 -2.280004601265748
14.607337640571357 -0.6475315768658892
1.9074715543460525 -1.5437087627116883
14.618702077801958 -0.6296462495958551
4.540548478495615 -1.0542488901880724
14.675797672868278 -0.5219147850566058
3.9717644228018045 -1.276735561633374
14.460026049223648 -0.54597275240875
2.405369713763192 -1.5466745422355679
15.077831595509428 -1.287038079535351
4.481660734821067 -1.1007620003128693
14.713376571029768 -0.23018127576182945
4.316282113198477 -1.1566794286088478
14.463867226771013 -0.26947732210624364
4.822088884906526 -1.0437132556333764
14.713789049155483 -1.1620636804490012
4.239566378440863 -1.2048338027656573
15.529654751984252 -1.4071081199435056
5.050979579732532 -1.0585794994762066
14.683678076973324 -1.123459319625547
4.9458802651669815 -1.0587467872324567
16.05343593928126 -1.4745264934361595
19.77700140623494 -2.072229172704749
16.0668410483149 -1.497024693009637
4.1286108530819146 -1.2512395882243197
14.716859815607208 -1.2350629345266386
19.65025194703245 -2.135517161380277
16.43905826016085 -1.6457006713208018
1.519045365786984 -1.5553268796250879
16.3536016863143 -1.6332764783170037
3.2258880952017797 -1.4971760314581242
15.007170411604935 -1.1641276972240424
3.2244303107183225 -1.4979295336419352
17.119782295740283 -1.6949948855159966
5.516016957154098 -0.9648446347315133
17.095457599782485 -1.6751207000905575
5.5595862229526976 -0.9384868947401378
16.936367921037544 -1.6633522998368722
4.846015362441675 -1.070354032311476
15.94381882621354 -1.4797131274822553
5.405316605962135 -0.9764894932031145
17.97349386361252 -1.600378587438577
6.662080295171817 -0.845052209375625
18.973659419350362 -1.4154942033549767
5.94670796639936 -0.9946749522253204
16.274118258200115 -1.5888279550145321
6.793763158151325 -0.83312240268781
17.10600908270682 -1.6799232009479648
6.542275918129 -0.864022588380758
1.5703827714306429 -0.34584662828514756
5.768080194003295 -0.9819358305087404
16.632785783736562 -1.6483752644166443
5.818466506773077 -0.9958407151419669
19.22631468683246 -1.4077061584834416
5.56658915698831 -1.0186267987396698
17.947621477456437 -1.7192229551187492
5.171048108956229 -1.1499277538158539
0.9105379113368485 -0.6581618664538417
5.257068343369756 -1.1260340160103584
6.466827367140474 -0.27551593489159953
5.38065233902334 -1.095805799285064
7.655035856457135 -0.22271839873940064
5.309553431061945 -1.1334748675623785
17.69741497090343 -1.8083668985855077
5.456547074723074 -1.0770185665507808
7.5763812141214455 -0.1704721965225649
6.0745983653991615 -0.9985700878418886
7.749037008515482 -0.04006198134988451
5.7516931548976205 -1.0588253951205837
7.846303939319355 -0.15358944444748573
5.981618397332522 -1.0286484111592258
0.9173717829600558 -0.9538503521905866
5.97292956150516 -1.0341085299847055
7.687746208936201 -0.21240335001630645
6.623727356919782 -0.8888884209370822
7.768499392324627 -0.19432964093602206
6.948364991709297 -0.8207995081010259
7.801385256630358 -0.16657571188003656
6.875093636218231 -0.8450651081042889
7.750699803724807 -0.20905825035710973
7.099034148935089 -0.7730810978942148
7.960204664019547 -0.09750582852354116
7.069650669140963 -0.7883798040289755
8.13983644855754 -0.035239379620048986
7.068645231113974 -0.7893288653596545
7.44179108163821 -0.4035933666406452
6.898644596719594 -0.8590321160501887
8.334664601821203 0.05679059760952804
7.06158952349926 -0.7955814153496313
7.5894181935546285 -0.33110650895772853
7.32362064793441 -0.6902299065138358
7.754829731111122 -0.22872367700572405
7.407863590564853 -0.659037535287968
7.031635368336458 -0.5460643571500291
7.54254209249788 -0.6092616366489071
7.079441033253874 -0.5429466126711001
7.5719440521830155 -0.5980611105054556
7.63515859250751 -0.3056633417095834
7.310812461106596 -0.714350005710066
7.050205734494409 -0.5445215312940513
6.937043694494754 -0.8717192742220675
6.930641975293607 -0.5554091809969363
7.546590333505309 -0.6200990862640506
7.613501913401288 -0.31545729285108315
7.515613889219871 -0.628075187064764
7.523050968343886 -0.3721439086339953
6.285182340427677 -1.0210765578991505
7.861255754508084 -0.18561126064224143
6.70911931638482 -0.9301977602487247
7.851813271837178 -0.18828751496250312
7.348909342736066 -0.7036159627891962
7.1190832409956615 -0.5426858246984766
6.300843936147064 -1.0225221948979804
6.909601877205965 -0.5890327684076363
7.908154420643669 -0.5976249618697314
6.839277953271913 -0.5778183054570817
6.460578517067335 -0.9979339460138078
6.89780156279703 -0.5920105180602294
7.447158631157643 -0.6766526075632411
8.648624764279285 0.1285261003711204
7.6751330171388075 -0.5982327932460736
6.804567966351827 -0.5800795493697807
7.665976482650174 -0.596673138898544
7.794952933307087 -0.21353744262203272
7.396285079483697 -0.701759799502538
8.59967399813024 0.10368423532671285
7.95293846081327 -0.6670909446424585
7.639567359877374 -0.3058953339853463
7.597676381195913 -0.621696166569899
6.699022884153289 -0.4944962815524149
7.706851931450392 -0.586263585121758
6.721440857576407 -0.4789189946933582
8.029884068199522 -0.7219247239135876
8.83196303957053 0.09831680850406593
7.609643473857711 -0.6250394706275635
8.929865372316764 0.0552069489471428
8.147237813890728 -0.7592356081939955
8.800328995039367 0.0651016041109577
8.130960245946527 -0.7583090862319704
8.738869283064707 0.0662452734093552
8.145803640459611 -0.7518731543992259
10.055549562830473 0.20233642436293237
7.940289772803902 -0.6701178100470077
10.056129643047738 0.22245504684136208
7.419208641012415 -0.7024338521144275
9.954154209998052 0.20052028757143253
7.8094495462299065 -0.5972979140769368
9.490842014913108 0.15938151116199162
8.1692834839452 -0.7970928917987707
9.365821007086117 0.11658704445365224
7.8176623309598945 -0.5961702592302085
9.287429280058888 0.10903836532040236
8.12038642667525 -0.7594389931608904
9.23935137759078 0.12021146325433223
8.162850570246958 -0.874531074628945
10.575260035772198 0.28946799264562006
8.14201198134356 -0.8681886193873689
10.580829534386426 0.29382870277076245
8.127790134108059 -0.8900741497474209
10.39269486439185 0.24556175226262972
8.167736150077591 -0.8342180381010511
10.312813859319977 0.24935690044496583
8.114706702434235 -0.9264113184954572
10.61895580613934 0.2470210624973148
8.17182083395142 -0.9742252189939207
10.581406397766992 0.21972424697356538
8.227241670123327 -1.0304546011215034
10.567921926866855 0.1626874559042734
8.236877194408905 -1.0352137165824473
10.543047283411699 0.16631272326320676
8.17078989780826 -1.0430878969658361
10.555603450417705 0.1652925489535659
8.11102487221412 -1.0346528216704614
10.311697506356289 0.07747915685988581
8.851617263391686 -0.7217983451949737
10.4283190497369 0.10816053808025687
9.554992448683375 -0.40308277902284645
12.851987662906701 0.5489900783291014
8.610901003331241 -0.8621358592957563
12.444439620603653 0.5062453752638818
9.077920302400184 -0.5890551855771988
12.458490558284282 0.5081427195281415
9.601369855793923 -0.39254132933215513
16.53467210173291 1.6598546231496305
9.523595468281506 -0.4159178309933676
5.487966702787 1.5483197138723617
8.39410048698767 -0.994697952671042
5.100615044065078 1.1544009456294948
10.051466696929378 -0.22802168599215739
4.447866443580121 0.815437445016553
8.575127300937526 -0.8964965138267108
19.11325613816704 -1.1475756539798865
9.963920592124587 -0.2707679269405881
19.341173152907057 -1.0646007992496587
8.684617994950912 -0.8364447993814208
3.2705017695932064 0.20233323925530067
8.381198015850844 -1.0163422207674517
3.281747931862641 0.2099074438360553
9.342197812196595 -0.49081607579363623
3.1090396348037346 0.17144215440345215
8.43482395361841 -0.9877808331519724
9.457755337976051 1.5823988792872685
8.970426015850709 -0.653437863090975
8.34120409763652 1.1372636910605172
8.96586853698774 -0.6600602545314807
7.77885811814465 0.8961085360301175
9.37739795132793 -0.4761713681788438
8.471971972233076 1.1342968433946692
9.146155888827568 -0.5695783348798551
8.609123372427845 1.1913323565785388
8.63327820927187 -0.8761759407699165
7.673639047750014 0.7883700498211774
8.38435633886599 -1.017535122510913
7.473262376730082 0.7037214379524211
8.15416845568932 -1.1382509323298051
7.346720034825375 0.66546356452175
9.575962221291407 -0.41440019426159425
7.068610780290467 0.6213792185688339
9.627848901139297 -0.3860669397304315
8.341114299065094 0.988257939572615
10.626728570744815 -0.06572698084204495
8.60196777693455 1.0705083803400433
10.74199769627193 -0.042160209918433805
8.629953796162102 0.9913821007943981
11.023550247570464 0.06377973581654581
7.56539365055793 0.41130463570993253
10.819165799684281 0.01579561338113302
7.3819076840546245 0.29102957211715297
10.770146146774259 -0.03548995831051002
6.812263425960606 0.1263308233857682
10.749713486341141 -0.07402956322450002
6.531008004221496 -0.007574750619527046
11.082686000743323 0.030637737029312453
5.976966253045321 -0.13784961344149044
10.671838936319531 -0.10022580614511742
6.330697460956472 -0.1051361224045273
10.651928654615974 -0.10433193182619618
5.850417897240748 -0.20013291930065957
11.090862522405079 0.029944624688063207
6.162606919471628 -0.1467590854258304
11.320351087807008 0.0957048495707524
5.482726001092496 -0.29965646670138846
11.326456220466229 0.09679887084505262
7.44522970754292 0.2805386791004201
11.243524425684061 0.07284073362681362
8.019828357493333 0.509227088732332
11.185267591078015 0.04619228711188173
10.714842998730148 1.0436469512487891
11.865387325041764 0.2267717795667647
8.320277326971103 0.5960584136594007
10.989719028698238 -0.028224567724092146
9.249012238171652 0.8527020713513578
11.633967979442621 0.19252268790669574
9.63175959000658 0.9484424819054049
11.055193465300043 -0.011446683341951237
6.730732764395078 0.060159834010321864
12.126559665349305 0.23542774830791335
9.054024634377267 0.7863475152114052
11.746575107292458 0.209282065845444
5.5879674118881395 0.07601168576305745
10.345724293493562 -0.2997544289869136
5.90437276379173 0.08411666325103227
10.882289536869898 -0.09826042708464806
5.558449695820028 0.06580994200728002
10.860737435697281 -0.11091381223285728
5.1384614369231105 0.03250221760212657
10.85539638786919 -0.11245486499014605
4.781353407645281 0.04134451854457764
10.861491121659293 -0.11404804089218583
4.640583998879386 0.44147066938652346
12.491576597455836 0.2446937305654796
5.282413150822698 -0.2729835445545727
11.123954061479003 -0.01614282311197477
5.643809666618989 -0.24443796180355315
10.404338980962464 -0.289291633323818
11.573747451142642 1.2282524626231088
11.019424185018657 -0.042430531181338715
8.196077372277674 0.549958803582515
12.445045174236618 0.22983390214779825
5.898924340627411 0.14324670493857655
12.269233911014096 0.215435510400753
16.70013446343601 1.1677804384866388
11.354306127454349 0.06919859896635397
15.721990631467692 -0.14920090059095137
11.260913362272392 0.04339517446394252
18.036169069600607 1.6784275222271428
10.848750153701465 -0.13312787654761693
18.92402764805093 1.8711611135853397
13.419798802512487 0.2745455833152547
18.77089953500456 1.9430075999012977
9.921894728652102 -0.4244979646923182
17.494550740044417 1.5413039800872446
13.297009110248188 0.2715861666672973
17.619083880518996 1.5907415612562676
9.887136755350635 -0.4303804544990641
18.774383173400878 1.9962892607329765
11.209998801816724 0.02396784933210376
18.762326900129295 1.992156885644365
9.986685483330128 -0.4147665167209036
17.86310367261712 1.6395485015237552
11.186079107568787 0.0029487325479907386
17.895223910425738 1.9385541866289986
12.208665477317085 0.21274565615125712
18.85944780923999 1.892574406196461
13.302229469019604 0.2736243440117375
18.695671191940246 1.9322635061985978
10.606261067955538 -0.24820919312305562
18.85415972036829 2.2816160383286794
12.617517148108574 0.23265920314263794
0.4879903550672352 2.3154540779924986
10.181944842072406 -0.41177467574517135
18.31082871978534 2.131682968149709
9.853646526863601 -0.5139761183503998
1.5831056600871225 2.6240083321058805
10.489540835643348 -0.32126446657512076
16.91813464150752 1.6881984871540991
10.594762765470406 -0.28861183689126313
18.405678134924596 2.16988546804028
13.465466878288925 0.24680466998892509
2.4150159343799666 2.7282473836265067
11.154166961394585 -0.03945039521586355
2.7593272675617055 2.6979763024484953
11.179645267643584 -0.03172228496388843
17.94714062072241 2.0467261035925763
9.573064633712209 -0.5927159758199573
0.4027538656284272 2.310795747521027
12.409176590493239 0.16196673618712246
2.9235689430982834 2.6855171916560185
11.857185817253868 0.11864487195370986
3.4498832805627977 2.398078644504026
11.268933902946971 0.0037704790809459446
2.8699271893341116 2.7718850070395025
11.37084022918461 0.03399034398414712
2.582551457454116 2.8044248455404546
11.881685908321847 0.12273567861310163
2.853789116789832 2.77176731466656
14.99237398125503 0.7351135003018614
1.4194155939676096 2.6503925370621237
12.116348935010931 0.1352380776905333
2.9724940365184613 2.7830660966935774
9.841877664588852 -0.5213686707167543
1.936194565089145 2.778393133194365
9.871878777074006 -0.515011708228707
0.952123265046037 2.528058277511387
11.120174609566712 -0.0531674322963
1.9166871620437798 2.7710031995719513
9.72269607436899 -0.5552250112277803
0.5505419637582899 2.416949967813339
11.639562808485142 0.09763765325380372
19.712529287377954 2.4800598624840067
14.915209682915785 0.6766157927826699
0.050173950821697844 2.4519130774648854
14.605438430637864 0.5053076398520988
18.241372812749855 2.173800643936657
13.995640787236338 0.3299024473801941
16.55265597988333 1.630422461293147
14.95917068931112 0.7211406863617296
19.234530685770117 2.455696091417725
12.30161581804716 0.13317197120336385
16.864335790496582 1.7928372095586949
12.76605647863619 0.14402965221844108
18.724898774762153 2.30118570415147
14.981033591001605 0.720474566416996
1.9140503764776788 2.7737303695910525
12.892419363354053 0.1353063147263651
14.002399091826204 0.5038946707653246
13.32615019497407 0.203564126865252
11.286597942676156 0.33342884895507574
11.364692011487442 -0.046741405303594157
11.873364367355888 0.3984624919265509
11.305435413335552 -0.059410724259584435
13.050340292607846 0.435509949387789
10.822829976552992 -0.25712661202476517
18.226702053828365 2.1793092514377563
11.841215420272173 0.05141048911811648
9.009173773322297 -0.5698714104544216
10.724236910474302 -0.3119518328874822
11.181937550021898 0.297883701682655
10.68973738811786 -0.33370671684961395
9.413479195711457 -0.4017692934259604
10.590778994106964 -0.38227683461695716
11.626466613562386 0.4256400214132994
10.597044672991432 -0.3673598140341201
14.612903381187511 0.6232546797124798
10.373622285381893 -0.4637428862373131
14.047823920028376 0.5023588724673748
10.43559591081071 -0.4390816347080767
14.86017123744806 0.7293640312156836
11.165659277121161 -0.1267730576346645
17.925071375448365 2.105222056502957
10.423512684332065 -0.44376339567555323
17.136391108485537 1.9306388576700875
11.395311718224427 -0.06494782923907405
11.854185310989916 0.4375163899991905
12.414933544128292 -0.014971746842704258
9.818635512428243 -0.2706116708696024
11.515025435472497 -0.05136453938058955
10.27469071459996 -0.08395058124843888
11.551645550823684 -0.04158770985361856
10.39196578073983 -0.03169719275830622
11.470220992399836 -0.05461707022982493
9.712673422237685 -0.3040176010880964
10.91830562482034 -0.2221598262683686
9.49769969631274 -0.37149622349579997
12.179542415127992 -0.013700683508803928
10.705911083992232 0.062191310229770494
12.508500948403578 0.0033324251560482507
9.70839819769387 -0.30209273147612703
12.505259397340291 0.010455739015703479
12.569319675621163 0.4204328656225103
11.898063349858921 0.011666315533328878
8.978431027169432 -0.5218083300165175
12.287119987532234 -0.0358679004024803
9.189064846982593 -0.47848611856143125
13.31992292099238 0.07205634183057343
12.436587760438965 0.4063110218750816
12.486049458762322 -0.0026898032858559476
9.25268207169808 -0.46638592514744864
13.070534173818215 0.004593843838872694
9.52580151456036 -0.3690029207908682
13.165979296428853 0.03247369541992502
11.2187072393703 0.3097421295077224
13.08662312765867 0.01623073715185082
10.794128868490217 0.0801052268106752
12.67045970170486 0.018080808855187053
10.959113070972144 0.18196756018616822
13.164652479219768 0.027021184419087144
12.528565485201314 0.407612444011107
13.139633899687192 0.021733608684759445
8.941985419305784 -0.604055459023791
14.57294400574839 0.3435686528019175
12.888069198796087 0.38474710374932886
13.27916431975502 0.0482941218919407
19.086058716186887 2.3878720973539393
13.311552479754464 0.05591332543748899
18.77060825810431 2.296086240322145
13.431837632311305 0.11294421225619004
18.964149282687156 2.339699545306653
13.82858080801526 0.15721108049568314
16.63891932059741 1.6456040130535683
13.865337279630905 0.1555158741332291
18.127421214096437 1.7646719645279263
13.907229992231942 0.17066586967947345
18.18260911275623 1.788510084413024
13.674741812473858 0.1376776313410566
15.82458424230748 0.5024552924983353
13.924861334437814 0.1784021394987259
14.47262415127421 0.025969382529213575
13.423144000235167 0.08621240338780327
16.141335029062517 0.5756516870465995
13.783608216782302 0.09552874107444685
18.153062829766906 1.9172888463429458
14.3457066442835 0.2436817007006578
14.534693353144638 0.045101454105629504
13.72224122140316 0.07149333056931477
15.277591687284858 0.9071440858641382
14.484834282531777 0.2945722722153059
15.815604468168232 1.2266266141758306
13.711312287679359 0.06887139455241324
0.3486713924964976 2.3565373802673704
12.46973603288322 -0.26058521389260053
11.499024526564932 0.2683199391904384
14.20307467090925 -0.16795753269723152
15.783337738019995 1.2865043700838643
11.86692916711135 -0.3402369953184771
16.459038428970576 1.5789790635984207
13.77444948698284 0.07843526157889681
18.513047204449332 2.168949175857999
13.320182312967063 -0.14167695913364942
17.390394725353516 1.6788367899500973
14.486522942149067 -0.03698117312201893
17.995035337489085 1.7341075637797447
13.850032522092055 -0.08271445551631554
15.235310905021693 0.8768528107569478
13.896093871802213 -0.07838494663649745
11.046802855631093 0.9096925079275651
14.4186541474547 -0.19588242928675503
15.308411423360404 0.026368174774669406
14.72685143512137 0.10881303428467377
4.327511759815377 -0.7582126008118616
14.47173270985118 -0.15007965686867136
8.377021959747546 0.5415008885519668
14.484467756244372 -0.15939251163460882
4.767917390022407 -0.5726741512729144
14.60954276117719 -0.030176278691460456
15.936952556792468 0.5923104171872506
14.468614953502042 -0.1719833027604784
15.504581932158253 -0.1538762564814315
14.567601899965341 -0.060127396891530065
18.463367339007547 2.1570719980022495
14.36330488055231 -0.1261620365046915
0.2744623923134628 2.3821864042626135
4.766977256383129 -0.2857907759509813
14.298095954396734 0.38802849894286645
4.898763570866288 -0.25340484600045643
11.062778754879044 0.2014374939925826
14.46651749522196 -0.14866958732029772
8.761415487551616 -0.7173857821084739
2.842339142506366 -1.1814453926794126
15.091886647047602 0.875076407333877
5.187232843261522 -0.6071537357068092
10.795398083787552 0.062105428923106124
2.803256628882932 -1.1805975933739512
16.34750469070377 1.5000508576732727
3.4595255478980884 -1.1798732319363938
15.131109879385106 0.8988260669029622
0.8695954043284463 -0.6546933529584901
15.885067994082553 0.5701411345621127
2.762611594929215 -1.1652530863655646
19.40792955425508 2.4364598802776607
8.333539571390107 0.18767467784191177
10.82904617044968 0.09727709761475982
6.002694935925466 -0.4568115201293228
15.46155594733013 0.1646272626597426
3.6560995315311273 -1.098360367634264
17.56515093404726 1.692250576251886
9.088692580064025 0.4623312300554181
15.785397460244072 0.8428689473266113
14.678738070298479 -1.2749033968153534
14.37937108046057 -0.014525908288101262
5.64895304323959 -0.5198328488727773
16.880609379691787 -1.6116974291133646
2.0840303291388054 -1.3547028366838432
4.934201196229011 -0.12116999569767703
6.3400969008727825 -0.45877072658002344
4.9700660377494605 -0.10175285481069271
7.1731383180417545 -0.05048266838295862
8.78334325816475 0.5597459725575277
1.9657884034899724 -1.3233254364434137
10.163094044672906 0.5698455562675223
5.1307840698565 -0.4053347294127092
6.9488121752880945 1.7944967859622276
1.393947936731938 -1.118968521697326
1.3312180436429006 2.6736447145217754
5.808210482905318 -0.7049890528228723
7.460430049090436 1.3375559518604128
4.431389745337982 0.4553487151161026
6.545065770129407 1.7688868195998673
4.495853538922348 -0.1256091407362247
5.152871285527764 1.6702155958046345
1.3860365137308712 -1.1248669531747209
12.970905207893699 1.1156117501405007
5.203068719386122 -0.35370744961700945
11.9409204910978 0.9342474556784848
8.033991592804762 0.8839389982649453
12.414916981537143 0.9266553505426873
16.772261574079234 -1.552794260696773
5.737134317127857 -0.3591102576517536
15.697277088719572 0.23001121430558136
13.589794182590456 1.0563569685853063
15.742959805118641 0.24796096731728112
6.151449085235703 -0.23380020291217155
5.84566862836405 -0.6944166224472584
10.855330896439018 0.6790558134021867
3.83224125479889 2.2393208356065863
14.436175211842844 0.4212809000410394
0.686466852181651 2.336229036657009
15.243276367622373 0.44663616735101397
3.8838122888714515 0.8908239309631217
15.025590052422151 -0.963063981800682
3.5401678783540094 2.4686155578647155
8.768276546335738 -0.6534999904199981
12.877862191213163 0.37014136187107893
12.96017026205534 0.3548738183886362
16.933124348912724 1.6553587064373394
13.860359693584464 0.2522890921997352
12.274547353022951 0.31686278370105103
8.41196990869702 -0.32860116212610935
12.900926818298963 0.3708196379353481
8.457061265956641 -0.3718799975969733
18.759845799439773 2.2973615548290525
16.009906243533763 -0.3631585011116748
4.22463086487915 1.0876464455782462
8.189875873889362 -0.6715172983600057
1.9559270707551362 2.7637060175019412
17.281396882514752 -1.2692004292814139
12.256622525097535 0.32060610563361724
17.512280955574113 -1.2137433314082309
10.402988872877398 -0.030824316543008518
4.379623368283228 0.8835573724021182
9.30405418450661 -0.33353467061844616
16.68470209409465 -1.0894896752080805
4.087159945674447 0.9888683268923224
17.483284599189005 -1.2442138055946763
15.608600124232881 1.2178398518373346
10.253024674400498 -0.010078643946883598
13.618128285415834 0.4644907986501758
18.720748259540517 -1.2609525883879138
12.408248431312295 0.43134978026710946
15.88175499573075 -0.6418667703931498
8.395898674626544 -0.5209384790139882
9.464174666724045 -0.09634677128161429
4.177416196356565 1.066791052081383
16.48879490166685 -1.1325513318804346
3.80310288264126 0.9030805294007128
17.694474671219776 -1.1629312611873812
13.600105291013737 0.45802070444448656
1.6551263551639497 -0.08864921653757504
4.284005933968535 1.2065264357054193
9.410393497729059 0.00011008522061878301
4.1833862874201735 1.07414482893327
9.067626194004005 0.035795099735931105
9.342217003671076 -0.26963652603011695
16.547272697841276 -1.8047091441000216
9.335886752705074 -0.39127523369200584
16.032905774138428 -1.8681185193335692
4.508748543335191 1.2070405384780805
17.42830849686663 -1.708388184756233
9.383404593538213 -0.2560817305495134
2.809959605746851 -1.5189533896434733
4.927885761458041 1.2729833536339135
2.014911904335756 -0.07759919740778393
6.388595162472707 -0.743971156073648
8.404967946003069 -1.5860457322899308
7.163062283787771 -0.671268388206066
14.980031745158648 -1.5071436122200155
9.908781548866825 -0.17325941388536514
16.32646334176666 -1.6711148733939352
10.334719391405255 -0.026491634435805225
10.150876468133971 -0.044131690392378284
8.414295597220335 -0.5128734648414672
15.993466722306902 -1.5443826201205846
4.841425277190966 1.2010231515963583
3.180163608828853 -1.4542036035268744
11.126003316402775 0.2911155817280223
3.1896295889656905 -1.4438076481297935
15.237993736839492 -0.15264943607131937
17.447696051807867 -1.744549958511574
13.043579164331888 0.44595766299771367
15.962480296913593 -1.6055720093262937
11.656473942195838 0.25662327132235657
14.359332249956022 -1.4923767147900342
8.704120389339908 -0.7420078179757346
1.869097564575893 -1.445481205461563
15.016034778322439 -0.8948590264622169
3.549358786618416 -1.2945444055716633
8.574958350658024 -0.7264454575472666
0.24477279689431197 -1.1438656869307846
15.115028813549799 -0.7243891796750717
19.512115673719745 -1.8558169446092845
6.117495183496515 -0.9392600222142118
19.34012542433991 -1.8011757731435531
14.240861779034539 -0.042037855827598024
17.222040425781895 -1.7786590249993055
8.142049108413879 -0.49068508396332866
14.26078138217635 -0.9401232965927899
14.597206739754128 0.11006362418749725
16.083567259150293 -1.8944707308741024
15.039558432440538 0.801483336678203
16.514920376874763 -1.3382559889475392
17.41692899453586 1.6036969439320283
9.397069910528232 -0.08752137006069029
7.072380961172384 -0.7307436759682148
5.43341981791484 -0.8819313198600756
6.022069863558791 -0.9496902273390866
14.048581346851927 -1.0820938032093588
10.770681988049722 0.04493396594294276
3.6972347728992183 -1.2423336230361517
11.456090076937608 0.25899986218618953
19.865514776108906 -1.2472446520253253
16.572162714801618 1.5694168216057542
3.298946331421382 -1.4306567055335326
6.449804584099522 -0.8610518111365322
4.670072695819487 -3.1140497081417675
17.345327307464135 1.7962174414680323
16.91255127898964 -1.3662245312996808
6.463420127629467 -0.8604659388674432
19.99571257033273 -1.394476640668891
8.76280293876348 -0.4777381210188669
13.729365164381436 0.5264051016483805
7.821630683173258 -0.3483400626405727
14.818762460672476 0.7506114390703976
8.589659203407466 -0.7555312246050939
16.077298741057795 -0.21194656473886436
9.520745357202014 -0.37110019525713606
9.4798897465592 -0.18080620004394343
6.99973099807141 -0.7611175706088052
4.117949111171494 0.47857963400772496
9.599196497136141 -0.27382500262447296
17.032909206160486 -1.4202847256258886
9.830470623197487 -0.2509195491596448
17.451639165876855 -1.4500749721573034
9.084933899133054 -0.3597440438211885
17.184041894561968 0.6072856449022694
6.989882535920112 -0.7390113893715354
0.2694241094061941 1.8090593653351976
8.610014411859739 -0.4966077744585199
1.059795974962692 1.615018671732685
6.220834683008252 -0.78351323329787
19.49286567425629 0.7882213222490302
7.208044242928668 -0.6624149113289032
1.3263350062911288 2.026765100701867
15.338750734235969 -0.12709815114384015
0.8528236718913502 2.035824678951588
4.494695041750408 1.5261707473946053
0.6222129614732914 2.032006034933707
18.647694802852406 2.2640466693083843
0.3033533498889154 1.8597421777044367
3.851085220140726 0.5925966665534346
0.7416685534725098 1.572453162788772
8.139885393555781 -0.2712224161505016
0.48258028588399926 2.044940730470071
5.554144122252999 -0.8661574092101586
0.07411349067487297 -0.7513985371356631
7.333170134237384 -0.5938536588375689
16.083087075701464 -1.8477032074536
4.319805260750935 -1.1266835893586589
1.008567285090808 1.7433204067785262
10.630108980497713 -0.006383519641504035
0.9202761997666467 1.6918405295411645
6.164659568098741 -0.9389171136561274
0.6957570698416906 2.174295121994476
7.253089983078533 -0.6512216839488959
0.7483892205917175 1.9322279611392184
7.637802782559854 -0.44309264040910656
0.496347759039694 1.9135344800345562
15.177585806207912 -1.1909502709324875
0.5351495818415772 1.4038318355327362
15.904982592893635 1.3374347743113086
0.4909516179598355 2.040771648231615
10.822430133812015 0.13574833997902458
19.699556209983346 1.9727362824790153
14.385559865021147 0.4570853821320931
19.788950524874902 1.5200881000764732
3.71849118927882 2.4238460149213594
0.8518547538022369 1.678321649151204
15.400507555645937 -0.38201850288059686
19.973942795038006 -1.2115324443041149
8.839964275816056 -0.43150486531897747
0.7540546098065385 1.9392850250026976
4.087052953396256 2.3460744936115026
1.4477049963107733 2.458696710109195
8.234817539506242 -0.577756066482084
18.52344824189365 1.5071923891838483
13.197294555845618 0.4623092244574717
19.086829193057444 1.4409707296395957
6.4294230582288865 -0.813379328272431
19.518784330265593 0.781753186337087
6.714733819032654 -0.06366625257299467
14.709997678531554 -1.220742607034753
15.34453048515922 0.00706294823733139
0.28313255293135176 1.8516095214839003
8.860760206280542 -0.43172494139136974
0.40234979326719833 2.0468010769470295
4.2711664059012575 -1.1735013978877853
19.992877179997905 2.043882913308081
6.709009760313849 -0.0645129499331926
0.3484004428588495 1.7532072954325204
6.39125537626339 -0.7721750031780356
19.518173136182913 1.419403953594292
6.695451085531942 -0.7913137344953554
15.265315122224251 -1.0200514553779227
9.232234326580107 0.597428347073873
0.8753938420951504 2.009451228900989
9.59070745988527 0.6559760213950222
19.94369582213646 1.5260132306803686
8.870239725731071 0.4989027763991374
15.979803589791294 0.03965182857742046
11.61232421732031 0.26841633480169635
0.5054494087727412 -0.7330080014554227
6.4622718799340575 -0.1692364686282869
10.932552776090029 0.2841968753794374
6.120845262304769 -0.7348188075108804
1.7993679114854875 -0.19062269988176794
7.157074086219197 0.07564782162755979
19.55142022245105 1.417438600191442
5.168221630711679 -0.42198493405703935
18.610867845994377 -1.4061843235931597
15.173593160528366 -0.03264442049236278
2.675990541196928 0.04507933673623177
7.470225701274668 0.15336709037669732
7.76438352152697 0.5725666785566531
6.427707460334019 -0.12373884475549397
14.782312374876462 -1.2757712971024213
5.113810275460792 -0.10650040946079545
15.400717343992905 -1.09592805558105
4.654835523344245 0.3660366562695851
15.522271893439578 -1.2556641924167737
4.773852748617389 -0.583169627099669
15.454543480871358 -1.1432937736532405
5.462697474470464 -0.3531210000401011
6.729793593927922 0.39626655263287236
15.479214129924305 0.2727934760534319
1.158414319904745 -0.7037661297136794
14.379575225402718 0.008033148832328543
14.734017455984068 -0.28410039589440833
5.2902581980257954 -0.06827624859775228
1.782213356429669 -0.20119805523994283
17.37148238048525 1.6341071245093544
15.221125794895078 -0.7648511755924303
8.713029440384386 -0.5913906343874861
5.778636042841718 0.35425569293843323
10.863279545567076 0.1167975567095708
19.81561284240003 -1.1680382207468434
11.324776136042864 0.23865516539138934
1.5724278611793419 -1.3805718643777674
8.722590844899134 -0.5858395012902223
15.067497546715773 -0.6093725924071876
7.480606270466601 -0.5212337607279085
14.843558134920087 -0.6283282716382603
2.113565893822226 -1.5286299754174075
17.085890145706443 1.151188516323395
6.049175650318126 -0.7646692381689493
16.41253962491283 0.7713115199309364
2.2061599756886636 -1.5255182060984538
19.26963741607654 -1.235969013006105
6.269833860498593 -0.7590694271112514
4.017273093161993 -1.1241079804446734
8.157066565987563 -0.49888303766055875
4.763342210230986 -0.7803909014818636
5.556573061693925 -0.8787932359236018
14.875669847781959 -0.3284984890985305
8.498658504230162 -0.522730215557953
14.894310930449423 -0.2080429548577591
5.983223785422227 -0.771942462950713
14.894734143507259 -0.3970327117004535
6.246427653694482 -0.9091120218844703
0.06092117970912975 -1.5172920816260644
5.866684489335552 -0.7926170096189137
19.15081975087151 -1.4787010447029978
8.80875424065828 -0.457092577373185
4.8820662027383035 -0.7521408372559691
18.833852157183703 2.3185997232189965
17.894900541058337 -1.6274232883273845
