19.85898090651134 -0.32993574886167176
3.349482062206822 -2.318213366126463
15.05736745258403 -3.5375908401687917
9.790966182941972 -2.6976337720000387
19.8645446202513 -2.7489460001494237
1.8048739902630964 -1.3039786151836814
16.256123533528477 -1.126255369715118
18.06638752971268 -1.8671528485206612
9.738725735192642 -0.6951491809590236
8.667461641541523 0.41812881564470383
14.50471401370318 -0.2717069560231126
3.3698811856983464 -1.9398816013306157
19.781539433940555 -0.04029510339195283
0.6142703192987582 -0.6529914242560785
2.6814602001904846 -0.4698944616693386
2.1206122445110474 -1.5553710527731903
8.786706906167197 -2.406384016087089
14.12536476879513 -0.6408100141741755
15.68824775685072 -4.689123189972654
1.0552720903930617 -1.0548260704037833
1.661477458275968 2.186979992055788
3.543148069177235 -3.9366473705119107
4.37814848349523 -0.734264145703697
7.786286804904623 -0.5771181214303759
0.8686303828214684 2.2907449209069006
1.8925122605700528 -3.5753554883179848
14.692458858603112 -0.7852178335349492
8.282516809413861 -1.1308221037457828
6.190662750191199 0.15294824705270238
1.7986016126877973 -0.8757430083729774
5.080024352179153 -0.6019450039889902
3.782500840715231 -4.1585457631599
3.846104931114437 -0.5759903160797507
9.898773178695231 -1.0248995634813867
17.73845461281755 -0.8433647339791946
11.412435544434308 -1.0835294909217255
19.32662391809467 1.9379364430031965
7.25801195952962 -3.203687025057925
10.780174991211496 1.023743448498058
2.1440913358117504 -0.9784808204104914
15.223799593324513 0.3498063075628732
11.294828091584865 -0.9645500818986824
18.170142592972564 -0.8678899519001242
2.1258229297466977 -1.0706521481990376
8.450441261033195 -0.9229560804405688
1.9883765318532767 -1.246459364565578
6.303096081454613 -2.3501510121666658
3.5665833590110645 -0.5669269352034422
13.143299561908977 -1.007690610177945
16.50272572135886 -1.4435743323015466
5.229317491554337 -1.122772664381104
16.73546625540345 -1.3309615961098542
12.75904985976518 -1.3298928333425124
4.9577920711456365 -0.894083264821883
1.453651837985992 -0.8638962275835187
11.026881024946578 -1.3486584823683796
10.620843843546563 2.7295204911757724
5.406283889101882 -1.0394921689086425
8.044914619684409 -0.9396396652980555
13.72956646028594 -5.658250849805718
3.211642977212683 -0.6942447233585374
10.094013556448822 -6.432965932871093
6.120261872724527 -1.2052965188074043
12.13086502600266 -0.982461373171157
4.431583163126373 0.9354452896515022
4.573484894893948 -1.8456956918739498
15.55713539239602 -0.5998836325477647
1.2656883597114512 0.3668976743991691
13.65638780620211 0.9930388647556407
17.827810125442646 -1.2837969255283732
11.883128416902913 -2.064978542871618
7.635240106378747 -2.3905472099975373
2.4197845354702197 -0.6957730322298741
2.524498625942436 -1.0713912792942009
16.41444897248827 -1.5008632458808353
8.786339140700195 -1.3096622466970393
19.06983682922857 -0.010772675832510438
16.041804557036834 -0.6168060274393803
12.076121919546633 -0.5917185919566456
10.652143004665632 -1.1864856882321966
11.956353316752727 -0.09551177381099468
9.60964905980328 -2.714178653651757
16.88089054892718 1.6669262755869436
9.423141089381879 -1.5961183269362098
16.59344071390322 -0.06953104620404155
15.387596363659627 -1.1603249873786448
4.9187938460234815 -0.8925907686410481
10.91528732411219 -3.9306134820073364
17.2129164871489 -0.44624366016787953
8.236552204629108 -4.049678424276787
2.8350990056132175 -0.5456843786911646
14.665376595708576 -0.9088710942255687
0.497360887643861 1.04047245201163
19.84913822006291 -0.20352629688130347
14.896619279382067 -1.5884738947559935
6.743580291414623 -2.002418735133956
6.861383636461415 0.8870292674115787
0.8128081744593842 -4.398031140863095
6.599333188055391 0.01930863724556396
8.234045390420382 -3.6930095857343335
11.813553352298792 -0.4590570852089209
1.5495967086144402 -0.45588981344165025
6.759051110816912 -1.003299886780774
19.68605254262892 -0.651453711388365
5.4681155321812325 -0.830114843884725
4.974527978542732 1.4816421378138291
2.080551681204418 -0.5326267204065522
4.9358663434539425 -1.1769243062905794
15.711664244242662 -5.434450974573073
0.25421230974184605 -1.3065631413541954
5.2321397261707485 -0.7715693725177682
9.277984761637143 -3.421874370636902
14.700432302204412 -0.7984293838391252
13.470146416469708 0.86920307987033
10.463481334868591 -0.056766806810568386
8.428805580668985 -1.4221625742546402
11.718730854255416 -1.8077324764768328
17.899488733664533 0.023276222704723293
6.217526738867792 -0.86140840004345
6.326265698226156 -1.0278304357201118
13.307962837941446 -1.4751441242154633
2.0067273876443776 -0.40427002280010554
16.58024046207636 -1.2088499099958911
18.727083864151147 -3.2931394451294245
0.08960225491735824 -0.36433046253197887
0.5405890536636433 -0.4328289229812783
8.451988013698456 -0.999472949458748
6.031815197233105 -0.930340697159405
1.787873099562906 -3.9379190164662052
11.334377021086762 -1.687537393342261
12.900874342616483 -1.564637067383021
11.697739594930441 -1.8370019819061147
14.62707927854916 -1.4013057016311687
9.253251354553512 -1.1681061377670063
13.653925788356485 -1.9724780696819473
14.831468139215652 -1.3744241632268026
1.3958739646007603 0.5669679691510732
7.9202115020226 -0.24436683728784114
0.14921574021032769 -1.5445496596638582
13.994086525572824 -1.35604257007966
5.163647869368501 -1.0027254194600115
14.07783032097843 -1.1782152666263903
18.973889939999538 -3.290540737499929
17.48513589097772 -1.3779888849631745
0.2896378674644037 -3.2449689234240675
16.607228573270856 -0.027594217391570655
3.5442666075773794 -0.7689101113826576
16.269780493528632 -1.2828527385837714
17.290469207770766 -3.5735873592076812
12.12069976849263 -2.263593403662089
17.33631298533113 -0.11555897050828484
13.408024624065456 -3.265226698520444
11.444405381855685 2.6253801179876475
4.9444135151649755 -1.4039979836938867
14.801949744966949 -1.1847006351537452
14.008209544156355 0.4720851784729604
18.975469124859142 -0.4200041076654128
10.248965607967808 -1.1582005851473762
3.515907860950654 -2.424824631689941
13.103729003784046 -1.4691507864889186
17.57073456059784 -0.27534540394008666
14.94728517998947 -4.000817399698778
1.5290019859082864 -3.904102572623875
0.7508829827630148 -0.1995020518053087
4.3265101194321245 -0.8321392488069642
2.6936437700225184 -0.8666942073434863
17.155486388906667 -2.626424900955964
9.144445354045187 -3.134015574591705
7.21540117055413 0.34454672108086853
12.768790592000862 -1.9065743950860077
19.87130693558961 -0.2764945520784738
6.1137282796521255 -1.15933172029371
13.838455033440049 -4.017358819000701
8.550417966750285 -0.7605097495021659
11.953022324870854 -0.9618119208534051
8.13956138308873 -1.4431209376960665
7.05308643270806 -1.4970354434267814
1.80608552466997 -0.5220552665687922
17.155702898708775 0.4994907106755668
7.715663932146806 -1.0583851480296491
11.467797282702508 -0.5332200630545632
13.787250949648039 -2.334711183553376
7.504984950047619 -0.1290409837835866
19.753194446225365 -3.3135301656375096
6.901095648622876 -1.018188318109934
2.6550080333301787 -1.1165122547830058
11.684624927979685 -1.1476386428523961
10.630390497840649 -1.2973664937833589
13.943606284066501 -1.5266916194846856
3.8060287673041238 -2.9766040084549013
0.7063034222990652 -0.7572293407143537
13.040324758761539 -1.8829083674737435
16.7389982359578 0.7038147834999599
11.729889681160715 -1.1966146631789538
6.09147618221323 3.5445221409367544
5.062903798944074 -1.0130672106133782
14.13182257047197 -1.4462721189104761
3.219351627327486 -0.7588433005143445
1.5133532136562104 -0.8789615299857134
10.386329954037267 -1.0030348387082786
16.932747112982 0.6177055354827243
6.947506001083878 0.2812161076790049
17.63872270881759 -1.8456830554578127
12.928810911117893 -0.7616367882935895
7.537306827056595 -0.9317266861824584
4.825742357940438 -0.44902028644715003
3.094395907393318 0.7073237719320536
15.508330571084073 -2.5805939063124232
19.667714930778313 -3.2197234447051724
0.7631665043267293 -1.1225450867018367
17.649271363514877 -0.8941535369761363
5.310995503619763 -0.7572328882784938
9.454132785693487 -0.658631325018727
9.149351029184425 -1.1854051191545079
4.882509651172806 -1.1276910858682743
8.839507076391355 -0.50912817512086
6.303117841758407 -1.3123117670390212
5.708112384811097 -2.232249873995354
5.675227007348851 -0.9542948262346876
3.8619801163131644 1.503276716731395
15.209057450394075 -1.506527910798237
4.922533770423624 -0.2605531758731418
11.887476788630059 -0.9719238975741873
5.309845944232942 -0.8894701617821126
17.445759558166095 -0.9951975688606011
9.191347220710428 -1.1856568118410151
2.398643849669721 -1.1113565920035537
13.558773626564735 -2.324293409685392
2.012691120724837 -0.7610935477855083
3.314044680111135 -0.8916685468016904
11.209243815590096 -0.9936916098069783
15.595699790629892 -0.28016532684262097
1.6515006580473188 0.19944139209982406
2.4389608260889224 -0.9429577474708897
19.207712376486214 -2.593627438513742
18.028304798642868 0.012059370620812991
13.812475999534728 -2.2395567931484877
9.310342098996113 -1.1068889349126223
14.479448278970494 -4.911928644537278
14.731203698785672 -1.5242899988624259
5.987571778678354 -1.1452157341826865
4.823679003307967 -1.0243539624136546
0.28591466444163394 2.41376099061583
8.347084936583625 -1.1388550110963602
12.86494450507241 -1.458414434852988
14.958041172648215 -0.877263838581159
14.036652126316335 -1.1803348385174246
3.552838752814191 -1.0885716582507674
9.668959457960764 -1.4837239878091122
7.597724068755147 -0.9903847172066268
11.515868354161332 -1.1789099872704194
0.43536743931426414 -0.7357406735271028
14.707325152042168 -0.9570513892997796
7.734964972757145 -1.229768090728509
14.483448065672503 -1.039218761608436
16.07174521428759 -0.847021955744842
10.777492333557616 -2.6967429600366613
16.022917623507873 -1.169165614676613
3.871003591746741 -2.6879440696054346
16.99504081054781 -0.588324265217277
7.472040186054896 -0.5109939502430103
4.98363516708916 -4.7368254775085745
17.775041671172467 -0.7927718341421909
2.0123280253386038 -0.6333989005635161
4.596003449066786 -0.380317585314693
15.066105499069177 0.2674284760639944
9.997021068012884 -1.2540419522098363
11.814654181126869 1.8203650815309758
3.955189565890471 -1.0262484439162431
19.135062870296117 0.37738741403385273
6.513305079558784 -0.7321629675031576
19.856579201949916 0.5157511181247705
10.680391608341045 -2.4630047930727694
3.067583226771558 -0.8212810126209745
13.803507722539806 -1.2977215743988466
5.942190286696265 -3.7846597375396303
17.867595411047404 -0.04699675844726682
15.36083324035199 -1.071580467406699
3.1854840055805926 -0.7109944538843938
6.147438968752698 -0.08771358825750392
0.3246350419917985 1.1201196749885345
17.484586404032562 2.2298880152002916
4.516802073969574 1.0087501412710969
16.701251674171456 -1.0961846194765679
19.377564706905435 -0.41541602818798445
6.589643939111655 -1.0458423771504832
6.2130167525704225 -1.0372016508767292
16.666573277246833 -0.2358142855556274
9.548783499203118 -1.9453709585705463
14.603617539948539 -1.285290975032542
3.9929835915296343 -1.7789865127379494
6.787615972884905 -0.9664773479758524
17.778701466686947 -1.2759029601097478
4.492870398767946 -3.0872447712520166
2.008863837703777 -4.1248629684250275
4.425539933943459 0.9817770549585982
10.594386681237236 -1.309933858510791
0.012612313387294738 -4.847371945922839
15.66132933753045 -3.2678034061407857
10.025207340226723 -1.5165229464077183
17.59973504452284 -3.7112185606097547
17.11441062701086 -0.2589410479075666
17.00342043923004 -5.10495957493675
13.355903224731511 -1.2152271493175124
11.663170989754827 -3.277638910253622
6.3894051265817025 -2.3664848568122827
12.80713406635643 -4.864785331751935
19.421703208661523 -0.49466461728583544
8.07571505659856 -1.2528477238813018
15.403746582245173 -4.371265364511643
7.713311231517095 -1.8674703441579052
5.630237448833008 -3.853838960871411
10.99585173060208 -1.5254771402333327
7.898069302820205 -0.7278392736886373
5.922228694804949 -3.1207870872746204
1.832454110632367 -1.1314004591926332
2.4851052225589405 -2.2441450684215214
7.61552779053806 -1.0936191216618978
1.1276668340609042 -1.975829951182216
16.036444853885424 0.1084292564536893
8.621677516220611 -2.2784108565468983
15.189487614552563 -0.5483442304977888
14.11240680550594 -1.762519014981392
7.559462169850952 -1.3961098138503403
11.856559847427311 -1.1486443367134522
6.810565317657763 -0.9189536267541931
15.503486554577782 -5.856221016479238
6.405006616244014 -2.7498194325026852
10.445848817590429 -1.0058782176343688
5.394041955765967 -0.37239260095381926
0.5493850518173481 -2.452369859692173
4.701758261525769 -0.5353080829701883
9.878632954721477 -3.215887203559439
17.608134793195326 -1.0436523967821725
13.933145776245423 -3.4912928980972375
3.913096582598652 -0.6532779292088181
12.675365851199826 -1.362158371596531
18.600974398094618 -1.3876886419148047
19.862024986465464 -4.668736542326909
2.150147836959178 0.8109288306558766
14.371305135034149 -5.444278073507011
12.139477569523294 0.25001061842425387
6.1497600824110545 -5.068773153498168
6.348690469932552 -0.2610384186942041
2.6779354368567603 -1.8777459589270922
7.47034392742068 -0.3416754904029641
19.342673668589942 -3.796455921468203
10.920627656994537 0.3157752181064081
19.412332537726993 -1.8709333651257731
14.948782562179412 -0.1930211670091891
18.404400210267724 -4.927566783676441
8.211406555167782 3.2786913770805715
12.353178691332355 -2.601990032114849
2.9586159474198825 1.6376972918864523
14.336077699035831 -3.9321644032040757
19.853726613745675 1.1552782225196914
4.627009006689769 -1.2980871618874883
6.078346538680077 1.5839953832363545
15.7343506063675 -4.427198797807477
15.279986577476121 -1.585187753837873
7.803985420667015 -1.2528856126015007
13.452586063451044 -1.2753682220753666
10.897846388751839 -2.129441679769806
7.163602231022588 -1.170078873049075
16.831950695199996 -1.9664389905017734
19.382896259202635 1.9580064893466793
15.529499110219495 1.2465850183219085
3.2850610833083027 -0.046187479177164106
12.420823920447068 0.45928205387574367
5.920578830804161 1.8941241250966205
14.46532556445019 -1.8865924976068729
16.40363220025307 0.7813740590047628
13.301377351041188 -1.6160331536655062
9.859822148989666 -1.81260410299195
2.0397786548308576 -4.3792287076395855
16.94889164531671 -2.7675493224435295
8.849953516426826 -3.455459100416051
14.083286089719705 -1.3336314722572709
11.00437054285271 -0.9086035936815338
14.93253027078278 -0.299188986307789
8.223330603254404 -3.49985918709232
17.20703286680295 -0.6641042317838912
12.799074849187502 -4.90276389928867
4.833152933724503 -1.2726211448011688
14.969824049931162 -4.198983458154653
5.79610371911635 -1.2400414037295704
17.939121569758786 -1.438521887887773
16.56484776121663 -2.3278557969151716
19.325295319412326 -4.209232979606074
6.750197056981742 -4.090165700866002
9.886648045258472 -3.1508505442524637
4.131755507172805 -3.513564768973592
17.025443261572324 -1.489510629882928
3.947177546563002 -3.6970414232468816
0.2921560553397152 -1.9076333290503655
7.952480105088277 -1.179522035558942
19.241609397506487 -0.6570604586163477
17.747475210921372 -0.7329512719707665
17.86971267354161 -1.0592935469752678
17.721699208993 -1.021176559077163
1.903768124034902 -0.3857914871896812
18.78051615677805 -1.6120553315013972
9.567805763204596 -1.3299955674063997
13.52146150450868 -1.0960122787434476
7.213644831589328 -1.0114278940730137
16.94460076323591 -1.7629049444789573
13.612892438334569 -3.804153449329983
10.749760206003577 -0.9787180400178513
2.697519048483043 -2.997106114144847
9.737047543281495 -0.9255262776907677
7.055535759365007 -1.0408703951688043
0.6851433800816968 1.907487144373301
0.9526891123459114 -1.3778058264807203
7.695150621874439 -3.8569033113357096
19.90318021714792 -0.8416466789775839
1.6666957433937615 -0.3236058188532261
14.243684128865093 -1.0251072272628912
18.216482476526995 -0.7989639035200541
15.130024940739451 -1.6144094461784557
3.203940889965073 -1.3689582116660035
18.596174746683676 -1.4491262277832937
12.847987752481671 -1.1883248322732514
17.54929550223386 -0.7969808035864956
18.201961002356683 -1.9728686178089025
7.643448940492478 -0.8784629691291319
0.008020328877473129 -0.6883421293940618
17.94180394845166 -0.6488283524764009
8.832016791107662 -1.108694173423017
12.118068251940468 -5.7784374430079115
2.5168570157836987 -1.4350313240032393
19.372720998035224 -3.839469961638319
10.209962921936386 -0.4959967885228166
18.782591787095463 -0.5904033613646217
9.207626905559005 -2.3718661423956764
14.290983564427709 -4.2339843077642305
19.251497573876232 -0.48561205801730273
9.106522734199167 -1.3008888900679918
17.607593106621355 -0.44691140706319016
7.448252640706706 -1.2271074357175806
4.650166187863655 -0.5202870586657031
7.20582093062461 -3.8569969671036937
3.369729029677283 -0.9438829303947679
11.153475623463619 2.651526181874792
7.936702252473064 0.08219094890618583
7.810924631523324 -1.134654432103467
19.213340847265982 -0.44095779197567486
8.602204158732873 -1.0669078031371004
10.87655738855544 2.9758315677583305
19.369411447929153 2.1797747248110597
4.526888183821185 -0.9115243516991587
10.659807331431603 -1.9521273048859786
11.044618487435587 1.4788985578106637
13.5581002197831 -2.010561912957391
19.829531856969922 -0.3726701569427146
15.169253001563018 -0.6457347220853291
17.450828994566685 -0.6843412133674148
10.465691689660574 -1.1570920990349352
1.7639894859905074 1.1265194656334245
14.333651027523533 -3.4358182113650813
7.589836371449076 3.258050423098121
11.186421602142756 -2.8943677860469204
19.682618405881055 0.36898277997566786
9.318154052147097 -1.183948960643312
5.891383713323888 0.5445476466010385
8.432698672667202 -0.47826404096286573
13.632440691062333 -0.6280500080155628
17.575449856804727 -0.7279725817509555
12.989214387031948 -1.511690867082993
9.263256189272107 -1.9174632399508464
1.8091840143640179 0.5393186520363247
12.017890294715542 -2.9392632299228794
3.5175045247191745 0.8676407076656061
13.437184116051686 -2.399929196422784
9.76207135213396 -1.1794581467725518
0.4924442931064259 -1.8673510576834529
14.361952110814608 -1.006206960680195
13.908079830086237 -1.3586975400642913
15.230481924255203 -1.492333012382884
16.88181009943251 -5.279404754735957
14.34547589159931 -1.6332263415779236
11.986732871969124 -0.9771594393131207
12.769324781989177 -0.9663867762114678
4.984405706350592 -2.494215398996403
0.8837008570162262 -0.32146193918245064
17.533818998442023 -0.6517525788606578
8.313405396440855 -1.0810986273147143
19.657324647687666 -0.506347787805935
17.884345044917318 -2.602980311114921
17.148037577960746 -4.505030384106471
14.15611131653711 -0.47764982296925584
3.6127210334793975 -0.5899153583365248
19.324177920562683 0.5783109065981994
10.995344644120845 -0.14776669246807006
8.403031517963063 -0.7134291807975741
14.879327451879556 -1.328921750184637
8.762527027733492 -0.19930586222942634
15.87017627152511 -2.8576101982927846
11.156270339425058 -0.28388683202839177
8.410806538346684 -4.010070795338924
9.961990016791058 2.2423618746252876
11.393775647980817 -1.0270384885515693
16.723726226357638 1.0520860311508875
4.424459004900804 -0.625611244360354
9.00467068712597 -0.1646808684467385
14.047813985349118 -1.0902463395692124
2.310815132509434 0.11569641959913844
19.736407982425025 -4.104724859450329
2.6352416043260294 0.9136296684898053
6.375279775289873 -1.2272546646930276
8.759513029642827 -0.882353384329508
11.296484348548166 -0.9345349946076902
10.189009062920116 -1.0218355861809403
14.098267576354571 -2.8336479670826926
9.325323938231378 0.45301095884335485
18.49644255882826 -0.9278513221308448
16.204359468513935 -1.1059780861121005
4.2069009759127 -3.4496965054596527
3.601739503361621 -0.5106637654240073
13.429332474017361 -0.8818475262210441
14.432340986680526 -2.067905581093076
7.182308357025961 -0.9409718862751933
8.829571482232605 -1.140115592142199
17.734363133049676 -0.9637393979086607
3.775267216690552 -0.20085952811013444
13.145383411686874 -2.4397260164706207
6.409638905694118 -1.0462739119130555
8.008942136267049 -0.8240370782166798
2.477919326363008 1.1402229636852
15.082008434191565 -0.8504783475210923
11.356902536219977 -0.8832781116639666
7.288419112374285 0.4078189215971476
10.003710920273004 0.015541049532150623
10.046992284960929 -0.9406857962207468
6.736915602708696 -0.979937287470418
0.9287825417571207 0.7594830741737306
0.7825967956479156 -0.8363393326670955
16.006825299007527 -1.080059522278
10.173883946040162 -0.9623526234635972
12.504355472662242 -1.456995750315155
9.347559898698858 -1.5783781148479166
14.603441281880473 -1.0662410977571464
6.042700653902858 -0.8826550563563271
4.914039617565537 -1.0097123939741135
3.5160684415781183 -0.8152428243122376
7.471116373425414 -1.1732177329980178
16.309458087859944 -1.7118263597029924
0.13564439736924586 -0.3294806255301702
17.74922769835933 -0.7477935155993922
19.200489028107256 -2.3607856406680545
17.421844957614695 -1.0130249139043956
11.54055723207291 -1.8546197650119822
3.9131950575930254 -3.6412742133975735
15.954877126395118 -2.0568905833442557
9.21223297317145 2.5006742626480594
8.133931376592137 -1.7559817821933807
2.0749313832112803 -0.8031529887345423
14.139608924502797 -1.2402191827870495
12.961795813236813 -0.014892451126736837
9.219536802486633 -1.0801990481928785
3.622028676595892 -0.5411920470684054
12.252541296990865 0.24363446534042563
10.959540001863893 -0.6142791405406923
14.463472864788956 -1.8728656493761238
16.507533870955033 -1.0598607908398776
14.85738166555083 -1.597406329253275
0.9526203138756235 -4.128026011610208
9.210145161582172 -0.4173682410992774
8.244480146680086 -2.3372112746125078
8.36261557963446 -0.6620828001151947
12.294969158292556 -4.854178012758021
18.623599939747468 -2.0663005933876044
1.7288054521565313 -1.1294026443827936
3.234433408368442 -0.5482727976187616
16.973605823210345 -1.136491469758284
13.478457947803369 -1.0633324167148563
12.323512027187222 0.6952782768236968
2.237002944308459 -4.007646972723154
4.45703093957185 -0.8608747353751638
2.4942010216324233 -0.9384792537421454
4.200909311603175 0.04990907232478778
17.47067820156685 -0.8084755671466032
2.471631025093226 -1.716223699628259
16.526741315864424 -1.1627758211492434
11.867485024807067 -1.1172654862290516
15.883478271262913 -4.798286180673012
7.691825145595299 -0.46410623091214376
15.686566579008623 -0.5654014382977297
18.289469959045398 -2.744689042121557
18.19670971205326 0.3244489568016775
5.861186713899817 -0.3339734215272627
17.444364671970682 -0.8970455726136722
6.4288599640834105 -1.1203670513191293
5.901997632337463 -0.782660567752855
0.6541498901773014 -0.41615477045994304
1.2551009435638165 -1.0660918287674508
12.9431694037233 -1.6518811427697164
7.4999868230622795 -0.902020172649917
1.5583539368591568 -0.5541658071459543
18.469222742859433 -0.581398178268989
3.66179195924492 1.0634293798806214
18.184879190814172 1.6757327199922478
15.119538261757919 -1.3055275841839458
12.665947484178849 -1.1191915879588552
8.587653117194836 -1.8041733679931757
2.26973952899021 -0.8444591599101611
2.974651438927976 -0.2887676038948988
10.91044545239042 -1.0255237466199076
10.127594997786078 -3.3056107335236278
8.658064076118427 -0.47942813393316586
7.040313033664794 2.7939038047013542
13.524242277513766 -0.8682455244812781
0.7803420774758202 -0.5729826308479175
16.111679103958128 -0.4214603565572293
0.6732598190067487 -0.7400545261742987
19.741733786573693 -0.8469154868070676
16.558368181547362 -1.7256172411289887
3.2822578267557874 -0.6376787483935945
10.65264291123223 -2.023624811753742
18.647728871195163 0.1216128181570981
12.313817372534695 -1.5466341802340333
15.784794661838651 0.6537288568006482
2.7078096793870343 -2.540785208835438
2.4051247846638986 -0.461007439895203
13.903487590296525 -1.1043986049789754
9.791781621352333 -1.0289139176914757
9.861180378383438 -1.0667572594503043
12.147608078758953 -0.8762426091690289
16.341933328618715 0.6815057546391453
13.060101123645733 -0.7158097345852912
19.74474368899039 -0.76846886088692
8.850682707165658 0.7013413799813885
11.556277602911658 -1.567613746864513
17.229649987825415 1.5316290824462861
0.6272851123623667 -0.9637204943807619
0.14209510297861716 -0.7996023160947168
7.790798314054452 -0.7327428320415618
16.330407033253426 -0.13927234080057335
2.1093120401524197 -2.901434499498011
17.242720332265776 -0.6041979243403328
15.020101222575903 -0.7515697211048856
7.581401962512667 -0.7425466830689481
10.333912671270507 -2.6236204791703086
11.923418705862584 -0.49602461508409174
17.046619066557962 -0.9612730969442969
18.283534137497536 -0.05656738296739989
2.5785415197816923 -0.8438070487794639
1.3042013822934688 -0.8841758849715684
12.739452524663298 -1.2755560364649166
13.81613000509154 -0.887712285638559
4.389351003368081 -4.005222242042525
14.866101472749728 0.6769978133264327
0.30990598860439456 -0.45503561925207264
3.6791510952472173 3.0195849360672073
14.254496372202812 -1.2323600164746544
13.818447140027523 0.3371208095358929
15.59155638474722 -1.4307874082984031
16.066716955194607 1.2148496444344763
1.3067553749677308 -0.6021660742164294
15.090432879317786 -0.41768740397807874
3.9724979781373624 -0.7473239427784356
10.45093933373154 -0.8534191695766162
10.79186442619145 -0.7009308585717886
19.58318699502467 -0.6827576369631054
9.167660361122662 -1.97823754337805
8.659462071845311 2.7221209322453848
5.23174836364198 -0.6107608334862451
1.282890662007152 1.1414305674862286
9.708602168185404 -1.156189209897277
4.451363488360917 0.24328218313712838
14.343264563703299 -0.7134445687878183
5.930997591576791 -1.0001880399914471
16.192115320432343 -4.523522397516505
4.3763879996174655 3.0695476505230515
11.662713200409257 -3.4598117314449706
13.90634565994207 1.239050455704906
13.40525766357943 -1.4964773051266955
10.218643906354993 0.6449869151540153
13.260535508244315 -1.5740809166563898
13.123483739201026 1.0919096424743224
1.7323123660510444 -1.2833276305665606
7.852949960757007 0.5969418037762458
3.1452733214293427 -3.4915288151383073
18.331666906167587 -0.19293669848261344
13.084193442100936 -1.544789077507849
18.706035455928873 -0.4372196428275551
18.72138608453899 -0.6221756298375211
0.5656773909929944 0.9080693924021634
11.45152033798555 -2.2060295948739053
10.106243628067638 0.732070113940796
5.572917309262215 -1.9997866510984328
6.9846564633045265 2.8668661728940825
2.8344219523295386 -4.701731556183665
14.87372235509378 -0.782526621482525
18.031048972106664 -2.6353730917916214
3.7923680799400623 -0.7193132239907744
11.544817325240514 -0.9046874774359986
8.41654153509824 -0.5151920876997633
6.7297734795546935 -1.0144203620815317
14.36368688987282 -0.4447147169686217
5.476763348394068 -1.366376901976961
17.273472479229742 -0.6462027907061241
12.631188685696547 -6.211735885120479
3.8847397198900935 0.8651155401918825
1.187973468442201 -2.567412146861
8.598766193123986 0.2864109961653816
0.7186008581733313 0.32159856480444343
2.0050793692741222 -0.20873399036540888
12.38929298234022 -1.0401588348402688
18.784641467221295 -0.6375069906438685
14.783522865264999 -0.5122871883240312
9.809826196363456 -0.15625896906794054
3.896929042750058 0.07600844497196485
17.03071024831455 0.7869637759958872
14.900753052611979 -1.574163922119779
10.028533843469926 -0.29242118004891643
6.287667470293575 1.4858076912722888
12.947202215905703 -1.1029958238998185
8.245708943557661 -0.8912442828560144
11.445944108494574 -1.0166650225040543
0.01072236414083605 2.3807650677233547
0.7332955407833248 -0.6475645718521491
14.951869004996743 1.446440631774753
13.455032140805876 0.21382490442768695
16.4608647546431 0.1094273370868934
12.719964532342308 -2.4819828500236354
16.04036964333585 0.6430072167297542
19.571546945556765 -0.5631291450615599
10.805511268615497 -1.9000298683697108
0.23068643699299374 0.885010617556675
12.928715927406401 -0.590172146419271
8.352868370981154 -0.3437320921832903
13.896536813465245 -1.0075300001852676
6.611681433179797 -0.8053895020252546
3.9966853168286516 -0.678132245079346
10.215432567301958 0.35358910845758745
0.5964714989044068 2.2854142867198974
8.681717348897955 0.005124181193520514
10.64370475468075 0.18449165833320022
16.171659106752127 -1.0051670508587622
2.5065186510888666 -0.25741946165600627
4.919415138325936 -0.9373801586384413
14.232330412497365 0.9751212210245118
9.92773467864369 -1.2645465430658998
11.725531579855957 -0.17441170512497328
17.002028413735754 -0.8964624195508261
11.253796767727614 -0.5364154159186868
18.383227769601167 0.7863927152664079
1.4859040820729914 -0.7022896865499402
2.9471716603850777 -0.832050444482038
1.510556045147649 0.01254392454040227
9.733219605886957 -1.369037807247235
15.34314194491763 1.0687474729956037
15.494804062053163 -1.3953205889387523
17.75256219301454 -0.5589888812120316
16.551996101210236 -1.2722945354537647
9.118775783133438 -0.9379586152423425
4.212472449155152 -0.4514357246731659
13.531747202681863 1.7663050255878188
15.939865797023785 -1.0372114359795988
13.856200304732818 -0.39083004304641866
8.710095976678506 -0.74453114519265
3.4258077627887347 -0.814975558482801
14.701085040086578 -0.5989533076754024
9.063956908202469 -0.5237880504110503
12.709553345530042 -0.6442769153974055
8.15884691519773 -1.1376138549360737
0.7183677340386783 -0.7452992304144023
18.740017669745065 0.4524694537600531
16.059108224314045 2.734466239578298
6.422865561836723 -1.0037928925156971
18.889341988092713 -0.06679472647442933
4.490070765843133 0.8302282650679831
18.13012596453874 0.39847996323846846
9.169361040641899 -1.3870694967339467
11.804606038063849 2.241034242233752
3.5735355260827384 -0.4543681976241981
16.613328389884956 -0.5655119547328683
9.897362348756467 -2.079875417499628
13.902035317110617 -0.6270731691594084
18.98583012676644 -0.3752797083916211
8.729431109661618 -0.32748685613875056
16.227460166182496 -2.1536935617464197
5.000819454359297 0.02008659492868778
13.092567464284208 -1.3299729672717102
4.522006332511545 -0.9567899663149217
7.86186543905416 -0.9285810919144188
11.543855862951132 -1.8390366722524019
14.541223910641973 -1.3798299780024266
7.084854885857502 -1.088211816698827
16.429029237432218 -0.3729014540713078
1.3173437786452777 -0.7608921923864254
4.0682359836629685 -0.7084933176959443
1.0940966930978562 1.2479962673185847
11.36522915404923 1.032951318037526
16.645583175602003 -0.7737804187794942
19.556147632843665 -0.577586732956581
7.098746389154204 -1.3121193830190099
17.38366575173202 -0.9279487377207462
16.289845660082797 0.49671300904513005
13.962791321473782 -0.8865283106320424
14.263278595128744 -1.2628318416947266
8.94071301680018 -1.1456392627809784
4.483440239904663 0.3756219053900616
4.880180383560561 0.36907697980792237
0.32636396187946737 -0.36942859010693146
18.48725165031846 -0.641237202542191
1.1617033874138674 -0.1734831620725261
15.232945439978598 -0.79688082179315
12.77339116810602 -0.09665370157985147
1.5663407178710738 -0.7973829934879799
14.930313017008764 0.018649380913413366
14.391495633751486 -1.1337473260210034
0.8466414784899685 2.421051255591294
13.635580209714874 -1.3395560683856262
13.246539615059163 1.167343226595844
6.529178488366101 -1.0530375883569358
13.433371449298072 0.9989449338928011
2.8062183990813714 -0.1800050028199892
4.928236950639171 -1.0681171197245527
7.43244578453283 1.8837383588796373
19.44163083679711 -2.0055206965660055
0.1376335803519668 -0.4569288198415902
2.214584171612304 -0.4267763332078003
16.874054842598973 1.2494143937593174
7.722589004572527 -1.8081101630801202
3.911639026762681 0.24476963343466968
16.564163816043017 0.38446088049487637
15.182658122686192 -0.5180540839816441
1.262471765146636 2.044692305475782
9.796122221270382 -0.598071928342933
16.154032037078156 -0.9670619388601372
0.957006189218017 1.2136846797219414
9.364792266548623 -0.7624609504440092
2.8969537954677 -0.35432442895399147
2.7220120801338585 1.1950778122578918
8.061472407831106 -0.14907135381810305
1.3800463691697902 0.6014296577024336
7.558520327121456 -0.27397072220725704
17.890645925540532 -0.5776534515038955
9.330743260712616 -0.5991224330829975
19.597465448040737 -2.202931824358943
1.5820290521462186 2.9015901494524674
2.0171721590303346 1.6286713248869407
18.57119229140909 -0.5615733468527827
5.834514188978633 -0.8787288694830028
2.184448869400681 -0.9387737274477881
16.673903055032127 -0.5004584549734188
5.679151700704931 -0.8553570456078315
0.6389060409571529 -0.29267501406912555
0.6261548801018184 -1.7449361165076251
17.62434027170517 -0.11648974350435792
9.402034027830286 -3.9152177563256276
6.919839698448131 0.30106666241249574
0.2576389161217897 1.9171383089799774
16.359222349679236 -1.1446686735555214
14.035002626942985 1.2781518590821284
15.80056276729651 -0.6309998686312017
19.924080043242768 -0.5408773070615976
1.9655985765171384 -3.11576133711705
1.6327752348966178 -0.8891398118926128
6.030225984277535 -0.12795253845161203
6.134227211639974 -0.3225126666459465
18.95546466950458 2.382751019003156
1.1946249716731068 0.29635663069508433
11.72537756815895 -0.6043643260980576
13.78698547573909 -0.5901710999858573
4.240993442718229 -1.751505904798783
11.838958079266394 -0.9734306966311326
9.164666302514153 -0.001698387793740052
10.228864053455277 -0.9622604055614385
6.035241028522404 0.5043924904794888
9.632576518281374 -0.8673944514809373
5.2974736485650915 -0.5384855448654386
18.577269639884022 -0.6946751870869726
17.735510439093215 -0.1467845262088542
16.62010844056799 2.453743269954134
6.602961629506541 -0.8245910005231043
13.098865573415445 -1.4724647441974275
4.291179149353496 -0.5527035957510901
8.447164317088928 -1.0208984950997733
8.864611187524396 -0.7095379614448323
2.9053627166270077 -0.9739932138951964
17.116566945392936 0.5206111454772983
5.820087631904834 -0.9554777147219863
6.281343970389447 -1.1501866834296275
16.7512997829677 0.12838679016922588
9.222519209782744 -1.5196491124791058
12.336154787757637 -1.040000884201726
18.693837869187863 -0.9482067593876055
16.92318867008262 -0.6816814631412742
16.844869903365737 -0.7464029943398238
12.939385503530074 -0.8253435842740793
11.436211551907224 -2.1677765939871647
14.049727563011528 -0.8752087466797929
19.006090022812163 -1.6835542882100327
13.937129752786698 -0.42166853279189315
3.195187416055056 -0.9673580453268378
19.266133257611756 -0.6572111911258299
18.741061907827188 -2.839976870227551
0.0768354282967927 -0.6411701036376828
10.276121617935186 -1.8815117774786891
0.5320304707734048 -0.6844115439577221
16.305805946896815 -0.3276494569762677
11.932665571057303 -2.2383592585122254
1.2457040574700364 -0.6700722441137871
5.4593966505245834 -0.570000467598741
14.737707399955976 -0.6765436991262114
14.662399167706695 -0.4935689214857746
8.122540922921976 -3.5422755157810766
1.0001269330369384 -0.1656543995762305
18.96340048084608 -0.44505366068926105
12.551040480355788 -1.4047742740094669
0.9743726927831639 -2.109069525232853
8.620760481764954 -0.5142529451897789
16.77065041279981 -0.9775740054908213
7.881461557327757 -1.3491361227403484
6.7132744384934355 -4.808114471821308
3.5390510043582335 -0.33556667343373847
14.696690963101664 -1.1893784824606446
6.345608167640152 -0.19832906493044916
10.522814413476814 0.8047993515029744
7.402800922817914 -0.758189105512117
17.765517512589096 -1.3415269575833817
17.365364696393197 0.28007225252925916
10.08589175414769 -2.432611933916734
6.325506723495132 -1.0540011882838909
18.66440911423415 -0.8086936206169436
8.253122678270767 -1.051462034868125
14.601731416103728 -4.659650789985248
15.636619257183721 -1.4117945390195483
19.64984662283612 -0.8614257106513918
4.8130988237814645 1.067871411186665
8.726297262873269 -3.2855470664545807
8.558184778961095 -1.198865093081442
4.439271673345232 -0.8209611680699402
16.552174747353728 -0.9414232784910908
6.617512566461526 -1.3615921497852528
15.89507413378954 -0.5325225731419956
10.365806096682729 -1.2749348825375713
3.2537202433893944 -0.13114484562592116
8.799556257683319 -1.1848591680929879
17.408065365746282 0.33155284407675667
1.426099045853074 -1.1261471600464044
6.249827179361064 -1.2421997468826873
17.335144932192712 -1.4470121670083793
4.297256710701415 -0.6567363182541835
9.21313485199115 -1.9848229415638126
12.688382835665053 -1.060145569557879
12.319198907177688 -2.2480187707733172
18.240777478209836 -0.7204192293401182
13.042945686918737 -2.0445440785587903
5.401483875313054 -0.9465019950845271
13.752803304366536 -2.9923651230677244
0.9033343584165665 -1.1919511125510127
10.153594821885491 -1.7118721349344848
9.95885008342466 -0.9881494881657656
16.829630238625466 -0.8116708529740866
14.291811437814491 -0.8728364123779029
14.932949269422275 -3.2210456536009837
12.088662600630796 -1.039362688380467
12.755531547041771 -2.473475847121282
8.151733560035654 -1.2315120985402785
18.284391127201815 -2.094620563854855
2.607605164241716 -0.9128775873628279
7.313002723415686 -4.554660004109913
10.309313290062263 -0.38822103060748203
6.275467288456017 -2.5294587732194658
13.876611932625156 -0.9396638612726481
9.163440621678086 -4.234135802600527
19.575199165917365 -4.297277203881383
18.630072209365785 -1.9908246836941654
7.931549203452185 -1.1554036904118576
10.667200229456705 -1.5613989041016572
16.94385502969478 -0.5435496748487825
2.852749460157814 -1.303057199334737
5.274376006346509 3.4220952994724643
8.620828929791681 -4.233586322161143
9.530855013149637 0.2755507751689091
9.707936259213467 -2.397137300010173
13.686624678677463 -0.9120645447362701
16.01939182563236 -4.592739102005515
14.21525653988077 -0.5407151592003936
15.513235323063524 -3.82535669708344
13.720245286948888 -1.4219004567286755
17.365909636861875 -1.5268704326745832
17.223714641957418 -0.9322061657146585
1.8187699555058037 0.01386876972444408
10.424816359527561 -2.8638070744216506
5.692366323009496 -0.6346370795310061
5.911953625437986 -0.7246605719599458
1.8715748945436805 -1.5927759959662615
17.08257570840917 -0.8219768531186439
10.073143878428894 -1.4869616885216592
1.9395095633772532 -1.1194537677811913
15.927271160356495 0.727739658098416
18.467463228052274 -0.7036258692225067
13.177256470716248 -0.196844347700346
17.89732706209562 0.9793612650783169
7.221940933151551 -0.07232583265530403
8.613626837530045 -0.8973692493137396
14.483498663209248 -1.2154728453889265
9.038409123321811 -1.697366100800012
18.226400584880242 -0.92094006267338
16.344133347397573 0.16564954716656252
11.407770314794968 -1.6007213776881788
17.17239686017695 0.5700707080825901
15.72884517433581 -1.467189233621404
8.899968752271057 -0.10875804106738605
14.71341428003769 -1.3658664290002918
7.045128335781446 -0.417520765696795
10.797296016364948 -1.6797857696529777
0.955864771261806 -3.327028542242315
19.936680137960725 0.43643979917538434
5.766808295516046 -1.1413700934702575
9.799519554880348 -0.8265395882926113
11.79440538962999 -1.6532997371022284
14.390616589683365 0.3678018012490062
19.206783530791277 -0.42053920847008697
15.040759498076955 -3.589471338470879
15.58215618407897 -1.6320401187960851
2.049437560956707 -3.791754825860616
15.124078501103268 -1.492849625670308
5.586359760380204 -1.982737567308856
19.662141604876865 -0.33598099978129947
19.57446792859796 -2.628590833482751
15.609809827399774 0.16132661265618792
15.984634580790514 -6.470552983326081
8.298744256740004 -0.09092946845326948
15.90700056006009 -3.3159199737365355
7.947798775330355 -1.8444342041745123
10.04874636082376 -4.44274042065997
3.6365033448057233 -0.24893400615744024
17.59943270040178 -1.0638824484316596
15.248231181266629 0.13701013847789834
3.3255073009688494 -5.041354033260012
12.201719016101231 -2.805243974527084
3.4697274222655774 -3.6444346962645318
4.072755981060648 -1.032692341732696
2.288560440803226 -1.0795733519460453
14.531130496826572 -2.5812669054936634
12.8320909961509 -1.4419026720687846
17.036891266279635 2.6296915930370575
0.9099340191037113 -1.7895480083462223
19.82754438056389 -0.1908300025995643
0.7344920117148699 -1.1248061337399575
12.784413470020828 -0.7146822870081505
16.150959008448286 -1.0495924295474177
10.533081419317023 -1.2640271701499501
17.63890833432252 -0.7039468649617366
2.9371148405086434 -0.7717236269373935
12.807062743427652 -1.2642052515374225
11.129862245604443 -1.5280697639007284
18.169645620055082 -0.8973294442334003
16.799292268145052 -1.233330470844467
11.193188879351819 -2.356417134189613
16.53300065473557 -0.9269945563244049
13.23272448996525 -3.3947175339649953
8.863052222941835 -1.9846030143785103
15.386433362596444 -0.6556023260515589
7.668496560076633 -0.302199020688402
18.390365462774962 -4.163036848673431
4.628584978662212 0.44151552964857566
13.564565823548236 -1.4253938792535177
15.94934311055096 0.9446858942942488
15.610480033100231 -1.4161375410875336
11.210140315576835 0.1541385562149055
18.275239129677452 -0.8423879230979405
18.139286875480437 -0.007933298572349014
14.879001996996358 -0.8702889074776197
11.597072578680347 0.867442580209534
7.122329743040568 -1.6488684265024756
5.22425398982615 -0.13544227638786405
9.047464387201902 -2.7607978335106087
7.918318637841329 0.35346544165121857
16.036934223140303 -4.210968128219124
10.709538134102637 -0.8270074015241297
11.439341718833383 -1.5496392094591733
2.734531429063302 2.198984450211984
15.826071943379045 -2.5081085984330285
1.630485129278665 -0.8586201414723721
11.731429416258212 -3.1815850101922925
0.5907267970059285 -0.8487619544941979
6.158872929887551 -3.7274331005953965
16.600305389925207 -0.51382361620764
6.209885027433763 -3.024525699443612
2.190284232030406 -0.8094229345389811
13.303465686359665 -1.2685559662342605
19.917755886140725 -1.0308843160510008
16.133643491343825 -0.9941538423971504
4.360968373745282 -3.266178553560005
18.371892096490505 -4.188973771745904
4.658412390151437 -4.923882190496264
11.773111966979435 -1.856892714272285
16.05801762249609 -1.0193603495461858
19.623788792711515 -1.9800959676040608
8.640088788483254 2.5832084097875794
17.011123963593167 -1.0327298864688934
15.630132301433727 -1.1281061728739201
17.546480427128984 -1.2340172613837561
7.6537021475747435 -2.993893836578691
4.56615478669521 -1.3852935019593757
13.715734400490197 -1.1803614333234849
0.2286215301277889 -2.5173371115083794
10.94693265159217 -0.896156076154629
15.4382179694521 -2.0427483262648365
9.837366723126479 -1.3918985829803319
0.12498180877975054 -0.4674084762969155
0.5811676324829698 -2.5014557015128376
16.587905938014785 -0.8546879578089019
11.267175258348708 -1.7304200467470028
1.8672742657505927 -1.1426002061140998
14.34506501774451 -1.1757818944761207
18.181752243732948 -0.4222925149729081
15.429314620551938 -2.5333112181696986
12.036286843936082 -0.8162941322091549
4.414491285862046 -0.728018539743254
8.6176593736343 -0.9827102266799594
18.925056524648976 -4.060193630480935
5.401520750783894 -1.4931533690929752
4.907235449781275 -1.2288332158380173
4.980175329625443 -3.0777958325546657
1.4941814462264473 -1.0314145593652573
18.546488462653514 -1.5248261332114905
12.760044947622637 -4.3468477905655485
18.73067609517133 0.4411100507786936
1.7727386217175658 -0.9245137031037328
0.8357161202688252 -1.2558308547918777
0.6461389192183242 -1.4047503868479425
4.729733294890083 -1.9886103816574565
14.317057828106588 -4.277762971658718
7.8176950570994865 -1.112724930724104
7.562595124719199 -1.0100402486738718
17.316953174831674 -4.781452310702708
3.685392790887825 -1.2655589461132206
6.144687653715884 -4.4156709769008895
19.84273488088141 -0.6731375873376328
15.130788704551785 -0.8643010425204252
12.604194889979851 -3.114482232490337
12.294505577631963 -2.043885390916929
1.6399565269598937 -0.16414940489165727
13.342265523015138 -1.7199264612681657
0.2722614325092834 0.5125017879921392
7.580222658711246 -1.474339888873643
17.573781619977062 -4.319707762676543
1.995351759605512 -0.059136008179685055
1.3913804261602332 -2.1881437294609793
17.52227157625294 -0.6494921817645759
5.11164143952045 -1.064632305399536
4.667292164897919 -0.6178496804492644
7.616994767275252 -1.963428900020964
13.418140501192735 -1.1677438888330216
18.666332333021366 -2.258495160201763
17.7987500576303 -1.4352237406888553
15.585307107049053 -5.095849101155813
2.210515844392097 -5.320795936924591
10.866394836735783 -1.2350985391032436
4.5597227605810735 -1.4002353322498653
14.24186149086734 -1.1981056435220399
1.5939168500423422 -0.9486560794436673
8.302362349006492 -1.0434047160476398
9.427355341424796 -1.0550687045156621
0.816725300016077 -0.9468659945856243
3.083533308723476 -3.178975691639904
6.600646557622202 -0.7389968032422214
18.101883719554053 -2.347285580191946
19.63834756555726 -0.22098908062662653
12.628126818104427 -3.534145131714282
6.611837955891983 -1.213745864996006
5.324099172583856 -2.7432119531010084
18.428638669409292 -1.4082682928138357
15.125980993281813 -3.264556647533499
11.546978786773963 -1.039073936537135
8.696186757978934 -1.14775839288804
14.231553309297137 -0.8505667298196573
11.989651461252121 -4.441193064944315
11.874159335818035 -2.529567972380771
2.22771147907946 -2.6225718245065512
10.24160119959747 -1.4611556143448992
5.116515665434847 -1.9496096286161182
1.8738240255889003 -0.6924069539583304
15.946873607136144 -1.4361075153021547
4.910827261289241 -2.9346887706787106
14.16505696579916 -0.8824121343229954
8.74608389652858 -4.247967112148199
10.04989381075089 -1.5057344319482098
17.591162132824135 -1.0635504851095707
15.070860007532001 -0.6741738461951349
7.111480959588733 0.7879425570321402
1.1470136659626613 -0.6902941548899739
1.9825840776868107 -1.371533340261249
2.801179395759448 -1.2694755232050514
8.484196860433261 -6.273241027173884
8.526468588409982 -1.64440015017386
15.22166721166945 -1.7810284642131067
5.284255921367957 -1.2033517517452514
8.468395073950486 -1.345129874388572
1.408929774438749 -1.0391265482956062
19.6030171819106 -0.8370001010360646
8.812096828578907 -2.6286773773535086
14.35080892136369 -2.2702663366045464
3.4514396444993607 -0.9788415376492035
7.267300744790996 -2.3128246855013925
6.543318445746413 -1.8950114701310097
15.178850326459699 -1.6136052940532135
3.260489934235769 -0.9395771340794351
2.1238068089330815 -0.8114336539712189
9.397394915637202 -1.8567812708854226
14.355543998531488 -4.505342257981742
18.802304584550686 -4.794441164646311
2.963384073131498 -0.7013586015495665
18.88031517523839 -0.6634338337172541
12.277984156795121 -2.204168326165012
17.343936917326392 -4.514507432491628
12.261740406593375 -3.699150943772776
2.2515806636772693 -4.429735417439532
8.153566992487553 -3.6320193437187207
18.982926792148774 -0.7961971112277563
18.653435696996787 0.4662065668678914
10.712416079975295 -0.9968624624331157
9.625862458942827 -1.331714275559355
3.1041650932361367 -1.0531542636000573
3.169532910162787 -0.5412438181194363
2.861970935107243 -1.155313699368097
9.000095673338041 -1.095653724729292
15.463817167496146 -3.9896287036708182
2.6339508219044374 -1.4234977081503106
3.809868667034726 -0.8294470478641168
9.918331105266502 -1.7011222779787947
18.46512793577418 -1.9829444553410613
16.464042160813992 -1.1781054347528712
15.511831270332571 -1.191703271747187
10.719883431033162 0.3284418165425322
1.884020710076265 -2.5043939274087057
1.7488593335041576 0.015702424092026348
17.874430751708918 -3.802448337393931
19.31116876249072 -0.15481297189576754
10.696071407095067 -1.4390140699479872
8.083757545801502 -1.0514193458381806
6.731561279294804 -2.190798563896701
16.33051784257578 -1.2327424491324726
18.22603328301718 -2.1107978645889194
2.4356571088898957 -0.7771950964880876
19.69468807425299 -4.412425732587403
1.5812020713055401 -0.7038161327989215
6.847959452399694 -2.1749335765564775
3.294582996804213 -0.6862447035225302
6.8194246662137745 -4.393499336608558
13.078324578411245 -1.2634699490664631
18.042381086749195 -1.5913161476139948
4.715046550599878 -0.7051012822964571
0.7572243319999572 -0.38890176280470135
17.363749697780907 -1.0301394575160288
6.897025127818688 -1.9029433281760686
6.8223272555135415 -1.077026865567182
8.578885576962518 -3.7534602411776206
12.536278035455647 -1.5414381678480462
18.623030487007224 -1.4201894642322024
6.940111937226304 -1.1334286711555701
5.701976115612604 -0.9634983864043415
13.451121855374211 -1.1675797183753782
14.71714698394838 -4.852343477262518
0.40363308455225905 2.703748822566841
19.25480237897322 -0.4660965550362739
11.664652225649318 -1.176420957533955
15.21341513624932 -0.7283926314177451
13.07081780021046 0.40603209982323674
8.569870019520515 -0.735934927968393
5.17346355988237 -0.8743364385977656
9.629988017774515 -0.925159397552443
6.194378313652981 -0.1757637512611651
3.4260459121488887 -0.6544615848360374
8.209179778508048 -1.2820781664520386
17.313789449699147 -0.6971417853029329
6.2240666933090365 -1.1753880179816765
18.830413157434194 -0.9122751759158636
5.2128924833289 -0.8543413839810506
13.881837353088306 -2.9811900878414197
13.744332356226991 -2.184550568842391
13.849545481913328 -3.9358593900139565
4.78346041962156 -0.8947804643802155
10.222765476830054 -1.1612925487827157
5.782003239778024 2.720431322464128
19.489810499757873 -3.626790129249272
11.944924389464147 -0.9666118830386509
10.103369692969832 -2.2234091213457243
7.4617965996780224 0.19729133352341466
0.18149910696458182 -4.028750640540058
0.32888960055418376 -0.29041984290515044
12.029551309420901 -2.638193579797926
12.290412662196067 -1.101378053688431
1.6025533410786714 0.19309244841134865
15.057007798070408 -0.4560178952985889
17.258470974601256 -1.003783401012216
11.86718479440137 -2.2358789212414574
9.061052192997101 -1.9217923362783207
15.171624246138085 -0.861553846977142
8.290997480732033 -1.0412470047014495
10.09288258778199 -1.1172420671282517
0.7633966302643729 -0.9733423279061617
17.153385152271078 -0.9679244296758883
3.8206696898017523 -1.9483576593664036
7.93655343454221 -0.6473799373216858
18.084088494678838 -1.5966928577306723
2.7477387174702534 -1.2466572930080997
4.905934542777987 -1.5073481919972713
1.2929026666918928 -3.8600325571657574
12.903701633650332 -1.456608789137556
14.704709797105787 -1.8585670502566165
16.407832544816564 -1.3374812031817493
4.501385265665689 -0.16713469408066076
14.937548065513663 -1.6226151251369891
15.634718576555645 -1.171847809974701
19.87194526551823 -0.8013173823016925
7.800381383221061 -1.154934291218206
18.329830013688937 -0.7036819456012077
4.136619400127274 -0.8064966864219771
0.12556132128500427 -0.8437342614903742
17.899250160228465 -0.7205632486767353
16.4150172705031 -0.534254311821819
5.218528986715774 -0.50193709288645
15.452716933417467 -1.7853456591577461
6.747855030668144 -0.9359737661744667
14.964019492100347 -0.4634704740212547
5.489704695166747 -0.18755389799371552
8.764927999257319 -1.0139006995572286
11.723416319210354 -0.7691553423297562
10.394578411474125 -2.8839592621014005
16.254139668686424 -0.28209891633049156
1.1277153701271767 -1.07795839223276
19.915996237355703 -0.6799382778597036
11.2437280386203 -0.9402867737129204
19.09543572832003 -0.3995255831545339
13.331499209764337 -3.3883821198149655
14.447382585765519 -0.4947507278828743
6.2698517578754265 -1.247207278113873
13.87681561642445 -4.846637352075055
15.971246313147502 -0.8349416698771148
11.00632350623863 -3.1255692147363945
11.943521273771617 -0.7366526820974103
2.5986052738968297 -1.1334133223532397
6.56395980711449 -4.3220302455367605
3.9144295067180757 -1.040341078008912
12.096035118598262 -5.468156020299884
10.066763658709176 -2.640608374957275
15.01483842675462 -3.289134408824532
5.404377529133822 -2.3075877410547743
11.744215977453454 -3.7122599241647314
4.5528342630266945 -1.9117149935196944
5.33313037085958 -0.8396157353810013
4.7257217631803705 -1.3399905076291605
17.741412879174344 -4.060107065844461
9.7077460826342 -1.079826662950704
3.7573861590367055 -1.2622876867018809
5.397592822102058 -1.0700164538194088
5.208343779887899 -3.8707281861340292
8.397881157848325 -0.9660962733426561
4.134979223770621 -1.2023473339538024
9.384303127780129 -0.8831110536274638
4.753094141641593 -0.2399344153879796
18.60941868660201 -0.9231785426773954
15.53570191687474 -2.9314495205177047
0.7198763747491584 -0.5351481517447811
7.174408406991386 -2.552762236174288
17.90728838327276 -0.9445051183526696
6.547407922200834 -2.0748906497056265
15.434238683544322 2.5526340846240294
4.305644275517284 -3.7214932849687834
13.805745878025217 -0.09158181425578585
12.788125517515384 -1.6514310954878335
11.753961886584928 -0.87949033315007
18.655308619880742 -4.315860371535503
16.42135890495095 -0.9142828501831985
3.8568693854237903 -2.585547719676117
18.485820855352024 -0.6165808338897067
3.4417135248916058 -1.0043920975605882
1.5276759038418444 -0.8146496970722064
10.40722585674288 -0.11360863119749562
6.3399998116163925 2.6536204648870845
19.66536957731146 -1.2193956088342324
17.441383900273035 1.7506166459713381
9.213585340275511 -1.2843072332625844
10.971508117849458 0.7959424201751586
3.2419112105158376 -1.0267237346835243
15.685017803539097 0.2991804394420836
9.016993639813665 -1.0243788392058184
19.89214013672191 0.5734265093124123
15.51369371141022 -3.3466034390593395
9.71733949227723 -0.1560032141664876
15.699137143021025 -3.9177582047197004
0.12950808025719202 -0.833968764609122
7.241768241224762 -2.0199464852141795
12.085218184846749 0.0061847321644933635
18.63791288346651 -0.5226488991091996
19.936396991161818 0.18213585447271088
10.189009451052632 -3.3916824063765296
3.745375955547793 -0.3540479061306476
2.756575868825788 -4.791177810346504
0.5902998660610527 2.158041457771434
4.310356055602299 -2.9534299149304166
12.690709331714354 -1.3194496291969144
12.990863884097475 -1.4586453051604649
6.598176666734301 -0.9139379752473689
4.103557399763917 -0.3783032483184417
10.962187309651828 -1.071830875655496
15.10297971436698 -1.017673127559199
11.082195443624649 -0.051085155304533315
13.479348180322589 -1.2498092593426018
10.721922993193132 0.00643960815371127
15.763078320087988 -4.924631693318089
2.562667817459749 -1.178864956053654
18.648772927807244 -2.7822777376547365
13.604555267332225 -1.153154123153029
19.151101879567264 -0.5542956131958199
11.888371531331856 -1.1007080317974804
14.504422392646775 -0.9085842587099436
9.026977401456378 -0.9905688157778338
10.096892032630496 -0.7830540926515642
0.7489181959433656 -0.9478001893219689
11.29164596177907 -0.9319492627751867
10.457016978634924 -2.8512672575973155
9.389608726256297 -1.1404550473492843
2.699386404334407 -0.5933931956092902
5.09417878892324 0.21847917536140693
1.2695605790589304 -0.5606231171620873
5.854856884335836 -1.000278295460975
11.372515957505154 -1.1487448481857059
3.3343516874292893 -1.1015859424095549
9.221649872172774 1.429538599225794
4.003829749512963 -0.4174236831351213
0.8955245411296233 -1.988796775925519
3.2730508357182355 -0.851703344200471
1.108167149345922 2.123152011686008
18.127441217892738 0.28732572897956
4.0651108554046145 0.8345139998293585
14.97661627903011 -1.0981383427142497
0.9022989005962413 1.541957147440259
4.4999551242665 -1.5907276419839875
0.9746011327985669 1.6448416570160294
12.255302775937862 -1.1085568108229136
11.431631260218298 -1.949410281984468
4.690560010579294 -1.177726389611285
17.543730793995916 0.03994526380130756
2.73563760562486 -0.8748548617872169
4.6051311922135 -0.465815296694943
11.989338071897382 -1.059201287921483
6.074946962107568 -0.6636144421397707
12.814024243716759 -1.7588399158270305
13.928950915724876 -1.1496396808644584
7.549990506589825 -0.6431730506003231
12.739888686495032 -1.612289521307946
13.646022221595013 -1.690805786301165
6.571361873524006 0.6691326730223011
0.7023185728264107 -0.061854939790193866
19.075976998887647 1.2045347197648122
12.06974297937841 -1.6754629883948793
0.1732641948247638 0.47641302684258136
18.697623675558763 -0.942384296106138
5.9157877554629845 -0.6689204584468526
6.373580502071097 -0.431397258175842
5.706668230251319 -0.9316344938363442
12.517260784297031 -1.242740780466607
19.660610189461597 0.4894129027746468
10.142772358275987 -1.2201182759678881
11.129442354695044 2.7225438855004795
14.5146209651045 -0.8667606450843908
8.69999905876633 3.0770644632685853
19.496972583259005 -4.801566828625264
18.539021294687863 -0.348581240116334
2.091014163622905 -0.9189628230360152
4.076690432057852 0.9740959847231253
3.6393452089679297 -0.5420370884330942
7.109208319327921 -0.510032677098011
13.009700449881308 -1.1120694869389374
18.75630717724494 -0.30159046161714886
19.174651568919387 -2.291859161626354
14.109686157070662 0.1193006929214685
12.438596541967803 -3.361317206248318
18.55519489798497 0.27097514067462863
11.97764558016401 1.0964463508888298
7.384181002735757 -1.0414261771230364
15.885666839267651 -1.0394965999186676
1.8643258301547516 -1.8716004042463386
6.372759066327611 -1.285639171821109
15.388798498720584 0.05578951321465915
11.015882808185825 -1.110214672887958
16.52159288581986 -0.09515526152255455
13.478140907876359 -1.246192796698561
7.096389057351039 0.294266842830805
14.042345961216471 -1.0051604852392786
8.42632136305884 0.9079194817682958
10.23538168180937 -1.5585854699040111
3.3609474236304733 3.1953349056872007
12.683012187538093 -1.2131131759190266
10.999352682276449 -1.29538461293335
15.525718306951214 -2.5180915774892716
17.720937713364965 -0.6354926327733496
14.777212617817161 -1.2738715995510381
17.884590317967515 -0.3554697223220251
8.03064099671071 -1.0278641569142752
12.407160179152191 -1.486137379408181
14.947229605681585 -2.240432257916067
0.9667810569353588 -0.7087526793667136
17.47007997360076 -0.6821397510497983
15.268757910394678 -0.40324637312315104
7.705100478007716 -4.267900901526578
17.462428936239164 -0.6084708233777502
9.024629325590116 -1.3327725887819917
10.989238249012798 -0.5523804489829657
3.869133323146143 -0.6635105079483109
4.881184876592204 -1.39050019621666
18.578684735638728 -0.9536206642396613
4.936651925469986 -0.5138050900078499
8.721492814693223 -0.04181367584382664
15.560543566302748 2.7527300556302072
7.164341712543023 -1.4343228165763733
1.4067462814690048 -0.8227659761970505
17.968700663315914 -0.41309533303613877
15.366732342891606 2.0725306185647168
8.657403869836294 -1.2518698433704505
16.989093308833223 0.35332064381121886
15.601694836880277 -2.562458767090621
19.06570877230277 0.08942931413761795
13.797300611725646 -1.4417885001606119
6.967200994412593 -0.9719781618865702
4.184963654851685 -1.1703247353985928
14.183296999261373 2.6994144985974735
1.8824909291657466 0.15881670244680496
3.9676108095271214 1.3765613488853483
1.0074095523458568 -0.12282074053195079
13.327161899290887 -1.2198876928943188
2.6054270013115666 -0.5196406564863784
14.21932746981676 -0.3923279352293547
19.902060948957043 0.35868279273573256
17.632070133144627 2.6759868581051967
7.3529801421235 -0.5765507780199064
17.00170411896864 -0.5409934060681728
12.259110863304036 -1.0649651683599597
10.328562864284526 1.5723114600994836
14.972268324864064 0.12277850456064494
13.14936629373534 -0.9511522952204474
5.389648502861169 -0.7824883690490291
17.283088261597296 -0.839239089211411
15.502086665496849 -1.2574373938932046
15.130377367496346 -0.8018054660528771
18.48717517427589 -0.9436004967706882
8.346225894801805 -0.9846255344662589
6.9321826222152865 -1.1123944166406154
14.103801944507273 0.2632519543505331
2.84507076318888 -3.9885089308291515
6.297603007582065 -0.4613775536957707
4.875799863066775 -1.1938294081265903
13.956917555142939 -1.3431747814862698
12.590941487728738 -3.0491143362419346
0.05208070701058738 -0.7512420724257399
16.603424897985285 -0.6602919104001383
6.025617424166883 -1.6063921013149383
4.114055676170837 -3.679281238409057
11.591835410194562 -0.9705573000909611
3.6734023074877356 -0.5998797952894898
0.72015545807414 -0.6447687422627623
18.805218890647758 -1.6904604232354186
8.462146677283393 -0.6246439576442433
16.704406312294793 -4.348634683734767
9.886309777808782 0.6211387408633555
0.829708908319559 -6.814972463505994
14.44952664317739 -0.9766459025097082
7.9012304966456215 -1.8677652205825788
17.970252317304364 0.3228408970136495
14.412037029202244 -1.299550521989578
4.500660209308164 -0.8447433191181928
0.06522212780321274 -0.7191273614324797
5.832943105122573 -1.580174190110118
10.062336349086 -2.1116754120308987
0.6452905524674049 -2.586911280756803
8.241278077382495 -1.7888078912387606
18.627013206454766 -2.818750407497613
16.943251138274174 -0.7795423665634004
0.23987005026482933 -1.0736394587371505
2.010564688903186 -0.9677231581146367
19.9471799292768 -0.4670689382711689
18.20060170814899 -0.7386073702955556
16.280481401032176 -0.6968065960708051
9.292119515402662 -1.0956104210941155
13.19879791939282 -0.9657387742240785
10.405850724166466 -1.5369256882855487
9.456737127411275 -1.385007033357825
15.73115478018787 -1.0545952256895736
8.135946101929578 -1.2587855868843039
9.390235231610676 -0.785702841421565
1.3114553455511293 -4.40480375298503
14.869493215792728 -0.7897158024281945
2.1229378427237586 -2.2929024480294213
17.912618202518637 -0.546464498718156
2.003933375409829 -1.2042222788202706
11.003304698687863 -4.3955801771250735
15.134318066661928 -1.350106027801059
17.391063488587385 -0.9901146072004877
14.865754033111068 0.7531674451348382
4.865135779798962 -1.1548852734306276
8.003235705470383 -1.9114883364280308
18.577389168526384 -0.9234931892531194
7.118173111404983 -0.7868528045069938
3.4374058656299185 -0.7543980240009519
10.010672515433901 -1.5158734459484389
15.61064882717859 -1.733136273281262
5.83402597991971 -1.572915633444225
3.126135940863406 1.121121368420675
5.724943992429741 -0.698279348877885
11.536578103243336 -1.0747192854689798
10.80587859326687 0.11023198216277516
17.2565522399515 -0.7009957505152078
0.6374034950361854 0.11917990823628719
8.83512296513682 -1.0089794890740842
14.040278624732537 -0.8239020727410367
19.32004374831918 -0.4083194184453515
15.368327723436071 -1.0897864997918796
10.258480528278067 -1.3650099822475807
4.349990893002825 -0.35518335352745123
12.887426415127473 -1.4531887563265422
5.566912167367376 -0.9056705012320371
6.308106340815342 -0.566703889141463
18.517202084552093 0.4997745989837878
9.185612244063678 -1.417564476563069
9.24725838911204 -1.0745640078642347
13.058134200551137 -1.3558467107327603
10.032915568839227 -1.573651181466259
16.070788077900815 -1.0283935130484587
1.1850241358167661 -0.6712745363405876
4.3515500120441954 1.115298279551132
19.39854014770288 -0.5729496959089467
11.42074746555034 -0.7261727068244933
9.23768196488356 1.4549775878928843
12.58787976453189 -1.4668848145890234
5.647247918254197 -0.8158896112933365
16.59818102794158 -1.224587224770948
18.62240365634302 -0.44164253007918275
13.183004337130992 -1.5897053386519722
12.50918075405772 0.26384315598405084
16.90991348983455 -4.407657503492824
13.333059000955384 0.13819582319345838
1.9045940404160238 -1.554552361592988
6.605999914543192 -0.18096818969006656
1.0934973704951476 -4.0142753978852115
14.354502438363186 -0.9137927864678675
12.010930489540597 -1.0156679944200655
12.063637239121263 2.565836403537277
2.3863010812704823 -0.011551382262236877
4.248060720742943 0.9566543211225272
17.718699649000552 -2.2604162814826316
10.329567812137817 0.25606581625390046
19.17130368211486 -0.4529841203854562
15.998545789606483 -1.0299544334066415
5.560677212704754 -1.4862273855381787
10.545468878836319 -0.5892512498366845
6.6351307278880345 -0.8927793436059074
15.997252438831474 -1.0130836032590333
9.373755130086119 -3.7659374633010247
12.682907637176827 -0.28804135373735135
13.175353683025088 -1.945679712839972
7.949502824141431 -0.7104784387666608
7.556844503059296 -0.8308501497722097
19.87342619681182 -0.5135719714809187
5.136301314623744 -0.9277317383876776
15.560793888079582 1.9071457368279514
0.10222643610581834 -0.8605124408310292
7.710552335809374 -0.7575763309053918
9.804682394107742 -1.6327073798697938
1.9645795266097514 1.074607985482916
1.1997546871148066 -1.1100803630163933
2.327579148080188 -0.24712712225635736
7.302855256815267 -1.2214487632703683
3.234230916600985 -0.5735533451552033
4.779819158399746 0.5160177783245041
10.974904729989031 -2.3888031651100836
16.74951346073464 0.08185103814423177
3.967885875109454 2.7650622712981145
9.350061088596489 -1.2037070646259698
17.108169952880015 -1.096139292592736
17.884057019573984 0.864809341006896
13.630073060805062 -1.0215826102563674
17.77411455066624 0.8587466763259062
19.832401019800713 -1.053704283360888
6.378784598476958 -0.8482273033231815
17.75769062690268 -0.8468184064980963
19.036316353286814 -0.4687429263424628
5.511795419898158 0.8630185229206584
2.711816796774688 -4.805038402885334
6.5402461525377795 -0.7663572634786822
0.9945456510285396 -0.47769611593353545
10.180823834315932 -0.8420192075185563
16.90936328653405 0.08618790919246949
13.874324955340235 1.5344369115302394
17.98360676234883 1.8602284159595772
11.444125171209688 2.1527014122256083
13.482934171885308 -4.23362321348729
5.6476029867173985 -0.5079032087263239
13.211890407033168 -1.4056609473743291
15.20268295375993 -0.47880471808298575
3.8257390622712846 -0.49943772673936726
14.156176468538016 -1.3893289373967135
6.578291689885151 -0.9689210090455493
19.902532285550038 -0.7757134906775757
2.6280257018183657 -0.8265285868665933
19.233547624704908 -0.5246977949637835
18.683856245203458 -0.5656746329131214
7.229954265477176 -2.421239498666578
2.911800285322533 -1.2723514586269693
5.019783557639806 3.222142252933469
18.399600063403806 -0.07313989051377531
1.8238919671218154 -0.815339349410449
2.2982997847502884 -0.8369856159931391
7.872159487197755 0.563350274032718
11.355806949690464 -0.3791987831362148
18.75190924817867 1.6511234777465373
1.9166199848704846 -0.8003850728935508
14.720598115738126 1.1122713000614175
8.201264350467545 0.6580241289351956
2.8277792464986025 -0.6841403213554904
13.74181353062337 -0.2612626023243105
1.4126354150148408 -0.8517896351628856
1.1039791663907308 -0.5758883341962069
3.7505465406180205 -0.2913454964008547
6.553015508247497 -1.1065474582741577
12.313462669042687 0.047750359941786634
3.1886882905750635 -0.9515024487408604
3.6614383574360274 0.017079950828977564
19.202804531254678 -2.325899086470051
15.044083122705239 -1.3251254681423414
15.77510245852026 -0.6803509759778232
6.682586140342534 -0.7213764350296125
4.497308872493459 3.1266579869464426
7.762707623614494 -0.3244632518121813
1.3858074027652993 -0.8390865558013861
12.795518240184817 0.3173105970685667
8.35283615242642 -1.0049915514042491
3.319908284296813 -0.6281976862801183
6.167825291557447 -1.4516625065666446
3.862660843608785 -0.8758934053525907
9.30025582275192 -1.223292095094962
4.060357863941297 -4.234270385700407
0.15893694263072408 -0.494959483546511
6.2936919850945 -1.0205963867776302
14.002920281564503 1.8421075957995963
18.71494200387074 0.8998314237000072
1.8982854600461554 -4.508140472753203
18.350674110645535 -0.45363539772296024
1.9142598029460292 -0.703486505470358
2.827610136405732 0.9323899097026687
8.255286896877438 -1.0510774048678686
3.248615534782171 0.34194110866730465
3.899804809416587 0.3404947873981092
6.1936797329701125 -1.4744350376251545
12.317146168975318 -1.7514681941243972
2.990501061734933 -0.29550869270122365
1.3042133312285378 -0.42045625512266016
8.650124175920594 -0.2423911472841124
18.910425684911587 -0.6337749361332017
15.8755047499009 -0.9956405670303503
18.51782360398412 0.6075926562987659
10.511257342720667 1.282912083831264
10.542495879073918 -0.8789801907708834
15.144016799771016 -0.7383161841337134
16.162167631338388 -1.1851104120212819
0.3870875662914803 0.01143981358398883
2.8908392181377685 -7.125387113016336
12.399720316205721 -0.25285488482439133
3.5428587360214623 -2.3388169531282643
1.7768026038527882 -1.7973276227721373
15.333867228890524 -1.0739708816844367
4.975917696411833 -0.4742876568854138
16.819533958423346 0.7232774188130281
13.967728849479963 -1.513145865806377
0.693745897817685 -0.7758862604105399
17.66020109453722 -0.4724161577474659
11.380106973147589 1.6100910327974471
18.84819184933803 -2.65793873169222
15.716404196057617 0.47607012690933836
16.83293455634949 -0.7684340416690327
10.95415393612175 -0.9066775333723532
19.710136268061557 -2.0754491408148352
9.04848713501367 -1.7040665156307888
11.227813962230908 -3.100249201127331
9.02211173611786 -0.884463876139922
19.50973155046639 0.596591869641548
14.090066703157426 -1.6030541155524516
6.6286293063727015 -4.004418464045778
1.5003166861643058 -1.0919773829498756
6.800440709598827 1.241151672163925
18.038826920458426 -0.29342841799145813
14.760072903061998 -1.8021677252723072
2.305069352621688 -1.219139347506494
4.558170203218917 -1.8462640316646617
1.1023237153398802 -1.2288632464637204
3.112777100229507 -1.357068102119498
12.926460352731022 -1.3758093885048879
13.879049217561393 -1.909131552018579
9.670946620675979 -1.043126807445256
15.929195775562643 -1.2090560891078281
4.280770789670314 -0.540906330804235
17.269625646599646 -2.2130230025118474
13.224494975021837 -4.041998981896102
2.1480043011043533 -3.825612864568371
5.092699216940946 -0.1012371558763466
0.5608473710991294 -0.5699464213604454
9.527088744816227 2.203730999882312
7.113418567928696 -2.0685995175946803
15.814104901871655 -0.6705486169467989
14.566462653829968 -2.8097593857024954
6.816510694902793 -1.935656454117125
7.359058723386947 -1.086310243544696
11.93551483927548 -1.0603025159256774
10.010490889488477 -3.6436182100688326
3.3126260334656776 -0.6618471858845377
15.54843243383816 2.0944581515192806
11.389683262965628 -4.456171365764073
10.381265706044319 -3.297471797103431
5.09634858230327 -2.1036086899912374
10.864622858162335 -2.180750029868881
10.55923794903446 -1.7147197704671968
8.644683867982105 -2.0767800540108454
10.559461183856108 -0.973834112069373
2.745007750049838 0.7645510779339815
4.134483905567829 0.11661865604768552
6.26924483184575 -1.0312098568213937
13.623154167957052 -1.2124506951840335
3.750638527567316 -0.6380211728113614
10.1798865180162 3.0570657307985605
12.905181403258323 -1.3006424310394828
15.147797989836794 -1.4949611040475066
13.991287033325598 -1.0669614852210743
9.749698596390564 -2.7925497599016307
4.857802046901321 -1.150617453825176
15.50295166939895 -0.8758169725032603
12.523106226557273 -1.083783904273967
12.889826592558634 -0.6900927146714197
15.567703676759281 -0.5204835110935243
4.190607187350139 -0.8819333672214416
3.7631558798463427 -0.5591695806229913
9.589417540600333 -0.9121922626704771
9.429048600631935 -3.757200921769722
9.653284024520477 -1.3347046720085736
13.727308675889141 -1.7914387692282758
10.512261339201274 -1.0866242111827402
1.6909248900264786 -1.1226261138679066
7.427453531271328 -1.1728324003585642
6.714537713075633 -0.6697733021811024
7.757609268728716 -1.0270528418212446
1.2699199890987245 0.020023585713382745
0.2007681014794896 -0.840342601249463
2.2397250616054203 0.4285202661798015
12.531985028715003 -2.1363960890931515
2.2166091530737444 -0.9974770033632631
17.701669255206493 -4.873887837438963
6.247179820804627 -1.4009486582570256
15.161040950547758 -1.1990096902280127
4.681467360574501 -1.3578499028034992
15.277062495794592 -1.6912932181447728
9.03049009796845 -2.003734590680218
1.5543464669290945 -1.0924084808119339
2.85706659829429 1.601647598611084
9.23516075455768 -1.1818437656940897
17.195569097032003 -0.012365181673792698
7.8034717090924595 -1.1677634674074389
19.184611516832174 -0.16554127419349257
16.807020707899333 -4.9893293228060696
3.885399852834544 2.0356167058283168
18.15496310726814 -0.5291875027615791
6.937342530332008 -0.9070223436544946
5.346358074432912 0.5470394163842534
6.273499790836672 0.7629261726658245
19.007884530673557 0.1808212940866932
10.00537568769718 0.8616128331746151
17.421484898832034 -1.0705861401667536
15.17675564962631 1.5324940529823359
11.213838637584974 0.502265890429348
11.403596393050675 -0.6301202677735193
10.821469160081065 -0.3083126739028139
12.45999343754545 -0.1937035595354355
12.985802845842642 -1.616028728188144
8.564468919161532 1.3389456592114712
18.942318718657724 -0.8383865488981136
19.382927062814034 -1.217628194943231
1.1203161663059764 0.767621638702407
3.936932945077484 -0.6397761160258589
1.3868213725890277 -1.0502088112660366
11.691590903329608 2.3545703867811105
7.97777812650954 -7.146794072401941
2.3150451168254396 -1.1244209033514085
3.9982886466299057 -3.906600076471345
10.396118800292955 -0.7097356415325557
3.2225625110306795 -0.6909212596426269
0.11114336979194964 -0.6833035801128988
5.1982275677945 -1.687158218514763
12.912780851350112 0.26831473345893214
16.718860392287702 1.345041839587951
12.279091005124652 0.2710234572522982
0.9901739628014621 -1.1875343642668799
17.054558436007557 -0.7319359456889568
12.487789598464918 0.6147030680968671
6.392612487599798 1.1831288446019037
11.766453277360037 -0.77556079108185
11.074920849471056 2.0027631044623013
17.13835281544273 0.46649566519089053
3.2602683173752602 -0.6007645496742204
16.09370088052861 -2.749822973248365
12.831162064253602 2.8564846535567887
1.4578630957022514 -0.5770950714499715
3.2856422374094914 -0.2618618302347113
9.915083052469065 -2.1300033750199847
5.639797313537161 1.6062447536065123
18.303135491525225 -0.40539618397698907
8.301311593732713 -0.7496965447457933
12.011451331187757 -0.8864020632424726
4.768159782906405 1.8089782072308938
1.1445135824326442 -0.27838988200284875
18.185962003243006 -4.305573296203856
19.20547954214346 0.602303480756587
10.615213838477425 -0.7296469035788214
6.3652097091012 -0.18253821605356996
10.275034375229746 1.8069271946455125
7.9009421106887725 -0.984537370549111
19.147099491401647 0.04706409013181502
1.851925310947352 0.8678440930678795
11.14392890814179 1.8569235420176402
3.807944222288001 -0.8520482517012206
19.795901830364503 0.1354958267968847
16.348337399946615 -0.2883907285538293
8.044623364992562 -0.6100465330728342
5.627193523403182 -2.083906797905832
1.126558034694387 -0.7213933053416444
11.852170374144622 1.4206913640962866
10.543509097165774 1.4860342387345944
2.147496669457835 0.8533254854092798
8.74134578480986 2.651325877395944
10.503378950688157 -1.1668384775000546
18.39834913574481 -0.4148445425370946
0.3696559106578425 -0.3859549953235687
11.081914297937544 -1.1311307090647453
16.105002625042893 -0.7927457393090609
8.417981839915853 -0.5368041794563821
5.201597129859966 -1.306047327798985
10.824359281105936 2.6975960305130053
4.358984452441493 -0.7713910514886352
19.28497306125999 -0.7664021533058221
18.072578313187744 -2.0908781012773936
5.847345967078978 1.4969465931280344
1.7194443523081462 -0.43119215458197707
14.374328574678126 -0.5905521439632313
10.6986848941704 0.3104220224994421
5.099680292995684 -1.1598328662650226
19.259518196687875 -0.5393089838201571
16.739779090920216 -0.5866097592010523
11.313473712299848 -1.0719457747232919
2.750104266757818 -0.9109364747389902
15.67920630151242 -1.4029455841244747
19.09146831000034 -0.41174498416621175
19.603431742224753 -0.5553298574382673
16.13752318097894 -0.6844098927687045
11.079474410232887 2.3063043886204277
10.541990139876043 -1.0291215459977259
19.724502474414393 -0.07068387830321202
17.940909658024296 -0.7686473026053688
11.432724716363373 1.2542533216053209
8.604789020156494 -0.4836934034005579
16.083280311166455 -0.44828191474456963
3.3143443242007713 -2.7568438652196403
14.484044506855275 -1.6899467132278396
1.9435767254271845 -0.8516732902990647
0.19044143037562322 -0.8442291659129271
15.995103258123958 -0.8262541839418096
16.91922665068857 -0.9125814445248043
10.632874119337382 -0.8432135734756275
8.22725614289068 -2.388525742792173
3.0711971847814485 -2.6704485733739274
9.320078373564272 -0.9369576010321607
5.440960087312188 -3.4710888454138233
0.542208542678688 -3.5855534287072524
9.964922147653047 1.8004753321261577
14.510283688196266 -0.9919826049439369
0.49276241251686825 -0.12095721584423379
14.150225695125538 -3.7620098927121832
11.059466755623522 -0.626948640542237
19.477168443585267 -0.770873725781763
9.836183389828438 -1.482116330467229
19.97692461201744 -0.9031485741090755
9.272875034441125 -1.268496174286735
0.6765727475340239 -1.0014969091665826
13.095849574083868 -0.9015038620045692
4.125118486773431 -1.0375093419868233
8.684448263078568 2.5022282095156902
1.0259680897700352 -1.4055280961120922
15.490316692373254 -2.4663126468932726
8.997500997988055 -2.722706317348173
7.377787716517948 -1.2079318550382503
0.27097231180604364 -0.709335124284998
1.3358463635041355 -0.2949648605629736
7.928850663363053 -0.9770953638355274
0.5389259470102374 -1.1095304726856663
11.494541403318086 -0.8821511510836908
16.483290469676604 -0.3233658366023071
