18.339397705279048 -0.6505706509831379
13.93946651598073 -2.470482512685249
2.2788946969156645 -2.4562384800638566
0.7882386735642094 -0.9165459236077564
3.832152487440388 -2.6536683756346418
0.8655258390533229 -0.9126359033745406
5.958932236457853 -0.9140120508448198
11.74704949453737 -2.0789191788621295
16.371239065755194 -0.362221218437012
9.258679621606268 0.5222764150463758
6.408589210637995 -0.05802451091489881
11.163515299159403 -2.68967051844826
9.416844488111478 0.8626949212227245
17.858856681919367 -0.14110164456868943
17.560051380926883 -0.7178071450666283
14.166389677162657 -1.8881450645846718
0.673467116556567 -4.524071965871559
4.254900908366249 -0.4876919936348098
19.266666100910843 -2.9640450989819507
11.082325210528277 -1.1575219921515592
0.03286038113319023 2.6316691639707166
15.121635436661348 -3.3759622590811444
9.208241969015807 -0.8048771613522366
16.59891575680626 -0.12658556460432147
3.0412621828243216 3.3098718368614164
17.54568994832473 -3.736542654970317
11.557181884650685 -0.5772370391654291
4.843741140321528 -1.3182972900298022
10.10281399263283 0.388268568234136
10.63395592301138 -1.258224903338915
7.847397224506702 -0.8683997870274365
16.448090019561175 -2.5116013075456163
10.844433980430477 -1.0961727583750807
14.080504706781376 -0.7510999007909026
9.588588135158087 -1.280305289292125
16.575471447743315 -0.8812430111600631
4.4115032822187645 3.158398900049402
2.561262838348621 -4.504158288423736
15.196386998583018 1.1434770512927952
13.087718980742482 -1.2591007908180045
2.6945899443468457 0.1578977310358591
17.532150574106428 -0.8783529517309826
9.337351087265871 -0.9854535467768886
16.09575186423795 -1.1428874571079355
8.73217178587922 -0.7326594226058539
3.6637384203860113 -1.6577557616863106
5.762619852195928 -1.3844440159096378
10.06732648304966 -1.145974404634539
12.337462662261105 -0.8078078914295108
16.3609258789084 -1.2234450494177211
18.352730629918636 -1.111096611970532
13.426210130879838 -1.3089874310444165
16.432567490803457 -0.692751306189722
6.546923357367493 -0.8112445556667048
6.541973210464057 -0.8987457035430215
10.054089445118622 -1.5723973789111185
6.485939448880536 1.3408987146823679
17.386245623899246 -1.129035203666869
9.649791207354054 -0.8387105303322608
6.427708688697044 -4.040398891257778
4.659491544830567 -0.9055092653742882
18.522918615772962 -4.843783916905687
17.104342874271758 -1.0570752193753985
14.833868237785977 -0.5301725875207145
0.3681315180548211 -0.027927469296150302
1.9250324293047472 -1.870693828839803
18.183053773575125 -0.8684649273817
11.359428635900457 0.30555268657182866
7.465034912207492 0.4922554695302511
7.063533485882154 -2.7917933829978594
13.911548811135743 -1.4669265888337382
3.04489170327274 -4.60073594275522
14.993379856191966 0.023051990412018396
14.022450011388724 -1.0768104101548281
0.4092849479381646 -1.0180140722522302
4.479614855585774 -1.0521286051529908
10.141411992305965 0.7522494901883439
19.929155956147586 -0.807090249571608
6.125336690463875 -0.4911773301558512
1.3585260672500188 -0.9563978766092014
5.360552207905007 0.3670829142597408
1.2890500734558437 -0.9993257628867754
13.060516307106138 1.3749704317039728
6.206026996705337 -1.1697659258622464
12.1803337145549 -0.7436314176205401
17.346983160064415 -0.7271993179516731
5.950949681961515 -0.6515258593616617
12.693423248831998 -4.066680191151085
3.1766972806498623 -0.08073539826605869
7.200479956753081 -2.950018505121341
18.766434157429707 -0.4019642701809332
4.5333705826787485 -0.9977509900878383
18.445571675581732 0.9180289137469806
11.789388666124328 -0.6118808275466784
5.685575821170315 -0.858206482491019
11.6984699980221 -1.3651277094298857
14.093429408451735 1.228776879686153
0.9673459450865136 -2.5757798925007345
5.387942849608406 1.0411118109824664
7.731931936889981 -2.566857142463459
3.053741312167443 0.4059827766615344
17.277880223874785 -0.682934280096779
14.33375808591331 -0.8380375515133037
8.721372478692778 -1.0804538366035497
5.489031298573395 -0.5839742366009655
9.741219611119238 2.718048427867649
18.30368800173558 -0.3090323718781263
17.84089813025989 -1.0886374678454667
15.531985784750026 -4.4937769331317075
2.3089345349621078 -1.1935822815049413
7.858122778558214 -1.0403275830162593
4.9242434133546205 -2.6551865745708314
11.173674585151655 -0.5700014374348424
0.3442586543668563 0.9721762323295644
5.66350966552791 0.3754538279217816
2.882380529048634 -2.1527317061754148
7.997150703114914 -1.2746991110050674
2.0661668583189754 -0.08087561366638119
8.916001656218755 -0.8744472798448373
8.028801615343433 -0.6773106264971255
2.7897539266504285 -0.7768783925871077
13.046843329632967 -0.31905715680728003
9.554199524224451 -1.2531409606948705
3.195765719863415 -3.3988490829607816
1.2464815580506103 -0.5364399942856948
4.313982323705819 -0.8456176954306773
15.012654443821265 -0.6321618978501449
8.637329237653347 -0.7500462720734754
4.9114188545544915 -2.0347056468993823
9.989094987728368 -1.5773713438935686
12.792672120834247 -1.7820244389028694
7.559744212426844 -1.1616138175804924
10.108622944583878 -1.5276630199843992
17.168794591110892 -0.9766077618980036
11.836317160083372 -1.3455528050627625
7.330604979637614 -1.1716526440848654
11.416249889232608 0.9043326379704545
13.452086870963424 -0.2579875638059309
16.914283720926544 -2.2936269367180184
6.295258834438567 -0.8663548121608415
10.746917408959819 -0.9970417745090396
4.877299352348439 -1.0838189249517372
2.5756085006457954 -3.475737157432908
17.52353439701569 -2.045466503232913
18.95129790896452 -3.3089064431362725
12.361085498416239 -1.0713618303814723
11.280803304673311 -1.0529244277546213
10.340558892367516 -1.3874787705617702
2.621849125856187 -3.294686775784055
19.475728486631603 -1.1299018424636245
7.090724107680816 -0.4072696534955613
17.15552753167404 -2.462931614958101
9.411476000914263 1.643169908668091
4.723194834187786 -1.1785231553051951
3.104872070875851 -0.8834274144033509
16.33673474035627 1.8344229362894526
18.99956884180753 -0.6116079798438563
17.942121321505457 -0.9674342093977575
2.3062783774820677 -4.692144221658542
7.629149416101875 -1.2600540948991266
2.8979758790785555 -0.041008910550099316
1.954069636605087 -2.4162039507353232
9.688101907262924 -2.7999534081854804
19.337837881592563 -0.5870699084448706
12.072569114092422 -1.0900756504966942
9.402954500650766 -0.8849353936549453
18.59397737733204 -2.4872777891221025
0.4547570910213492 -0.9835600311741964
6.423286863098509 0.662281725701403
14.628801585469724 -1.5197018729920386
19.626068093609632 -0.6470415023369098
13.542197379770926 -0.9517324265344458
0.5651174174393077 -4.672725759218165
7.051538718372748 -0.6637959059768167
15.411434122079832 -0.5917377601333953
4.690430278637707 -2.5416056696181775
16.811606789763758 -1.5999622712112558
19.824212444964115 -0.5361135248767156
14.016388814850128 0.39334338673261776
13.361883073086776 -0.9294740572503002
11.956418366873756 -0.117248144231727
15.426453494380208 -3.940448881599303
13.336974634807323 -0.6904270821457044
0.06054190614801974 -3.443686261914252
16.659668392279496 -1.0637602366294399
16.316835908479444 -0.959980139347004
19.517343988568584 -0.7664504289053409
4.007688606897609 -0.9749845511049092
7.590570686589199 -1.0529105353790138
3.183095242553805 -3.652463126008193
7.9040671922650185 -0.9121192310729573
12.873138362432753 -1.5435834553722074
6.973654662217911 0.8539421350033315
10.98570951347803 -1.7695210916339374
6.983603240559766 3.2702004424086195
9.797463731257833 -0.9176867012656903
10.096010532957964 -1.5138554478813702
9.51981708808886 -0.8536728956330807
8.380896841148896 -0.9573856796685621
18.908356269326685 -0.846147670084079
3.788579471563556 0.10955066144548847
9.093793795810347 0.5637989879532301
13.43514522384153 -2.0567148610593233
4.8342414958603515 -0.4284806230033503
10.52841385855121 -0.9788933351977573
8.364149408399928 -0.983183552234998
15.860292498171653 0.2530353550886595
18.827085602037027 -1.4557713162348869
1.9591592686150672 -3.6120465034564697
16.13256708172456 -1.071189527581075
6.259942780203484 -0.8491209095005214
5.788120820858914 -0.7013516205986702
15.7551684923192 -0.09814368080568943
17.137961617952374 -0.922838951208194
11.128794330173408 -0.9000306154560379
5.188602182562413 -0.6326301800033227
19.941502906229317 -0.8519768234196058
10.955590765942958 -2.5388983715525857
11.035615301018742 -0.8769356698592758
3.4025378644254904 3.40398866265289
5.956589426455719 -0.8904599407390615
17.857394615570936 -0.36669212764259634
16.101773987059435 -0.7789288646090142
11.16619941880877 -1.0506318330148416
9.468857104396575 -1.186045421015794
18.088783156227656 -1.0240168459736476
17.058319425597247 -1.1421951012954064
15.60229635480506 -1.1277744430660837
17.444561763306535 -0.08999204055189469
11.68607573031995 -1.0775319649188733
16.94419232715537 -0.7947158213571603
13.948213518520102 -0.7538843627881483
10.834978486685817 0.3362814994504195
13.276825272947978 -1.2596578241032204
5.535508780139044 -3.626854282030441
0.89651992931504 0.025109937170136036
13.955728016838272 -1.183767060105022
15.129749557267907 -0.5869613092428259
9.767986435231684 -3.407089777502745
6.4489840313551925 -0.8931552205720086
14.287138295582528 -0.8471064357995993
12.058511926247395 -1.1201530680296896
14.206704695819601 1.464775708845578
6.539872653442075 -1.5088908533938716
3.5778752525062005 -1.040494032815019
2.4175654910187747 -0.9816907796062657
5.221784944448736 -1.1006089645655872
19.36009182622464 -0.8660966682800507
3.270911217887812 -0.9826890877137334
13.933508883702391 -1.0061790524223375
1.5100950989577875 -0.8893667914028662
7.299647593796154 -0.9277745832637672
2.395419038332817 -0.9497166310219596
19.366689269930408 -0.7712405574059688
2.5557824478002313 -0.8836772710306123
17.135711468912103 -0.6868508668660599
17.59041292041923 -1.462399088788815
2.1574087986807466 -0.6874735590430021
3.7304345337845617 -3.6748223316847364
10.630997925159619 -0.6848300815759207
15.585739398943009 -0.18279609405621994
2.5070211460250524 -5.034685377611267
3.613920086170635 -0.7748261176551408
19.029090062356342 -0.3569435662268305
7.054032078657911 -0.927443320220921
10.655503513611464 -0.3558394208724227
17.030810637686237 -0.7783408633579215
15.83563974210262 2.3483337177141017
2.720123073654478 -1.4469236292330998
17.174425176196497 0.2510071479442591
0.6042444572348036 -0.28294301998450944
15.772967727446181 0.34769330939952736
6.467430826988686 -1.6693549802823475
18.942042885169737 -1.8648567753409873
4.352111836184279 -0.940755956806423
6.352963260486889 -2.447566729607931
18.38431741445009 0.42768107719852505
0.007425210451275893 -0.7506631902626762
10.263857970405901 -1.4984785395311286
8.562408927881725 1.1647838414589116
19.465648755596696 0.6304511085781503
16.643259332005673 2.3262276569151688
5.947796089447942 0.5854386398395462
4.183611134094888 -0.8652240105613417
2.3256644271109734 -0.6584035261906317
13.53551372710558 -0.9802304270864817
11.25496747672106 -0.9675079594601678
10.764363420393456 -0.5062383064771989
10.884998244560126 -2.4819110675832285
5.731109892065227 -1.0445697508014826
2.978083271094208 -1.76711027793972
10.004827647222008 -0.8854377474601929
17.280348929070822 -2.1286332945753883
0.3738043674838635 -3.750767026797739
18.651742592316122 -2.7986437318806705
7.2956148219641 0.46221932523192955
6.980254681643949 -1.3127574723247677
1.752625824882041 -4.9695525184044165
8.499775558075065 -3.371049800248113
12.46707539368589 -1.6018519201482264
19.555494800931882 -3.2713338474749505
10.691754664564774 -0.7979957973625217
6.9400314210604535 -3.7334119156230536
16.519702510832957 -0.875738587267136
2.636921006454264 -1.4787543901276563
15.439490169438667 -2.352063040477235
10.191157410633885 -4.229056538627232
5.128892219507198 -0.9495590167487752
6.127062665445743 -1.4127672388335104
0.3946458238451323 -3.3517743450253796
13.777661422923043 -1.6612370748864658
1.4463244726203923 -1.3140868654126967
10.498995787334247 -1.7912348539049834
4.169116089418652 -0.6033963684912166
0.29680697879207213 -4.0653815680259155
14.737248705276627 -0.9014675338143404
15.26046848514014 -3.9352800383231363
14.993044642293052 -0.9095663587316897
13.751063154141814 -2.9354247520223455
19.60856516450466 -0.11900568294630662
4.069493797412695 -1.5846167221354475
11.600162425197299 -0.5878110828956205
15.929594040673067 -1.5761581693261526
3.053153462834403 -1.272307959197062
10.964690509318192 -1.4881918568011074
11.304329741243782 -0.9405883468410882
3.4881353082224305 -6.594829277629848
1.4061086206971607 -4.050088595959138
18.843172807609673 -1.0287899765938675
14.833860913997755 0.03183112648537176
4.879166324200176 -3.257516312938278
9.119237066744107 -1.0446733376920974
10.179748154503217 -2.978420544257552
11.136407033761044 -1.1908538022164987
6.101664893935472 -3.4028872740022766
10.080554077482695 -1.116983626900049
2.4656092529887967 -1.1944249015679946
16.63164760768124 -2.059491959108298
9.151226681596897 -3.889887500222234
18.073265720059286 0.26158665026026007
7.022243274977972 -4.673761235021521
9.917411984073004 -0.24518265627672686
2.211620132483641 -6.2742330566313
16.10360043144715 -0.3668480524135184
11.682773037111405 -2.534698806570943
14.184487117654097 -0.05075768481479294
12.260759691790353 -3.0845186115759207
8.887831294768782 0.10562173073409212
11.81725373298425 -2.1282766701021343
12.883125237275772 -0.18065245847073066
17.89634298500824 -4.7586336709096955
6.224539284771523 1.1593753487239415
14.681845054622558 -0.9680397954215139
17.984005744316104 2.52326086348054
7.262398502400739 -5.299939223712265
18.426207089741396 0.8597808066034749
17.0738903875438 -1.104460197592168
19.176719786557072 2.792078438902991
18.00215450968286 -3.108428414263156
10.370799654443989 -1.3673752673389794
4.682346660633083 -1.4473339450885285
19.328507740063067 -0.6595576458943532
18.126180776605686 -1.3079025916256166
15.178826961819105 -0.6291406153230538
14.665293026187888 -2.054723945108975
6.238505134823059 2.921376012647215
14.553314620198917 1.661177563630347
11.395326922283468 0.1359501117973986
6.40823198526076 0.926541894702677
3.8140618361982757 2.0645889921496985
9.661289410846623 -1.0570811634957349
17.826652675304945 0.49956676411419204
15.31804833506402 -1.3215450917376543
3.975263985144695 -1.7926133471732077
10.77774847337306 -3.5183516006382463
5.221239734877807 -4.0947047892959345
11.170221003190655 -3.1696015904014314
6.615526065963961 -0.9522412147185616
13.666175801596602 -0.9373486524968757
5.662255350355099 -0.4753599927157892
19.37781595988304 -4.228923618964698
14.820306038855371 -0.3668820883897922
13.743676572735593 -4.743895764523701
17.341785010528376 -1.048960264815705
11.662040806506575 -3.7418005946771613
19.241129349164513 -1.0323090396666792
19.0166178425217 -2.1517313876271027
1.2757864088181867 -1.412099028473191
17.39496212753892 -3.107825709027043
16.878755762649412 -2.747450456277603
18.248027052831276 -4.1209013119954765
16.934347725926987 -3.8648105832956694
18.604755628061834 -2.082893601526408
7.800478271324864 -2.672277172830634
5.978963809932081 -1.1968711066951088
18.42006466218675 -1.1034205390875085
9.090904413649636 -1.0980908514045769
1.4202233396496973 -0.7061747588924574
14.732868547082495 -0.9550083483731624
12.350707642926988 -1.2415618148573946
12.687239842005136 -0.3405650274066779
13.691546084644324 -2.1112872580649817
3.947671547729993 -1.0929913474954038
12.311359493573113 -0.6919013530373279
15.588609666621753 -0.8076140845410776
3.6012214088628616 -2.334815033166823
9.621683532118777 -3.5583407986711943
14.448311316794678 -0.7449459854698989
4.056412499512115 -3.5989858321178114
9.380962219349906 -0.6884102881937455
16.71125596342851 -1.0952427569446939
4.48323950196685 3.192640563165304
19.536078837141048 -0.913344044304732
0.423251380324675 -1.2751627728996375
11.20498560753382 -1.0958325818036896
16.172032606407324 -0.4598744858991536
2.2683313105916167 -1.0498734838698038
14.450556522517141 -1.2218469892048716
14.443803291248805 -1.751688425549863
5.820289142119197 -2.359453606929947
0.3215337534030131 -2.353994378518151
14.56186565212169 -0.7519299021221284
0.8492773790264407 -0.6323976583963282
8.515413487715264 -1.522799995702391
11.783517917138585 -1.069083693239679
5.0337627617231195 -0.8587278005469283
19.03565573984629 -0.48008727984614724
14.954032251726085 -0.6990430133687244
6.922790828861288 -4.079997374713518
6.129715061355196 -1.274154587850768
10.030107581321952 -2.5699984198843606
14.644927216773668 0.2006477874202725
2.419497277140527 -0.6587253588149484
17.916029255734657 -2.433433769276177
3.6317395031856883 -5.070449346661925
5.819358131980101 -0.8189931965845254
1.5084096180732547 -0.9128089395750565
17.808627463626095 0.3559089267460699
18.864449879604877 -0.9585619124911092
8.568332404073368 -0.9489141646197475
6.748947687874227 -2.4313648975631623
16.8662441559834 -1.2836075825824123
8.946741856410958 1.741201934488148
5.245496202101083 1.0715834952583596
14.849500934320115 -0.8728676657454139
0.4737641384452006 -0.5128806239373918
19.53442783218852 -0.7967600458859936
3.341790799058888 1.3493221894757692
12.1452251360366 1.8711749022608597
14.451162157299457 -0.9136785977522449
0.0033797170193491377 -1.8504803430400485
3.8231891427667657 3.392951515254251
16.34578633655281 -1.2395372167728256
1.536770998763048 -0.5911085298930614
15.406557479163766 -0.4743341043228825
0.13034635423271462 -0.6926445287122103
16.80260991577032 -0.678601525102943
0.23373304766849723 0.53683400108112
8.453431727758662 -3.63301672813409
7.849454087932707 1.763553565912147
16.635410689220716 -4.066635374695418
13.438792618728945 0.9474431176516981
0.7448350371801388 -0.8716322236473583
1.8215352795555877 0.8718179117728773
16.61825802900557 -0.23149845353416615
9.466482608248343 0.33050563474052835
1.7335903133781687 -0.8848007872453327
10.04234757883955 -1.6261055624964569
14.965919414724166 -1.1830171534071476
11.365682411508793 0.7016002604783286
7.731697885994568 -2.823250655681199
19.956471895317332 -0.040772581133865546
0.5591974083580502 -0.889528304543029
17.726282613802518 -0.8602015807941059
6.734985187016583 -1.2815667259787227
3.2666564249072865 -1.0227865520022252
3.3829673609160977 -0.8693541034220187
5.608669015266121 -0.8574510613572882
4.70520402216193 -5.305107784764369
15.2180190723403 -1.548149319197991
18.455586920596083 -1.097395397144596
2.3118324182682453 -0.13354276756373412
5.101880292128491 -4.744075476429026
1.2475279942120923 -0.5746940262168025
19.828407473451726 -0.6949155480046262
18.02719742432205 -1.0388824182606828
5.274567380111766 -0.9974278324633374
14.022734116884909 -3.709469291208925
19.825256087011986 -3.1657749887920277
2.505771718060225 0.40511086441982264
9.462151381077641 -0.8751832057022455
1.0603377771000426 -0.20902126670479906
16.05419773800488 -0.2958130679461826
7.752970074362495 -0.7454797681442166
4.8409716066543105 -1.046257758780183
8.31644755114826 0.2964719177151597
4.566784433253693 -2.718535831434489
6.111415428828109 0.4710316724869504
13.939056226950315 -2.5078920173409514
6.097874270218774 2.5115378653455243
17.50606985848248 -0.916441019984659
8.501305585946215 2.7520142648528974
6.906843129637107 -0.6953949346712848
6.601906161223961 0.3874359378145967
3.924624303711739 -1.2378688700093197
7.549266471404777 0.7171822806900657
10.174323146378493 -2.5407259083514706
0.4917668218160614 -0.14976507500947983
6.790057630429061 -1.578925771576355
13.175560030173598 -0.9516167465165987
13.694684307492876 -0.9181153010407006
18.72378445753338 -0.8109214740027075
5.512451493390427 -2.389158983156864
8.347640076542646 0.6621558246901218
11.770011446296477 -1.3018010189583793
1.829353165561288 -0.657748125362763
17.750265934463823 -3.8843083670123795
17.758093866009077 -0.18940936035072206
4.265463619286318 -0.4417714621736372
17.551466327603364 -1.5484137444263633
14.339223394413786 -1.0095779791063855
17.181913721985303 -0.9508295546559982
11.08537491277856 -1.3023125925998262
13.517992473164224 -0.5610828526232448
17.1163108608721 -1.2065300320774754
14.173220931354718 -0.921057030751743
9.543422464617272 -0.7866648985791392
19.45277745855734 0.7397862270698098
2.8876646240405743 -1.1949425852394977
4.302838235935503 -0.3265100770356219
18.223283986443914 1.2590540554808478
7.430824762140025 0.30199520287696263
4.6753411705274015 -0.1991000353215624
10.919917268832313 -0.8559848046014357
0.7842107564354581 -0.21127714763308472
11.231593979966268 -1.1189336706161601
1.595832043468937 -0.785838616681378
14.662431083932656 -0.8674405424286722
0.6526160321502325 -0.7792060721599755
3.840075252469946 -0.9764107772653807
6.7658267034650965 -1.1508626419197572
7.958726968573381 -0.7134164985399353
11.033751252918718 -1.0187895399698141
13.144999555865613 -1.0720381469795521
15.429666191198706 -0.7181537356371408
9.461166426509083 -3.1871913595256616
19.86956786141755 -0.4556969770086652
1.3065034321443254 -0.6307407044770733
13.241258956494022 -2.869440221154968
13.03982669251182 -1.5064652040555693
7.4515006834937845 -1.0561885622804024
11.208903358560226 -3.088739307898971
3.914652256201071 -2.4253881302340283
7.091352830624916 2.5226931445377616
10.813976987258487 -1.5026826480945448
4.728376581934718 -0.9237122957670402
2.1103778648264786 -0.950193950838949
6.9768843552771145 -0.0008798473210247133
12.178959695569429 -1.085939975632464
7.271407335221149 -0.8232106359411013
9.397829115664628 0.09713882445626074
15.841968525072332 -0.1717793286907413
12.374253773499147 -1.502345575205736
4.6636768898644405 -0.9678329626732445
6.639155687356795 -1.057742269774289
17.744633051574127 -2.9634470027545494
3.775669292141924 -0.6211559276856443
14.842734172623825 -2.383346442845618
6.474007071874763 -0.5834089213688409
1.6470654083838983 -5.330317643773891
11.89546050351123 -2.007459077966086
14.99197840277151 -0.9719380748394927
17.723065410312746 -0.6937067707814112
10.199358833626201 -1.2489040734078727
13.401204382114829 -0.8228322990835295
2.317504816144087 0.9110810180024592
8.456135156098327 -2.3650546392503373
12.79916241911784 -1.11981862416277
13.24750625673784 -1.053301764434144
3.946065542925446 -0.20120407019592196
0.9073657802447138 -0.6725825577532865
6.452227156352798 -1.9816454133632222
5.696623736680041 -0.8315751430774991
1.3858697130679924 -0.949076095942573
15.980041975089817 -4.15986078125695
9.545118527135136 0.2945059779355743
0.7919716217100286 -0.8520315470348665
6.2160937308367155 -3.4124173972701723
1.2670191896111362 -0.242628319538558
17.51110888746941 -0.6516952238827278
3.818835903597572 -0.8055206477438562
16.158429390580384 -0.86729153487293
3.890260701811984 -0.5571953357576184
0.5360909641588039 -0.37795459642436696
10.795147087350118 -1.2547773183160529
3.52372026845165 -0.880245415549166
12.236629508277163 -1.1304798091379797
18.341455625045857 -0.3156500656257302
19.208542652709035 -0.516162337227469
3.701177591331519 0.6786581793782515
7.8223304226605235 2.720744392662729
2.6473309290918747 -0.75563342633975
16.32863445882229 -0.8887869477275087
0.2892270588914777 -2.1654735413535424
9.558143167095471 -0.9517164367373493
8.923119876805206 -0.40887544579005697
18.378843951707655 -1.0225489796123013
8.427484769089341 -2.5928211533560876
3.8812970054863083 -0.6556892457208576
9.096716550093618 2.305468873794824
2.619207237019603 -0.22221029743586587
19.63872247593147 -0.3068905525608586
10.158764330984967 -0.7752372577571134
6.906388964001963 -0.9868941940717388
11.564912868136188 -1.2386452276213047
7.627843615044428 -2.8567566543527176
18.96431180974159 -0.26729646850054783
19.496287676805824 -1.1314907123307754
15.764787363623439 0.3792839533909385
12.204175067922515 -1.5475749125286045
8.525881552271045 1.1950632007031146
4.672785403062837 -3.878242487986115
17.18580258064374 -0.6487437404990504
1.8188387759843534 -1.0376997080635604
15.1232960777162 -0.8559765601044617
18.81241128138197 -0.7781835267647021
13.74980448605268 -0.8505989228840937
2.0886284416569603 0.17126595419750942
2.5644477213708456 -0.5547927104159354
8.002293671078096 -1.1136640919773488
17.16958141699792 1.1514759973960418
12.806720018890378 -1.770012378821086
15.321062781892206 1.790977341905582
17.754178990954852 -1.6512145427848492
11.100380463423324 -1.0729089610293499
3.667107269238126 -0.6734161292874028
6.196755050687651 -0.2489819480275215
4.387657613803698 -3.0607127230305418
9.10571222833385 -0.45158439970590636
18.509314216497117 -0.7172654141098266
3.152254554766846 -0.6707782362278637
0.4987657226058473 -0.9189759336398162
13.58346282437829 0.1115376743790551
5.046743561994877 -1.0440777965067094
13.356403107937245 0.9892121210429319
8.96968604023826 -0.9462370279633939
9.416829230785906 -1.144252688306162
16.48626022030896 -0.9350042985984629
5.502668988309308 -0.14518859057186387
16.370804322281607 -2.5447454999173225
12.912045903402221 2.1169788039456447
3.428642677130336 -0.7413741820814719
13.90024862315483 1.5670584695455718
7.430271634751917 -1.0115957434358336
9.168233209871454 -0.45851315086884603
8.533081115881384 -1.151845621055009
16.494215376241243 1.6236412086690248
19.412526582665706 -0.2935185782789168
12.50851908463966 -1.0542966880198192
13.128939497803392 -1.041449464474344
5.577615424005647 -0.16380790002757684
5.492521694874893 -0.301862060735539
8.490112595470123 -1.072869154501116
0.2937927329230817 -1.8071864809669211
9.860727615547074 1.689100869575853
6.881295224678695 -0.8174103698107386
0.876512396606219 0.4867006596388223
18.925319196141277 -0.787936797542546
9.977079573198555 0.3683392751322975
11.880183560599377 -1.039690625651
15.561365975725424 -0.9552747225948923
14.690839939892177 -3.362366212129907
11.917274724305699 2.022872339437932
13.00142733008286 -2.5325376331940324
15.319252908072432 1.118912159386083
2.4166803823129963 -0.791290280883107
4.740128728686757 0.8690513338565191
8.544548065930151 -1.3810854663412984
15.605114073820614 1.367733122366297
1.8361745144670742 -1.2011128579780492
13.721191488146836 1.3708498039833614
17.501886242114864 -3.744607971084674
18.906331708165393 0.42851655094528257
3.1734022022348145 -0.8294736861202342
18.817511703765486 -0.627197118961903
6.528706587273074 -0.9174487988227317
13.05310178084146 -0.11730090797242912
19.375284292595246 -2.037599354291986
15.511193245698715 1.5887486987240698
18.955906501448382 -1.9669137791814986
9.25228858747068 2.194502170157188
0.3115211002344437 -4.805309879665784
15.438169206118816 -0.4044160078096761
5.9031340935264645 -3.926663227003136
11.329649279343474 -1.017439528943846
14.059009231311311 -0.8812353784485869
18.234132295305628 -0.06995262607727391
14.394424745545782 -0.8322252617034612
14.419079706115156 0.494224102982141
6.7385319740944665 -1.4441678466619448
10.710291648173492 -0.4693231375663761
7.134870059024943 -5.609121387485327
14.216211947334733 0.6199953284517066
5.724190695200394 -3.1393590114869663
5.412089010364594 0.8301329501420734
11.300254719549693 0.4694738756799164
13.893226312662751 -0.35241232699264396
17.080209920615168 -0.897224776280329
5.594722145455157 -0.7332507082580806
4.003641328129845 -0.392571607384786
14.167128842802901 0.23222269361526854
9.774058194151642 0.40703107934922994
12.983700453833432 1.1048637066769098
5.844401565555145 -0.8960883661668431
16.399993553749002 -0.05553231620429348
16.236509262743553 0.4055706311684296
11.984974851826157 -0.7316234064278581
6.53660682474003 -0.3790694732462693
17.193915183126034 -0.8596610342944115
10.983319058246499 1.8303215425450965
17.957255539422142 -0.14051995925571742
7.837508803356066 1.5412931935600696
8.473961496476809 -0.10188724056269541
4.786607859279818 -0.6023293952555184
14.047972590076274 -1.120698443372293
2.5168887737783314 0.19418565507158894
9.461673758483196 -0.9640040962425696
15.216219209980876 -1.1483365137398194
7.108283198022327 0.41662414746652876
2.395952523322125 0.5334617695293394
11.709739584659326 -0.12695843494661072
16.243173955955616 -0.7975811255067602
4.745249886178444 -0.7366092987783855
8.466125239182565 -0.7514338244176739
9.335523366914313 1.190998275296097
4.839426084339729 3.0439516165918983
12.816019721432673 1.1355114509961406
7.433622160226941 0.23076967796176373
1.4641410515774123 -0.8496329155763642
11.251513026316463 -0.5012992711393597
6.742634687997266 -0.6619251694971184
4.825144975351543 0.7944594709894619
17.0286790554847 -0.7562793135525657
4.095710478159575 0.5296247943720916
0.8900666774828754 -0.702021120052752
4.399183581246326 0.5818545338430883
4.57733185204745 0.6033617772801102
19.999919429748296 -0.29037756931347214
10.843224087638452 -1.2395429248564338
17.65443028883641 0.3999705437773055
4.055138611689842 -0.9808369800504875
1.6648287447707482 0.9076559536924091
3.8557447900101804 -0.8363206506028189
14.21627153862263 -0.1497598784231431
13.06146168764591 -1.3435667219340246
10.242348157949401 -1.0397688783407608
8.995085913214654 -0.9332971005141372
17.033656256670525 2.147613057423338
13.898665048970019 -0.5965892102509972
6.968955482862139 -0.1319480101622313
7.833213502979987 -0.7730712587731543
11.481069039987668 -1.0504851635830392
13.122436938477309 -0.787760671905253
3.4741756548394083 -0.5137951317342573
15.09735529001305 0.17779931807906713
17.676060126138843 -0.9777310412595498
8.111825018600102 -1.121009022820512
1.0159961242115094 -0.0559734589901261
19.147929091690692 1.5534340192716478
7.10498138097528 -0.4860118303583787
15.527889941112266 0.4570616709788027
0.23249761566608101 -0.054322615185993205
13.28468650789837 0.749480007895422
11.486215903003698 -1.9029159271406548
4.20747522431292 1.7874813961694895
19.34248658399708 -0.44922595589320036
8.297230558699948 -0.46501056281956665
9.445140601743693 -2.1677981204989654
3.0038420008983078 -0.376494407674434
13.681611362960906 -0.2563559905972846
6.7735987647326334 0.37642400152273353
15.604411050893516 -1.864903894524062
16.227624160656916 0.3159672350633159
17.984149727847022 -0.9198692352581035
18.312401069207443 -1.116545664834286
10.690726941654555 -0.9435977796220679
8.014782410615453 -1.2721297277111878
6.7912215463365095 -1.0630323410956335
16.18893532985219 -0.8702730537685899
15.682433918420603 -0.5639303584915223
0.6887364330415424 -0.3547691526793363
11.749546953848881 -1.0774452106024357
0.25287500623395986 0.3984651528246319
16.843418044072166 1.5435596674887517
11.542951253460014 -0.5675334201532425
12.638821587878713 -1.5094180405702322
6.834762893142325 -1.5157449881085927
3.0572015995910187 -0.7530852085312252
9.812998063677574 -0.6184746969818505
12.277941483317857 -0.8380634534183629
6.3558631639598815 -0.9060102988192766
14.964626825941995 -0.72343264912126
12.35408890405141 0.8579544873449341
13.228411121029659 0.8768522249745547
0.5747731973780362 -0.4523778982672313
1.2535875806370538 -0.583230991684712
0.11085745635185706 -0.6850352419672381
2.3338591155022064 -1.0088296416866567
6.45332403499994 0.101810156176004
18.66221754910584 -0.16242570796198552
5.520062835578638 0.057921242557288685
2.358029338903397 -1.017538662214593
11.571029809773604 2.177751173738356
4.541970544003359 -0.9608634618875769
13.157154108111321 1.316991534988378
14.183621335343524 -0.9740821253503381
19.792698196662606 1.046341008147129
6.400021077452292 -0.21650833234290837
12.652142573089199 -1.198886851531153
5.100291574396857 1.9074871853117725
7.084137664345757 -1.4187068152453177
1.2347367916349874 -0.49291321917275627
14.940507931094126 -0.1384543289162861
8.568645098041074 2.667765649504731
10.896098410891511 -1.514827010041376
17.71945395173946 0.02565262210791338
1.524249988245446 0.620844134992018
11.331176264971912 -0.7792617285634961
2.6481799261851324 3.3947423732350583
15.54775538486856 -0.1472108044891811
15.425481598886128 -0.353029123016869
2.8054507221912606 0.15629447603174298
3.3789590737883946 -0.601402381372578
13.057419487022415 -0.4567284799921711
16.934861410246434 1.1250301975259638
12.421458107984678 -0.47532206440635333
11.596635516272565 0.9255443331718852
9.617717770113533 0.12276480888185975
1.9258826172221932 -0.9137665948104382
15.344945310449416 0.06591412652348823
18.43730119742328 -1.3944681153212664
4.858229685446357 3.472032467810164
18.235294121347053 2.726731569455044
0.1604345983379793 -0.6245217025138176
7.898410654479962 -0.6859579055570075
11.202589307268555 -1.13271351614381
7.549716186385817 -0.4721048005375415
8.321954030799077 -0.7266733218840156
0.42095082268708633 -0.5193197225348302
12.878147037415438 -2.1984592123670277
0.2400924004582518 0.1814377623716821
9.709354849296194 -3.777604841220195
4.783600513530646 0.7586009473410527
0.8570975013965161 3.1327035725506267
3.7782641704683018 -0.7813195718790192
14.016515571998797 0.9964002980172713
17.618306076420474 -0.7898487069358717
5.209990126780319 -0.8560086420156295
2.0154232127042278 -3.6426499420114813
8.113339718966646 -0.9084558089489201
18.93671310567552 0.44966912455364155
17.437354389211954 -0.641089235652673
17.307671614382887 2.9141298018596014
10.948095163472244 0.3980772999911647
5.095581140040518 -0.3704958482080214
2.1845469518156584 0.44834191646819893
3.0063418696301 -1.81869624093538
15.199604615215073 -0.5712419507864034
9.2270370324712 0.25645227264577336
14.390613665616998 -0.7658596136284864
9.883582229443997 0.2645186579699659
5.508311792417388 -0.5347911590619369
7.242660397953229 -0.919660333381618
8.560343304816692 -1.1246792202970977
5.647983497304392 -0.11287003509996484
13.687322202134784 2.4624746689091954
4.909508165405515 -0.7213340108965669
9.5933911623401 -1.4739046502936393
8.421796723011264 -0.9016461661582366
19.46335198479036 -1.0001383298748177
2.546694140180824 -0.3730724926250687
13.29502533076349 -1.0617957252440646
11.689429782770539 -0.05820373160374827
10.645965302584731 -1.0950141309502135
13.722433900983244 -0.9737237792713994
4.147830762504492 -0.5722396893477314
8.180872938041926 -1.3555060821743607
14.517903193201766 -0.6771837917935114
16.295192547240454 -1.0499123215451385
13.036677273801525 -0.7218944093828152
15.04050437817323 -0.4541145166288132
3.543115767533713 -0.3333837387858394
13.920660829564222 -1.4027314714491084
15.176288092966873 -0.5311925131151682
13.017552928961466 -2.149210902600653
7.394983868014497 -0.1683573985904842
16.528835970085375 -1.1071578646039757
8.886270522323018 -1.049758907182218
5.838939593821028 -3.1228622854721744
4.54455451506988 -0.8909807918392854
18.56141405444729 -1.558173256153625
0.9075508263800927 -0.41219973161783546
11.717721112703728 -0.9680805590215192
10.726035499479515 -1.3057013465598326
17.851082659610782 -0.3007247443643907
8.176266410316147 -1.0207455640847871
10.630377323471826 -0.7350473813244411
5.164132816082468 -0.26231872955827384
0.16123142798702939 -4.275722084912504
13.908764606660244 -0.16283125652847066
0.7316597217785911 -0.7394369900950438
0.5715427826086363 -0.778053712731379
3.022177100413691 -2.3561431802233233
3.978364198132776 -0.5576664981611972
3.6111327590939677 -0.8450721646870639
4.633739793389579 -1.0826067648606892
0.6907775642589331 -5.249547859967528
12.630744218062326 -0.4030329893501135
2.061270306406577 -0.7473477381308187
11.833304856569315 -0.26435721952329494
11.690104034952572 0.029603982554302063
3.7134375416386223 -0.6774846476387322
9.566846963200224 -3.1907186160963077
4.563457626024123 -0.5875622399031175
6.702653483538203 -1.7013436760047338
10.113467461287748 -0.8902585400334309
9.718083558063316 -1.2348875939086386
13.347399633883578 -1.036093806378141
0.8232165296426008 -2.8601143899676877
6.309266868842256 -0.9321754448968202
11.511060174057452 -1.1693246981375887
9.672338965093095 0.32899479440060536
7.076245687404478 -2.8126433881512267
3.635715739129469 -1.342446305256663
13.168036259930513 -1.2026180636981099
2.6956109937985966 -0.7517195052730853
9.892724957555876 -1.6577551048267107
15.869678404647285 -0.5975296786136771
4.198615890491734 -1.4500278151077324
8.93734593016539 0.9027932967618416
18.47238526336667 -0.9394041480879031
1.9005930756504172 -0.462161397961101
17.186932026678186 -1.3477370585648454
17.108642624228292 -1.0104510052221902
4.059940951652709 -2.504508154289011
7.983082801820702 -0.8350963632853489
11.248846569270565 -2.667653311329623
13.628309147583767 -0.8810443398787668
8.643744224255142 -2.1266725104000233
2.3902006976596986 -0.6475707820233445
8.831664709470044 -2.26450270825537
9.589480556849045 -0.8138434905419567
1.8229494065201182 -1.2589795809326985
16.04421424848086 -0.9460689021233459
14.80522268380265 -1.1970112219046212
12.977999935101781 -0.8508562321793594
1.7880205026360125 -0.9572069662975765
16.669058403601422 -0.7000532905855176
4.486524547599982 -4.12530419314358
1.5468535248660606 -0.9955093047743502
14.16466393656623 -1.0826924847601858
5.65982321096154 -1.3407060204389005
10.080740676814658 -1.8520476307530045
13.50660993223468 -1.2354674037695819
3.3543747005949505 -5.136643891803447
16.550393293043413 -0.4361638824456598
3.8398942898732504 -4.177028832958861
14.563701089778812 -0.7588331689840639
8.761617970364014 -5.394749663675807
0.6936186599419724 -2.6023529883012326
7.9205455073824185 -1.4555212273904767
17.876228550644708 -1.027990525751068
8.428049815141375 -1.2444277028873045
9.109663622431196 -0.45524489443357585
11.948038249471644 -2.260951738543883
16.685295903491877 1.8476737059673096
14.069547220033673 -4.087685458695789
2.5041012725453053 1.0474517856578451
2.1265159276994474 -1.1777146459657264
12.730771346772062 -1.006483447386703
16.56354348924938 -3.177392325480491
6.004525715934573 -0.45715545432222837
0.8024732347917825 -3.0119526950539486
6.881250947755367 -1.2123681184840587
10.19118285048563 -3.2545788893707432
3.091524720345566 -0.7855476883002073
6.020793268048614 -0.15587124775225258
16.579205149868432 -1.2192327161926422
3.994229709670752 -0.7702780952067169
7.650814283998293 -0.98682166778458
9.251319218583543 -1.6349612258269064
1.1269162812000642 -0.6909851682832997
3.978167281538522 -1.2720634352971762
14.753698868239393 -0.9276308689958375
15.172428862687497 2.0229610682512655
5.520634135930693 -0.7540301205462763
7.360848836431333 -0.12440544623941228
18.912026463417426 0.6330013496629399
19.745564728139485 0.42211102583485827
10.13408408338563 -0.8757428489753363
6.2997888876526 -1.0074657300589478
12.658404282918772 -1.6571898921683563
12.290415870285653 -1.2122432688000127
1.2400584431472603 -0.3911254254274759
12.414001267262433 -1.7358676401389666
1.9667386293818283 0.6482106893786774
10.77567036069037 -1.3024518125155424
10.451621762967083 -0.059879679777928824
7.1395358141088705 -1.2585343141661407
14.336015617363229 -0.04420780880026936
16.48994739967283 -1.4875653632955375
18.304184546163995 -3.5861351952655856
12.42339011307039 1.1130564956731759
1.6917416577897784 -1.1637293544504188
2.4703451665821476 -0.44485640623274153
11.62047108638602 -1.8216652417958288
2.472295373077889 0.1808926423265396
0.7091641011166523 -0.6528750949915588
10.09021707419694 -3.560914694895757
15.514998597250003 -1.1319233970491347
12.860785053892927 -3.336893335104724
3.888198841604459 -0.8437550855122629
18.92945728284632 -1.9575436869744844
18.835395214763864 -0.5272821296324344
10.153738809592555 -3.7892658387666955
3.8516284710330426 0.28136147003986756
16.062967923596794 -7.1646578407113175
6.769995493419822 -0.21164285655407883
3.780151906171965 -2.5426958918221367
8.789360725709846 -1.168380942863105
16.21299308078059 -4.943027216987334
14.121251424530383 -0.42573531716470064
12.200899834119532 -1.2127024297328577
3.503703775687942 0.015338856865610644
18.350012721843665 -6.99889305656729
16.89685489061328 -4.03265693544049
14.74188671048631 -3.683436629661962
19.129350755400846 -1.0298320522509719
16.77490108125559 -1.1915795517899321
16.079909352874843 -1.789263256805346
19.602411035605606 -0.7367345127391363
10.38257077516368 2.9016580121066258
10.59549574810478 -1.9590823409822486
2.4246844230454663 0.006719397472022007
16.187734351944258 -1.0611433867702889
4.9543140950741735 -0.6429894427881161
5.809182885856618 -1.0282975842988022
2.5083349611733246 -1.178390400370157
1.1111263364489379 -0.7435267588445604
8.210950707261667 -1.1079287725340738
15.677625419919183 -0.6283037458350748
11.735165225152524 -1.8043403603465833
9.30872536361633 -0.9162834585714427
13.083556878146398 -1.3026574626144163
9.020658274127637 -2.15730677679668
2.379269995177456 -0.7204013133070988
4.298104453280075 -4.688094658736273
0.15901023693250482 -2.095909965401284
3.773912264489188 -1.290506033678528
9.284004460217455 0.2735457507064449
7.7408102294179795 -2.3824679582752037
12.992487179218127 0.4869156727066891
5.770316787260975 -1.0505056347784836
11.088634015853302 2.408596987075931
5.290799903107881 -0.893696816546944
6.648880898944238 0.2071585541214338
9.671604437614247 -1.016896904314833
1.9671702104739464 -0.001131977890533084
3.412665169523442 -0.966538467681746
6.942446234910936 0.6528495584320466
3.863297029358587 -2.0735728611739055
12.358848814465377 -0.6122562458653174
2.6539997273446905 -2.283878707497285
12.830464382893052 0.33636945954914504
17.272421331573288 -3.173250254237125
5.134906617583169 -0.1616357015173635
13.239844103645774 -1.8548178364689043
19.522456708539504 2.4704409139517156
16.27527894105121 -3.0618254517815244
9.17738390856557 -1.103673428230111
3.46370322481812 -1.8110892179570637
13.274851309395512 -1.1339470085976984
7.126637084046745 -2.6209605614650777
8.452000836079728 -0.5130300941229116
1.9687003697043486 -4.317455201551747
8.747752812621115 -1.021611223226206
19.865311132154787 -0.8090601071718014
4.060238830721547 -1.5443118999036685
1.300236507318263 -0.8321135944489203
0.18357543354206723 -3.955143130524384
8.065430437221947 -2.3883331517178554
9.128167346539492 -4.077091941911846
18.78659271442317 -1.9323277927857314
15.002820683404183 -0.2345515991302562
6.965223022260303 -1.3883826719489094
7.463515562048282 2.4292743347103807
8.325995427010474 -1.2107685147076812
17.6301288621143 -0.8085810167776103
8.175556595622222 -3.012842888785568
3.0380988916327154 -4.569069967342301
11.400474628101927 -2.3852798517166645
18.465246703607647 -0.7446856167301058
7.0689057917984615 -3.382088905876936
14.252954127428902 -0.8280984744240484
9.923771533319155 -3.0656756652212125
3.147942023949621 -0.967395186881917
2.7662392640552556 -0.6976694723293728
8.835511545265287 -3.4785156857963697
2.5478585178648228 -1.1468911044774637
8.963569027391346 -1.4361348121955242
19.74158136152681 -1.0718890950722937
7.218192057696333 -1.296132469635048
15.724546540741255 -0.4980150502323232
15.386136156351986 -1.6639745570798423
14.908814607258066 -0.8772242721558642
9.12919053600627 -0.7968541002761489
15.456361040002204 -0.6173080364712361
7.3090792725509495 -2.284564530807618
4.751980775185189 -1.1348796703879613
15.383893530947397 -0.8025414962019437
0.40261959034954065 -4.036002548092648
13.459075536655648 -1.0967328039828308
15.501899641589953 -1.976932235079833
8.109602481787556 -4.192694543671561
2.198988400327321 -0.13050588834354762
10.406815357816338 -1.2056617465512205
19.52336094765883 -1.0433544160267305
19.53271582886294 -0.9068583274389992
18.966779953205638 -1.3340185942652487
8.8191321313473 -5.211361653934945
14.00492723031972 -0.9307439079732667
13.47044317106026 -0.9825816679000319
19.4229949454482 -4.455839405278629
6.133088754446706 -1.194639341302036
6.434531979157976 -4.75565406384691
7.920844385284174 -1.1311308313783504
1.9947324563723836 -0.7713929633326433
19.053384736894365 -1.4605629411257082
14.855612634856168 -1.43401921799054
14.002143631500008 -0.16316837529957295
15.404626125477705 -1.4742897832658275
12.60688063159026 1.0769313137893926
6.2428701538638665 -2.3241954721502167
10.142369353904797 -2.53716778626009
14.293420185254607 -0.5165602767154208
4.0119731098913824 -4.252092047871488
18.28055483718738 -0.8041935597847671
10.402137544584829 -0.9212645598019675
6.647033169764247 -0.7095193496647092
16.728200318370614 -1.4710823367062635
11.307238201036359 -0.6887805592898825
18.653006100870385 -1.4667191989361255
17.82376079526191 -1.953045026837461
5.402903973431494 -4.965324471126198
4.765148869740715 -6.274233178066944
3.653186903043742 -1.2823906811922172
9.12425873963023 -1.6696848877456558
3.4807543676696384 -0.939331824934878
12.269949778615185 -1.2966168793564012
15.161487487250312 -0.9147995917915015
10.652304289716996 -0.8408737120037529
12.021678679600337 -1.3601051496939525
0.4939984267089492 -3.6964076602969573
3.4039299607880906 -0.6776918665640019
11.607855235094098 -2.874054879744939
15.79981771519131 -0.5201959272854175
4.947004185006368 -4.191057124641114
19.46696478799082 -0.7845470577355629
2.0896610336345427 -3.9014827761184803
2.111885754307868 -2.1939332423812345
12.549888247101775 -4.187559353393059
15.4749064038966 -0.5630524600733
3.504291388577904 -1.380728159761254
11.164446080044561 -0.7885438978978326
7.972889662219998 -4.388012915220758
18.87103322269839 -1.2486337072100626
7.131039726079752 -3.3186986250965904
8.940753818924284 -1.190433454842629
0.9450951053665745 -1.9487466151364101
17.751604760295148 -0.6424009434695825
12.873288315004894 -1.3614237257820148
0.48046446992025527 -3.7795990125267247
10.905085945901767 -0.7431453511023393
6.356423387786644 -5.3659497856479454
6.079762424803246 -1.1257903645337135
12.414940535004854 -1.2737093577447551
15.504842629193227 -0.517980145684632
14.799287595050561 1.146815932798936
0.1612571384941568 -0.2447033158660457
14.27427005985951 -2.2926808515141324
8.961462952879751 -1.6452209505412225
2.7427349556520153 -5.319267765910112
7.61037028562742 -1.3132389789475047
14.063987755441703 -1.3343761225188517
7.685269060950796 -1.6183573669934799
14.278838104416897 -1.829667617695756
10.318620165925237 -1.1081564267877269
12.511373935718467 -1.2391781808231168
16.524424732275723 -4.098701396868607
11.127963951866956 -3.2001489552197318
4.849496275745356 -1.3496779969451458
12.593354864194378 -2.3203781434268738
4.829151493726074 -2.514587587801934
10.335278670834592 -1.3612717477184881
12.82391390589776 -1.0714290806369906
8.675321638557797 -1.0160783015135078
18.273213452938116 -1.810728999822728
17.201833945934933 -4.282326455015563
5.866400865829547 -3.9918127440072473
18.396753730085305 -0.29423030588848514
12.981306750904766 -1.4327418182087677
10.336258979582926 -1.263552948874995
19.76498960957894 -3.0997223262970275
15.764827273529614 -4.522741220742002
6.211837209258764 -4.9654696447108835
10.108216000029287 -2.9506009955772896
9.45178081702796 -1.1285293398322243
1.974187921186287 -0.32787666993052883
17.84030739525389 -0.9505901689565512
2.081200803547368 -1.0388854308089275
0.4959207143697989 -1.1345665472307347
17.619234327938383 -0.7255736497677174
13.007732687257223 -2.290049233579335
15.678256810895267 -0.6819053537835861
2.657506670060244 -2.384515486773982
9.620761270119193 -1.701848668362985
16.189009445653976 -0.9864812283662564
11.496940760145383 -1.3413312783881661
8.106280954647387 -1.4861290704862133
11.777678464682989 -1.3761369729733326
0.44358206532897887 -0.7051504125331205
12.099423472833085 -0.5804610976853503
7.418934869763481 -3.434264281824781
1.2338010069700516 0.042418893539047445
17.162844384504144 -3.3178965012718553
0.3949126056244662 0.2233528536666232
9.34596335429478 -1.2979854193017124
12.543927875501813 -1.1116401372948572
10.609119388642169 -2.41857882820342
15.787272158672687 -1.6150618458738664
12.020678136662797 -2.0672114151325536
5.043289666870179 -0.8037204793928491
3.4849725746341935 -2.4296515875484705
18.710201118126932 -0.2542486435174019
8.307405758280815 -2.3168478276579276
7.378809825955865 -0.8307284289929262
7.825360995837816 -3.6822655622153224
13.588108472521213 -0.8083522912152519
4.880310534794141 -2.7422923423110173
6.211057777618961 -0.6648499658617973
0.02819555709888657 -0.35947844082821645
9.977802767110273 -1.1665742442685618
16.588298347902374 -1.5158764370414235
15.826716736386572 -0.7387842667427267
10.93138759039624 -2.6524293179223783
10.444294606971924 -1.8131948978265051
17.665446426585422 -1.9965131300315409
17.634563155158457 -0.9999017910644948
14.281781359121902 -1.0373035673466189
11.29550428933651 -0.5977711733267653
4.44778302076445 -2.702929707001163
16.135059286849728 2.8754069291631144
4.870211110186738 -1.0027619897142628
8.203215806157331 -1.3473554691826124
2.6248347826825817 -1.184255753134923
3.3770971755029726 -0.1265262891499699
5.780981682045941 -0.5585336218792001
5.765776190908921 -0.6507597836874771
10.566717308966533 -0.8579440797912972
5.536246285830511 0.02091018581923985
10.441504731484203 -1.2346500142167027
4.943891283966459 -1.1122789627421554
19.75212924906196 -0.7203130675060382
13.574918407724056 -0.9446067630536763
17.313990263487916 -2.391713428714036
6.490879788667699 -0.8216617780133417
14.96274099435777 -3.2145872848983315
17.990836652458235 -1.2549216117403434
14.605610165797314 -4.058671085706654
9.347269492036059 -0.8312545265623086
19.404071800022255 -0.7618954843955424
4.086173941040218 3.045028970850341
17.25917779537006 -3.563864091090094
17.29740273253763 -0.9567865694402082
7.871483726037924 -1.9502878334957767
6.46389929139607 0.7951172633467422
6.817124882811138 -2.182570619023223
18.41232218534746 -0.5414339451992294
19.405269866006467 -1.7946503413699646
2.394702318870285 -1.1635955223004966
10.87065158880701 0.32764574943566394
11.822870935386268 -0.821131319867345
12.889848399117383 -1.590007681417174
13.10522528577559 -1.397934513922497
16.068469691396217 -1.3187927099390249
1.8235694625598684 -0.744910257835322
12.95339567250656 -0.989087940946304
0.4654339517117346 -0.852006140560749
9.840143642915455 -0.9643338472891927
3.6716795056853533 -0.7846184119978918
1.1903753759894484 -1.8380018092149262
3.020860735284618 -0.6676419124452496
7.849496415970254 -2.905835826916114
9.38226814735145 -1.7420997408699976
4.682974387955685 -1.0324665166915323
14.08835852247651 -3.5153323054720462
3.4271581813817003 -0.9923317160864147
18.552424846793187 -1.6265575151233453
18.68123847122722 -1.843821688913358
12.530630123627274 -0.3764693771409542
16.21119512820424 -1.5269146142343828
19.185367902358884 -0.6413119698057549
10.120827531528494 -1.410087335662325
15.317909291289444 -0.6935329585898109
4.136663986543299 -0.8595464440146745
13.868880813765504 -1.0714300156957528
10.516449911596883 -1.1383671377048838
2.7468676943062023 -0.7350977202721654
10.955810470358665 -0.677051853446481
4.21644970010721 -0.7229686723512366
1.6402546631946735 -2.262992803253309
12.741820633059133 -1.070111640339142
4.6396629285013695 -0.1686679082777437
12.764580767326128 -0.461190381230831
19.24979804613548 -1.000465701089557
6.066371972246883 -0.3488962489880432
18.144126880049473 -1.2139220907034534
12.158378578062164 -0.9777419167542301
11.234815532920269 -1.145352298080356
4.97442775222159 -0.8173903156099975
13.516915556285321 -0.9040218189625415
18.541757773193446 -0.6501984020964158
4.845956934485629 -4.382013839029683
4.936199664975338 -0.4872617646214128
18.892867312070795 -0.8877997871828621
4.89092379652752 -4.97851615123577
16.36622762954376 -0.555446674895088
4.3619805997569205 -2.4966063283771103
5.677980946863584 -0.3066004815195207
17.55733871200518 -1.1408425330783938
13.869140982899637 -2.484664312231684
0.3168100834651739 -1.083502474290171
11.368243461276458 -4.4370191077599115
3.4553090359666845 -1.5331094390025972
9.620568383270344 -3.698640036401874
6.236182458124423 -1.4661996776007808
6.096294208308501 -3.4047255008769843
18.07851858164053 -1.3780479147974063
5.528169558469021 -0.6275269852803553
18.75410470004117 -0.9580070170425611
11.31579474555685 -2.8580670212586443
18.46140776141559 -1.002456273333465
5.203497838833637 -1.2471168297949653
15.404641147153768 -0.8816573507675981
0.09444907998980419 -1.201487985010388
9.840635701548505 -0.8530723356215
19.759273601470557 -1.0282155186277815
2.899476658744544 -0.3573494847809156
18.068487078696865 -0.6581691363029645
12.08149004473072 -1.1674638125003727
10.909024364809254 -2.3551213137086764
0.6923953479382094 -0.3929993462373459
2.9232123981334532 -4.052516606858241
9.85584946011727 -1.0841011876712425
2.2561917350188043 -1.9959220554347263
3.8159266380963133 1.560723571282182
5.923792112304404 -2.1557416124644115
9.250792310689567 -0.306136164525209
6.934092107105178 -1.2683629883554934
15.216570244911928 -0.5738995675137414
0.29676148326172413 -2.842926840946627
2.27640061929999 -0.84219223376801
4.366081641417353 -3.8879003394400673
19.195464543965436 -0.4875509205588515
19.60856237891561 -0.883638731474973
19.048736648635572 -0.19516368921321875
16.8621459298802 -0.23160775170000178
3.325625524275296 3.100494764806374
16.571970115756926 -2.2402081595507317
13.085951185222488 1.5879233149012126
3.5507066071843836 -1.2647580265509566
5.728991555457943 0.7999813801786663
19.640042093452394 -0.9045557248294098
7.08889324871162 -0.22674084916254045
12.801549035862639 -0.8361201272179833
0.14276310269957332 0.13883129771190691
4.4150099686410105 -2.741445249710847
8.737221011436983 0.4383135297819756
0.6552539745679229 -2.977780779168162
10.776541278959858 -1.1243968320136695
11.043920385306308 -1.4747944442330736
7.807824972544257 -0.07468593222190363
0.9509559723741644 -0.7529325724171112
10.28991199622203 0.5897504919722092
19.26469661342543 -1.4684718697608843
11.336748373388168 -0.17026661515100389
18.65137939019 -4.580825884792764
0.9558897989141384 3.0984431704731707
2.0060466949926674 -3.795668310459327
17.041066402873888 -0.7212151846518006
12.523310473000947 -1.7852174630832156
7.375106562097794 -0.741853165301256
9.497591455209463 -1.1873798021864936
16.73350278512385 -0.7881215473077813
2.001368160188683 -0.9687157910678051
9.577567426459842 0.27660148592959966
0.12900171600532895 -0.7883732765133455
5.584011431972306 0.3682788040310015
4.995569603763541 -4.966088544394369
0.020186358067773122 -0.870698381464753
9.171087830144993 -3.563690382850671
17.429363149780244 -0.7870932129563901
8.812581938942639 -1.0746553996389252
19.873390090979658 -0.8258494378477875
16.153903101656205 -0.6376470003141687
13.28662099820533 -0.9872167153856996
3.0529033768243403 -0.5266998835440913
10.44688781621789 -1.1467847860737148
14.086456037164163 -0.7688378774055764
16.625277126070472 -1.2448514034784373
0.6392506440380274 -0.8532795642404726
19.156029395926506 -0.3218120147654226
6.021993432679496 0.9048012321946798
0.667038749487106 -0.546806627680945
16.146696760828362 -0.9073117914740592
1.7102552603091392 -1.0226063083180934
4.413507345012421 -1.568266545208852
19.11515221020084 1.923411175727832
7.163235117612706 -0.7821929102083254
19.015878340606644 -1.3548533065922792
12.736313948422444 -1.2133388148061104
19.710740412905967 2.6220661953303646
1.242716638566782 -0.07680628377998815
18.590065365740024 0.183295498938207
2.19294426806721 -0.8946873954048845
8.143274085537373 2.9505072447442178
6.931054813371405 -1.2951158896675612
19.562765292022547 2.946394797234561
6.906749938959016 -1.2747845216871705
16.77315785971564 -1.4342892916291081
16.189236682157283 -0.9065357075624052
8.109206003599892 -0.6059435068039183
11.007316235276154 -1.160437415920009
7.539930599894891 -0.8747702788196905
0.9768098801924192 -0.9118877108281909
3.0108336314770123 -0.6943432531477415
7.4719584375809385 -1.0885121864463772
4.546840111954431 -0.9930542602430175
4.374734572314151 -0.7288592182659264
12.185430251923341 -1.8800720731383005
14.31772682010949 -1.5968780504169793
19.20692469070762 0.9770019294632382
14.370676155507294 -0.5275583945650107
0.12086942850520838 0.36017180270418725
12.418047746485945 -1.773659845197944
11.693293957677998 0.9485876224629763
13.402699746231521 -1.0926464583228626
1.132790614109207 -0.3970938022080619
14.253999652038676 0.17127953780270966
9.117963820064173 -0.748035539351524
1.8772063816134839 -1.0385334564331086
16.500281588744617 0.21007207469523725
17.585495055203477 -0.8668318010052372
7.781765989258289 1.8136297973251803
14.122604615798467 -0.6595616987620142
9.619445827811123 1.4523342917607043
2.550291524514682 -5.183815012147423
14.134411605532 -0.5489914061296435
9.937823290699688 -1.0773212716700784
5.128657969797604 0.6139448496895951
12.427429330184301 -1.4446340979483798
12.930354374871602 -0.23467523277104388
16.28361426603054 -0.8675703938450668
5.4775217611864875 -0.022995751762589903
19.281111832524374 -1.3483330765066943
9.088850819415379 -0.11748791701902803
10.925394103925 -2.3732752229275453
17.66755931998877 0.30401357496562864
15.80668293769867 1.5525808858559296
13.07642190778347 -0.8985685624614284
14.393717965777848 -0.5730473193362883
9.09357394277529 -1.7345978685201064
4.5541362767886 -1.5098198687154607
3.9909093542512952 0.25720170984894464
17.28245976331603 -0.9359057689382275
12.797429078619246 -0.9398265237980085
0.6278222784383279 -0.8104961538997771
12.6967098702604 0.5739554655472054
16.287253390998536 -0.6765565324180802
16.337007702498298 0.4576726888700824
8.087903370699147 -1.2481180997904628
2.564313948966764 1.185216673836107
16.134226523318215 -0.7803025491907541
9.65236111979698 -1.3532049537919602
15.798032921837873 -1.6753909803216673
2.0527863812057485 -0.8765289805574288
2.416551037251778 -0.7782844267129814
10.179079043321773 0.925210896342652
12.767829944492542 -1.0502107053950347
6.597612120843017 -1.186967998502316
5.737982920190512 -2.7650631669389467
2.7718084684835858 -0.6886118250300612
19.741911643888805 -0.6710357036009873
14.514549045213528 -0.745908289006265
7.545527910797217 -3.55922730199264
14.9022723765649 -0.2619343972915623
3.952514844955075 -0.9705647820028395
3.183720491092361 0.49212190151375623
10.442512987584541 -1.1902994226552235
5.289580352383525 -1.2717878930731292
13.886388932291856 -1.3201383226399683
7.549403118639157 -0.9167664740721434
11.547823599618601 -0.3617431805895061
10.71039807129081 2.806846808396345
4.199710481237248 -1.1119866420883686
19.92076075101302 -0.2786365796214699
15.633850551542583 -0.5295178669520413
16.945881994034234 1.983666893360739
2.478399814853954 -1.1432027553610737
1.8791733298669022 -0.40073503220178625
12.35896597667852 -3.023118559897225
10.550588104901141 0.8628699749945751
13.915775083526071 -1.6878749773178838
13.01672485732347 -0.8882738497417064
18.795125690987405 -0.9445356722288408
3.739702896736987 1.5652770079979805
8.813246936156522 0.7661184286312349
14.534917600473635 0.7190140532354151
14.091824508013456 -0.3647410261199438
16.12576685189466 -0.7511645114300419
18.52540856427081 -0.4486646384802436
5.579893609236171 0.13315808459116457
10.333875815963397 0.8274994403018321
15.356413955621484 2.1456811402177522
17.59315838278278 -0.5881561855004044
7.674883024661398 -0.41286766936882663
19.08689047985502 -0.7642217216038898
18.867291097904538 2.036743500440875
10.31262579248349 -0.262110744569677
5.08416501751744 -0.2270171569167639
7.240878628099712 -0.9129498823489137
0.3089726031332622 -0.5767052715684967
6.065439854998819 -0.9562594299487138
2.8523855482881673 -1.1496778909502074
12.6309934315699 -1.2621479090600154
13.040805508698547 -1.025240792619566
15.237202396361255 -0.6215399468938345
9.696244176717343 0.0008272182813679474
1.8014479572931563 -1.2628980530461322
17.092527839066275 -0.331226200598579
19.066514101146627 -1.0379170237021074
2.1331294132950185 -0.762749606060076
7.006480940802766 -2.415682879900483
10.30637512646882 -1.543023233791146
14.708265427084296 -0.42980296917107597
2.637931068064106 -1.8276213650134396
8.564300839807945 -2.6693375607300136
18.214175279347987 -1.0511716900702328
13.244070305592835 -1.2424503293890614
18.441284914449533 -0.14530985042092964
14.434736460728667 -2.1078226933464226
5.9677572028833765 -0.5158788210232239
9.662748356278101 -2.4300184163385232
12.407185718815436 -0.08902350493939237
13.057566006715833 -4.95251805750316
3.1139530105306403 -0.9310655664189043
9.93808074814567 -1.485421797515046
19.055325462846167 -0.0695889158102843
6.40542731170949 -1.061272489178843
12.455769811993695 -1.1875681920279453
6.896276649405257 -1.00732260734259
13.66895126607576 -1.656698889045299
10.94859180078727 -2.5001232271060294
7.444985017190271 -3.3240825880320557
11.455297577901408 -1.3681173025300093
11.587156195959134 -4.010987410567025
19.972053415467972 -0.7022217627661614
0.25858818660595007 -0.8819926948942812
13.353686099144655 -1.2555347057337958
1.7738006154590367 -0.5899271004431343
8.433359599387146 -1.1699815209995739
14.020560477271312 -0.5939862085485436
13.312531885489175 -0.9120909469162493
2.8212522684527994 -0.18287027386866833
7.728639230361906 -1.1423785697021225
9.590726473158798 -1.6754859579909098
16.00661372896238 -0.5761371889067859
3.3011623072654364 -1.3389340147309285
1.5626214818155484 -0.4837834217423279
2.3908953703652327 -2.292688226082577
18.379445196220097 -0.8814440303172881
4.345378692727586 -3.897467113217813
0.30612992209856893 -0.6636812323471875
0.5891106786827104 -1.1508453896021986
9.048285257261584 -4.887543380661913
6.05025265848545 -0.8159528006399785
8.916091202733831 -1.144757004249097
12.59250299731883 2.1595193116325033
15.119079683932162 -0.9674611842788808
17.4421944093346 -1.602450004183995
12.903523483959201 -1.2741619118251637
3.9481228094461853 -0.572804674461716
13.252027371787653 -1.1678772590579556
12.366014823378965 -1.838046088157026
5.234823921030557 -1.3438584814257415
13.941091424492233 -1.7300370707327386
2.797610892460441 0.6023112084996988
2.1979151762728235 -0.5857799084245865
16.88356536272585 -0.682860025964493
6.9686246316257225 0.13979805703465698
19.806390770844146 -0.7159558801764069
9.524957276526017 0.6517947809614941
15.101623700231775 -0.6862074003339766
3.215314809798605 -0.18596861514327911
0.002626739753232757 -0.44078987857048
16.126834882450687 -0.47083762557993303
4.000579714521194 -1.3494214615989493
0.28153932458019104 -0.28523438330605194
3.8302427346209624 -0.9798637392954039
9.480530990320707 -0.8084836443361496
17.74719905834293 -0.08738165529487231
14.599962919316338 0.25093002853818486
9.905877008285199 -1.556209967693162
12.777953831597218 -1.0217793656679892
19.533378569127706 -0.7592973576006736
8.340772203470443 -1.2680888732815774
16.08168096570862 -0.45588441086852727
17.41447891390043 -0.3700542605501967
1.1683557290661362 0.49854621728064924
11.606815412968215 -1.2684126057173344
8.901775595347903 -0.6799981989835369
18.743741445624806 1.970920680318245
19.468223632668813 -0.6949200109382938
8.37658046476048 -0.8111107969813517
9.456526714362838 -1.1808751811823488
18.843032258041525 -0.6208893515362734
7.576393370512 -1.1638333282090876
8.574470829041609 0.07437610438863362
7.953923857116411 -2.338882162212026
7.949748141852531 -0.09527254324096916
7.095688570601883 -1.4483925488616873
9.724525381102822 0.1523947658833235
8.001138423936425 -2.4191008674082495
15.431932702563778 -0.5376283117647261
14.528411410625617 -0.6392576627485055
7.197347564738056 2.0136516146094046
19.41065571187797 0.36952100028694845
4.635864880316941 0.716279404678317
15.791104520598413 -1.6557267127133817
11.944047232310375 -0.5116970868795042
1.2259523490740654 -0.6341495130204178
16.855258869822315 -0.6340724394879814
4.5188241564649685 -1.1941468689094021
7.268063286674188 0.37684685873041035
6.258869669333052 -0.5517564335740727
13.461245020992529 -0.724025063991568
13.066158234482616 -2.6978155887089272
3.819879806748983 0.3738461222404792
10.351004031690309 -1.2583466605485014
4.780628942666747 -0.6808717897168094
7.587862920071778 -0.6746406705507604
4.559936929512333 -0.9057865405614915
6.285117185326499 -0.6686498805620786
15.788035914747482 2.441714251847716
11.42398538730446 -1.0791084622807758
4.372255783402557 -0.6765999225816208
8.29295567515882 -1.2662488510455046
2.155318916333765 0.6909725070763495
9.854171805304269 -0.9688022520071706
10.248153217434336 -0.43891452550221877
19.718996492412597 -1.0361588139183493
19.635029965701463 -0.42930623686450253
7.50787612643479 0.4561673575864432
6.983090728104703 -1.9886357514127522
19.684055796366447 0.16373990139189618
2.3596382266217057 3.1881514548424983
17.707269051578447 -0.8556863972105366
10.625798975748507 -1.3761457362946463
4.684663885936989 0.1863140921876832
11.79725643414398 -0.7075702673231695
2.6602817878239198 0.19590793874151793
19.89694262153661 -0.9920922903835192
3.6086735371649445 -0.49977608930677553
5.3773639105557685 -0.7946181170618528
19.573354566243612 -0.5567242032212081
3.6580002377225274 0.7436257498139645
2.1280861063168492 -4.9599498699983835
7.41555177353775 -0.9266300360933852
19.98835103736845 -0.3636385980052731
9.449658838030773 -0.6637445663323793
11.715284070631597 -0.8253230338986499
19.73784133506651 3.1205509594957452
14.078745681769535 1.4605848251175177
3.7685889886294657 1.816282381988531
10.23307767058609 -4.266071547261142
4.500394769774757 -0.7975852808757152
7.404646374800187 -1.3447589933856439
11.20767155546752 -0.8009584955205838
8.818372747115944 -0.9314867201216058
7.912926824861961 -1.2342936834598734
11.672722050353546 -1.0256094740862032
7.143949396491369 -0.9452738880000688
9.259517372994152 -1.0718817955776678
6.069070822907427 -0.8114878122855995
18.583247617485767 -0.45591755041712545
14.106450281260186 -3.7080577618020416
5.64032621151758 -1.3479251058870136
11.701140644874497 1.9498463301128204
14.481323487330654 0.6739698325030304
5.916513147829786 -0.765558418392921
8.968131097904863 -0.9485585013357564
18.021728258239552 1.1108235549880796
4.112441587662872 0.5727311276428295
1.7947592328679771 3.312252279632991
1.594755638558338 -0.5129892685607642
15.394855254432768 1.7516124420849724
13.901810807917863 1.1810732339256076
14.98418491003734 0.018723100262248268
8.275567259976347 -0.2976627804365548
4.502891403006798 -0.8681787927392616
19.39294093595166 -0.2888461416734903
12.108774601280567 -0.3572071815021178
17.011938208813387 -1.0501618532472008
7.310455664752413 -0.042278237031140364
13.44644819882754 -1.092868526250522
10.815168472589704 0.26449893667381397
19.384443735965778 -1.2786982466064254
5.368308639837136 -1.0819793899897205
2.5928625359180226 -0.9175929381520012
1.5787981865967893 -0.4973829902986421
10.782673931461845 1.9172301407932761
15.124507426060475 -0.188143961803668
3.819189688445545 -0.764433033521784
11.150710152322635 -0.38243179341380246
12.67647551935143 -1.0454160749924197
17.178999345768908 -0.35068191919333863
4.472415656631506 -1.2008728477882424
2.0031693467988942 -1.2099684031763944
18.914294180990172 -0.7945816781705312
9.33791585947441 -3.274006960036458
10.269895852095999 -1.3803761854303025
7.090910042811931 -0.4748563396833587
16.83856367109039 2.0937277201019544
0.9536111075353584 0.37979564010778294
7.3889960646161645 -3.7326367048104947
1.198558011693862 -0.8079289666992575
17.79110993021118 -0.6395111811601585
17.2679671659754 0.05271019607362179
13.357438462096678 -1.039209259510505
15.742786889550404 0.24867604342822872
14.193437796170379 0.6467480243924594
9.806212693241745 -1.567619545998409
9.977468714047715 -1.587477028954265
12.51573113115776 -0.6260540557445095
19.557502051513136 -0.5056555750562655
9.703824737872509 0.21000013175586502
10.73025793481067 -1.304943963738087
19.168069299092288 -0.7413855610162737
10.810339678171234 0.12060753356117469
15.271309991188238 2.051973112484631
7.068158848730677 -0.41651640733041295
2.8750644466344593 -0.9888581355618942
5.43729455541343 -1.0195776567222081
12.618438544863599 1.1636010184052494
10.414491572979651 -4.581651545899552
4.803084144451544 0.36568582048127357
16.679863521552715 -2.3518673666377077
0.6799689750924609 -1.7266736144051433
0.8703249206010435 -0.7911720736119936
8.263169597691585 -1.0619605788040587
9.938759598494938 1.1468029927968137
7.5952225630198535 -1.055109712682942
11.653121994803058 -1.151902538230467
6.212629856359166 -0.23085001412879674
18.390238654602566 2.81942367859345
5.689213061202009 -3.7755026564269447
9.918940135061117 -0.6436507143541037
18.313177173543394 -0.7896309012836086
14.584814204688595 -0.8416278402885642
12.005712237262642 -1.9046292326793202
11.350240514302012 -1.502832168187159
1.743828013877791 -2.098599561092355
6.581057317918492 -0.4926509249040449
1.7185161583896087 -0.0982637382832594
17.274405085664302 -1.6502468285167264
7.504970203783148 -2.187411308617193
15.607432252814872 -0.86091973485459
16.855769091573993 0.766455910962781
10.770609971325754 0.9866740233595669
17.387761646858536 -1.5772437066391891
5.7241855159089114 -1.3568409782680997
2.294781172842994 -1.9084759337126465
18.965428194511905 -1.169747133206006
14.890866892597865 -1.6853248210299612
18.779994772475877 -0.7451213830848693
9.505663492141391 -0.9991069920407655
14.254988015697972 -0.7397380979341878
3.251917944183843 -0.835351626173692
7.593173289539377 -0.7971004352973176
12.174063591556276 -1.9074161017196278
8.906337784476595 -3.366496309510038
10.50574489421273 -2.9399897281676144
4.420419981965029 0.043308062441118414
5.484111278920676 -0.751206962652065
5.989593923656423 2.588438872457939
18.187538000396955 -1.802308533680975
2.889978500628971 -0.9825025026272449
15.476753979951246 -3.2322072282007883
17.819798576321666 -1.8175982342493455
15.860510801281038 -0.8174039912535297
2.4493779015247585 -1.2099146487591446
1.167302380262327 -4.67470965990664
6.545758586963283 -0.8889268457327159
14.901037889582325 2.347303023997875
9.080844084026946 -4.054156999043023
2.825109029117385 -1.6264059213073474
10.486362573526673 -2.462244914214562
8.39042949125608 -2.3037331796798166
14.974374206247559 -1.214073335143596
17.929362944730215 -1.3452453275555776
13.878235906746475 -0.9017982489183147
0.6979646068397366 -0.1427255058783667
8.024411736919259 0.8115642245020896
10.319599988589756 -1.0783392601118191
0.7467461671526119 -0.7772761928093402
8.803152043741513 -0.7743562637616155
17.291881308527813 1.7396587968054575
16.953057731982998 -0.9088970909437432
5.218381358332226 -1.0563451435529871
15.532023907304312 -0.4413517350594429
8.939991615197794 -1.655188366555669
12.640875757376476 -1.131526709004199
2.965695196666367 -1.2097176381269492
14.797278974985261 -0.546151266363997
14.840557760469625 0.28642930671497724
10.710190277791597 -0.49265205321652406
16.3904255938916 -1.0691661978287894
11.604879669325669 -1.082756854668408
9.813684626926436 -0.9104396030937184
12.062971734192383 -2.608039512924611
1.395261997181789 -0.8992224215236775
14.963487953880467 -1.5032610923073018
16.827054136606403 -0.7852911095608328
15.088904754890473 -0.9645561865628193
15.545491469066423 -0.7586167117916803
17.602232795293478 -0.3019440636975203
13.64867561398662 -1.059505093844541
11.21841962110785 1.0457647004429456
14.027979240244358 -1.0753956019731528
11.699310766329969 0.4519225239138007
9.796344401741242 -1.0816786887494507
15.316467092814936 -1.0214532464598527
6.887319765499834 -4.864702478594019
4.503597566936956 -1.240178241448171
3.6776545984696765 -1.1918920070502002
19.546286620826653 -0.8315698189398018
15.382421234678153 -1.0796440666034757
15.450459428337481 -1.1519519887213692
15.67617588345748 -0.879517808653147
19.95629809181701 3.0557617526193654
18.965027436870667 -0.8433142767639239
9.92371570753356 -0.8202822327707454
18.91416908141158 -0.903268918003499
18.629886630051452 0.418729360034854
5.693449690780559 -4.996279147649434
2.1075173152793973 2.2741407376256686
0.6720459919750699 -0.6775192499215185
9.946860027461186 -0.8644556564521968
4.814942651030359 0.7312786068201402
18.94499546121935 1.0124567352086697
12.388464824179309 1.1569081115694178
13.798250644624893 1.3803632450682473
11.937275994193461 -1.3625766298507038
14.521987937635618 2.2026719810623616
0.625083662878255 0.15586488832247425
9.330988748843914 -0.6902092505251275
12.289341910436052 -0.19806795398474347
4.610116184819828 0.3980712247644426
8.177752166272208 -1.3315525156662575
19.09066680234038 2.0599494488185934
12.00898168719151 -1.1455699130325319
15.740068817871627 -2.2608577587973566
0.30613824130372747 -0.10878711513431244
8.580154048358223 -0.8409856224920765
13.060130308645894 -1.27419435512135
7.101445078369341 2.0695520271773242
9.833507267665674 -4.391073277519176
17.06261373279972 -1.1325019994393983
18.226189870197715 -3.0003706568836344
14.12108615766085 0.3283783959934156
4.865660576314291 -0.8184648678999313
7.5853681409221885 -1.024950337571882
2.7917143535447884 -1.8203534703644935
8.74792988170771 0.10540503494157757
19.03953464141686 1.2158416347805605
9.811605614802044 -0.2542209809947166
16.115633915323006 -0.9764767304124841
18.154486101823686 -0.8506651586883427
19.298718306591137 1.240005420409758
15.181217254662041 0.9814411955678922
6.589987529419985 -0.34578383214538305
4.530633250444691 1.8263067200549905
14.628868123462004 0.43451663505364424
17.710644114723365 -0.3529252107138429
9.748201074564363 -1.9483059855691451
5.644933639055234 1.356516259566137
0.036710566193206486 -0.40446174066861473
13.605817076588156 -0.5735133021282504
10.037652455251296 -2.1863673621147712
19.33266683337901 2.0930307678833175
15.279472470385908 -0.2975706363058814
7.390627470073273 -0.6103867981744414
14.416747045010506 -0.729236392685387
1.9543773844215218 2.1811997604486844
19.774049999649268 -0.5830095339312836
18.972868624789495 -3.0552319714437335
15.822682318605809 0.19467118827678526
5.612021273212141 -0.5026627599212619
12.363720789453856 -0.4954859638037295
4.818515340876109 1.830547679586708
10.464514139111964 -0.8902505767762504
10.465110059575881 0.6207461270792552
12.93233717032938 0.7972792436926366
19.550218350772436 1.7367422739392362
18.38245651689087 -1.1375258542938111
10.130519658916322 0.6311290172741435
11.800399318989433 -0.9973125664066768
19.021503887389823 -0.1264960583742572
0.4348695673662658 -1.8567478134608444
1.404062743253086 -0.4669240921467273
1.8104384543444534 1.236009074259996
17.14027162240411 2.601768095125917
2.1936116196712874 -0.24828644557293778
8.055775484418463 2.238769956555694
3.622640032890848 -1.3380103883474188
18.76090488498738 -0.6535609703077104
0.7535770689382952 -0.4745738871287663
17.306330123134767 -0.8259368315406086
18.062957962920386 -0.9266897967323926
19.891217008026853 -0.16047835396779053
6.88050295990233 -1.5059541153883997
7.079277723228012 1.8295302628483956
10.99739230263902 -0.9617557398042076
11.666514302611443 -1.122955589236637
9.339144499218154 -1.6816638180100016
6.203380521590267 1.0109913304846672
14.203356056905687 -0.08014074031744876
1.5647220761372889 -0.1594101199913675
11.215045004125756 -0.3539558246900375
16.382665729931762 -0.9867689466098596
8.956653011601043 -1.1069507552694653
13.772463286790453 -0.70880126319174
16.931529319213855 -0.9965573229597318
15.925522658639702 -1.1003515298723143
5.307857276854671 -0.8968916502448733
0.762808681269026 -0.7210580711574152
9.701825453010674 -1.1159339287762544
15.24175231173118 -0.38111155508065797
7.919732833624044 2.0468966842158203
15.857967787302526 -0.713833448094638
9.77100173768703 0.9339943907884324
8.784297099024487 -1.1329999215310604
13.708830450918033 1.0257029788834544
16.05185195306857 0.07926601972058556
10.833206840371934 -0.58689712972262
4.973396055326953 -3.2406315715048333
10.267005929832958 -1.5759384603825595
8.483594028694872 -0.9404841655177687
16.29657809388501 -1.0645965952162288
17.258441508378855 -0.7227000010153563
1.2379094978537082 -0.7237304817095622
4.294788919599378 -0.3024776063130235
4.7616476218701 -4.660811963987766
4.826746978933504 -3.619661527626584
5.827341098547539 -0.37485031516505934
12.472742613322465 -3.311478429377927
14.421984567154576 -3.4833585790736894
5.09708519606575 1.765828071742367
2.9661883021984163 -0.8871047450540531
14.31834668919473 -0.3089363164111541
7.05593870202655 -3.126422973809686
6.826960664859894 -0.5953992423283265
8.70683908240318 -0.9850239579167855
3.3022324122183573 -1.0148931510451538
13.709598285497249 -1.2188763659246178
3.4698587772923135 -1.254629846555048
17.993021539537562 -1.668589692792758
1.8278361373561829 -0.11549075407475501
17.642385091249114 -1.0202430293953
7.624120644862426 2.465037191228868
4.262027339682807 -1.5569387879973258
13.64901417269971 -1.9535802677909124
18.609440602498275 -2.225944628314703
16.40448418126912 -0.9493287451904141
6.922184728288875 -1.016941795666705
16.708623963752988 -0.5639215591610007
12.327318144853244 -1.1195947634319874
18.091336557655428 -1.2007075003397392
3.4545303883106846 -0.2133893840065343
15.26976377051936 -0.40164375947510284
