15.285562117081016 -0.7170220063660826
15.988120761202659 -1.5576898619991384
14.096535913568292 -1.1112490559602342
0.18321498813414822 -1.4614274631915167
10.593550167764 -2.4642398453536636
10.666610914732205 -0.7522286810247055
10.204753247065787 -0.9544667731210286
1.2962490092271581 -1.6118081660086057
14.252720711409799 -0.2618173477758626
4.950512062062708 1.1282725506193643
16.534646859974753 -0.24194903725175088
9.929273942791108 -0.6570354288815646
14.456052414818238 1.9051216142585947
1.9713041481529887 -0.577507617352733
17.67928386993477 -0.9415756042017244
3.4235052598029476 -1.3333439071661255
8.456192386708175 -3.6791111158300556
8.320755797453748 -0.47138038576354324
7.508693783640181 -0.75714324224449
2.7515928947276738 -1.4444258559244065
5.379265627278113 1.9026743623492612
5.634781732747552 -3.587186425472487
18.809155974396596 -0.7664306571799357
14.015265232457718 -0.08805204256048348
1.1446959627493813 -0.09158442303672729
15.926908218816804 -1.2895095748392462
11.9852741431242 -0.43373600033965976
12.984909783981433 -0.939198846351563
1.241259325146156 2.5712060128183163
13.246975760369006 -1.0930733137198958
18.552450995125408 -0.9048689101791018
3.8596643104416346 -1.2143507454775249
14.845254129207719 -0.812742682796703
7.5498668758576555 -0.7228175039306775
12.334525072017607 -0.8692517386152216
14.06502016061329 -0.7150635387534454
1.4816045769858581 -0.07570828996139156
1.8034603287450437 -2.4610687361578774
2.396314765774575 -0.21317180495754243
15.416994172933611 -1.0209189667041099
11.937505186113224 -0.2532805684615768
17.937809612505703 -1.2385652160565612
10.320500018218235 -0.5149296768617234
8.574847575839824 -0.17664227897684626
6.9613210636668725 0.5856270727066533
8.704342243064533 -0.16972836841750183
9.584100468110101 -1.0074884493616725
14.401628639777028 -1.0936374721925053
6.593482726692413 1.9330923535545135
11.623200513190174 -0.9752231450630408
12.781811656792875 -0.4730212139586898
2.0645117822009382 -1.378123067613518
9.420593380068887 -0.4292921844435709
10.799958333093098 -0.47434310096970755
11.118379453632699 -0.33738106829606296
9.19396145659109 -0.9325414596942128
13.402658091254251 1.6213631706902538
11.590504051329109 -1.2483428374100036
16.40434729013459 -0.8628455760247922
18.544035633644018 -2.020116275029008
2.9804710793773044 -0.9980051884255761
1.2445159844784384 -2.10377982926267
17.072266860233388 -0.8327200062644915
7.355519130749068 0.7571028669336287
16.986624233829758 -0.4682562703109735
9.457408206091166 -1.512331962853911
6.311146187517351 0.06686173202564767
9.514159301021877 -0.1353263800753312
5.905248736060501 1.7560459039461442
16.998432842514568 -3.7670673071882743
12.278166939426841 -1.2719232033243333
15.403519671976632 -3.5278673111322827
12.768260866656796 0.3949316104976275
0.2910596845296227 -1.8329247257974772
14.089095662450088 -0.525616599319604
0.49133474482699274 -1.6689840381127992
19.98395270433884 -0.09021599669089507
2.28881279829144 -1.4322235499743643
14.88809249928517 0.4901541878375744
17.012849830660326 -0.6586512320504218
4.661509511607215 0.9108399766604025
3.7221370658139294 -1.2680074318048256
2.4374288541373152 0.389654744985995
11.651274763904656 -0.900494530755746
10.270021290418963 0.59708033148042
16.941406501167545 -0.9283893041408201
6.374900851285393 0.6239053041315762
12.227570885116842 -1.8393878674526616
4.9864485755207 2.0612087961140504
7.66912697123487 -3.3008744014959053
8.110250598119816 0.06681371465906659
8.065673495188008 -0.9231759533437883
16.892629000116376 0.4585336922904931
5.511611097731461 -0.42557496172892606
11.000189788734996 -0.8375293929972808
10.293455530201143 -0.7832047674704957
15.813742352394263 0.5135023125407403
12.38513085138105 -1.146632619960252
12.000358153177219 1.1584019642862495
7.167902828193338 -0.8161370025577396
1.5865284223788971 2.647813798870214
13.382959298101202 -0.18673317633834804
7.741199705837083 -0.5135142053495925
6.499017605367594 -0.5731595989609432
5.062653187856662 0.1366019502906014
12.3843848618776 1.926458259327922
15.610428829972365 0.826770807937345
13.644422598613641 -0.920599691002923
14.834830995924378 -3.453650885691688
9.556613572237643 -0.8468510939324597
14.927153826303247 -0.7992611269160136
10.324847919589885 -1.3104806061279937
10.129631347290566 0.7491557474856916
14.766955412898458 -0.012817446472336598
8.50994387587489 0.25198903642858017
19.444388267999372 -1.3205714623566618
0.7344818803500069 -1.1659007041573655
10.70664120195171 -0.28054258163310564
1.4192924715322623 -1.5129408722838555
15.61863678606061 2.2627406262218495
16.636909939335265 -0.6882755154539013
9.830578860800557 0.7309814147432508
6.75851299943062 -0.7766985220603653
12.058862572700583 -1.069630969650136
4.526902901532429 0.14095063587550583
10.26048471096492 -0.42726293480962324
13.923025126803742 -0.3807383258606366
7.447106734543141 0.7294938524740701
4.353692921119308 -1.9029091584909352
14.839311617372543 -1.005519414519993
8.31986839373328 -0.9080315736987429
2.3420620934904077 -1.124695759432684
9.24761186919702 -1.1897177826532799
0.4611515557741761 -1.5806038518264658
9.78360766425615 -0.8669248910872313
6.316168640183269 -0.5186157229761966
13.51562474842734 0.7990021973428888
5.723183678368745 -0.32733548416616065
1.6413456133840734 -1.430899825695256
1.0363927643597997 -1.1308660205932215
15.525003858358591 -0.8487046059913376
5.769012033543232 -0.6462166557184255
7.208758937501513 -4.02257830275232
0.37200670423452636 -1.4608415457266068
11.986210593204127 -2.9643106282346428
15.139731311871383 0.2265595346910701
9.630374146763282 -0.6187048947666579
5.296180880470453 -0.6034101616319876
3.9692260727972735 -3.6940828140602315
11.179476564604931 -0.35346628814787195
5.258217041515407 1.492996021977284
9.626640886905905 -3.4386483968730084
4.600663736606764 0.11389166448209818
8.297462568388696 -0.3771954629691767
4.519260001936356 -0.8128002290941265
12.237691294046346 0.3695474272218383
18.190465441768726 -1.077230204851092
8.455727824304399 -0.5195457490906623
8.094167211707726 -3.725751803496102
14.233121685860972 -0.9048667355986357
10.436268028230353 0.782822117603298
1.300737073608406 -1.4595712541720873
3.4309902563683297 -1.314779095545008
13.605389384750561 -0.6299134212637664
18.28813795504814 -0.9394910542694341
2.149891470762764 -1.3968474543640084
6.998578923000119 -3.457557038042658
6.916257147520694 -0.5523800989547138
9.580765898667929 1.00033089762463
19.38903794306936 -3.5264085531261866
7.860997469096626 0.5396829669235613
11.315118871399712 -0.520137582485447
10.129054657289918 -1.1408007789040522
7.586609871256675 -0.4096408561232737
17.832996062618058 -0.9202857917797012
7.063472225184087 -3.8068971373753318
17.526112862836168 -1.5121546038813947
10.750415208416497 -0.6378838063807355
9.813009657954122 0.11154443491194596
8.567679576795081 -0.22083179626774724
17.12324419830429 2.6542445302485276
15.676267684363642 -2.4024590753806527
3.7088323117848296 -0.9146305023606353
9.555663014396092 -1.7201238301955166
9.250576710774258 -0.8585384510022909
8.207805294862936 -0.5747652208010652
8.787509184606327 -0.2946989954288779
11.194993346343995 -0.7342352487114933
2.4700023499301986 -1.1322506171411117
10.43266766061724 -1.3233954336821545
12.830492956529987 -0.7143287763383138
9.00009213891483 -0.4995080431823272
11.67181579637093 0.09769535746377907
14.342654447851794 -1.6664002498939288
5.181324325460822 0.5932227312629048
13.95378553470512 -0.5920404427154106
4.813616772388677 -0.770957321740888
3.5792210269111835 -1.0935527722300904
13.081469295544363 -0.3087359037856468
6.334505531242567 -0.43867926654591577
15.17203625959272 -0.29799877498375266
17.176986676534383 2.411981272656647
19.372448591570087 -2.098364413815119
13.30057363351416 -0.5774218383191417
2.9771600685485957 -1.287317477812149
3.371081255050485 -1.0936744971838024
19.682164123613372 -0.5082749772867599
0.6567395278044302 -1.5670270979401013
11.317124470740351 -1.6891902857368728
8.483532411727909 -0.4587022058528991
16.912335119069784 -0.8972388581058822
9.735964803075412 -0.7000388759334845
8.4845390806326 0.3648984282596064
6.365978811319318 -0.09082758373797652
15.607570987114787 -0.7260113452360396
10.868481541873443 0.17723838456050892
14.819083421291149 -1.0063782968689596
1.6736534305972526 -1.6688540074503522
3.0255033368341366 -1.330854562541804
12.747054914843586 1.558196731467272
8.78349100492376 -0.6867853844476588
4.971951626076693 0.06534851124937996
7.985840913226784 0.434685526559001
12.88403618022898 -0.3778684442041007
6.909575525524681 -0.3631813112367069
5.366701874412871 -0.030648023848343947
1.4778199097497666 -1.122317976800153
6.799701766061657 -0.3839340824586485
6.000582610727943 0.2395423862995551
16.931603240021897 -0.8823107775370475
6.80944348845599 0.34369917836820263
3.5765219509083304 -1.1853376998305563
6.590432203505181 0.17820486610154662
17.367527500929732 -1.0136867089529449
10.73832159814589 -1.9494244923689403
18.29091129777045 -0.6121261308109864
13.318014980051982 -1.0508303760050992
4.508214048053434 -0.3005629396183511
13.44053020489112 -3.4592173514040563
17.729567960435677 -0.7675984952033487
15.466714902152845 -0.946605798856371
14.344980638184198 -0.9625190793038622
0.911887005916189 -1.476351453762804
19.93181688524133 -1.4991059528068817
7.975524207337967 -0.729512103276967
11.404085350103466 -1.089392328807766
16.743250054313723 -0.9624642919595727
14.215927814070927 -0.717763000161736
8.563964330353102 -0.9766549522622106
11.725941081047832 -0.8807739631266384
3.819767813810636 -0.8453745500917181
8.421897115179247 -0.11975565363833646
15.019007070511154 -0.6878558257161582
12.839941152437394 -0.8934018176632427
7.417117572940175 -0.538196131192268
9.586807107456425 -0.6658165650258409
8.435775598351208 -0.5530190592536518
4.3523614231626215 -1.0567991311288973
13.007084335737611 -2.8464253963145945
8.57564541392364 0.8935126718822747
11.212760122277238 -0.6418702297410183
6.859416188309231 -1.2269913393164
5.9797465305335775 -0.3099503692222441
8.942670134889518 -0.12435515997140935
14.148293205498742 -0.13010093475816215
16.073177398475487 2.0055214819521017
17.594362262631865 -1.2488510062328146
11.007092880308475 0.9574578896421497
3.0983641561517112 -1.4812974587939012
7.693228017043861 1.2162841596634173
9.42531480020498 -0.4706330483796341
4.906211328559789 1.264085231218713
9.829049841984059 -0.7232945191460111
12.708777663206613 -2.87645550354424
3.2630415891436066 -1.0623302082760757
8.464442228258035 -1.5421701346204746
3.6231594990352587 0.0072000289115772
15.7814501853775 0.19646539038817432
10.876325442734863 -1.067820972789251
8.984465872013386 1.7675108239170152
12.981574801906682 0.05052342782703033
1.8253144864021023 -0.013473619657256804
6.539893973748674 -0.04486886328443376
0.6785236903279959 -1.6311739821455102
6.587830016904468 -0.09309692629030264
1.7409806197172775 -1.3482144052997163
10.172079701919488 -0.61984883655221
10.243476305141643 1.384796913770323
19.459195652791806 -2.0355757913295562
16.932805934476654 -1.007769707727761
12.060786453221022 -3.331284951258354
18.908175532776124 -1.2328299330997219
11.055093250664664 -1.1564208752454195
7.717198978930638 -0.9180178653002524
10.84666582120496 -1.5093003977888837
15.55656161987719 2.058651194072581
13.489388491618843 -3.438469098015819
9.683052161194889 -1.33565713638649
10.466151996439514 -3.675855339727293
12.236148870932904 -1.147363015432278
14.780583191287844 -1.8839793934253972
2.898124446517622 -0.9943688447610688
14.717304116226668 -1.2227943891290998
13.517413399991545 -0.7224327330090852
1.1546155828292286 -1.5522760396158524
11.622220365234941 -1.0313506312408043
2.9002545907128265 -2.9077176934470708
9.314600697257337 -1.2559551740677326
4.636479969881404 -3.924924360423343
3.421361850757749 -1.317469938641341
13.430398695104559 -4.585004792494292
19.05408580895037 -1.5611157742680062
18.774789337260994 -1.315252475541024
3.81317561999309 -0.6774199268037194
15.440192287651238 -1.9703603754326515
0.4834523057351973 -1.6061097140769838
13.702383557083275 -2.244457536740605
13.942052712750705 -0.794487398377273
3.7011466681594865 -5.708027706151722
16.09021372107574 0.8893812552611253
0.1264590742770894 -1.7244413967939074
5.449791661358336 -0.3423910863688453
15.352589033248522 -1.0884474921959886
15.04160990306731 -1.0729344749006366
12.717454904655956 -3.2163188970076813
14.433623909556639 0.20230310463428114
2.851293778217201 -2.459990714865997
18.424333195923076 -2.040858228705873
14.779964885634014 -2.876753810111626
14.470883379721613 0.1757142154499185
12.85278934616221 -3.123983794971019
9.355901738704663 -0.9755093634526505
13.264044662528905 -3.021930086969445
16.44043198522791 -1.127967999911147
11.927049472022377 -3.2886301842993424
12.760340902085732 -0.6953608161065258
11.50512033247287 -1.3220802060479337
7.814087474952119 -0.14444812449378897
17.274088462699545 -3.4361159435573994
1.8776491270563538 -0.7675731088461862
13.478094574752703 -3.5289620141471634
15.990146288631289 1.4741985429227642
3.679196308314674 -3.6520703410054693
19.333149388971627 -0.5301391614866307
0.0022107379725970766 -2.3252727443023367
19.057062218806223 2.6450897608747175
6.598519808575776 -3.7451670156260444
1.3400662303728232 2.3513629348727343
6.796357962584136 -1.093755404578206
13.512105337077857 1.3227484168336394
8.243088281779398 -2.703834411372545
13.102275012690146 1.5923600282991575
11.127026497492206 -1.4308319715093993
19.468710667960167 2.1946050619931134
0.37831793711456035 -4.230105436932033
2.4497168559912303 0.20526491448640133
17.472229948994872 -0.9180436526219453
5.012331137924798 1.6074750255658947
2.99317018358144 -2.3151762378776217
4.562615820969238 -0.2614812696503137
15.339215371018676 -1.0567367092031532
13.164579014313064 -0.5000388694862657
19.870676454336365 -1.7935203633023742
12.18683747659533 1.0275950881993425
9.559199345702952 -0.6005197106531898
15.666190380612289 2.1322090605236323
11.952470186786185 0.4848361110892197
19.134775720899245 2.524394840029089
12.636349188659041 0.3776693037592638
1.0314462988024375 1.5646582450322115
6.7900140321400855 -0.19103472560581358
0.1710001111102244 2.528250389071016
0.46948785223012907 -1.887842832724674
10.516595394871823 -1.8932976682059781
14.006100493016262 -3.9221916400877372
17.002793139068014 -3.772198852233066
9.703744927529849 -2.01859639920017
3.421140186570966 -1.1879958002805597
19.09201497967399 -1.1709303243286278
11.646354347436947 -0.5843746991760345
18.337818163742167 -3.3579651992528423
12.306044791454744 -0.4199136695961161
2.5476925902272143 -2.359763816672685
14.428595789269831 -0.7065140015256055
14.113497439119385 -4.168706281990479
6.527693133363756 -0.7173562545556436
15.940883469632833 -3.278031927143947
14.591813370584163 -2.933751334551296
9.13294018304533 -2.1404216395249964
4.597073269591034 -4.219756502589332
18.977731535244352 -1.4157083349549222
11.628796393718028 -1.987659819046593
5.130441227394694 -1.7083843465907433
16.355404779965404 -1.851191734653647
16.659841070190694 -1.2358989855382623
8.815155314846331 -0.7749143903499259
2.685135984336663 -1.1013565558493292
0.7211241612713137 -1.8848953951191119
11.710288097754297 -0.9332749878290795
14.917700111855744 -0.8923149021515873
7.813892131587772 -0.3703394498739457
13.357887779854146 -1.180906097298905
2.1234962674996285 -1.3960620649513384
7.284249061139099 0.7165218456515808
13.191423722834406 -0.8671844877310985
10.705969791234999 -1.112390665860302
3.0031825472425826 -1.6788987428528548
19.68852039146775 -1.2814815224956024
3.949854555040473 -3.5282587788640147
13.811517081783675 1.1192008560647504
19.88529081870179 -1.3976641311672395
2.88557561970623 0.28418561986060414
0.213815101985828 -1.6084519335882141
14.984530390870066 -1.11076404741515
4.249632217371936 -1.1646272247158769
5.45623842662345 0.0888729951876759
19.577529895522034 -1.260157360328939
0.4508185741370201 -1.4871865426601238
15.17236752328073 -0.9923164871706238
17.33470202636392 -3.712915796134808
10.597697542654524 -1.1882840350042292
11.93248315628975 -0.9958666390225198
19.140833806996092 -0.6420686784751249
17.190011268598255 -0.8567959501688709
6.217599177259375 0.038721576863191304
10.751584153821245 -0.7818455139612692
8.274140679556776 -0.18745200064342424
5.256785435219345 -0.5152709793009145
6.63558346310266 -3.570678675426105
12.279722957654569 -3.333954701386439
11.170668782018796 -2.147277703514825
16.258745434545673 0.46268951948701187
1.1117813245280235 -0.9641584237760783
3.004891624609208 -1.1896779003344728
11.815534148065684 -0.938282777218005
18.003429966610536 -1.1090560240839602
16.921751838775624 -0.47811982834677735
3.2614695109336553 -1.001793188802067
16.507190283697117 -0.8748960677766142
6.092730111516469 -0.18825786919247406
19.00551014113797 -3.30125411713446
1.592937664902942 -1.4543644538094085
16.69386738581226 0.3076525903439691
8.51679786713231 0.16172722860310912
1.698099001291864 -1.582901186198485
8.718509184469877 0.16399310951578872
19.96887205920445 -1.0950141559989457
8.3624893855947 1.259600761644101
15.896434762343862 0.37307111420974354
8.443601818032006 0.27930689377971374
18.875045945798743 -1.5068594479396469
2.0954582387021947 2.6195890978555387
17.107722458052734 -1.1746234803585711
16.569202867818106 0.010990290108284444
4.213883774329579 -0.4370056714477593
15.513895199562802 0.2803773048545259
18.587130332365824 -0.2926944954752505
11.210920648945992 0.11261023442212452
10.79747059915182 -2.466047093004889
2.2594750760517535 -0.760142991564821
7.953669545061529 -1.433826412569963
1.7191594666349117 2.233096097691848
9.047217497243212 -0.3967056715019337
15.36335217243841 1.5910211521933086
11.098502398502667 -0.6426356698677262
19.727111944983832 -0.37785875193955654
19.022122594041313 -1.1889660417646442
1.7593999333517645 -1.8115840620600654
3.531662333616403 -1.1556365304014422
10.860878468541795 0.8003324873295644
14.253275020102217 -3.5875460545064555
3.7481922657232 -0.2905488618561313
8.58621217793658 -0.11288162646537996
10.193411175341511 -0.9310773150894389
5.154199683297745 -0.5908186272014041
7.044529724365566 -0.6702703489487883
19.85872505894772 -1.1137825910255843
5.413403722321432 -0.3081215398848267
16.345032985927958 -1.5057712609612477
6.186762066107568 -0.7492707287202279
19.568134672544158 -1.2736809830536067
18.060615235551204 2.474506729002293
18.898045727634855 -1.6366075282251489
2.1766327428870893 -0.8426318592458806
9.026901368300795 -0.694760195149328
12.05137468430389 -0.5567400239329104
8.899762598762612 -0.6797202358803792
17.86256053969061 -1.5014819409544786
3.097386714323425 -3.0420408367483915
3.9025456433396215 0.4054777605074139
15.664256449737566 -0.9014532676434758
12.98978731904092 -0.060524490402938905
1.5712581154229825 -1.3455217444217247
6.729155630628084 0.13279809760074457
9.003981283120227 -1.1348887526473823
19.832344406131895 -0.25765259100320786
9.508704393291064 -1.563870009131873
0.7584245041986732 2.6861458158235907
11.551152665552792 -0.8576467815661132
14.57097717671481 1.7668035306449623
10.783385471997352 -0.8355979822667972
10.26860935432577 1.0477749765350834
6.14797851975066 -0.21026916841003446
8.04416544710622 1.2397378483998676
5.470707940410509 -0.7087910292142188
0.16898343236224278 2.7381405182657326
1.0153427362050496 -1.5065600513808928
13.12172186903552 -0.19369607064312128
2.327048632633099 -2.3340318784027114
8.016760818624073 -0.3013501887607885
12.95438338009077 -0.3031667459564481
14.791020671377202 0.48780596021067885
17.367041087962324 -1.5312987654887888
16.59509638405331 0.6160784030482982
15.410013361524 -1.0198582637339537
5.059714771205704 -0.4445063238855782
8.77617110664427 -0.7481860759516421
15.818813817896476 0.31539929379761383
12.06326723733736 -0.37776445654211166
11.724320511719018 -0.6704251480173823
1.4082092117488882 -1.372570027507262
17.897726283432657 -1.37512145491889
11.269195192200659 -0.7598433075333332
1.092375037480155 -0.6612929971696355
4.9180578813794416 -0.9678460124863018
9.967245992593188 -0.7146683027356675
18.315514488380916 -0.941675053391872
4.898660057817253 0.9806404576133566
12.298906819982871 -0.7798935209640654
9.716029323716365 0.05750747144412634
3.5560907562173636 0.2877916054068977
3.8292635001560544 0.5313904038633835
19.53807363645434 -1.1090234765029647
2.2065563398754664 -0.6144663235829217
15.326408370618722 -0.9182024592848604
12.689051650628222 -0.7367541155262526
15.391420905861137 -0.753049916496762
8.076423749235937 0.4522697649531165
15.982483381105489 -0.8268958073510608
10.363174681502885 -0.6939114870845062
4.493877723333314 -0.9341023556851201
12.155311547657478 0.25181583176227645
12.17183123068406 -0.4825541351070165
18.328525647867686 -0.9751637688091545
0.9896236169582524 -1.141203726768175
12.337354559338628 -0.7281181010541682
12.301482784192993 0.7855143394597031
13.223584816774695 -0.6198420993756003
2.3388612749225417 -2.268600383336561
7.073806749963373 -0.6742934576660963
10.907352280708892 -1.0044595941218275
8.126749104059234 -2.0617715769530265
11.661207272371819 -1.6311059339850305
1.967954250446854 -0.18138141064929741
16.779888678545976 -1.058953068257714
19.79247249382766 -1.140864593720514
15.159602490395107 -0.7560832818881266
19.316174083610964 -1.059993065908372
6.471887014958791 0.3183029223994299
7.94779653778814 -0.404438853593797
17.884323398087652 -1.0721728066284397
2.081565254589089 -1.6674674195404338
16.916612788174213 -1.0717271358793186
1.6635082853510061 -1.5945769718417684
17.775496857356284 -1.0927584373736081
11.532507637236078 -2.072210241393886
17.68184412349271 -1.0079640442897093
2.612233510602841 -1.5078475567250036
4.033805560080904 -0.6610334423748474
12.708859447974854 -1.8428031681519228
7.919751218510836 -0.506749265796306
19.521766421230897 -1.4985042396721937
1.2150612087826904 -1.3009459161168242
7.518602641687534 -0.2647812089029479
15.60701721115275 -0.8032775760934264
11.364880766382075 -0.017204265788470854
2.618983928604833 -1.961083458127329
6.482578172101441 -0.2818863116614061
1.8213114921529359 -1.3948938407011218
15.083749790121116 -0.6036507492849076
3.708570445656374 -0.8816118992550491
12.064891465119244 -1.8762110954338926
18.553949614387975 -1.1640919969247774
8.76512294605599 -0.4983924042539264
12.521016958342376 -1.2483475056665505
2.3754544093680616 0.08501575709180582
0.5634550025439582 -1.5498237069317153
19.459165920151666 -1.5570527081021848
5.0528452613465 -0.01020680506681846
1.0422956841270459 -1.4895945130723427
2.1018916477511933 -1.2870157583714934
15.836343920253979 -0.9422309872687111
1.6234507019138276 -1.080251196117967
12.549254844883972 0.8732898916192839
15.786898286898486 -0.9764633020908916
0.31336096063789354 -1.5791198735812604
16.366767964834757 -1.105245014913656
11.602029681187704 -0.3268663463411402
2.258804276987543 -0.9231658370318665
5.849087698123285 1.8748832932396577
19.04082526077899 0.006370485153476491
17.55910451390947 -0.8758948322422752
8.09978614538895 0.010930289912594704
19.580154253746056 -2.1083956033115756
16.122243628057138 -1.0262631912696973
2.4684167380692923 0.1738355871989636
17.89806492888038 -1.2299197566023097
7.862860555764084 -4.05237533560376
2.594392679776919 -1.164761421153782
5.955124079896311 0.4710896342971077
0.5429127800084215 -0.6635671451648245
0.2892183391156513 -1.4007567918567347
6.451512629168939 0.0926316537354638
4.074450602452825 -0.8422233696345665
1.930608381777296 -1.0863817489638077
2.906782740653124 -1.4914897270088252
15.903584977264654 -0.4179335230506705
18.384345384366185 -1.4745591783594376
6.0252167166377735 0.32943355500113114
9.151138940421584 -0.9297397192183567
2.109218457875657 2.0705957497699434
3.2175295375286797 -2.953972607581486
10.813151675206917 -0.15548394408520785
11.60297349490101 -0.9237105088230303
2.5663984200924683 -1.318943306839056
6.21965762455662 0.07965674615712837
2.7395271887481902 -1.3121596131932958
1.1758614286661875 -0.48063946785881634
5.6592583952177264 1.6443302844617107
18.12973847975283 -1.1787798568355508
17.664535857580233 -0.10175510149430651
2.875991806890429 -1.8301069745839016
12.97929121609866 0.12414169309529303
14.542502972019205 -3.515456618396092
18.23934151946257 -0.7412444663273956
1.3347363046931378 -1.145183713057265
8.617039275980774 -0.08398075268004834
9.451073114587361 -3.644699171747708
14.922431114100338 1.422983234060597
12.747970815269891 0.8509678632008418
12.693381919951324 0.8734656720752733
3.188476292973523 -1.239232151634969
5.42202573495175 0.34183827005453343
0.4341279295243964 -1.5098074989162191
12.149318673271427 1.3127766111468684
2.18893217694661 -1.1267951192943604
9.005451994788421 -0.4131201000901694
10.754557520660775 -0.9342056983184372
2.4184939205031672 -0.701730839033767
3.2686472374260753 -1.3822988046399474
14.79129787402617 2.053220738114281
5.340654314262467 -0.2896743502301508
0.5404620269144189 2.2684548805695095
4.825301788162194 -0.5926829372572515
17.80120043997782 2.4620144585034804
5.179135362089675 -0.09484427002834979
18.970236600277378 -0.3902487418746243
1.5978215395903983 -0.6553254928399244
1.8247614339879308 2.57642645211937
10.677841414576923 -0.6954153069624375
6.806067111822552 -0.030341481049692545
4.604865452506287 -0.32530511612678886
10.511700328200643 -0.296256975331518
17.81743132336984 -1.512659477038246
3.5673173248622403 0.10553333311852123
1.2062549874363164 -1.4267854741885801
16.021476896780086 -0.26325211029253115
3.7826373709554435 -0.835344205027572
4.150371990157506 0.6140395044328648
10.05172422870514 -0.6798833969628131
11.586189285629636 -0.4556177565169234
13.173633461824057 -3.9383352530803535
19.66493309653535 -0.11158910083472423
8.023241616883967 -1.9794439843167273
13.352924814555468 1.1275687169129949
10.593097461930128 -0.7374193370871043
7.4265707084464365 1.5643874654027725
10.419254486229711 -1.1065278604117685
12.299223151457014 0.20772611191540816
5.351400802101996 -0.5817702552490205
3.8939401156393147 0.6603148418580761
5.871912171494695 -1.2299154425894379
15.886391692065457 -0.17824715538976602
3.314268518615311 -1.2018510775814548
16.751549252195545 -0.5634745372324788
3.6680634642214818 -0.9579947490184192
6.7544800272646 1.1424169765149284
6.777485560120944 -4.046676293129267
11.957556657218696 1.4025356308390262
11.675648291150617 -1.485263132017062
16.437097534652263 0.5140972640608187
16.99658660984543 -1.8195873157186688
2.886870455281006 -0.46158500431196187
18.41197629844243 -1.181989820095735
10.619793472705235 -0.4886474225242835
18.183370446284435 -1.195481490336481
16.177640052100273 -0.4822510394238685
4.977379075315695 -0.8237028140856233
13.566756635850608 1.6617298772611258
2.8696862633682447 -1.1109604750763133
3.2923481932062306 -0.695633022082504
9.02266098455733 -2.5168313563558105
3.4131354584143048 -0.7105510849326966
2.0048504752702163 -1.7669746688110637
6.112223256412774 1.0357862975418939
3.1521084417691707 -0.9018288292520631
10.670808708004953 0.38183995602565435
10.919182592198421 -0.903370427625548
9.021239723347454 -0.36221239747505285
5.422560385470213 1.657881074875945
11.091199514526581 0.8326830278098784
4.652005917477231 1.7629487139188178
15.178511279172175 1.7243799752389024
5.376622385517719 -0.16393993997582335
9.881056706065522 0.8217081280983799
12.33977853018507 -0.5618181540824971
9.55050449088871 0.83326501186337
17.253136002185713 -0.5472181474616076
7.616798545367157 0.41116085776270833
3.6869506905136435 2.3429048133148567
8.864066648244892 0.6830974915943331
11.334878524441915 1.492725523627902
12.439604055275964 1.3657920243197086
16.087631650594943 0.23002775875291626
12.92260755963606 -0.12349957926944774
13.601329929151103 -0.18969616654193383
4.1236551614450585 -1.046574862813928
9.426672053417544 -0.789011796124654
5.441173564915499 1.7463534072660083
2.302472173611971 2.6509363039813425
17.098601638572617 0.20094591997624003
1.2483373438400973 -1.7669809060513324
7.5561300264106075 -0.6029739615027943
9.056928117217991 0.11365759818882017
7.027357076367002 1.874947574638514
16.90305755666754 2.492112827261336
2.2560811973244053 2.527511658777979
19.815248418564778 -0.7907724105522285
18.56443466125718 -0.8745146914303142
14.476916543495795 -0.12799346051601418
3.8425639389050454 -0.6874217352326514
13.60289717893706 1.6848155906193134
15.141293613875519 0.2717742514381448
11.01056211665054 0.5275252509201236
16.808146682609163 -0.6205815991387935
13.697207405907887 -0.20908112314565291
3.2634120401411493 2.2206063171234973
19.839688478372892 -1.0508941170321247
19.461242252914765 -0.9634097431213865
0.7072135548789639 -1.0394568733275387
6.569122658233875 -0.6596789288597122
4.919788428783238 1.558796070438807
1.7248291571112784 -1.8169939904576489
12.397284339038116 0.48201294388198523
2.5640522560222547 -1.667589206390103
4.694669672103496 -0.10115991127415218
0.5104654179806919 -1.1396198102572344
4.556821169982354 2.061998355367151
18.56522470032888 2.625991050928729
1.51668340896831 2.4307448677305037
8.233492037052045 1.4635463845465002
4.6924026163341 -0.10166231868860902
7.249794563202119 1.5173095227197724
3.696869438337819 -0.6450846723704303
15.459252019751048 1.781238993530296
13.007249712026965 -0.40425826590575736
0.43002238777937474 -1.696656230046838
13.799824332933678 1.2499821694807005
8.227525101560751 1.6290804563294192
8.020069802022963 0.5497940088911628
0.4245979920971413 -0.013596257295659872
13.841409444300268 -0.1611900445188633
6.53966360143416 1.8703521883155891
5.090157111159231 -0.7662297131369025
0.5687573874152847 2.3217861530900863
8.768059243020181 -0.09701342201044794
8.342435559755012 0.41931813604489443
16.86053437549548 -1.0373887352111772
9.823368638653092 0.748708598193614
4.0586197155040225 -0.7646234732717525
3.680593120712644 -0.5867634820783362
19.461677596045522 -1.3347276478911907
14.699055191455043 0.4942311175261788
10.764593824138702 -1.1212427791958925
15.255563896011688 -0.7711632380179005
13.795071859092683 -0.5771718394823218
0.05686994900019915 -1.269176201362222
13.44425107358421 -0.6060916057692084
3.5589689291338034 -1.2238291203613518
1.837826988144685 -1.3383760791498271
19.896391770941364 -1.1439306932548776
12.642773356481186 -0.9081425614457718
10.508086383796186 0.19758067954421493
1.106787644671177 2.5295223862232783
10.34429722627791 0.8444886512384905
16.72488523418227 -0.9140473996180616
0.5935863588451207 -1.0870672898773257
17.35224979080201 -0.8488870141528582
18.966518985583104 -0.7088484212128763
15.859161473115396 -0.627390604130073
10.786880195249843 -0.625322120065845
11.510208003197855 -0.8300045474935227
14.945226453284425 1.9441901111537367
19.460200463295592 -0.6604624331498676
12.63908535417346 0.7369599439827392
14.667368710551244 0.03986647955497588
18.1348242034793 -1.5014915671444011
8.384035892732156 -0.1705672138495059
4.0079947819739745 0.5049639303028105
3.361036984590992 -1.096335428897367
12.967274677114391 0.4124458281661958
1.0425464934515514 -1.5118508954164325
6.322561449937057 0.32978964735188715
8.184040792875438 -0.19145204573063582
1.5530327182945032 0.008207941161855817
15.590325163507227 -1.03099630499137
10.68461313379463 0.9136567769690216
5.645429342538412 -0.21462790890460323
17.864573637328505 -0.8913636308298138
17.285342668043086 0.09611727445137236
16.775941322029045 -0.9335641474040794
7.132183609644101 0.5164958447059861
3.179615383729239 1.8189913080399263
10.363750472178541 0.031564805489396136
13.05339499332487 -0.7518840537579095
8.630849358702376 2.1372043045257625
15.49022813698204 -0.4254129338440323
2.0946317090423228 -1.1141866446036985
14.755263675785667 -0.159426284920911
12.484001696633385 0.20350555536766
4.868168520698127 0.1524110166779148
9.011065212742638 2.312135661403726
7.092587446821981 -0.12235026566948562
7.814181159206023 1.332100607485235
2.0077688236912286 -0.06866952421038619
3.443411756351577 -0.3208369447699549
8.606778205827458 0.407872866125104
8.94365566853157 1.5923724647921198
12.879454684264193 -0.28323522025316117
0.24853635946733216 -0.09652529114986412
7.210793857355573 -0.41052338936537125
14.25103206066686 1.2122743667953764
1.2954502808308999 -0.013889205154055277
1.3041593225499082 -0.9712186719194957
16.384160802098418 2.3335295597885657
18.850478469935318 -1.1188980353428768
13.240059401012154 -0.20060903394749113
14.44084337742771 0.19038430567656178
8.66546918109087 0.03454059946746828
7.710385673279159 -0.47555895439218404
17.216047657654777 2.334814243511068
6.417181348792362 -0.717491621739708
15.483680574444662 0.08914528482082561
16.642632763375847 2.071906718493153
10.21236593307479 -0.7196065699868173
7.601750985281703 0.22826619856524588
10.388431522681838 -0.8839494345980881
5.277926994776234 -0.7506337892988639
15.631618670895069 -1.601074509164452
10.83716920690423 -0.6069404631531585
5.043086690907389 1.0355513868085793
7.823116811814506 0.1049853155111284
7.183638061424595 1.0712356937366363
7.372420081044438 -0.17803452454589386
7.371666406988417 0.28279141095168225
7.879346737034716 0.29068901752190274
6.772416268087059 -0.3182355022586882
7.991397644073836 0.1606351239806012
14.91345164215013 1.7674073362082898
5.949665772466182 -0.7121399433780489
17.976835243543167 2.478100947567521
6.927960661820518 0.12583777761636372
17.747926540036865 2.808461245797998
2.190212999911663 -2.01197101379643
19.451988607823704 -0.48584770862370424
1.8541358754981343 -0.23816250638035513
5.702589760833964 -0.6027571588268938
4.964887225172439 -0.7447286745151156
8.503541929532945 0.8983885717771054
4.886950217184045 -0.7743236165563173
17.33677823293061 0.10733043170769757
11.684647203715867 -0.4378760763094711
4.322253913392355 -0.19786758176567365
14.821569867600264 -0.8152941171739309
16.168656806771345 -0.8718397183085644
18.92431682777116 -1.1172929065917965
9.703016443120902 -0.5644151269782581
18.54165707503614 -1.0902902964160184
2.3916853762592734 -1.215539425481187
15.538736288596757 -0.3774223919298621
3.3960772091850866 2.2444407911789015
11.205417352648716 -0.7137576075222373
9.808366245457263 -0.7261371476363766
19.694763294766123 -1.2215340101027345
3.970807412425136 -1.376752847771116
16.87174555207581 -0.9506817338119208
8.272162261583627 -0.613115113126302
7.902323551583357 -0.263601093953095
10.488783114593597 -1.894417573042357
3.6884101851031916 -0.9588498451222932
16.038100365806685 -0.8455410953348902
10.231603182076858 -0.0029553627914398334
4.466374903482867 0.054030525063612875
4.712105167167882 -0.779104493884404
16.088430895798037 -0.3203838089241511
4.370551884040394 -0.7830153280043968
17.243208037832257 -0.6174442578343524
10.146748629469444 -0.3379120265460476
6.055960648974918 -0.9814353548448409
5.407334842685453 -0.22671091828883025
12.31748534983613 -1.030605552454988
3.305148541580003 -1.2215580720031574
7.834067393633093 -0.7166576022057729
10.181424621457914 -0.30524039857812696
16.63619673908376 -0.3734462939710095
8.077296047279784 -0.5784584776175558
17.462816379189405 -1.4814757966821452
11.533722914246612 0.3598691683886364
14.249821023674622 -0.7968386747497945
9.041566573782204 0.4056173670617248
5.187753068954535 0.353823317601038
12.59401872815633 -0.7011269257347171
12.51198487230808 -0.9011828375102263
10.425138098787192 0.2375559680830071
15.647072750182568 -1.2743884529647393
7.825138511875983 -0.12342109941495223
9.065001528763688 -0.43442326040451174
7.8695992124225 -0.006934152732642612
11.13528222232062 -1.8717827232163309
10.669052756057457 -0.6472401369506592
3.204198339164171 -1.2933365057037167
2.8163117288747364 2.4501131126070232
3.6335248913413225 -1.332269523416639
1.2625600630938507 -1.316894914922611
1.692959261183464 -1.2542713872594125
17.372122461440018 -0.850736539213466
11.166228699231015 -1.0603939631543728
8.745540142184904 -0.34881577250456486
8.788696397668838 -2.04129253839948
4.607304016224625 1.0049553493138181
14.203128342601998 -1.0079176519619533
19.91395314566345 2.449122794513463
2.8735627797493777 -2.133915111168471
9.119306688718499 -0.5401166770304368
1.396550526167667 -2.0521445950475385
8.909192671240861 0.41094140628915765
2.6426465557136676 -3.7341501981098197
19.086348240412608 -0.6158146534393505
16.814110666169764 -1.177818899339294
10.484343751296777 0.2031736691684225
10.521194758330974 -4.052896373357144
17.638302293161846 -0.7119533650951887
5.103181151028848 -3.7091748121951795
5.234938909627212 -0.5409015964943472
17.086558117778896 -1.2561425457404516
6.5312301460766395 0.6047314104737223
18.547802359172398 -1.4070907795954741
1.1748295411975838 -1.116720475468254
4.5711672495179645 -2.601322461182137
4.481481196794986 -0.5656827765659447
8.219211545905033 -0.844716954316804
7.256003596166996 -0.7039907749070696
6.289648957503088 -3.7960590752919074
3.722454431763351 -1.0554627664135035
19.604157230586512 -1.901863568087804
1.4231522289072216 -1.7831264697819835
4.552925684440257 -2.531704371352141
8.598280438129867 -0.7214807809231998
2.4219424207539135 -2.412408748624137
9.770524105628164 -2.066220209793643
9.181264571962222 -1.7808874213895476
10.277648748392505 -0.7181845036308515
1.8478787403945676 -1.9730258018999938
4.322481451372131 0.7175221666697283
2.7598484755181194 -2.9458811818415205
15.541580380413999 0.6377355087538777
12.687732583018926 -1.9349989631272877
18.92265853551512 0.08769880512428084
17.03870187118358 -1.2815484855243795
11.674544556921473 -0.2855428103981348
7.901576738773386 -1.4553999153970183
15.58098561211193 0.32732550087004253
4.317891524222204 -1.2839554034183867
6.430167516310695 -0.6705182859806218
6.21691576542699 -1.0093673869295579
16.66103258389503 -0.43339593978771795
10.55203477180555 -0.5567060571911037
8.050060920241652 -0.6408220171626043
16.9695142187883 -0.20522867354466617
5.468398027989365 -0.43116418908779486
9.481537133433923 -0.6624853085484628
2.7185565131838456 -1.6497089760904595
11.61605367540472 -0.38047623854475754
7.113359153735363 -0.6184520072855074
18.82623156912623 -0.062056256874002576
14.797920213446373 -0.3167128334707963
17.384738738384883 -0.48894267096243865
4.529296159025371 0.7490821036777152
3.5991165928602578 -0.3628404176444068
9.196509753856578 -0.6835686784317554
18.383786660244862 -1.1037809777605911
4.105859191855872 -0.9530968260131275
19.054295734019064 -1.3940013845570352
14.074302678596895 -0.05075003397005794
1.8862518207061918 -1.7477872270901629
13.305376904376104 0.8061177949523796
11.181517981888044 -0.9498023747367158
14.557308947027375 1.288360207683398
10.710564017824971 -0.790775978661468
8.226568772802276 -0.37833584276866117
7.307975346704663 -3.6025696880534963
17.0543689324948 -1.390594524216376
12.52961937353851 0.22820531205894637
1.815989528458482 -1.4023790702493515
5.4212621440605275 0.007944351801879301
19.99578448667415 -1.7680621367588112
11.94902928498916 -0.45512474711118484
3.7343198891103975 -1.0462879987363753
19.413059003404577 -3.583125209278693
19.668997405745717 -1.8080592260768527
4.612108350670777 -3.8418599440990873
15.660549424527497 0.30126082965101963
6.7279004413911405 -3.532322953208539
16.370049830084 -0.5330865440498964
4.479146999605795 -4.157575445651706
17.182430940317772 -0.44175529700747657
2.864188134913999 -3.748886992324547
7.039533258170388 -0.2960906434568289
17.949098761236506 -2.660138821361202
14.733624408319443 -1.1095830992536182
3.7799033545250795 -5.7737930222456955
1.7310867431639587 -0.6372755431393224
16.563210814962762 -3.8070877997176362
16.334368032039077 0.3241344795976392
15.866596216179778 -5.630959079559755
14.912184591762333 -0.60215210258327
11.388138415949461 -1.7614860648313808
14.811226707095658 -1.217145899244947
12.150719113098441 -1.5305875774958988
3.261353226509448 -1.4319088989439475
15.939942725648892 0.05111869705171007
16.015345454780334 -0.6586489978603363
15.471618662569881 -1.9160402083676367
3.763526113038335 -0.2600344558878581
3.8103841794202333 -0.9730331190910088
0.9914869234240228 -0.24656574130020137
13.274498147129613 -1.0896726147942675
2.4381925734301753 -1.4482587556481177
9.145827830763059 -0.7165561002450116
11.084039679502041 -0.3534540250616305
8.304331242425302 -0.7058965015780696
9.723684908369698 -1.129983262517778
10.320276124382353 -0.6509234106862481
9.008959020559269 -0.36017898281422545
0.7286553645465587 -1.795432160685337
13.951352371515261 0.1863805519432089
16.843231173194198 -1.377157505438614
17.626570253166367 -1.5030928138184043
18.921568993172716 -1.1713271876832463
5.159795456849955 1.3479227846614048
5.912105192131988 -0.9545932877468921
15.888035528504934 0.49512206232671324
14.535172007219208 -3.228122885111237
19.433991915213625 -0.21542383368999718
15.927048336168195 -1.082850862669756
2.1624692008984523 -0.715781193407365
12.968651458897437 -0.7433995631890638
15.443015165609014 -0.2101232104454093
9.68250921781233 -1.4782614486923245
3.351010301778061 0.2664219396656952
10.964230413348693 -2.1983026193159905
13.554490791394896 0.2462602719564063
7.623965378690532 -1.2845229640127918
2.6121971238743775 -0.7755530312550043
10.561437405856534 -2.2854458977887395
19.496580834013436 -0.5493722835686902
19.504555771772253 -1.9224923737387787
3.262524470883191 -0.2500011648107104
11.510081419792078 -4.439339246270105
9.66254862452755 -0.7309997387562371
8.505418649310597 -4.441004128223047
17.229982707151365 -0.5641267396729135
4.888623533046846 -1.870471490559714
5.733490963397154 0.48802168487154796
14.386899987946514 -1.5326492248625323
18.114470401063695 -0.70892191790509
18.26615307978203 -1.2704802640359885
10.197125222202361 -0.8429334413323648
4.1044158958115275 -0.9539669166503704
14.931445377913374 -1.5476270807486334
1.2382074028181538 -1.620248057688396
5.119168407173549 -0.8410693002586608
5.204259498422168 -0.8179933288995784
14.152044459939821 -0.05899282785778513
2.7152524199553807 -1.5661149637004759
19.205419542434406 -0.03237237116217741
15.754860987676015 -0.8367592558759419
5.153763955554974 -0.07199275228737095
13.36233386037435 -1.1305254849082809
18.957928383906406 -1.6623926506552935
2.2539549464607385 -2.009261152193585
9.532803476984641 -0.4430514669690699
5.0934623791795435 -0.8890784613519824
19.618770415518632 -1.2515095023777394
11.579638355392893 -0.9258155291506177
4.029672040789325 -1.0468930775760488
12.226233884971712 -0.44623681038813845
2.3495846591255805 -1.3710102039940544
3.9136326722760497 -1.0569910521173687
8.01797526390197 -1.4291720855425176
18.65841885909874 -1.1759396351493094
4.888043986574988 -0.7544310761980751
8.862513646763947 -0.650223757239457
6.359204322676162 -0.5252103893282483
3.8023925627256885 -1.1815320690397897
7.694837261030498 -0.5241067006177822
15.883371334523856 -1.1282807394725445
1.656432491570269 -1.8270562020962906
2.358323178813521 -1.6337425193708468
2.3201220096905577 -1.2460803719600988
15.077309302866464 -1.6390343057765224
7.014817068640375 -0.5566667722915356
9.861877435668244 -1.3540075138980388
19.845102101511234 -1.7309797970558751
5.013979778391645 -0.7246235011672131
0.37422076367860146 -1.624184253482911
17.678203321227155 -1.4342465904701038
16.414629715092612 -1.0468696052395041
19.633701701856758 -1.4405157306092558
5.246853114015708 -0.9349809278054306
19.777430234629897 -1.4607683624843448
17.654917070647382 -0.9815206475027807
7.7355498649239145 -0.9333185658566305
13.385119576682603 -0.8754343144097213
2.6469699555499413 -2.6001755847149464
5.238099289930627 -0.7614772520150925
17.681184084781076 -1.2277663164945927
0.22455685856276886 -1.716387397254089
14.281553212532238 -1.2302757853158184
6.367643472767718 -0.252347526517386
12.33165913608137 -1.2133762996328472
8.696484538636808 0.828156856548116
2.24551539731314 -1.8176354927307348
13.421192955478478 -0.9148092903673551
14.309251976607419 -0.6024020726744654
5.170958883604845 -1.0000452829559245
3.040085557269097 -0.9599134521537733
9.622818816559896 -1.5504274200008386
0.5858927656830359 -1.4336546893602207
6.525566350287991 -0.863284798560787
5.4008051155991 -0.5141346524091244
14.388482424421694 -0.9006589754151416
10.116477485173847 -1.0254514937278547
6.355865676950393 -0.9822836785796423
1.0338310544281262 -3.2296290774387106
11.742327312718787 -0.5484487388162335
18.07413947107651 -1.3332060564562178
3.5079179870460657 -1.1599794967085169
14.189370093574007 -0.7894132998482841
14.022709957357188 -0.6905626440497655
15.804972967554159 -0.9578610394893371
8.210117553272463 -0.16226616879394787
5.381532658246771 -2.176099231516584
7.537416737918717 -0.40892702930765185
4.5939209514679895 -2.9595920828070548
13.179825179508848 -0.8248683737407078
4.810015970875514 -2.7456621087244644
6.357117000840717 -0.402061945423075
5.496645869628713 -2.0650850106866843
10.241739641082837 -1.2503682466357326
5.075898931569802 -2.386281593463851
1.836504498768079 -1.329554630696732
19.535219517713326 -1.563222650161625
4.316772698970517 -0.9809328851826544
2.85223335171403 -1.5911372939661095
5.759407885078877 -0.9017071156571121
6.221215222169752 -1.7658277627266423
19.469464925243386 -1.2448381841089213
9.867114107240974 -2.028452152036653
3.959121359754367 -0.8364947636509834
10.663430561255186 -0.8382492517033583
3.1326248955848763 -1.6409976277932703
4.105900154510046 -0.8805703532093883
3.4465898680654425 -2.1631775410766303
16.51234088110267 -1.1119268208489566
3.0694453826428147 -1.9439536233390071
11.695169832653967 -0.7931992469356907
14.218413315013255 1.386367897545863
13.365719495851145 -0.22403010998174772
14.867895940421212 -1.5449879573101268
8.947210977539497 -2.4113842705696675
9.668109566254044 -1.4558463628714202
6.486967424203737 -0.3671753639761225
8.982640397451288 -0.8294170168681997
18.998643557950366 -1.476230056938263
17.85364282145372 -1.145309555767811
18.129823621278092 -1.2851863034571862
5.895809451509684 -0.4650129039354558
1.0478483062562884 -2.062047873718826
6.992557140687621 -0.5935209560653206
17.41923988870996 -1.3245046444388187
4.431573981039479 -3.4876852114199273
8.593194891370295 -3.7079670438281482
18.099961646667357 -1.273076913832058
1.5906475576694894 -1.5684762435144595
5.456863878652456 -0.44868730721338634
9.735094697956535 -0.9292496869772585
3.0917836053590015 -2.600630045426247
9.24311983535517 -1.638920194594623
9.934143983895789 -0.5247645574436405
3.5336775117140737 -1.2497995176648424
3.3069815572894963 -1.291455575887228
3.120288261039533 -1.6916801018691863
19.771703988780555 -1.6715399460476157
8.249754360855782 -2.6009132772575185
1.1270563550208557 -1.5638458718756745
5.855805829437462 -0.3582928141715478
2.290129445971351 -1.3790660588644075
8.760780690682253 -0.668439505954814
9.491541166788775 -0.8078931234594233
16.558045956315727 -1.2509320265990787
8.78623451962055 -0.07255561367653586
8.723818361933459 -0.7535122147359925
3.49828472928145 -1.163861869511869
7.920523344429035 -3.775206813638914
9.39708016317175 -0.21902794112680896
5.186371110451631 -0.7802828469575289
19.475967790294302 -1.259105339633765
8.346497335029364 -3.692238970083779
11.3089108837337 -0.8903627160512851
18.312413701100983 -1.3031591566551575
4.374430078511607 -0.8993740551521756
2.8748236317584133 -2.8075131491648806
12.11868512591433 -0.058613601702970405
8.890601110396585 -1.570253552719099
10.069720010483543 0.7718547706674016
16.551144375757655 -1.219325672840876
13.57539602082908 -0.6723152745262891
11.289677421287616 -1.2925044578662936
19.197009665415024 -1.6608379958091508
9.685851109174008 -2.05157196194684
19.189710698650384 -1.151125195499611
17.874133048725962 -1.3470191744174203
9.946046043656027 0.1576269459838881
16.493643399857728 -1.2186849657189225
4.419714797950634 -0.570064795528862
10.675079633342078 -3.6182348284752037
7.277720063555807 0.7741194575850728
9.509195070065896 -3.5519326364629085
14.578467738023123 -0.8333107361782028
10.479023896955685 -0.6126526070493246
4.985341309627155 -0.675790009194859
4.2253576058521505 -1.1655827761730704
1.6247428555817893 -1.3809797396695984
4.266411902608332 -1.1466301920381163
12.807790239988137 -0.8319381725922598
9.558087155406218 -0.8825364089111564
4.080721726675884 -0.731380544928975
8.139156888570827 -0.7011891963717596
4.723369764592616 -0.3772649780727118
0.45570623987503556 -1.9745543131239378
4.3649780173247406 0.8745836280994358
5.295874912319732 -0.5980978805384198
4.573350645419285 -0.6055843423145504
9.857516819497395 -0.8188320665724796
5.469735249752865 1.8100228361729946
8.579255184665925 0.5723579327944014
12.527543501195606 -0.7929774921818108
10.703880498632431 -0.8855672834046756
7.376656347666447 0.5642525118781957
7.390338098183938 -0.7728705222937633
4.941537425855665 -0.5258259524700607
13.51058201815275 -0.6664734006374238
18.449328086136013 -1.007233074562457
16.456558237497735 -3.3146206096851984
7.002852497634686 0.4358565188636648
14.006677178580324 -3.353626771293194
3.7979333757660636 -3.442335553786185
13.415036617490157 -2.017590675654269
16.649728175677442 -0.6198960811739702
11.066298567939658 -0.8949954652218207
2.5712905543141664 -0.49447852852948676
2.9710805189565166 -1.7406200769498608
5.0197569504608985 -0.6029361552365768
8.706818709828527 -3.620086257392954
0.16691102741624328 -1.515278877007324
4.839303980575051 -0.9572555759382301
9.534027733740771 -0.45623677490937503
9.918582645252638 -3.5383900741363763
10.603886035977643 -1.0006004575821583
10.04623036286464 -0.09452841777169972
16.372416589597982 -0.824193132563801
7.554369897292376 -0.6999937164374357
4.597525968377518 -1.0160486267398765
17.352351722576305 -0.8604304990493927
15.913935289793072 -0.9461680872105471
14.69709217448436 -0.6922580343260933
14.900064149627472 -0.841253792610193
13.191076686195784 -0.7144658510177603
5.257146339782303 -0.551074988137173
4.1176520260075415 -1.2515605913151084
17.464117547478 -0.9670483158481021
10.482608626624193 -1.102060470957129
0.045016714427249055 -1.2751378237476814
10.365156167354531 -1.0439216306082508
9.998628847052846 -1.0981874487695809
13.014248245139076 -0.6641140226321169
13.899188138455608 -0.6755871511025431
7.806856475920791 -0.9784342974048399
5.247073195160654 -0.24637924269431133
3.958437174333244 -1.325298666872795
4.108573199649224 -0.6830308634880364
14.116789903172233 -0.6537030808559832
17.895073812976143 -1.044951328088296
18.77064163375403 -0.9669422917006418
18.725660161518118 -1.1605669523193942
6.83657012110436 0.19168646580872506
2.1863300198587776 -1.3291667028009113
19.974805586218118 -1.448500248484654
5.231299323790664 -0.2859866437546306
1.2710647374077166 -2.0844129286410324
4.964734296498019 -0.346687252469263
5.535575455158863 0.07322332679825365
10.017073465180536 -0.6596207084818715
13.873605181269449 -0.6603622501409165
11.555474949708447 -0.435391450216333
16.693183436057264 -1.0119378329273965
15.717680689037817 -0.313658213470162
19.43413729266981 -1.1891540669351064
8.030697872950277 -0.2965742729164123
1.209267510672111 -1.3900519310866848
11.279972611508047 -0.35463592768736274
9.499320778044844 -2.8955660608686755
7.014761770157524 -0.30434961800485094
9.928855929179347 -0.8712064979537335
2.717093610968279 -1.3416142167930534
14.090034753758419 -0.63944283270923
3.3875645940865637 -1.2310268027881068
16.84900496247927 -0.8964741285998631
1.9525713389885972 -1.3985354584606822
18.22929271738758 -1.4529653979276957
1.0849338173747776 -1.5256428280098948
15.985773960308657 -3.487254960710201
0.0571408947482232 -1.5703663706751962
15.643196985012963 -3.5298927720683535
19.990843301201853 -1.5521368022599196
9.221866610752897 -3.433075418547983
19.844295069784675 -1.4689311495722246
8.706027968407643 -0.5356013590324127
14.524755933550587 -1.182861923149225
0.2034817492638392 -1.9576898951963002
17.7274637804767 -1.0993604150256706
11.096087755103856 -0.9677196145201215
0.6243493414430676 -1.25747319544756
4.397331455712466 -1.161611334813082
12.344218996877242 -0.7085114380246735
1.8665795641704346 -1.8629959788142036
11.71638653218151 -0.800273394629894
4.533762577432798 -0.3897388488462933
12.415170449049025 -0.46144126369739913
8.354013186877257 -0.8250214284681935
12.877599387280583 -0.23215404156112532
9.99960361076787 -1.2408998493428256
6.530811956323407 0.38363548322620666
13.371826508457106 -1.07143381002261
4.501538648757818 0.8205085293853341
2.1578485887902583 -2.4188928506769005
3.8227182926411407 -0.42976557637501944
15.094736225682686 -0.9828016069432283
10.873136346017294 -0.32943180742420564
6.276804715233328 -1.1882590276940972
17.915493340001397 -0.6504916343136091
3.435677923797358 -1.6027192603837777
13.499829323314582 0.24053335689160307
15.076265568244978 -0.6795070967015134
17.20908929415416 -0.5888137150249839
15.487298582631682 -0.7138954713247596
6.086090462209441 1.009326583208669
16.880932595650883 -1.5655778382437224
10.854305843095629 1.1562224119109636
19.494323700924824 -2.0396982455687915
6.554596150582358 1.3890620411877805
18.56393346546441 -1.561838777616022
12.663921620726832 0.734646265017088
14.167788979153427 -0.6332865578295573
13.432066629251832 0.7795603934363852
11.75851382042873 -1.6502080013065963
19.278497658760234 -0.5875620734731232
2.9183855609612035 -1.9560703367998669
7.854964954634037 -0.13274531353543817
9.457398732816124 -2.217937608591926
12.247337325836424 0.5493494731513746
17.854471614627325 -0.9210964394007841
16.89599130758824 2.4652154041847956
14.339774459334208 -1.15857830589902
16.089690499650658 1.975248383019748
6.246201006392705 -3.688268590238896
18.12234915629334 2.8458912063479316
12.673979883357738 -1.1865394732782801
16.311940840374188 0.014192200415552046
9.222329633391675 -1.767774725081321
12.716365608214055 -0.13853977192207698
10.63786973532861 -1.139238251736296
4.805883327403009 -0.6603880321066791
2.0385528116640157 -1.318247396993467
0.021986922835060756 -0.46935125211522366
12.559879689932588 -0.8216243699218352
3.942797193756691 -0.16729051456700286
0.7007505724811846 -1.5818270371589063
15.363815255843383 -0.992736343295092
5.251293829108539 -3.809423776657149
8.08179498476587 0.2500154454369928
4.491062672228497 -0.9562764086418719
16.17709895305526 -0.9662779385453011
1.1766303285430924 -1.4971782401632088
7.270801066038319 0.593922048027487
12.872151653776772 -0.6222698060726409
5.44652484001542 -0.07005006590504365
13.828122181230569 -0.5636634530152326
4.708054321962706 -0.645421956079051
14.587588689656073 -0.3997273772092899
11.754036104753428 0.4880625520085483
12.467823867751687 -0.3739679584661523
10.957363730095176 -0.16512179740732405
10.668544862059388 -0.8840968331196867
8.23591701761328 0.023362892473823546
17.02786173739942 -1.8209880511015466
7.454981176916748 1.9009422039372528
1.7124365061319873 -0.8016836356359569
11.418033604840446 -0.43393516609113286
0.32240431606663345 -1.5880477889311297
9.855785262249766 1.0555056015867197
10.82936098040068 -0.6649700584265095
11.196521559601974 0.16327726756298694
17.24525797413904 -0.6786365159477716
0.14880868670967984 0.05949676331344986
11.899307361550559 -0.8009077718439116
19.335721476797087 2.3389767040437306
0.9689117479851628 -1.5225891607945612
14.616398245356637 -1.0307303757119683
13.744125964540824 -0.6923431970574627
9.021833361190533 0.09039199823537865
15.236399501558866 -0.787322780354903
11.191892405106016 -0.6027975333884642
14.555147844636249 -1.085038016756193
10.025701522585416 0.2682806375569109
12.391304176959686 -0.4232336552065338
2.6194859020107355 -1.0986096283190205
2.987147518814666 -1.0566116254246993
0.605841688307572 -1.4940606937898893
10.291253319048035 -1.2240842133899275
5.607304194500152 0.9681502258640307
14.383429800943263 -0.8145433273035904
8.866718256812156 0.3553328418774831
9.930866066105226 -0.6959335968615292
19.339586605655885 2.389929137775205
17.313359522677462 -0.6624135607255109
18.050829357874665 0.2737312575925658
15.959141387245353 2.2307075758248622
4.568184495637217 1.691527637176649
9.365849072746286 -0.4820767044013213
8.516316872615 0.8742343947239395
19.010752074043094 -1.7528406764514022
0.24926591774752513 2.420024043013659
11.245858653632968 -0.7261298820240875
13.382705889668358 0.8310340460891014
6.723677472004034 -0.76738888843661
18.445035414633555 0.1701349329789877
12.521166048112974 -0.7111381230922829
4.715918036642677 -0.09050862413756293
4.458188693540554 -1.172892206796499
2.4933232494130175 2.225502418906492
2.2889234680241133 -1.3554682704201346
2.583706606517107 2.187295924217046
15.549704716544445 -0.9772674535702853
6.821555173617241 0.5165763582714792
1.5390254685453153 -1.4325407334328337
9.455119781426713 0.35929793812509875
1.734721930370586 -0.7392197826716362
6.649286868800244 1.4441131912957643
13.244684625695157 -0.6228756719463496
6.36115473246869 -0.08906437602206269
13.341906848404298 -0.7386043104644535
15.145131423648094 -0.6284730083425764
6.325850469984226 -0.6123292201039315
11.689624275398259 1.279047198329809
14.98764689668357 -0.8883847937390751
14.616299032441875 1.6098080166429802
10.960825017107938 -1.0148868953896502
0.641256448540505 2.5841742663349074
12.059613084920727 -0.8499924783739319
2.234418127130362 2.4436208481133654
2.8004390827849064 -2.0700834714198777
18.680336616933726 -0.7637372884109018
10.27228056638382 -0.9681859202605306
13.666917324028706 -0.4083682744532628
16.492525329504105 -1.0971530340673337
1.3685143113194451 2.4976052445886663
4.259968935436906 -0.5161018057133134
14.824635704728836 -0.65756406729149
9.367264697942332 -3.4208220367068845
13.494207161357199 -0.44148809165717784
7.881991839681195 -0.6385101374189958
11.755197863426893 -0.7676077451921512
14.783356750575164 -0.5661853019355149
9.820091899052935 0.647408164072295
1.69659796936644 -1.4907132477023175
10.31872657614927 0.10477167239424869
18.65399082088093 -0.74248575495815
7.408377953935776 -0.2022272352201157
9.33504829503514 -0.7435520926793051
5.464991546395269 -0.37997579629635725
14.887931346290511 2.0615825384388193
2.9729305220089945 1.458505611589363
8.133851169796243 -0.6132033741824812
2.5782286944421635 -0.8422613755671766
8.532783182994768 -0.8291551833498492
3.577314411568122 1.9434303067298078
12.570611535847704 -0.8368495794042575
19.956210253056263 -1.182258553186506
3.0598898273220816 -3.3553445072775316
3.4349561689519925 1.6961214741922321
2.1403764977701556 -2.0076958698511627
10.712873668635888 -0.01875665503233758
12.418558006592713 -0.5899210586407888
3.314695523238075 1.6427943892959562
18.097243321476675 2.850707380563218
17.33558342109648 2.6789742915778203
0.7035846846316292 -0.8689882849402226
14.915762642856874 -0.6419316478786439
17.7044329100156 -0.5972101467221061
15.837482026357856 2.015933855695211
4.774009390149077 1.347757513315352
11.443717138599771 1.1696131822644156
14.76651777029228 -0.5447058006215315
3.1993350336076785 2.3094636973534057
7.04353423471498 -0.6919582899231461
11.697957748866553 1.2207857846966994
9.904221042095008 1.0041037786453821
3.6252935839307314 1.9204335529531222
19.328645569196507 -0.5283473064757637
10.37811822992287 0.25084273669103646
2.079963229882224 -1.4890238386587447
16.949512855107717 -0.8207405948729741
11.969261306037957 -1.0851070359951223
13.246452186359365 -0.5578065799852837
19.93061097113037 -1.5600919624566225
8.485524238843945 0.4755624282717077
7.985055549615488 -0.7740611864392929
13.471872053728365 -0.39542480045107553
7.525715273924116 -0.6752071714385154
12.66193520912394 -0.7595794096683842
2.894183471665722 -2.0071595723784816
14.233587956906874 -0.4200880185047546
12.917144232256343 -0.7872096707443778
12.469755941500052 -0.8006370234034561
4.03891832773713 -1.3283680612701019
14.529857736786056 -0.5829770618103407
7.856271193968125 -0.7957549780935235
4.713339990866468 1.646153333845768
0.7042504082941662 -1.7187928293647108
9.808505467744112 -0.3270667141006721
15.28142842493002 -1.9633542327289564
0.8807420353750344 2.5433365569988116
0.9417672796984898 -2.844087211214819
11.40320271375793 -0.6018267977809966
8.855441982186337 -0.7328365913638478
11.706722762275058 0.6189957746621578
17.92236101257908 -1.239326801994342
1.2935831647637668 -1.3687400507346958
7.451947347922355 -0.635279999809728
7.924320482956125 -0.9652887543462086
2.893181257721369 -1.5676556873055163
13.170738802107977 -1.1037298975008607
9.776125800137832 -0.7112464422199846
14.702037162743073 -1.1453015326023146
8.76184653031366 -0.18983374788584728
18.42870683492736 -0.9366837499165047
10.105274255355868 -0.8532056319891328
14.769303962222452 -0.9625003922261495
4.024715756332454 -1.0692273568951618
9.340680123306022 -0.974342210819284
6.392814454522802 -0.2657554202299355
18.90970365068318 -0.8815291490187342
9.16730203648284 -0.4387285465463645
6.285531371128258 -0.3728782709420085
19.547791157049584 -0.9686094458385024
9.962459110057218 -0.8308116543397093
0.26344955195863434 -0.6346981894400319
9.63463181408716 -0.8929077013359016
8.532584121025993 -0.2830959018557533
1.571354233198945 -1.6936779795765065
8.59024504217497 -0.2279277957621073
1.7651467547935398 -2.5739539042527277
18.24130914166392 -1.4287200910344937
18.077409275389897 -1.0863454902203515
2.0726390407815147 -1.3744795596436108
12.485957422897785 -0.4195309496081324
19.347687986597883 -1.7213230482920445
16.79340154446854 -1.019238642832795
6.737588778535795 -0.2971212017095053
14.850751168951609 -0.6126544258517163
1.591369141422252 -1.511571699550653
0.9996976485543752 -1.709872802097388
18.50644495472687 -1.4350480641423322
9.954456907436798 -1.0536736058705034
14.971197452150738 -0.21775067146821153
5.414030199225097 1.2103178218243993
8.339697814432927 -0.2056112250135442
17.10657186809665 2.5958765399165284
8.856273495151877 -0.08277521905995774
19.488427242992543 -0.6887947678393417
6.272212614969221 -0.4870401810706441
1.6259580649880196 2.604523352469379
15.726416190286951 -0.8724233047802658
13.173329899941614 -0.45221963977228036
9.579924989651383 -0.8514686761269984
16.795418903732934 0.218040136399932
16.43715379278239 -0.834042215051372
7.026757588988116 0.5744089928752592
17.42645230676965 0.12482831410284286
0.7044608161669722 2.4835340176904825
2.6087518729768018 -1.0523392334884647
13.550475305559825 0.02406988809688993
9.043112502181211 -0.5657598501919817
13.374780963793057 -0.26236069200450984
11.385134338655478 -0.6308473917443125
12.388269614165003 -0.20570105314104972
0.46309719213717426 -0.717921700628026
8.070301886763446 -0.18919041861151442
10.5007046852372 -0.9528954980883648
3.305895711376266 1.5239113484048672
1.4575823640791998 -0.9287298647175621
19.046056731708735 -0.733914161033207
6.481358990927304 -0.3490780666523666
19.467005277999554 -0.9791280726515018
12.644428171912752 -1.0106043908823672
8.691806967783226 0.8538403643021683
1.7047269290717044 -1.590953068841576
12.935178842036091 1.5649503611933337
12.364468515805623 -1.2690818275368967
2.5667842356039974 2.459808269385635
11.10259469911526 -0.7206771878872007
14.117353311677755 -0.5988990985711384
7.6254624136266465 -0.36764342963368013
19.294028735707762 2.371906646077739
6.527942734029032 -0.012599656975747803
12.68870204997645 1.5439425684786114
7.401840707516296 -0.622531962293261
0.3226248195515673 -1.179515032111333
6.440886977393849 -0.4759924044705831
1.9175542827085243 -0.8484267762717957
16.52916998602046 -0.8457560842190801
4.505731780866644 1.7099796732354349
1.6414891289985667 -0.89083136582669
0.9584892684842314 -0.7950540114092801
0.16727111470734268 -1.1352714975304798
10.448053047301302 0.6693993855513382
5.9422844008266 -0.7450137213745114
16.47675525113332 0.04165438028410503
12.550066093430463 0.022279204536063926
16.321041217725142 -0.6401158096983162
7.930328089946161 -0.713113437972155
19.854742855151912 2.6224356375493953
11.707700954970573 -0.8058615830146135
15.70323631524086 -0.5960968016278744
10.259881217994756 -1.1014286436406027
16.893312567591046 0.3379732673690524
10.721621004166789 -0.6427694846254391
5.192611018413706 0.15749967336087167
14.294088022218965 -0.5674743682564406
9.886476236644164 0.22840204732955138
11.587591697616942 0.03494268392189559
4.754090605059098 -1.003300260970378
12.383277852883609 -0.20830841896401833
11.396436901157548 -0.29163356548251734
18.688547583474193 -1.031105357257365
17.537117275956387 -1.0271565881575246
14.250324928832828 0.9502924995328895
19.397397857758815 -0.9086081392259315
14.294749216245936 -0.13947269977025
19.12807645348586 -1.0968480688394315
16.80368307045965 -0.1033891904479143
17.947733436733607 -0.8087199579462808
7.5297273834744125 -0.20153673001288636
19.013836272264523 -0.29615013812721713
3.304781922758145 -1.2112112903438528
3.0115958932615 -1.1536206323915894
14.185520073765858 -0.6517476088333226
12.921290175040815 1.6001142443244174
5.565875898853916 0.018633962217634442
2.735149058939388 2.171315168271937
17.111778174539438 2.383876880214792
14.799965791856108 2.0278963071883647
5.936608058460692 -3.581837949925713
15.413130808132285 -0.6707037268093144
15.66719499784637 -0.9167479275179241
5.979351361899825 -0.3343575746844129
19.23113042922732 -0.8849006269478024
4.652639583124597 0.13132843155152263
15.052278681924873 -0.721196039904567
8.113923352727944 -0.22936137298634363
6.968900865868098 -0.18228044954949763
13.995001745807826 -0.13070471445912746
6.996773622415858 0.2890798072488641
10.930563985279779 -0.7489108693245344
4.826571118553339 -0.5279515753003379
8.094206110463132 2.17427985258208
2.4551586304045965 -0.1949203606773601
10.609293357102358 0.1002134116142873
14.722838670788711 -0.851537868683682
12.910797682116582 0.8987440114182913
2.042542315077359 -0.3800999885462907
14.423080119313758 2.0329248239159248
18.126554530524814 -0.5200434457852331
11.872122941367895 0.3314165153871284
17.66435816706043 2.3922879651491455
7.992699385411873 1.1147056439598164
2.4085648552633145 -0.48149280990145354
0.5900055520097848 -1.042166719599528
13.94017204765435 0.10649995259321107
0.27210876176032506 -0.9890513204490343
6.846530313744526 -0.4197901988814054
18.94023871345846 -1.0006826198569876
16.562203588578658 -0.921197727273511
6.354479589485979 2.042719895876664
17.20348092914521 -0.8362645943927958
15.453385319826475 -0.7751573612815152
16.001618883568547 -0.7315761008749349
18.304390614385493 2.4478781875064324
11.398709130582219 0.9174150150866044
9.46208479159564 1.7894214054288042
19.56902024926996 -1.1886401838117266
2.2075258071907573 2.197375233208714
14.637949159647938 0.5348793208389379
3.7998605295989885 -1.1031988614208046
13.094105266114001 -0.34354877564485425
4.1504485397815305 -1.222345649240956
4.061826116931458 -1.0974801199970055
3.3661014047408537 -1.5015371899900396
2.8384053900398767 -0.9857057741746005
13.868451689692167 0.9553790448348666
7.007449198211812 0.4844602078220826
3.4999666667036298 -0.2571770337436186
3.1938028123385567 -1.6452673835294185
8.013563967152479 -0.2403019784348383
19.01559390843106 -0.7392719420595135
0.5648549015647158 2.578740562378112
4.151497835277988 -0.01726525954216749
15.92138022545871 -0.6767960665342885
2.7556471137331116 1.8182404917877013
3.9595568286894207 -0.6436960065883084
13.155385473086705 -0.18843502494943798
11.531153289630984 0.0034926274345569164
17.476402576192896 -0.96767605597227
4.731110126291581 0.9653852993370414
14.801787035036108 -1.0467028817143897
6.175917657017516 -0.04756055490569841
6.687044584847556 1.9550976979232815
9.207403246267496 -0.11133854677443157
16.001408700485495 2.2824356317689745
19.965386759383666 -1.3602472074272678
1.246493660822355 -1.1667616321869918
7.983497038853557 0.5427904884136798
1.619218423954412 -1.8585153506782104
8.612017291157434 1.1113489967678971
13.16438210214114 -0.7394145343792901
3.086156351349247 -1.4848617979794558
18.335659527493505 -0.7140999789702481
16.61265250003102 -0.029067616190423563
1.6846498123137268 -0.16504940428135034
16.515514329085242 -0.5634155880825211
19.119982700017324 -1.0878604869569655
16.85924966366361 -0.3232093475046798
1.8979187595921871 -0.05524968998225346
1.6040281508056 -1.4541655647419813
3.1606295691550867 0.24618515441416172
4.273847926000707 -0.5982189079125829
5.17034683062442 -0.5570430956548026
3.1792651801793474 -3.3451427466993997
2.724814918758213 -2.080167816575558
3.572414227958449 -3.355514645026015
14.650820541891667 0.49068568443009186
14.418254793206755 -0.4358954814880708
13.303105678692841 -1.0749246902430534
14.68123596191386 -3.671569516232184
1.7230883282661638 -1.250431183435058
16.010013594628106 1.8453025835100503
4.9798925970895604 1.2717834097984226
15.398308113058668 -2.7472188208217414
5.030483230882164 -0.8572629371413691
8.29628710129864 -0.7743205194368532
3.216411409067327 -1.265771350355513
0.12064042476671671 -1.7003845141522282
17.79297639967484 -1.1201702925592738
3.7433022925896258 -0.855188427483517
18.306949174893663 -0.9874211337089803
2.1613612583652544 -1.3018284746368682
13.814989550748926 0.04875854863521556
9.873242519158273 -1.5045457372874527
8.982817962983003 -0.6256523278615208
17.555723324849772 -1.2881330124336097
11.870907375474061 0.11768311988618124
6.829840195504429 -0.26436786508421944
14.963203223108072 1.535669137545105
7.056713944342491 -0.9701319925091857
10.449839218458035 -0.8803030270579464
11.9724567856578 -3.6014950558696115
2.1156695345636742 -2.4375276498690535
13.071440976629747 -0.31485709149973623
7.544186886140211 -0.4282954307520624
14.956245185844695 -1.167622054781557
3.50914252013917 -1.3139294280797693
19.612215311826233 2.4409564499246503
1.5269980399162348 -1.6440844165215447
11.457466041118662 -1.2980811122899185
7.958948417128101 -0.6695361092548556
19.940771944542995 -1.6303279679741827
8.384159697317285 -0.6586287757703723
9.267993854881757 -1.2088732733560827
6.859991069502992 -0.7547701962020625
1.5838507834436828 -1.8952800420631248
3.56230522513134 0.05029468401241114
2.781531351567871 -2.0732211687853144
0.1026258390346991 -1.4963931146584044
14.78681170869242 -0.19632223291121395
18.712061455646108 0.18216529704511222
4.871448901607208 -0.3584806261715252
10.622793401057214 -1.0247047594797252
10.65582336050778 -0.8019611021915093
18.112944795524182 -1.5091357545670496
5.484010383888952 -0.60385083579128
11.665092209374082 -0.8366297497261236
7.136693938787323 -0.21878057611740218
14.593322721755493 -0.1736804288534702
4.287749084719133 0.6112686732811387
2.2930142632678585 -1.0632228160603052
17.061947040278135 -1.009581814459526
10.907898450403598 -0.727213963866739
14.6722877994214 -3.231723253049487
13.76553084892918 -0.33997822757672097
3.2209394444268056 -1.5948482681130782
6.0348067203152596 -0.7248788734389832
18.396220154652784 -1.244686009037455
16.243982465144732 -1.0013354721484462
10.334766224414999 0.014494783712854967
2.3386124043592478 -2.0345446533227625
11.75368693413928 1.260213886986578
5.949584505852164 -0.5320736130221007
2.0824612861815663 0.2774388409748944
13.974651284679892 -1.0923644895564704
17.5718223585355 -0.9697784242251228
3.3404074855603842 -1.7183059915998937
8.08978621708606 -0.5890129867057423
14.197560852012233 -1.146081287364539
2.276864748697765 -1.6619750403308993
13.840774670099368 -1.0373843947140886
1.072352239561153 -1.8370834415417
3.7944374683233946 -0.9809346295943374
16.78759432477042 0.741059399347733
8.29356747699756 -0.7282937495936848
15.102130663374064 0.8567372236795585
18.44601761964195 -1.1320699019319127
15.446180503352883 0.8942282716222939
0.43686646344359303 -3.2006513465122173
0.49054823346788845 1.3052882837476463
6.978218786284511 -0.10804752764792877
11.859763397240974 -0.6976890854994323
0.2799313515088796 -0.07485140698512077
13.396185620653796 1.380580558533219
0.9316782274960265 2.420674772137252
0.8290825895558736 2.5135718812015657
11.464052812037147 -0.7923315990706086
15.463195347397614 0.9410358698548219
15.840630170027257 0.668691364873132
15.096483854015283 0.997743529270498
2.9589214657165237 -0.39179437789809607
12.617149412833497 0.974790291710441
8.59836185403775 -0.6257545060090708
11.594751924908246 1.3706205802848106
10.502952971167382 -1.0914402043660547
12.710591668030665 -1.0771387716346876
15.47818384468804 -0.7412603031437575
11.726552954967048 0.5168595851539536
2.9086965931802697 -1.1289333757121907
16.723658053241312 1.4219297110174318
7.323037574612775 -3.926812366512921
8.641680404113206 0.12948658537483032
4.0547617808644665 -3.475612342617145
12.838556018337474 1.0778858124183883
17.404979519068675 -0.6345932699742929
0.41123525237117864 -1.1371540758386307
13.292783740964776 -0.8073407533397483
14.897664454084804 1.2249784350627708
4.1399843129722935 0.9350718680778217
13.556558617241546 1.3652107063052261
3.4978282166605776 -1.136925329801059
12.090513353893092 1.037513584306823
17.079558768395795 0.21746941269224543
16.750824872253634 1.8532401206948592
13.510866928142773 0.8785625192030183
15.669139461021462 0.9354497138966841
9.07272643126321 1.61785070371892
16.42860445624731 0.4123639611259141
14.972249584896225 -1.0406434347185411
15.79774904318538 2.026134689961239
4.2730138573734795 0.24128493690985625
5.260367194447481 0.07489139544245514
2.60754516340651 -1.9695509133383062
19.184369243308137 2.0716557743277226
0.5826705091769175 -1.4942467188358792
17.6166726922113 2.1737796146718282
4.534845349690305 -0.9967870588529418
0.3886827308988968 1.303748886410547
8.736188261367348 -0.15014538130633515
19.54875371125526 -2.107556796668934
4.480439872832213 1.4209554637607227
15.426082731822346 0.8838405373499768
0.9320419931901608 -1.5107346580024186
13.587465614804264 1.3677076229763152
5.640976316647834 -0.4713351800943749
15.446666428516567 1.9080417347226206
4.519267356899652 2.1337765671378417
16.317352409093253 1.5562881575499217
11.19994327748914 -0.9362409036430867
16.409460454337232 1.7897913295666756
6.899638119913896 0.3183203633901092
5.846268333500381 -0.34653161873291094
10.368548639323514 -0.9906939576327809
12.333134506194387 0.9035174539542221
0.9245910100271513 2.390434503618712
16.914314219909556 1.8552619926401128
19.261407697512546 -0.8425254289171185
11.108047774524056 1.1313580759841386
10.378936792402184 -0.9662443832789198
11.540756712988054 -0.4385310494500794
17.46783953207645 -0.358985415132081
12.595023198196557 -0.6223016847604853
5.315408465087963 -0.5767647451962301
7.124268569671958 1.8644861381213704
4.37270193381639 -0.7821295359408618
16.443394314623877 1.7749695422358813
7.226962517643842 0.4575249542811306
9.679755721906332 -0.8418786491085045
6.023750335082312 0.06821388333647549
18.24872071849679 0.1595983413032425
10.453939536802569 -0.3315474106847805
8.740538736033225 0.13184378569092076
9.074822430618152 0.7393000768448678
9.262308390642206 -0.9214740119026661
11.291298240146185 -0.1400782497743211
8.15160378881041 -0.2877327664291322
9.500835703144842 -0.717453041235687
8.808869954729944 -0.5098886142881133
16.133328819856324 0.11291449216036012
7.304258903552618 -0.4456477616071902
18.212547207530953 -1.0202161118024227
11.946934858898992 -0.3820764131402194
4.28227559480055 0.5756236612577074
8.967469513870075 -0.39840959543844723
16.55659048430189 0.39766238038518115
11.392887335865984 -0.7475711225985973
9.29602871693606 -0.16529451181373322
16.44631738210386 0.3617107493898297
2.4679941044334313 2.623355229456131
3.206183722193774 -1.608988224161422
12.312266897425552 -0.7814060286548516
5.241119249621043 -0.0049397918892241655
3.0495933481729285 -1.115392601900696
19.154314493003305 -1.0940122618960593
14.323553135681339 -0.3487502347637628
6.426107955721641 0.14417862119749608
18.974226236242735 -2.16651020195789
8.54093862883905 -2.1084481826845685
4.817761093859621 1.1139519154101545
16.154856035629308 -1.5042070089039787
12.601512671544965 -1.344236271050668
17.093586848797866 1.5987067363315124
5.774778404289815 -0.501274769011
0.08880116205387195 -1.0528280938787156
14.398534419247621 -1.3137877763399537
6.00396685718715 0.1723805776555703
15.807967783600033 -1.5542803707732347
14.837873400974003 -0.7391752016290344
12.48565037396587 -0.798901107348015
11.722322598186286 -0.8034513442910036
5.2700525261191515 -0.6414700020261175
0.5376727983463438 -1.3815879440458594
16.3924337788095 -1.0369764436949007
17.557800456423585 2.7889222988260682
10.668331711863681 -0.9656772567837294
13.296127095839053 -0.6457466381057068
8.19081770441558 -2.580041822804412
8.52961430891439 -0.8473609993806119
6.123259132782304 -0.7096869681901383
10.480807655567613 -0.7861046693509426
15.645541035584138 -0.9699056349784073
17.438141714764576 -0.8879545422914736
17.860174351927096 -0.8334596977962092
7.414329900979614 -0.5052848192258425
