12.404974306949905 -0.5416071497926517
13.556600226888355 -2.2386190833448407
14.962119221778234 -3.606243808511132
10.132565565423043 -1.3605108647155073
13.537089088912198 -4.0240292263109065
10.530914349801758 -1.2287894071552468
16.397363002339223 -1.0478284839199383
15.104525317012131 -1.8063196945983278
14.440782941739775 -0.010009686257434165
13.721637286198899 0.6653947736395617
6.5660582029554915 0.013668943160574841
7.924689957876009 -2.2959707972962446
17.190673167257582 1.0162805175774927
15.42297339204332 -0.5498131398393221
12.268260521164462 -0.4561975226074704
17.634583585934823 -1.9516466663891612
1.4008477872993743 -3.6956120446765324
0.5079120410185739 -0.3258627669259414
12.803677240591602 -2.9839984056992814
1.2296706969125704 -0.9285250342316482
6.752189294842676 2.953208661857494
7.944983960661123 -2.635678105553526
1.5675758244278757 -0.7546496059309808
15.443790333947875 -0.33190978718768166
8.906761710150976 2.392184595757689
5.847225940249539 -3.122726000372787
6.970768245469017 -0.6653760279328073
11.783655012047376 -1.435702203748582
15.023131414941464 0.874454391504241
0.7072601040905374 -0.9691084679427983
19.95215762913111 -0.8716697934851756
13.419497586634415 -2.592321358671859
2.3638855370951024 -0.831325887823198
6.796714435390266 -0.9157031025866446
18.320828421870065 -1.146038991272082
9.45649928276791 -0.8402339868284374
9.011535645301116 2.281427060604265
3.660292336069921 -3.875445961300451
5.882117940248471 0.8829520979729203
2.985881709025819 -0.9144332810905346
4.571391906405397 0.08319819157060072
9.432139644938012 -0.9611431889503138
0.14805275178540378 -1.0762682524971405
4.571954924050848 -0.9314462908288508
2.5644087489976495 -0.6043874313021146
8.251654204184405 -1.4550187083161867
11.40196939495818 -1.6148357362707457
0.666527369258734 -0.9553978333368125
5.618045419103128 -0.7559687024467233
4.1876532719890305 -1.0534436493197126
8.062748316880867 -1.289663322734627
2.6200220350567 -1.0393602324286249
10.334425378560054 -0.8555960807453178
19.187546712782733 -0.727026685154154
18.152432443192374 -0.89599888143081
17.212649494678647 -1.4355708994474758
19.53785666411153 1.6619496382717545
7.262986323546807 -1.328152255207229
2.8101039007304274 -0.6457975235562314
7.442140355756655 -4.620390344241547
17.116640968998993 -0.6713599793916581
13.441995081963523 -5.095023075949972
7.818446596573472 -1.2145382093141175
8.116672230629094 -0.9419253801643072
19.25789996794936 -0.1615970409100763
2.8187017031491446 -1.7255618704325617
11.455668907444835 -0.6575995578891881
16.306525545607652 0.7391594248609422
13.507982978916678 0.7992069080622769
18.99537437747089 -2.8522196206349055
1.4396896355303346 -1.267968231645628
2.962980153803028 -3.915246049287171
13.187535098687599 -0.17230154649195922
4.316565476684553 -0.8836519455486666
9.499278704369411 -1.2602568795194211
13.819033509964349 -1.2839976790967478
17.513559676548493 0.8967390956768588
11.275967816881897 -0.9175961882348879
0.6174365586189539 -0.596850716479668
11.054394257494915 -1.0600480186482555
9.206058910236173 0.39371153691962896
9.620766405008245 -1.4356632070609443
3.224175449191065 0.9817576994005581
14.566737694647522 -1.3512734855693753
6.225651138776545 -0.7192199158631931
11.474614010833484 -0.6001811560684869
19.45319860304244 -0.6383734295447113
15.28187874282757 -4.194519296086247
2.77949433900548 -0.08168149529614763
17.56382341627603 -3.236960905310607
13.5212692242156 -0.5547691634296357
14.44483390137362 -1.2530787477745597
5.9089905478736355 0.6050351546265277
7.311821011017219 -0.6175124068958624
16.524114787154083 -0.9842253041111161
19.255576850338812 -1.5386617855434959
4.290152938215524 0.8153744442587438
16.311627312757118 -3.140993064825195
15.61820057111813 1.4077851728475568
2.5539696840962045 -2.553584323526106
8.552890001945972 0.5372925709199198
12.011125916770288 -0.46890252961069373
5.837203137810778 -0.908429236789356
18.622902192531566 -1.0934473608948325
19.322368514805145 -0.6002313110347021
13.188183229673001 2.225876415567765
13.859384654623453 -0.5282902975808624
7.596362505314744 -1.3585502464606256
13.362790293612871 -4.9072249063916455
10.550734886993173 -1.2676274463393968
18.82189621163793 -0.9538895360667599
0.1876116401176895 -2.320616747870382
6.780416538504196 -0.5930132422453284
12.678108441084465 1.308425786115485
10.277888060065454 0.454393702906106
0.6727068596566337 -2.108818382346417
16.094758479102545 -1.2759781523188511
1.4740911524567026 0.05670131762693357
1.0970917195943555 -0.7650569836841673
2.255089123966373 -0.6319595557565092
14.852107424730535 -1.1057340705104304
11.29400425986993 -0.28056641054927595
18.47852236004945 -1.166646285122318
11.309659534198008 -3.6398716010438865
15.376182747072667 -0.8576338071805784
16.733534995617806 -0.7426681134434346
7.304448883094841 -1.0380309809693948
2.1635744245299215 -0.6820560719706477
5.824329917341566 -2.306992428143275
16.5967489114321 -1.4138750257705097
17.392560332016362 -1.772605255914284
16.30770103212131 -1.1965728472163968
18.57067086790763 -1.2675033878142423
8.14551479919239 -1.135364984284013
0.3421443593257693 -1.208050215639185
16.624662864470924 -1.0780995226053305
17.776645529587434 0.4701918486764149
11.510023504662511 -0.24859553712169152
15.940377356508161 -2.4349383595011793
17.474435284619556 -1.012796611937758
2.9116251550739514 -0.71924640429102
14.732159159871186 -1.2507311462200421
10.924995322891643 -3.5869153118309005
17.44521419768933 -2.52750874062709
8.994154892033617 -3.416758199784427
4.6036333920345065 -0.5870537575315979
2.5989599097970264 -0.8916277071284456
19.05909404189043 -1.3210373173010428
11.977052958858522 -3.477393772480657
6.667377880318346 -1.7954901006132369
3.3986989141116015 -0.34267245862121876
14.616021904923327 -2.6064727676413213
2.687580659000515 1.5489590283210208
12.913042995277477 -1.317968843061663
14.32158825579659 -1.0812215850965299
14.064545755039894 1.808833849233639
12.094410365396087 -0.680491486654074
9.669907540519247 -0.9724441301508503
1.8310716512138097 -3.816625503938044
15.627072995172739 -1.3281133279364032
2.6663298398619384 -0.09060327241042732
15.481346250814251 -3.4573847705805054
2.5394415052610455 -2.7503362801078106
12.369375356352185 -0.7260377527365873
3.957988330160385 -0.7524954437592696
0.7457412264215554 -0.8895957291308779
15.548506694635122 -2.7654663240411517
9.768093363774241 -1.2974086045692281
13.039362132862914 0.7798241908146198
0.7823043592093829 -1.3721066342757375
12.446729148273848 -0.7554082563561147
5.503104450553728 -0.8657937308860157
18.702057002942343 -4.064269371229071
0.6479459249370443 -0.6415052368060618
7.866559426702095 -1.067952263104313
0.9648918563117835 -2.1801202348719433
19.89550991312528 -1.9354317344297092
14.169272480360489 -0.5875392717143711
14.338680379659102 0.14053952906064082
5.6900589340013905 -0.8513035134035789
12.525246926060538 0.1716873767395795
0.9781303570584181 -3.351388975184591
8.090832212607477 -0.6664178547015044
9.609294444916825 -3.4837835854324233
7.674882699123591 -1.1879440148558327
6.951645194459479 -1.3080631075556373
11.045131203335098 -0.9560236036958469
14.30632856662725 -1.2376981465619108
17.749007388171893 -1.0518364144908814
9.4384436798905 -3.8991830743235973
19.56999326154792 -0.9238104744762371
0.26498364068813784 -1.2791417123713151
16.8632294343787 1.506675400763296
17.790526804665227 -1.3294144076309058
13.623254681844523 2.510629853779942
2.5754402114673822 -0.7150340754560891
18.577480229412064 -1.2711514265835455
2.0481508030966276 -0.7462837389628041
19.41665118963664 -1.0069848406321906
10.167662936211226 -1.0951425698010697
5.598858201777608 0.19842254006713575
13.653473563688722 0.6468019990667906
16.046301316556583 -1.940616212965995
1.037018404676636 -0.31286158063681313
3.2699803988497345 -0.6719830096254649
19.101277854976484 -1.082195015706251
18.23368634765325 0.2596512925724858
5.5889329809457 -1.7645250921984754
10.105173997050738 -3.605170653093904
5.561970906358485 -1.0389804014063535
17.73985477106932 -0.9462117426453928
18.243147958004084 -0.8312047999531137
14.833127067992477 -0.048044065259945826
8.330117530423811 -1.0956459378997974
4.0088195527358685 -0.7000555715831717
19.35497831074505 -0.5600483168045136
10.683143281345258 -1.115961495049212
9.099617157217041 -2.340107870850433
3.8093999006040855 -0.729203195780372
10.188299186291559 2.512955910953963
16.91539451706406 -0.8767377060248576
13.771134556728319 -0.4652827766115614
8.040916699028399 -1.088390498865363
2.573557982611053 -0.8395973343380166
18.852735174330345 -1.210458504448913
9.238319578499537 -1.0019759754794177
7.008112864425046 -1.3679741845494857
4.131770022368452 -1.0543585419335468
15.555825591313928 -0.49871107759388766
3.0593067017737217 -0.8181870801892157
9.316831439193647 -0.9181934939490899
7.134407163166953 -0.8489220382194931
15.702468279955356 0.9062326004611743
3.111696662665916 -0.9166439987377275
9.756230196076267 -4.254940958404878
1.3779617003284783 0.11445982592093533
3.4763871130470188 -1.0384368320429533
7.4667561249585646 -1.0510638064245081
17.097733130954353 -3.5576308834264108
17.60250108713205 -0.9993038243569695
5.735332940262805 -0.9153331354245391
3.2911939933291254 -0.808218480769235
8.029104395611494 1.2881904633622214
11.886107633687653 -1.4703609278691232
13.721906472942006 -1.175620373620566
13.721040337828507 -0.9402519938960467
14.929965150716345 -1.2469388635600585
10.000514345998347 -1.1614627163784246
13.403785596976672 -1.1757308492032563
5.022720506032713 -0.8084339513703371
12.30156084581536 -0.9493115290527286
18.347303176230408 -0.9448667089625647
13.800572695345897 -0.9777025077636385
10.587013411347984 -1.0924332583012033
14.02774661239192 -1.0494401324352525
11.407923150125479 -0.6127749036115593
6.119091666207923 -1.3440461591289472
15.119121781756773 -1.0098682029807748
9.241152606705647 -3.996448457672164
5.9125716863738 -0.36230072939454216
13.384852522403605 -0.12915295104230112
18.043793212569966 -4.3490859425164485
16.0433638929378 -0.9013265220077706
14.44175823432396 -0.49678761326901555
18.35981237595225 -0.921900142581071
7.706370996040675 -0.4759038389479914
9.631634363193474 -0.9080374187276488
0.6582716132757345 3.0813432178679907
8.489432017912653 -1.359918399333209
19.78087125163076 0.37117933852764257
16.962740578524784 -0.479317632126188
19.27375559815377 0.3533418092711676
9.403490431593946 -1.9296963818651196
4.650675894643356 -1.0760945569435816
14.954324083099293 -1.206318792405025
1.5729853129116913 -2.483969585883771
0.5821434082347583 0.26390485755931153
11.955480832969315 -0.7958468075028626
19.276911495386667 -1.1574509870582463
17.70697414135156 1.1305047005082778
4.958167453250303 0.40610272160542227
2.2854988315867892 3.3941140776301295
12.202874687646052 0.7085589164003024
16.358729718128494 -0.8254928426633004
15.763806382348358 -0.86176650656076
5.245438211167564 -0.8262553312658828
3.2124726869904863 -0.7803368986827881
6.5735894822604175 -0.5438174026312124
9.812012141004368 -2.2382466164937487
15.500177378768385 -1.1183837277988156
3.5540799563688603 -2.0501246912938447
3.6896414736856347 -0.6263356716851378
17.159191556070542 -2.488064940951148
7.625578058130744 -3.5683704647975683
13.463879006967218 -2.842013118056853
12.69020442840215 0.640866339218044
14.850755623528121 -1.37323729268612
17.048687863185872 -4.570881383991472
14.277221256399827 -4.113913069223482
18.33815883919367 -1.7632632917824484
10.201371211445403 -3.3547574652153527
4.77329890390156 -0.41171309956231006
8.563789825981136 -4.693820307009275
9.480389832597133 -0.82427642957414
6.407276779330927 -2.0374207980732693
14.505839960103112 -2.3693323123746435
8.008768975083393 -5.086910449917624
16.908555160861876 -0.7827137981027266
12.082922296057342 -1.387183482354802
11.554397020927219 -3.2122958828555817
19.364392777928884 -1.6496633633122506
5.2430889815778166 -2.2601472479028577
17.000149527454546 -1.4643463906708665
18.96894964959833 -0.5781027024522826
5.125037728409365 -3.5802909416467923
5.382396982044147 -0.945122599909755
0.1355456818446104 -3.458194427738719
6.275309648880955 -1.0128677488814104
9.915073031525328 -2.5208958759282774
17.2967633521712 -0.2927099948140862
10.28410538007855 -1.4558177144900972
6.951348683229626 -0.6713780240756463
0.33158744691772934 -1.6373409867432038
12.16552632226488 -1.0702776845185338
18.675235314090507 -1.4857190923296104
4.062415985816758 -0.6962284942746239
0.23765571776794125 -6.99444434873882
6.737548133924014 -3.6381235310237847
8.712518942489165 -1.0927013274503483
12.707148347402024 -0.20144237542976295
10.707581919551513 -4.274664292583785
0.218356479148009 -0.898816516861966
1.2600714164310234 -2.982718683454645
0.7631661511435903 -1.0277369820491356
10.63665807864933 -4.437989686573982
1.2961144343208888 -0.8346952306552533
11.546962146069955 -1.0482949083103223
17.092051253181435 -2.3887125115263546
9.584996574619085 -4.819811656708151
19.570464437858156 0.17190644585300346
4.874577159523048 -4.544984727123608
7.319454391597201 -0.4355882775638362
2.0873999089248922 -6.851168316302857
12.505073275982747 -0.3429723982352399
12.082022228888157 -2.009038729669807
11.8041888103552 -0.21095741941451046
5.712191003336774 -2.820893539766605
9.424530687183935 -0.055429366189162534
14.67903830682739 -1.8852937278223438
13.168534422648971 0.2819440202832829
13.649749658214844 -4.987833901373202
18.389496561308952 1.6759647134271358
4.01303883122718 -1.079658674506263
5.072337398535452 3.3580501946741563
0.8964227843294229 -4.41661853748708
4.623592956684549 0.40441300520351553
7.3276184435581975 -1.2723724086286705
7.547711072801139 3.1076644609282917
10.01711104447646 -3.1814929239376224
19.200364255095224 -1.2979570792140733
11.685085804773477 -1.3560225772469763
11.730208791233114 -0.773065549063739
6.110202783791102 -1.6319904393488494
7.261910539766174 -1.0865989863784855
16.917135370181747 -2.0587674539299514
9.369958313114 2.1966920635655236
9.787339018591707 1.371468848007701
14.856929001099653 0.7524796276999005
16.404381847848367 1.4807373197021492
2.7414695878050326 2.445987433566288
19.790539828956447 -1.227523572693736
1.2892254053493997 0.4158942615717397
1.2487567504015644 -1.5010187953078407
6.858401626654759 -1.9314224658767154
17.959171790673597 -3.4092969823554493
7.656750492910951 -4.352820403402263
1.4665928838018074 -3.006497920223361
17.59429081208189 -1.0091815981851462
5.890569668602473 -0.8479127142391238
0.22653813446276236 -0.5351953246200742
2.441582986473628 -3.5093338734316375
9.36130208965798 -0.6810904636853727
9.259860366801275 -5.304323704525829
7.827665084138569 -1.2511134094418388
17.239380075463007 -3.668490520815707
8.254999255215429 -1.2600380966059463
18.120700884356566 -2.5657236201667333
4.469040570558341 -2.1419656441279926
9.845799128881877 -3.0878228180272056
11.696311243549683 -2.8577375681998913
2.358206848663859 -3.4228129646043572
3.989811427315363 -3.2961131214950323
17.76680906944403 -2.648776332692072
1.7928226410908434 -2.6300361611052336
13.617040305847512 -1.4718421411728786
8.431905898126184 -1.1256588101685545
19.031642284529575 -1.1497409004954298
14.477240058717966 -0.8237901204895086
4.228206907019594 -0.9863680844781653
1.7611333833905831 -1.1414431564428882
11.049018985434671 -0.2762195998810399
15.873587806269628 -2.029119587303372
13.473169992178315 -1.249807605677998
6.919253243557091 -0.727453901759213
6.582165362275027 -1.1231003039587981
19.101147205056535 -2.576501967870171
15.016330225763854 -3.993804488469518
7.063629382503493 -0.9023053797537776
10.125190104878426 -3.896938554230316
3.4418049254297554 -0.4932186962137938
7.4082342795906575 -1.2197290864609533
9.840841112697785 2.3884860637292613
9.649504972307398 -1.1711785754979054
5.524246684879393 -2.137775385119343
2.18133507700419 -0.8987443370220614
11.644824787595146 -0.46946246278451315
12.414366161033247 -0.9470770570866862
2.566792041652459 -1.2091161262128467
19.715731808876217 -1.569116919469684
2.4425202855195685 -2.38547788135769
18.19573465722594 -2.6233901603396554
7.417329156764001 -0.8689800137091613
14.306936943272062 -0.7970878262405683
13.99750729579418 -1.6216779021612722
3.3482007959143276 -0.7881746265581709
17.27538513267105 -0.7497180787725444
13.085201782803173 -0.5469311865532475
7.370820555726139 -0.987461640087622
7.227649433299225 -4.70038058370838
13.189087949972564 -1.4877642233809398
5.292410339669358 -2.785647460266012
13.60725206401711 -0.03476267734865638
16.195199974753127 -0.7826518144731737
15.71556505288871 -2.630501105065487
19.393498283013624 -4.109527522203604
17.29610104596196 -0.8569629277683359
11.976191148907699 -0.9904235811755806
0.4286281913167798 0.3829431309461606
9.037924868286382 -1.0798578340296903
0.03502679430164099 -0.9044011107669317
1.9466187311965446 -2.5174125061876675
6.57921786735561 -1.2071600226450727
2.1752517910229705 1.5697555608581488
15.65479142884684 1.4172762296625563
6.432721635213479 -1.0473864711644996
14.519715241142494 -0.7514071606458452
10.6417180011253 -1.0909943346873294
17.2343787230352 1.9119312165142193
6.830922912872227 1.254485042066664
4.806106059097919 -0.8543559539299322
4.155321984503489 -1.311639634210744
10.991716894158234 2.549358813364762
2.940000778145375 -1.3170902672840483
15.434917202442447 -0.86614109366029
9.018864737074038 -0.7571944326850862
12.432197253357172 -0.812469197976591
10.337621703072088 -0.8900294255921293
6.9588022058662204 0.6265772154373219
11.470291168411709 -4.492208369921916
0.5514260500555089 1.3632775476769885
1.1126605506266676 -3.3949720030755373
19.14561962777123 0.5240369656340774
10.87279907359827 -1.0975641428894167
11.698732465144829 0.9313031612379308
14.696968189950042 -0.24439963764278694
11.93054930798814 0.25857944064186034
13.62602283202852 -0.7807669357535502
16.29194559807091 -1.4757221010741937
2.1742243307820663 -1.4019595278372352
17.25055576257779 0.48788802222478145
0.3071871644780551 -2.590139620912389
18.23787986644311 -0.1715828046573541
10.28108446124503 -1.302569292731952
10.45916809034395 -0.9192264965067417
14.008943573426816 -1.4932775712043287
13.151531678318788 -1.1045203748254742
15.074807566406676 -1.1026402921556004
16.67749009177328 -0.9383082794889341
17.137631816225955 -4.725139959030521
19.754946972417404 -1.6909121616981846
8.7599871234106 -1.0471618802196896
1.2341535868536864 -0.008823457961294027
3.715929912386316 -4.0853374000777665
15.075758890801147 -0.8997882189708917
12.263074318612526 -0.7906144210751035
8.42693716544523 -1.1133516043039329
16.71675820056461 -0.7971210884894766
19.75829576262813 -3.4654971517903594
12.074057988020074 -3.095031455839824
7.8105405158308745 0.5632263092023457
1.0312590013834066 -0.8383962832783435
19.568677498417856 -0.07762081866951881
13.578270607250174 -0.09611474962202954
1.0335289285579259 -0.6340030408321377
15.28739527760728 -1.1197689188845057
11.025193728982572 0.13859589703390168
17.33352939138179 -3.11413098864992
11.173460960880938 0.3992090306154329
13.026891749851746 -2.355353629179535
4.66473555250271 1.7634099238386522
8.905357557425743 -0.9914313887223842
11.075820583076343 2.0286502252859417
19.878567689533238 -0.7781175095910149
10.986375713503366 0.3156672546108526
12.799272554791205 -1.0865449332296504
15.594395124286706 1.2287437379918165
6.5565949357725755 -2.4291368853600916
18.743327941844882 -0.2004770140980966
11.809803346886033 -1.5022729996192692
5.091946041254171 -0.7282511766865611
6.234792705654792 -0.831187543103705
10.471175957386656 -1.0223201398040598
2.1401232461733164 -2.365729394154138
13.99680128824725 0.8049115563079245
1.02741549785122 -1.005870708545729
15.021005607534805 -0.9669550596790264
4.469881526400042 -3.336258692954757
15.034960746127965 -0.44669903589462284
0.9446890903078561 -0.2345805259048201
5.299893678963819 -1.1138222731135776
4.660550143898034 -0.8224422530536633
8.256802942652085 -1.108861773855717
0.5165264571782116 -1.060888162528614
9.071454180646928 -0.5452146659093547
6.647088543341484 -1.4235614616750683
5.421253171238449 -0.8999840926932405
2.7484526352041776 -0.6607423126574765
6.7621133990485465 0.6402034993393609
13.104516499667184 -0.8443733350388486
1.9254634436014928 -0.23467830603758089
10.55342498536969 1.0918337883421383
10.888115162492406 0.2038749448592162
2.568939697402693 -0.276748174433989
4.045379754641325 -0.6792847976295623
18.9864795762332 -0.23524599862297518
1.8378712671426158 -0.914853843107298
14.108517442831786 -0.877815763456663
6.111245714859715 -0.9206951820984404
11.946318467053883 -0.8667535507302416
14.20772271546294 -1.2176280107606363
15.838138915054305 -1.205512059409683
1.4943416235490468 -0.6631309784367441
2.692224844224905 -0.8153892064663435
4.105293110307132 -0.890376742181563
6.977659230325194 -1.1239070271139036
19.320004889432603 -2.9120606065216896
14.421282660790489 -0.7062063579221609
14.76028600703038 -0.8459568511749368
9.667187235282107 -2.501788054756934
0.7961082984220063 -1.1157236726525168
17.05512562907952 -1.1114444935726617
2.561259284693402 -2.8853755820966325
19.27600305873104 -2.53055552886706
6.007522229097033 1.592896439858178
18.52628876786013 -1.4732677267917633
17.101850272783228 -0.6854627162036456
13.340576314957042 -0.8205372515112505
8.025548797582237 0.1266470025982325
4.355270315166895 -0.6410228931989911
19.313929027972677 -0.8853290923140438
9.086395888191475 -0.1489828457825457
14.539908199101337 0.012540278866297987
19.62165136313112 -1.468260604520565
15.905283995433132 -0.9903570165975903
16.638636590706398 -1.0052894741243787
10.89581883225899 -3.0808052239071504
17.92055525513107 -0.6432344963809752
14.386101098473604 -2.3219702518516665
0.4960267128085589 -0.6634854604071235
11.630745328345231 -5.70597928153364
16.00131830160623 -1.703000697248185
4.7736607747414626 -0.8828601978480547
12.789091690698335 -0.4153851617420575
19.654991821498463 -1.3091250006202557
6.8951620802448454 -0.8174685542475197
13.49025614962211 1.3171509570593973
6.713791500046789 -2.2502736859064503
4.080431716878251 -0.8075634498167324
4.090841531819441 -0.9149262515984341
2.991805318236607 -0.08263590454717959
14.053439710286275 -0.768439222525595
6.900886530416607 -2.056066691497658
16.931393906129724 -0.8634315540176334
11.300528242734526 -0.9910724422587511
18.610743226917894 -3.8425430771481897
11.65063704455335 0.14726572838171129
11.494679141875787 -0.930234582247834
10.934293266095173 -4.346498386282662
19.540867285019512 -0.11244914402670597
12.970055159766524 -0.3511354808739492
15.996313857569342 -0.9264149253994463
7.146431566630307 -1.2441271978116193
18.745230488520843 -0.629805371034237
15.896801569303612 -0.6815485068334707
1.1170823175753186 -0.9123766012319696
15.085600555396171 -1.1109284929259748
3.5582934877681254 -0.8036918317141344
13.740373256605686 -0.5475227772000285
12.935159955934605 -0.5887617176043274
11.012972492988744 0.6734830520155897
9.53880335763412 2.044375664149488
15.041368187518321 -1.0717391196065205
8.2523520951883 -1.0076404899283482
1.9334096984228741 -1.6889669148473359
0.5701868451280938 -0.9563510012526725
5.802031042390663 -0.24222186625209857
9.964035971488293 -1.0051368776973932
3.1800177493851387 -2.6157684346752497
17.909654372262434 -0.6515672659480377
7.491540316909405 1.62940485444044
0.704707752669126 -0.1436712221541407
15.70326147680083 -0.6134728307632049
5.509075290793062 -0.3170604875088113
18.220734068445772 -0.9193795312720664
1.021392481624748 -1.000076202844792
19.341620529668553 -2.8057843729414973
14.930263837489177 -0.5968499257336778
6.598395315601231 -1.8241317565572799
19.781032069977904 0.481627447963561
18.41772829254541 -1.7228286476646195
17.898049732168694 1.1615687736703517
8.695661418555142 -4.16754607339717
12.166164442525139 -0.44948838385446
11.510943600525904 -0.9906570285262596
6.969537537978597 -0.9607631898785538
10.623249750106538 -1.016702338407829
6.70838286034775 -0.8938102565682721
3.6913667454722665 0.12405304003796619
17.82273667296812 -0.3856791439735509
18.412218648967702 -0.9839847461843428
6.706361192214419 0.7934715733476496
17.496910240274172 -1.7503947715338581
11.389468696854982 1.3805383361266734
4.3783288268656335 -1.022811644285189
2.22935783803724 -0.8876226260978768
17.517500773296344 -0.5310089553434852
3.093080835143069 -0.3538787762787931
11.535052673464069 -4.059541536926778
5.695554534456624 -0.26958899739325515
11.544256469739622 -0.6893190728733124
17.354256206917157 -0.47392528480598073
10.031003018640714 -1.3503819428640795
13.491356515475118 0.183723972736647
15.989106103372755 -0.978763515880483
19.524040178760206 0.5567461675928319
0.3932917217181 -0.9540032039330659
19.478678775640144 -1.0351128957342723
9.009029064764485 -0.8175982969833109
2.8510367279974638 -0.2853948223931435
12.835467674723056 -2.676048858144078
11.91053583812552 1.6951462055731799
16.593430450694573 -0.721440363210424
8.168825473432799 1.3376727305479894
17.53483638366566 -1.1021225794429848
6.144717386207677 -0.21200080788517522
18.101785344041108 -1.1141466166177518
11.438326080650526 1.3255776251778626
15.528399267412532 -0.6660308239218062
4.615104515395066 -0.6111908150774612
4.222839989543935 -0.8573309035355802
2.732571536346476 -0.3381722234825635
1.182056734348579 -0.39743263515689353
18.706427234118973 -1.0674421755045769
4.408473364091125 -1.3716006424965161
3.696350391118431 1.4086770124667591
19.17674105510494 -0.8083103657465938
7.5916908135250845 0.6550648619158791
10.721960904538248 -1.0002389962100477
14.56524569432947 0.7653123910396079
4.407788405947191 -0.6081629529942533
6.109886764004914 -1.081188278172125
7.545547705079795 -2.6102686728627766
8.842018936048147 1.6006258278251269
12.405825981245684 -2.165247120417344
5.934876875746712 0.8939706342591446
14.663824945201107 -0.9979583878646958
13.581019034834448 1.0782413755255544
16.687534332141777 -1.1844753729318198
7.793459528654637 1.0834752490681159
8.10194358269465 -1.4440289540339317
4.494616182983591 0.8653392967144861
5.472444174980134 -3.2321477358393333
1.1009082420360068 0.2629529382510447
14.911358964610734 -1.1217500508754708
11.944125193653084 -0.6813022828606613
17.723516722944293 -0.9662152830546095
13.834397784877948 0.3844871747981252
3.2749700520558584 -1.3493507846790602
9.473144914743445 1.2383841890514424
1.788870133068237 -1.717569816843786
6.717816784391442 1.4643804557926987
15.987671102314298 -4.708535140641215
10.325113597979131 -0.7511044983156092
8.088202954120403 -4.42195434047798
2.877595348047541 -0.8325252109489161
6.2378508911363255 -0.8637029323580592
16.59214221618543 -0.3226536106837799
5.869112868452076 -0.9102121497957656
16.174522813465796 -0.08754032184230154
12.706484816361124 -1.5287796348455516
6.793724656214652 -0.5379506265696674
17.058747985002803 -4.927465976619627
17.05981990896879 0.03750549328409062
13.073079362338783 -4.210415833227115
13.61996333643666 1.0037602876399776
16.83191501759297 0.6768666860997828
10.153775769068988 -0.508944255187103
8.560176675304472 -0.9839352848220051
17.685402461164337 -0.9051075926889817
1.2589557207280448 -0.17148748007963263
13.236975337326387 -0.04676373531923473
14.679739652292936 0.8124070714599636
0.10468743913119014 0.7519638733690149
16.281001249787682 -1.063721129861948
15.743155471154468 -0.3503151752223639
0.8628787299643017 0.669433958700306
6.04391677808709 -0.7273632669805438
2.164722670992193 -0.5641640545609504
9.168389437886393 -0.9567965430826869
4.8152911131516944 1.1258839398522151
15.394630331213685 -0.5591954122758874
19.30456375129361 1.276135501042009
8.794739181153334 0.03532499492792313
19.72350366568447 -0.4745103276154379
3.727834645044113 -1.0688515808960901
4.57263752913075 0.0930139214237808
0.11476930651810466 -1.1232043018409965
2.451834614621129 -1.3342992913852805
11.782125526508501 0.43457911419396866
9.122043177005558 0.7004402321357008
11.668064117191985 -0.03189078480181297
9.370805533429856 -0.797381032959029
18.306828459214252 -0.748471871373909
1.8549839733578726 -0.6886224081195433
18.6345642936886 1.0038440091560425
8.828844962379401 2.2249742243189434
19.915693500905167 0.6929282485387351
10.486048553402977 0.16168859841711003
13.018830025712452 -0.7511054905737898
7.374884784316151 -0.5780315432206516
0.0317306504915149 -0.7559209023335086
13.106539461133087 0.9892141654427602
9.794320513080425 -0.9340326935024004
9.686967683527994 0.5452303816994151
13.702467333704083 -0.7286062964479989
10.467797365411014 0.5702176782327217
10.91682564871759 0.5931587767839344
16.035631427679256 -0.5979344232945962
1.272028812685914 -0.884519066847114
0.5404729251307516 0.4263804790777504
14.26281124346853 -1.2482432211505554
12.231470489536353 1.1041261548128976
15.559021631617062 -1.006684038218141
11.009748427890873 -0.5177427296627709
1.7825147404517194 -1.1918082790061084
3.134700847341843 -0.5829681509742575
0.5437474245853398 -0.9059439256907552
0.9472901409807332 3.0656481919376457
8.205921376658283 -0.7868675797953669
6.718675261195081 0.0030525783503230833
0.9439946700035338 -0.6338357893017232
2.7767414689632703 -0.8756288362721252
6.771288485282103 -0.8125877365334282
18.413262058064813 -0.574664843215254
15.334723787763304 -0.0661884956527573
8.339198155787281 -1.133987949185678
18.48190521347329 -0.9759211690588995
0.4361154220094634 -0.05455943295941225
17.251671700899585 2.295110273791647
1.8378438584269599 -0.6125870271660073
19.901785013204968 0.5475153734079795
19.039028398377138 -0.1616073292289687
16.06642831625305 -0.008735432744264141
16.550947881695308 -1.5967701352718207
0.8695061250955105 2.150204952446178
14.117240997852235 -0.5548168062308984
5.115316835596157 -0.17097089346939903
8.607425674830237 -2.184883580530816
19.183394231683973 -0.44244802531663546
11.037892197938296 -0.4381577426177513
11.109135474278576 0.32113342033644504
17.553541119944818 -2.202599049741035
0.2569533938608274 0.548672882366406
10.727197807219218 -0.8751479164645437
7.734905055086515 -1.413606033739203
3.225087928984107 -0.7049420055857414
16.301673075454303 -1.2194203934144765
17.0897030459535 -0.9871490216327181
7.321773127675394 -1.202148590357923
9.518050390347724 -0.7635976304051654
16.43370312403489 -0.6066168326789891
3.14020405639562 -0.8127727729488623
5.114733285109091 0.3986099789871756
10.909197419919149 1.202621703938178
7.132141872559425 -0.6444178593725209
0.5445111880180007 -1.1542401915064953
12.447083604553796 -1.4697067014003198
16.056167770774703 -0.8501445406532719
6.65624294097619 -0.20364977484991684
5.40403017649524 -0.6869372235838351
17.267923278950644 -0.9794826499582188
7.35741788036362 -0.9729128867834861
16.674895784118316 0.2031309668777257
17.1664675092636 0.11144564340453025
15.333011573461048 -0.8012162321728732
15.012975794451794 -0.9007305904554042
12.65152980614564 -0.7340822981627874
13.46674087156825 -0.8462407281169885
8.337489074298079 0.22934152458120857
15.802447625109954 -0.5284631212332801
5.600390161542414 0.05419406827465678
13.447932393094494 -0.8466056026719418
9.826857824295944 1.6966784406486735
15.0610275026826 -1.1851976851363133
2.828431232773064 0.9789762938345798
5.0125573600660385 -0.8377502279957016
11.795016867304973 1.091911634183034
4.771570970805035 -0.11452398199512513
3.373768047465502 -0.8253166480668085
2.6193745519699707 2.270341946675337
13.460867186865155 -1.5937556873140606
15.83799930001979 -0.7561502533811183
11.59149556427913 -0.34540569172497765
10.14128811235112 1.9873782140231624
18.488338054665466 -1.4820656586753844
17.668784825714287 -0.014103055995036362
8.857154764088579 0.732525640012295
5.9085269543157395 -0.49625290543001266
9.422074122953227 2.51218017288214
13.932574877352371 0.005755236958679459
11.186963005498681 -0.5292952037559365
5.549925903410652 0.27395531287281666
17.69841924157982 -0.5644299145053157
10.152632244415845 -0.4188716277675149
5.8400242260203825 0.6827133639142026
9.05851078102045 -0.4374419894337553
17.879469161446217 0.47061956936580884
9.940561611329162 -0.11585340888011374
13.506556235891154 -0.8253343747718412
15.14776343853317 -0.08715736199468653
5.751893341265888 -1.6940137675519547
13.073012951050446 2.6090249713890725
6.5668974714434745 3.216963676075773
13.11293136801084 -0.650753753966139
1.6936048945414497 -0.6611531924780603
1.4822071085279998 -0.8947424096638894
4.157085814510217 -0.35086960853288784
1.9942767983542995 -0.677242285133691
14.190750848777014 -0.7425612675835365
14.635192550590268 -2.007911805027413
1.2561291813849917 0.15004658745615673
11.667265377711585 -4.610989982688932
12.34397970011727 0.8576133905670668
8.505829535788875 2.695631718967079
16.208779558203055 -0.8660410449605119
1.8097441477001408 1.004928214299238
11.260079259932002 -0.6906730014417213
17.26599222896717 -0.7814300192470738
9.672500496689308 -3.7102910093199424
19.748947268396066 -0.9106588078368894
1.4184121068367137 0.30400731244208773
13.005360826142397 -0.3406120612435187
7.349552842890985 3.32469274695715
16.466044755082194 0.7952723315968285
0.9945363269500875 -0.36904459037212173
7.295184854414136 0.4886566163507493
3.2468276121456623 -2.011894512471888
7.691235545927019 -1.0405244708539927
10.111234109069155 -0.084127590912557
6.458409926636602 -1.0144512899717493
13.616616630549842 0.6019810069902243
19.696614536801302 -0.5605687651063582
18.41552138297324 -0.9266307021609461
18.237086050153916 -1.0815810608117986
3.2132297968381414 -0.2856310048081204
17.23303894247446 2.671890304996001
18.498061141226277 -0.7277074210893213
16.1977342551699 -1.4415947895468388
0.4889129149440113 -0.7807700898161167
8.794844972006183 -1.1254843299543693
18.87380208966387 -0.4591353792256918
4.1330900852330945 -0.9116246182650612
12.559296334232686 0.2092806811304066
2.8275290724069038 -0.696663020415655
5.358882478566767 -0.8661177865966785
19.54746278118621 -0.4075978898770981
15.534015763565533 -1.3919761063279332
7.825194635112135 -0.8784822502601403
6.068405106051728 -1.2254996479901765
7.397043871667725 -0.7139512775908112
8.57726635296248 -0.808290535853432
0.8294971813917054 -0.19500408675713396
2.1781556351773554 -1.2245584791982629
7.998322290827129 -1.0125664427655574
15.327965943576345 -1.929820691625674
7.201607267833786 0.038683095581677096
6.776742341598939 -1.3209260123937876
19.00263091622445 -1.1485957616821705
13.851167303763686 -4.064555762589077
16.866689599736056 -0.7055771678746883
5.469199564462916 -1.469069237071442
16.33415081134013 -0.65514726396603
4.9158600503972965 -0.44867702332110104
0.17292860635461266 -1.1752456492923007
14.311016088116824 -0.4284967749634314
19.02683455573187 -1.0295053495175488
5.506293240382929 -0.36839379875071004
1.5637901734236546 -0.3370055785785357
3.008070374950866 -3.5497911728628035
11.23833706517947 -0.39718879909138305
12.691528179328001 -0.7803817885880561
11.84722055882401 -0.871358029323478
17.313958895629497 -3.0646363576858957
19.03547598287368 -0.5411769477659525
15.461683208286058 -0.9987450058041665
13.6865467020284 -1.3119355642529955
11.100365445833624 -5.739184886572259
10.072685821257881 -0.387618670710943
14.60284101526463 -0.9528293859193205
10.342763826509325 -0.31847468205189305
14.20754773294577 0.5566788834042343
17.526403614334473 -0.5500305726323551
19.48030458862008 -2.905115448453352
19.84089166950692 -0.441132162470316
9.649667281083875 -1.9058817509954187
3.8563530984346777 -0.6475038630916587
19.92851316131272 -1.0237216676007204
4.747762893673636 -0.69349740738828
14.746738810631118 -3.213855386048147
17.14911330667104 -0.90167915094312
2.3020119129909964 -0.9110186914609928
13.390069683441082 0.542660622800008
18.56604288154478 -2.9862691868966116
11.662341900892262 -1.2227001887768758
3.553672664944885 -0.8660610468258048
15.184272722727158 -1.0425126392160957
15.693495566865801 -1.5001895101305118
10.027882738782493 -0.7561685384845728
11.893370588313008 -1.2301616397773156
16.721006775612594 1.1547091180919744
10.4409078670003 -0.9809204738362142
18.106717183806328 -0.3183968514666716
6.3528380919021545 -1.262950652148104
7.944468849313552 -1.1902422545862446
18.478411388730084 -2.758210702249272
0.5097421252066119 -0.7544121778783979
9.310919970633812 -2.3377022660862616
6.515766164421753 -0.8644038288168931
8.964812672867726 -2.1405173755891758
16.180066147255832 -0.7843019327375044
7.973045651879995 -2.0240488861249486
2.6959585096468515 -0.6826375871076591
6.394316282680753 -2.019719280895359
6.203152872945628 -1.2302849204806252
2.0412267092293264 -1.4251604281881598
5.7761715222970595 -0.8209066175831843
12.758607819240074 -0.8187114289551186
10.019906184626654 -0.8985570856344577
6.76821961022975 -4.183044265151057
11.114085117363127 -1.0466820563490429
3.7033359309135347 -1.0917247546187865
12.068686670485658 -1.3772588518366153
14.680060992333631 -1.6511074081193862
3.4360365675259863 -0.9152602865922262
18.14113051711798 -4.3491506452684385
13.939026139426149 -0.04767211491066994
6.30960530022351 -4.0188725748083876
7.265965814498067 -0.8985429703166987
0.9053143946000421 -4.574120602911183
15.733646641182613 -3.23042110216685
14.113635722642153 -1.5601013280859162
8.157816064372303 -1.2204567101348969
17.706601680427937 -1.1403934845689558
5.652953862342615 -0.26340866004254804
13.897803530329002 -1.9820764634581671
15.658357702515133 2.172276344515209
16.124127999886472 -4.142806729082199
15.054422079260487 1.6097887443850363
9.871976579747722 -1.4559837278807628
4.668205660768571 -0.6337624882252624
9.100695383284558 -2.9789497240684013
0.7346652707825347 -0.548460200837195
13.870703560110046 -3.2267567506943537
15.616941204195268 -1.2236170996296547
19.732347294736208 -2.9251811954732068
15.49560040683613 -0.9599263292044748
4.265935200679727 -0.24412381269226208
5.8139313153943615 -1.2039968885152106
17.337788576255452 -0.5729056784567773
18.87107926280313 -0.9308769130086837
14.58286993671439 -1.5772094069977707
14.214593317347852 -0.8260366887704083
12.695468834314221 -1.0737100373939055
4.897233370817744 -0.875437943659934
13.97608355871558 1.8514135147460238
17.583633595463958 -0.8991920457340887
7.640196748856295 0.07220692167376869
2.8174751707210004 0.19494132753639543
2.5992354312260897 0.11299217467248925
4.089769913818447 -0.6266219664242111
16.057256712608606 -1.1427484492814768
18.33202878047667 -1.771627265764747
2.0276493522801804 -1.1250746640594116
17.613535662091753 -0.290478669050581
17.40967093492797 -1.699507853212187
9.213969195543521 0.7384919556286791
0.23193375593056448 -1.1583142018583976
11.220975108646865 -0.034821349618958324
16.299549517077285 -1.1285584781564564
12.170779829225106 -0.10466430623098294
0.160662388914953 -1.831352869917615
7.50110141978548 -3.1551708564542746
18.51198787025184 0.5293489453944142
8.37637349294042 -1.3288556999069134
18.34719131844029 -0.44737476116595687
17.00905138037536 -1.6059264000272764
4.067204193696581 0.05448243981356882
13.761738176078657 -0.7047787251410316
16.188221974164694 -3.7714850631006827
3.330795638539642 -1.2296023264545122
3.1673560429873 -3.013380977263819
15.674869835581687 -0.9887226920990413
1.5911885774538674 -1.74427698941107
12.629171628902926 -0.6213075754840005
13.367480731318857 -4.457759157079215
7.092152124692998 0.3052449643233332
12.562723793861306 -6.681963930613481
5.438235071612915 -0.06050623716044735
15.263560069456666 -3.629349932510883
17.707039463411185 -1.217014944667158
9.701216778159464 -5.511194454473624
9.452369655528042 -0.5635150001721524
1.802674082832278 -1.1340259513358995
5.005067386597152 0.15894356174738977
15.790144792710379 -6.36952632472322
2.0660151424826148 -3.3470266675911855
3.132821588924223 -3.12722093674137
8.07726130362561 -1.3390043964004397
6.6840442685045485 -1.3403672026800868
18.292455727254367 -2.2016512978698737
11.591884812117613 -0.8109936810235396
16.384154567031935 2.733874807663288
15.266821763148926 -1.6586991172338221
2.7421319775863795 -0.005261690991393439
5.686270067942324 -1.0540484611845846
19.479945566888986 -0.5156593591434141
15.8375120941072 -1.0550022803445962
11.768105553534165 -1.0819858207458504
13.578617621685623 -0.7611072881603281
18.608204192339816 -1.0034265010988723
8.375215907427998 -0.9369651097583452
17.221946438640362 -1.5847894434543885
0.30959817943458673 -1.0459054146535032
2.2593098983150077 -1.1473921054232878
8.729206256520085 -2.161078848128631
15.088063075183353 -1.0414983918916445
2.797674596495612 -4.036385738742253
2.2311870846596307 -1.6030423717325741
12.59319703427244 -0.996947743053553
10.578779136829068 -0.0486160055018192
4.255311131671374 -2.6535284028625985
14.95934380485465 0.33143608375265265
15.219007117120373 -1.186383465896095
11.5013510381331 1.7313637485263973
16.844753826973722 -0.851057245567435
9.599549664768654 0.293909730792345
0.2087924668844439 -1.1117780027320268
2.198252919634615 -0.037580381207055286
14.043222132840189 -1.1209089661896647
14.185667780763675 0.9889562763436558
2.6939750324579967 -2.1384791541958235
7.795851054899064 -0.6072783013779567
17.63438363158426 -2.951628536023798
14.917559613550534 0.4236488635857816
9.424791204038181 -3.0972271335223587
2.7664698647463952 -0.2763263495779237
17.603779848130724 -1.7699554797651227
5.550002010508621 3.086219289872015
9.787393665570852 -2.8898558822012035
19.400528499294147 -1.0425827859304768
4.170677305542549 -2.2868653311293468
3.823321808364169 -0.9409913980017895
0.8821975037164593 -2.5276123249414635
4.4786329298772305 -0.38298450096969894
5.128543550439688 -3.7048220085855172
19.062380416494214 -1.127746261216016
11.15945025098499 -0.9421127861847961
10.767202409130524 -1.3228702140239263
12.457910407430354 -0.8882093974721215
6.035127752880953 -3.3853018990962664
5.50693140610476 -2.5700835425396455
7.268656924638399 -5.108947229072826
1.1867561743915123 -1.8014803747179977
10.406723590293108 -0.7125104250499651
13.332188702788791 -1.6170825375336326
5.800170867225989 1.5408808060255565
17.958565690701775 -1.0756674564771194
10.881621081794588 -0.8239486529689717
18.83427985776832 -2.9935116882206882
3.4892874275159196 -3.923534468133619
13.45425044343545 -1.8949245312482483
11.506972984683639 -0.698708438451696
11.403233451061496 -4.369948226832906
6.029791681858694 -0.8930897814092005
0.5394514604032454 -2.9100219454127356
13.357370935562939 -1.177213228702269
16.28862391145753 -0.7745715516997195
13.444177740908673 -4.362502522026822
12.563977001211265 -0.9045842773530116
16.514967493143548 -1.258016934479461
7.681175448105085 -1.5354526400945008
15.943061608553775 -1.2187932492377511
10.809327494818659 -0.6718681022473917
18.832505177076783 -1.969368814545891
6.595017693283727 -1.0194809687057864
1.5902754873522786 -0.7505076687582493
7.729069862609647 -1.0886485755463677
4.455045608122234 -2.6131889712639405
13.510282476414314 -1.32542310202336
6.504263601045226 -1.1144144046385145
5.786659501016459 -3.456841591797039
4.131586741734658 -0.9239448575999943
16.938832947231003 -2.188556785763324
6.38252127180418 -4.993054534872275
0.7871875994260767 -0.09115398224360775
1.1268255230003414 -0.8894898069444328
7.630421180040781 -1.543480278342074
9.63961294689314 -1.1723475827328917
6.212139560949086 -1.7758378432202275
2.212695197384128 -4.581590159552722
5.829791213736306 -0.8776598543973972
5.1298028952756605 -0.7958447467408551
19.55892934838221 -3.8112241495556374
13.922424354369086 -1.4568040382424108
4.30696984550595 -4.355448441238333
18.09730027860889 -1.0259971848765947
14.37219958320054 -0.9487597565165709
5.543812976404033 -1.797008091664412
1.2034785563541652 -1.3547871954213133
11.270972176437603 -0.3973219179860702
0.6746206304229441 -1.465094430783521
18.41061943727576 0.4903322799558226
2.671219523056057 -2.399475092819138
6.50069220139383 -2.4452119339135088
8.654827068607494 -0.6979655949052561
5.765557811256345 -4.083227751952348
11.634309361307691 -0.6348971103709199
3.810259763216466 -0.6725439569026859
19.68660580370004 -0.7496479410587313
1.4381774785067571 -1.6849430064847715
6.186945554412642 -0.5993301409161957
5.482396080753659 -1.7011715257847557
18.022823667557756 -2.5353481063140135
1.8428275395120541 -4.1832154874470975
4.9001490011487885 -6.987250884248662
12.434644446038597 -1.0200266645491027
13.169410328024137 -1.7817459655536798
14.41278718460209 -1.1434747710660493
1.739598331738533 -1.0559024913753676
6.481360669169065 -1.0618664006498524
4.238697345529796 -0.6078301723955276
1.6834392547113755 -0.9172352899987537
8.50161634965544 -3.597702439711324
17.28135752569497 -0.5159129006559928
7.572953065194531 -2.374102855880257
10.63338074470643 -0.7400090819123977
6.929445711553119 -4.253849797742768
10.609356456507104 -1.0990000334480114
7.842198931678106 -3.8036624043864995
18.379698631148884 -2.6893040626935014
13.386260440260832 -4.639193599748572
8.283699552154465 -0.9634215495980852
11.178534301186978 -1.211035905346034
5.694428019160422 -0.43438561710088464
5.493942551628638 -4.949075570771173
6.889237781225608 -1.6242001628113456
12.230810370431941 -4.346984190742706
17.520334461580074 -1.2996029048381517
3.074361138271106 -1.5657152253532114
13.429183657055168 -0.23446979457819553
1.391209654491699 -1.1318675313813042
7.486871417922625 -3.583598700525994
5.692011204268467 -0.4056969605150992
18.977249885595317 -4.447869598493897
14.835338115043019 -1.3295899750441922
1.5926776244211107 -1.1170094961203603
9.015518638121266 -0.7638756996980697
5.226766042174895 0.8634111822930939
16.147973518752856 -0.622017508927324
14.862087932420476 -2.193731087988706
12.833381360846461 -1.8121076038502375
13.766024559211642 -5.321414677551338
15.287709477863508 -1.3434374407505567
2.889996112484813 -1.037132079510223
12.671976473704925 -1.686647627372923
18.30044421621509 -1.9658579916664987
2.241087658723429 -0.8054765664994837
2.461717380115862 -1.0424884977245181
0.3278823431081278 -3.470933900255887
0.8050980693850753 -3.096913059666969
11.640224416652195 -1.4655415289825757
13.39073726926612 -2.1466652985168735
1.5532922084798777 -2.1455487397241235
19.15213370746578 -1.3036433387588144
4.203317184551815 -0.8039940739527652
19.03328466760233 -1.1147208997236733
1.9490349308035873 -1.651874798621716
18.597763597926768 -3.9101420941512655
7.63225685588316 -4.502472476304892
14.406035108825588 -0.4441534268536141
1.1447845166463149 -1.068835882361647
19.874173696808654 -1.2750368580594595
13.068972020158734 -2.9584268773522666
13.853717507497253 -4.780131139156328
3.1079936683954315 -4.200915456879768
1.6022936051929237 -2.9194207004572275
19.994562491370264 -0.9741567843754125
19.15359931891075 -0.2998120271830071
9.234202004404901 -0.990228663601036
12.147570897815156 -1.003771587075588
8.014376892123906 -1.4263910930866448
12.366974907100154 -0.4471692765276634
14.002878400444825 -2.0863182160878226
7.680089346012789 -1.1193492018657796
15.63511476437303 -3.4650737074793607
14.878780645451483 -1.5838347497918426
6.40469937560211 -1.2000446183362858
19.27632376889546 -1.5163451742518923
13.679015042247688 -1.6391714139455138
19.386580614947494 -1.5234284787120405
12.355309321484672 -0.8621022631889136
7.8865109411182654 -0.5708102147721804
11.683628295337872 -4.401462135366862
2.5826488538956953 0.05067487080178089
8.403841515099108 -3.0820989234280214
2.3720226605507664 0.0616871418536717
17.04477447393067 -1.3810743381637633
4.325265081690857 -0.6950309836412517
9.001398980910523 -2.3186970362671455
0.0010090606992816664 -1.695260781086719
15.528248004212976 -1.7807645210562044
17.690028297715646 -0.8284427314677095
16.61506056927027 -3.2664189373021335
14.73219008968613 -0.5679429728284354
7.262397607964948 -2.066787963914674
19.484817593675643 -0.8744152892238628
9.646000796959155 -4.730459347681558
7.263426510792464 -0.7899008040799473
18.89739214422763 -2.686021384772941
19.607804170300028 -0.6727320935301531
15.265178755993055 -0.7588876184063416
19.687198513789674 -1.273809572663012
0.059962169850077074 -1.8631699251975222
7.452930588128182 -1.1438262973885929
7.14102764361444 -2.3339565558313855
16.312917810563807 -1.491133379962268
17.641825105421432 -2.5316652133847524
8.097336199954208 -1.2230510233665286
4.511264927540946 -0.8392004322981609
6.676738770528052 -0.6186610113090117
16.23476477426855 -3.413578211670682
6.4219135084694265 3.5379109501647203
16.50921602307265 -0.8194772186537805
15.697693454237637 -1.369294354009268
12.47096201629062 -0.9424820140299318
3.037611368404039 -0.018321527774514762
19.81482566684803 -0.6073736056253204
18.890801987259373 -0.7138532206222457
4.0923808928944325 -0.65140770207258
5.085800679467236 -0.004387682648034449
0.8366638103050821 -0.9295321032734116
14.360571876173793 -1.2953609046109749
12.043134991668454 -0.7603192232521578
5.681530459671091 -0.8686571506826315
15.680630774729543 -2.54162134328564
18.901577515714116 -0.7593278094129698
8.998446861101346 -2.757869781433383
6.349186270730748 -1.6120124451020172
17.366905271144006 -3.9371300720550733
1.3496345850598286 -0.7918754365635823
10.731371592097346 -1.052817215873984
7.372166025304575 2.042153345657126
7.053864217185066 -2.9402456608252514
8.389957347475796 -1.0663537229837852
9.971703754814028 -1.9805095825376384
14.712565228356176 1.1259197586318606
4.500502944710874 -2.579014866827506
12.789314346860225 -0.5086018396646343
4.7154182464763545 -1.2384506274238651
11.502736486585622 -1.0434203878145685
15.727704963826492 0.9042031723509887
5.733988604563903 -0.6244364190414945
19.470775417009722 -1.5505622164444866
1.3028263955865864 -1.1515178846918892
1.3764396176009017 -1.6397551561422035
14.465004492549625 -0.9239946254447302
4.648570716305546 -0.6789852068768343
10.848592601982066 -1.0891661607121812
2.1523715311927254 -0.7825240765780962
15.924242175989198 -0.9386334611375011
3.707393836090203 -1.5656260813781733
17.27545749709249 -0.4810170893642046
19.418568437346167 -2.7736645101259807
12.884419267868392 -1.829994258236088
14.296883224514115 -1.3019673783465984
3.5857476142325893 -3.1091287356009296
13.767265854898751 -1.1615413690406007
5.4380184682656445 -1.3627944898999462
4.0360803876109035 -1.1690089263905237
10.234829729729574 -0.3771493069535882
0.12763598498130546 -1.7750639578826712
11.848918384377935 -0.7469666367466345
19.498244682248743 -1.0989745159973954
6.976937370234382 -1.0989885152122296
16.391072490630663 -0.8203527947404758
4.386462439667689 -0.8497627454522644
2.248814540889265 -0.8189953383554022
15.637753664471562 -0.9069093007220943
6.06944149251799 -0.43503382469268026
17.660359535592608 -0.7218794797186184
17.804906970207284 -2.8383631172223085
4.266654484430755 -0.7666419825684225
2.769624793523512 -0.2431054000300037
9.391541735918292 -0.4514686107559542
8.924582412764344 -1.1094944003371516
2.1573721909190144 -0.47779240387958916
6.9690664581643675 -1.5104814597785103
5.21793567100814 -0.504736159403191
1.2587015700362116 -0.9394843297242456
17.517606678976602 -0.8123980046717988
6.163776819132468 -0.8156128224686146
11.963380800851732 -0.6303863229782999
5.726412819716312 -4.188646537386085
0.5990995755656963 -0.38722649237442397
9.745424065111552 -1.0991259990025488
0.4010915461259584 -4.214971624780522
11.200725563254935 -0.6385663211594884
0.4417357044966125 -2.2293090755290055
1.6900275840321237 -0.37606621082507347
7.180515136924636 -1.374209786328512
13.03854403019232 -2.350866116754692
9.123680001487376 -1.1636101414290376
8.740822268838814 -5.12985980688206
9.500291844611313 -1.5535044799646196
12.482999489276482 -4.57170353328381
11.029002530561899 -1.6961038668822737
10.54214310436112 -4.459044889527156
5.736517032017022 -1.6169108303286628
18.89580794898602 -0.6854801467110682
9.546112303526206 -1.0437008268251606
6.153624971709231 -2.630881938485381
10.027203411390529 -1.0223104833892367
13.036885266536142 -1.3724290910230879
6.452257543283604 -1.1094093781812537
6.109028324480339 -2.016283335999893
3.6866588941660843 -0.6007545151372737
8.887318356519728 -1.1384590324719128
19.112346262966632 -0.4708636852282646
12.939108531059484 -0.41388091515844394
2.2813836320976155 -1.0792066793071566
11.898848851657885 -1.9793760873838828
16.115788703425967 -0.6736465878904665
7.055974846598403 -3.9043255426127503
0.4803246290251659 -1.0153326474740223
1.574940200547109 -1.9318208084316593
18.94012134121525 2.0183589318427715
4.49578766262124 -2.517822882196876
7.682936597421559 -0.16017576465437666
15.341893338194364 -1.23340357279083
7.6641903631794825 -1.0464691045106755
14.572403939188913 -3.091403238691746
14.113499102564527 -0.992249377400635
7.896356765598483 -4.2029592183079085
13.17532465033186 -0.5539428718848837
10.023094875857025 -1.1953728217048252
15.932004810706903 -0.5255158671282301
14.981984442454527 -0.24402980496028281
7.16050664063546 2.08149280715413
15.613521540977043 -2.4794047808699236
5.745482223481027 1.0154591024813113
12.357245290038517 -1.0521051041270664
13.819859059223214 1.0221856018734108
9.921383649025902 -1.1935953687308725
5.958752514527305 -0.06265073278384323
5.669574567286567 -0.8077742597712793
0.33960997888308925 0.06875939874398385
14.759946183264379 -3.7941398358423495
11.652702347064881 0.2065041469053803
13.860692850071809 -3.210348985026879
2.283457999322781 -0.841091256059767
18.92793141375905 -1.4289032695367998
8.960061320957516 0.15446135484387752
13.031177632199428 -0.7253231783142401
16.624282014677078 0.8836478480990367
5.556180739797766 -1.819968748783956
11.027679826765056 -0.1300792347520279
17.09245166221961 -4.343497669402983
8.188186847973977 2.60924342863344
8.603767526741755 -3.773244430204148
10.447273436383227 -0.8784344091670646
17.186178352484916 -1.7351092402577968
0.5268959704313547 -0.707075682961571
19.188007317608548 -1.1218394266065665
9.440997998180224 -0.8869887888089076
13.0671454619885 -0.7786389291732855
11.789903628730412 0.18899824714939503
11.575933986838681 -0.861622519793211
9.84610685227692 0.41347809321582135
0.8949967440105708 -4.170460124980991
10.40816915927224 -1.2191652555802344
13.064863608626368 -4.477999007388389
10.668809770514578 -0.8558695763912801
18.72892544612125 -1.138942467560962
11.000504949386519 -0.995984689143802
10.47770523638403 -0.7897117068604737
4.995555587952724 -0.7182500849065748
18.050818239219062 -0.5390097672867495
1.9898019063795163 -0.8310408484545635
6.572461790433026 -0.9674805889592348
5.804511296931579 -1.2036248216070657
10.837832400711251 -1.1056554048650094
14.655444972963338 -0.6155700818640242
15.140213096825274 1.2486714625587305
14.758111277735019 -0.7474340082853902
6.883435427743243 -1.2621172359377535
11.271033007277005 -1.0202110625164424
11.194532564839717 -1.3063348170611728
1.395319120332712 2.986034975092712
19.32930328023787 -0.8713058083664664
6.1130894297409615 -1.788072143944356
3.1665179096332725 -0.8663788840827107
6.501356093551284 2.9717048103123105
0.5468699682153085 -0.0769204350864456
19.180204971691584 0.018673229266040925
13.848515364149586 -0.9550884464458095
12.345174711998462 2.1809368144867896
14.603180509573413 -1.4087147935784825
8.148234098010551 2.908604587890077
14.994296544853823 -1.3219094634397905
2.764081465052506 -1.3600485675795297
6.9361954825239485 -1.289751190226085
3.5611878562299166 -0.39109947628755615
1.5200631600567331 -0.8813138917354096
19.583702888119777 -0.8687649631664225
11.090469103334467 -1.0393607687501054
16.90942057198413 -0.5939267417682841
16.878870083132142 -1.099656657523362
14.499538363346895 -1.2493233483811372
17.84360076820218 -0.7217775607439884
17.009540496395093 -1.669574525383216
0.4232100821521737 -1.4083181227424413
9.547711038250124 0.9902268957199887
8.817719167130457 -0.6626441698686896
2.9060428108432457 0.18914116449262863
17.24558365698252 -1.7056251398067421
18.24384253516665 0.5801636756028994
3.973611126469698 -0.9637680458296637
16.721894611150766 -0.5843849016495601
12.982988092636562 -0.08944194134440772
2.3745722011526413 -0.6819508197391154
11.729964791508946 -0.9881790268920649
19.503620749289002 0.34018136394107945
9.777370614732028 -0.9580063129067253
1.016663013573808 1.4951321023439916
7.647531738960613 -0.8058328559857724
1.1580753013894933 1.313219379058196
15.159688458246261 -5.0398422694245655
8.288985083476692 -0.795601110131059
1.0599024908084715 -0.86207529497174
11.587577637426877 0.5931475394717712
1.1672510604056467 -0.9894851682080914
12.164517174236998 0.020415978287219947
8.169891799466168 -1.0447060857966632
3.9243328472136114 -0.22234699403439268
6.098115149166713 -1.8484679317188437
8.315005005485377 -0.15811195449236407
11.496820978998427 -2.088132878027565
19.960811315127124 0.3571612237987139
9.84071214616405 1.2532394708133316
5.3167225786998396 -0.7892532727571352
8.348157466551617 -0.8130027553104693
11.787907085924713 -1.901073585510427
11.54076536789452 -1.3447544875608932
6.90026995049648 0.2618359677386133
8.562573579221972 -0.9963376006748128
5.017047688826905 -0.6325675226313688
11.576017671472222 -0.9063450776550682
15.696821501288056 0.3620783319412493
10.355156686644339 -0.8314742295661903
1.4310476941504036 0.7144102032084332
17.00053272370722 -1.151585465467866
16.58987534861224 1.8990375472316776
8.407814478780908 -0.9492748999488806
17.43056068916776 -1.365810037063292
19.22433833521572 -1.8879579726374112
13.897029697979747 -0.9278444219946326
14.797229435561718 -0.9978871045917418
18.18097492095528 0.8160458652907479
4.420609750998139 -0.7128677808422618
14.966868265978356 -1.3167465165626429
19.67371033081085 -2.5353148484369976
16.684159408868794 -0.6545141592671915
12.36406241435304 -0.7791873555093656
7.309650837789127 -0.8902736283163148
10.464374898415198 -4.570545713860593
9.976010500147021 -0.6805554824508795
14.17616956468313 -1.247657973364911
9.64955282207511 0.6476612593051495
1.4241961879340619 -0.8383914352838175
12.77356749706985 -1.3506558198996967
2.9746961319518723 -0.9968820470245882
19.15069904760985 -0.9069801909894668
9.729326235592085 -0.2871919337675453
15.671043857629549 2.5326449578876757
13.330923248932544 -1.2907108668181206
16.16100200275371 -0.5703943868393399
9.790432465022393 -0.7424058224272081
18.44684996911337 2.710497554014238
12.026616225048059 -1.056982397123228
18.452466751415937 -0.35560189785512586
7.583045141116166 -2.409047071461613
18.18243733771341 0.7534685464371722
19.51587234588451 -1.607272000015239
5.368402004750026 -0.8092117700899262
9.432198755628203 -1.046397638296332
18.72315548666465 1.9762869822539937
15.571290444257187 1.1139902793543723
0.49650584312280455 0.7355923162284896
9.979826176348205 -0.5461106806011067
9.047510711282275 -0.8011309348130193
13.08193678685437 -0.4762201773462513
7.155573941979252 0.18088611698393084
17.82280337487459 0.7443318083345296
17.582924573292917 2.6545800933162442
13.741562463994889 -0.1756021404916918
5.00510717142432 -0.16778776896445913
10.967372733486453 -0.9368598245212509
2.0075817665158255 3.1193010118854594
7.818613803557954 -0.4406634285662882
2.028848153776348 -0.33451969148437943
18.506306372885064 -0.9043442717007556
13.551346416654914 -0.6889598818349185
16.179762436489156 -1.0975898314950423
13.445493861770341 -0.8904973414190634
2.395236403858859 -1.0748566058834645
4.382465729278169 -0.7829097757602824
7.331543233077399 -1.0720416064477847
8.620788674747445 -0.2683044826971312
6.1279939164515405 -2.111162918290207
14.25379660100712 -0.35639068280258523
7.97818803062075 -1.3833044592979895
14.559419982350047 -0.9579508842227412
2.6391961652569824 -2.471917222471869
19.13605016594851 -1.17127590140621
9.099229754608562 -0.6661915115139473
2.985913059135846 -1.868563916119996
2.5027247210394763 -2.6715091024448587
8.925953972479183 -1.043331096253193
3.2409383992518412 -0.8947461511091968
15.589059593144318 -0.5691650583784451
16.373659422877353 -2.0572976311186437
0.3152779081970028 -0.6171971794839551
6.338860048905058 -2.468450251728321
14.271716462034203 0.5427222379495519
6.208252807458413 -5.611889077836451
13.737037849936723 -1.14139008336037
17.8740052084981 -1.2265772050986645
17.456075119008585 -0.18686978050472003
15.818550751660215 -1.1589792097834914
3.3261134542865904 -0.8219440220724704
17.94055418966962 -0.9334122107779096
19.187885397012288 -1.7093183136295473
9.97616352053467 -2.1824048099366586
13.435806197742787 -4.271995083339849
19.17878886312246 -1.5012373778759667
13.664590097830063 -4.485489627522322
12.407855595329425 -0.7998250183674039
10.286981056665983 -1.28027188718933
3.11018292893561 -0.9262474552247875
15.822349359411218 -0.8038781695076495
18.077602161317046 -1.0892571604045866
8.054559683316802 -0.7924151052703189
5.83550946239205 -0.8374339203621495
1.423538430929266 -0.023510696040673053
17.067305425968367 -1.1299077491477718
15.156553474025237 -1.5286642776627775
10.575462321547088 -0.7644180005123046
11.532403778678548 -1.1733638216732727
17.283307368536235 -0.40057057759399683
16.754759427218282 -3.1724761586317087
10.900996222066672 -0.8724440676989477
7.735312104705724 -4.257585603926404
12.521325895082617 -0.811288969462295
7.902490523817053 -1.4803912181640806
3.61609699651682 -4.857705611955153
17.525025920027023 -0.9878682696900748
18.253991786581544 -1.1057883241464121
11.600610105855743 1.6501280993073688
5.625171042300479 -0.9614743996953231
2.6596782638132273 -1.4036529988170936
2.423063913410169 -1.0819568973953708
18.7728385879936 -0.6260928819572659
3.7823005929195115 -0.8956529008691753
17.061466523698773 -1.7034932364996291
11.607835724334482 -1.5274684152347193
18.655158285177325 -1.8640637967985496
10.671370731472093 0.7454183687098157
17.018279024353408 -0.5148470598109871
10.375322813217043 -0.8940489140243011
9.845800659943539 0.3153746378283259
12.102889612306834 -0.7653475900479082
16.1695352591608 1.0914360801294025
7.106872340022912 -1.056593689802052
1.724743136964387 -0.09526319424237759
14.438193691333366 -0.7309009052437148
11.344378741326192 -0.5693858370392136
12.442738363503537 -1.0747669250647072
16.375558874631125 -0.5786839116259648
14.23692275651764 -1.213846820804781
2.3329227557953773 -0.7263678943492268
15.881487334915835 -0.4577848251372385
14.686749829562153 0.14675924079374758
16.179115639844788 -1.4889009160944786
4.585617750696644 -0.660592301451854
11.110646420352705 -0.9368051695268566
17.464513561211188 -1.1794229423946556
11.370006449902736 -0.5560882462873223
14.212716455930284 -0.3990975528822553
7.899784092404882 0.6908118101454425
0.5445583724783538 -1.113822737875089
3.0661786760825676 -0.5212498455718008
0.7634768554647404 2.8637666259996353
11.695595822042659 -0.7981608885830572
0.9470903016825813 -0.7512696913824561
18.928832214930864 -1.1965630190008911
12.01614749959935 -0.6712361727821156
16.332054560664716 -1.1914487611685125
9.324121445704609 -0.010575010717430493
6.154195696530501 -2.387753261803015
8.665774489457643 0.08468178400756873
13.088514092135101 -1.6460558582505824
10.697540549538642 -0.05919362171191842
4.841964419395268 -2.6047394692895525
8.395196952400628 -0.9139140462698571
7.960676411540035 -0.9029049939489713
1.9133922313260765 1.7220194218645544
1.42225954943561 0.24176890504274798
11.720278685980734 0.6733482816579806
19.425961519626814 -1.824947897822395
8.581995838211505 -0.43746139211228635
14.738739338113097 -0.8171982049033067
11.057438324596978 -0.7246300554948244
12.666223785146025 -1.2110736158344366
11.51102388753359 0.34930185209143183
0.2750029669365755 -0.6756305765316203
7.861089394977549 -0.6987286443050592
11.194126459142506 -2.2996195556117165
8.16800644932382 0.4319504281470327
0.15413069131752272 -1.158612636386616
19.13606071602424 -0.5411923510884553
1.2463448368874146 -0.6249620295774241
16.579000335009006 -0.7871434352404609
19.713014064764607 -0.6803760641218287
1.9834126553975626 3.3552461019357285
2.5593181943257814 -0.934238976985588
18.249268761069455 -0.6971754418397591
17.33894162981049 -1.1855742333007937
10.284773641811158 0.770813444791705
2.1666598255683707 -0.7848941928510521
6.679660175293247 -0.44190495839732125
8.582305421950036 -1.1676219789536229
14.543825103433834 -0.6778683225120447
12.991127245913226 0.6800683173925975
7.434576450574429 -1.9609309076297619
0.05282801662947128 0.003782135895991511
7.7816203527868355 2.309293305496079
10.438937495683456 -0.9264430226903501
19.31250606976789 -1.3244903899281306
5.997988736659355 0.10937875559994112
6.058758773636752 -0.7003983390273326
5.227417337330422 0.24274664188180178
9.630335732179859 -1.2156040105656492
18.649318012116744 -0.6283164048372492
17.587635909413873 -0.877742093373077
13.39737868174225 -0.6023672585626066
11.669171338180917 0.7656721172037987
17.724357322295567 -4.4125093889831986
18.783381836148532 -0.9043258297223745
15.320637125045424 -0.7507500508899362
3.9624357055939834 -0.6045529142456424
5.744830164988934 -0.5817645772022744
8.934504753425289 2.9130448959137993
7.362148909780709 1.1986089214307836
0.5660907273971849 2.134028847791209
7.771774764820552 -5.124043517260211
17.524015660309743 -0.7088773660191007
15.447068875170508 -1.2976609272421604
5.622865803014214 -0.44712457441610987
0.5423785280135717 -0.8363776914205517
16.60157773394964 -1.1395772186809139
3.775293308812695 -0.7648012832182769
18.160397332466935 -0.9605929566557285
0.07070364203288042 -0.9421014938102631
17.721170291388006 -0.9259655785624098
12.978788531453164 -0.5130408079303204
0.1242646536662746 -3.40735436090602
11.774958040147812 -1.4884913839516831
6.956642995987925 1.3127194598553635
19.707871241081467 0.5486485658637674
17.8657443587064 -0.880448494463144
0.3842186051541299 -0.9536096637743101
7.677333494085647 0.8740199933531755
10.036974857243907 0.5630381144603535
8.82971891617596 2.56996610895525
16.679285895176207 -0.6162737642755587
11.035572015013631 1.3166889153643855
3.2240682539189556 0.9061939280350906
13.114126164443665 -0.1731149616072613
7.097462464358554 -0.03418427085310553
17.023091630483773 -0.668899789973219
15.554021134352078 -0.6483697009723084
9.791205244876341 -0.36950247605692166
7.84142932949426 -1.1984690009113046
8.643819734627636 0.1805539030238284
4.158830010745106 -0.9113723100515533
14.715057376101646 0.7298105192317715
6.25108561453484 -1.860694413937356
15.454111668389588 -1.1039333811655123
13.832537371840342 -1.0738968933594482
17.115425817380714 -0.46049735301316486
5.765953171532222 1.202730310259232
12.049518495886733 -0.19565988963995778
16.891788753778474 -0.6555845694921656
8.699649362794565 -0.341004876373945
4.453147001641156 -0.6885542668893302
14.16614774193795 -0.36619608084438227
12.65592978006549 -1.192495316377384
8.892481336785767 -1.3132711548846199
10.695498442679584 -0.9992769736118937
17.80757403819597 -3.3409398426970274
19.181901482551645 -1.2628536827903014
2.002007553393084 -0.6130811134898266
19.58588500957134 2.868119450617386
6.207434968217375 0.47217656336165614
8.78354894984301 -4.728462117361879
12.647684995638379 -0.8202346699286461
13.453419562629144 -0.23296405361292663
17.329637513554204 -0.08572392261683168
4.742426827275294 -0.6931127773880239
17.67647132482773 0.12513190494766932
17.16457992475394 0.06511700899696732
15.95781593521261 -1.49027038627939
16.390539569853804 -1.4544817473576404
7.739180556463023 -0.625313416944302
14.000623717606103 -0.5835281760959808
11.268509880507793 0.02122584152482097
0.21132232903061626 -1.1579904941780323
11.176423873304367 -0.8743728062889762
13.039239118612608 0.3708216897635852
15.057271046826818 2.089158382129151
3.093285407235909 -0.3872096925766853
13.369653765344827 -1.1197816609685425
16.322205195577347 -0.8967617439535226
19.668217735373734 0.6253691619412814
5.141566775802108 -5.444080354248068
8.396037184154956 0.37409553532734663
14.929919018448455 -2.512761110334436
4.452361534271741 -1.5249806007364464
12.377399500720356 -0.8881348668200775
18.80830929362342 -1.0296329134531328
19.338832131897792 0.9398357827279472
17.7468232542926 -1.0511020689730177
2.320032025553634 -0.994887715578958
3.6632848411061043 -0.2733808302002293
7.397289833427292 3.2051994831913624
9.038422892020684 -4.335776003408507
6.489422656304153 -0.24281988855043996
11.604478114360063 -0.6492203292626266
6.099653072230459 -0.9113281026428729
16.636086891277408 -1.6771214257135985
18.764234827978136 -1.5127833867684526
0.07121506842897982 -2.163719467225391
1.7225316564644513 -0.4564625460966809
0.7198101256677579 -0.09201613370318111
0.6472106672133193 -1.7359584637380607
6.6802936138253255 -2.194920500356254
6.140005835759217 -1.1873284678272786
2.8962871749599928 0.4760764735474996
18.745961865547752 0.7619062162064185
3.0932590206800135 -1.3235421900218125
11.737851822123641 -1.5096002779385416
2.854367539087644 -1.7307978557987738
7.451009965804934 -1.5030960135919784
19.31415464044656 -1.7641826505394083
10.967648893581723 -0.9068186637624163
19.945131464707046 -1.1855615472065868
6.768632043873974 -0.9323027687003154
15.259137626459468 -1.0415765910917962
0.3826544103249653 -0.7752815422081648
16.533056720247835 -1.722149462318006
15.893331116553151 -3.7501257618070274
2.769137512659756 -2.788467196280585
4.600489140644998 -0.04431568637753422
17.661877806367972 -0.8852462090886019
5.178185854361954 1.7419924147789931
1.8160929768830987 -1.6898964789953137
13.419001145519054 -1.1234156615183402
9.231607968099736 -2.7970070538043728
0.16531419653751148 -1.9008148562464937
7.055084218359584 -1.2062148672162334
11.225478941207577 -1.0649789331435293
0.7356604454300109 -3.7977903695525357
18.2105760598575 -0.8823775676287644
18.801691658315026 2.9114481710916595
7.4215313422181275 -5.062625872587774
4.455796000379007 -2.2988585491725138
7.890599460186872 -2.2671976307565935
7.566257300901337 -2.0095549376977955
1.8214148170131925 -1.479964848981619
5.887671155473939 -1.5923754041511233
6.37336333454832 -0.8852830373003941
19.66419679636546 -0.015337192457919018
15.785627881807736 1.238125734261005
2.784629861114875 -0.6830352104760056
12.211073328103698 -0.8979579886824228
1.930974045999943 -0.713776305691558
15.859812834808492 2.1960756127733094
8.568584911386276 -0.9610867701064618
15.876710505538153 -1.0138869246136977
10.304344233677279 -0.7699181212958539
12.412442896728491 -1.8499817446559221
4.1828471486353225 -0.7467735535546393
12.986937858854768 -0.8609207819382002
8.06643491404218 -0.9493548092253906
15.358119719135216 -0.06589787579309309
6.50202382876971 -0.5391383159083162
6.529509345931391 -1.1862614606978912
2.701621689806925 -0.9131972319948387
2.91640490491588 -0.6207218476783688
11.333949416232686 -2.1960240703940284
11.898381998980955 -0.9682945126867077
0.27143015051917485 -1.5391606595139418
9.402611078308544 -0.9023341084384532
5.5168930112832975 -0.9656255131872374
6.899646997922376 -1.133971109068233
14.535355933648912 -0.350016727559289
4.74247175675832 -0.7349243423791358
19.126228694805082 0.7534152980193903
4.166468433049243 -0.9559191758253333
16.55245068917582 0.5793142452334035
19.893632310701616 -1.230456768073835
5.233077751396062 -0.9508129217562328
3.8308965522744254 -4.378244269103141
12.37477274027817 -1.229173693002312
12.877663969157169 -1.0134094566773264
10.330772340314756 -1.1648397399252628
3.6918615910120565 -1.181034744079418
2.4681511942162535 -1.3668664182196921
6.126273703583046 -1.190837735034612
8.573095319634932 2.8379360883187386
10.259131265544516 -1.0939306219067235
4.323586605747279 -0.5285910448591293
9.664893923166899 -1.0741974622467494
0.9844292203791342 0.29987673917541957
2.224016587074939 -4.170915828549019
3.8790659307982196 2.766790703560688
13.372571236471575 -0.6983864241158525
3.743433811555865 -0.6394527391052021
12.190408138370687 0.8026012677711002
8.798988380761575 0.9288424763077534
19.11004818744607 0.6044742394669813
5.237341885254693 0.9320657120974283
0.8400900630112134 -1.0455507446889676
15.213818586728028 2.160375588558065
2.695752942878101 0.08750428641352198
3.08546546849711 -0.5564071843109002
12.325747914075041 0.1160189320656923
8.260427649379132 0.353349803319126
15.929062062573697 -1.3209362273535807
2.842788856668011 3.1734435241730896
2.6030932221941687 -0.9729276897099948
15.06877425752665 -2.357192275143161
18.35351543896153 -0.18929323128038616
0.8322379647582093 -0.787027648176106
2.8087623028373994 -0.9482160038329842
2.406772663810076 1.7981213817519435
5.484994120762218 -5.334423301993947
7.018510699527833 -1.369854123240861
11.335012405741233 -3.050478516065909
13.977787864476348 0.08046223990553741
17.654023823138203 -0.8045719225920919
18.185893876214102 -0.9902782916323253
3.087742797185241 -1.9099044815001471
9.512541584283492 -0.005668073321648339
11.96582456151169 1.1870615224051133
7.210995322452409 -0.4136011656678049
6.1820244797367945 -1.2236123364452098
11.574244118100737 -0.6208981802281365
13.407715594277896 1.5082948189904137
3.960225069448266 0.741395729791367
2.5911784833331835 -0.48771731618921477
1.3606080110608503 2.1578323140393505
16.347711174264678 -0.09526802070753373
14.00447008398638 -0.45341861327900734
11.229277146980397 -2.0329750507742035
19.161985999029692 1.8103534252091025
14.852425181533556 -0.6981775014049537
8.978929917458492 -0.5650577074886495
9.650693905234645 -2.231928297460601
3.488827308398618 3.2048848491207296
10.788918175361466 -0.6716541188704818
1.3578977647501844 -0.5983535511212936
7.1605296342553455 -0.9011722834027271
2.8852706328182776 2.6673821310594605
13.560509768861888 -0.6387902053545558
11.377273604289982 -3.1071481406928734
16.98438609416277 -0.06429953242758077
19.896692869382388 -0.5897030852127793
8.852159397451143 -0.4465364610013625
1.7757055497363021 2.1991797295582884
4.01115340527102 -0.6591385597446634
17.16579609504533 0.863133338157071
16.17972164735182 0.05566707705850318
0.12382119257787849 2.674593127607815
7.67395103205766 -1.4329409968240825
16.587077668327474 0.8931508458843974
4.699964190764215 -0.5134325216164422
16.79456882234534 -0.3508717229879213
3.9197924096439216 -1.4442882033840623
16.61276717491552 -0.624278617805115
16.185764756092308 1.8879446451025712
5.120001319687099 3.4608461662308097
19.43645457380812 -0.29613479388044506
4.990763870438782 1.5063996345710218
11.68521031695198 -1.2103854927919775
11.792887457824918 -0.6840005951797878
15.493816601193753 -0.782009453167241
9.870096915951928 -0.947200700039418
10.860509334884332 -0.8460974604345013
17.044594192260604 -0.3952875970415026
12.55560401332807 -1.520298420006323
0.7363395418925125 1.520303473357453
2.9444089972713194 -0.7697567865761397
2.407293927568681 -1.00549801615185
14.289364567077797 -1.6041552812787023
16.91928340290074 1.5752794518708078
11.484306813173419 -0.350652874729251
0.187479527526157 -0.12805599097590384
9.230210644157737 -0.277124452652054
7.1781978712375745 -1.2525711681502105
18.70446067292508 -1.1552928267709512
7.819700089178625 -0.7496558417303033
8.431747447878427 -0.981418072779543
5.031619239953974 -0.9462682435273252
16.838879745749207 -0.851949629192917
13.059049934684214 -0.7062625062807365
19.755087420521587 -1.1621406648987107
9.481437700457622 -0.743077389619941
3.2171306649196945 1.6776740020579382
7.906799989054772 -1.0955499385216507
17.908238278428474 0.9097422672026765
18.168111816678305 -1.11492731883978
1.0434316863441708 0.9224868425288838
16.35602567138919 -0.21514632763909974
6.254056843446647 -0.4995679485942075
11.083266567560944 -4.204393538052415
18.642144288685625 -1.2772577616327967
19.88691380200278 -0.927236338212374
5.788516804523817 -1.1486161712308374
11.21530450944319 -0.687075490960907
13.974471462114458 -0.7651976876277223
2.1641198192671425 -0.23779518917739442
3.6722602945684573 -4.05784601724918
9.844985183181082 -4.094085552653385
1.1395994161325027 -0.4304804589202595
2.397186379476153 -3.0283506875640955
5.632690025297021 -2.9367958083200474
1.5864923161768347 2.127880397276289
14.06990368493829 -1.0885191265325989
10.24428319131313 -0.5702063166758323
15.21582038273946 -3.789163827038185
1.0852095295033104 -0.4876741455317971
19.768197790881484 -0.9364461196812383
13.185717679859055 -1.1501723725465456
3.525986874940962 -0.9869600557960234
12.332851309340667 -1.0485192949587143
5.078047126310216 -1.0889998731630985
0.5635707056679352 -0.12556264814693963
7.9198451299934804 -1.2907331136823403
6.713925128101226 1.632028666863689
11.047430150202251 -1.317457839797182
17.138235998126135 -1.9053200983077279
16.731470675950778 -2.8077729979383887
7.84252520272042 -1.1573168963712717
17.914389018537353 -0.9418044159015375
11.853108821659303 -0.44987769179411186
4.166534734257944 -0.7196592599852241
7.072425514560889 -1.4667233816105458
1.8280784293059564 -0.13128671005230547
9.329114293369827 -0.7430695703742782
