16.090100887942587 -1.046014557048012
3.8901827470053574 1.0361107272974632
16.111144203234048 -1.0452679696582314
3.914044085259813 1.0383371109231194
16.134149961650028 -1.0445337385702262
3.937034981722117 1.0395169082752014
16.157027149457974 -1.0438884471471057
3.9600930207004903 1.0402688889806748
16.1797976544911 -1.0429370026834555
3.98105979510015 1.0408202343676891
16.200639072446624 -1.04190638164662
4.001468196624792 1.0415023596392183
16.221833276202847 -1.0412570504094343
4.026950324268833 1.044238286260169
16.245003223720953 -1.0404902791439665
4.048856675189378 1.0446349588229928
16.267574773898794 -1.0399608012523456
4.071344524868806 1.0452044273671035
16.290613359707578 -1.0385675421802618
4.092613511369198 1.0459131245916562
16.31183139049875 -1.037707883511385
4.113402370451046 1.0470742173735332
16.332363286461064 -1.037156783456454
4.1385538483453805 1.0493426367351464
16.355011971881744 -1.0365392810738132
4.160875505792206 1.0497891211347439
16.377659922896108 -1.0359789319843553
4.183934423335655 1.0505239732566756
16.401520827862672 -1.034275885446247
4.204647382245416 1.0510886215103172
16.42219702324988 -1.0336364122849209
4.226427891781552 1.0527264675267853
16.442305409590812 -1.033232214314822
4.250178576618029 1.054200598175935
16.46495190455442 -1.0326085001200396
4.272892967615155 1.0547568072775448
16.48844705978507 -1.0315656602451004
4.2957127180241335 1.0554497864188628
16.51174736858979 -1.0302034926797465
4.317082999401783 1.0565880616460641
16.532039605473695 -1.0297380772208435
4.339011375909316 1.0586333271197874
16.55314122146084 -1.0290233835858829
4.3617092378443685 1.059143991193854
16.576131583964926 -1.0283079313924326
4.384463864163936 1.0597364979668404
16.59844869160409 -1.0273206566689999
4.406667111368557 1.060257238000361
16.621766532351817 -1.0262449072797275
4.428959546040883 1.0618455462619263
16.6427399774953 -1.025644625342239
4.451167993279382 1.0637907152854968
16.662529415733715 -1.025262062592238
4.473182478529202 1.0641583963398857
16.685527377890804 -1.0245265690636154
4.495844797307643 1.0647327669811775
16.70875084290685 -1.0231358149940517
4.519018123521186 1.0659895665793437
16.731724637177425 -1.0222350839217884
4.542501526764141 1.0679275180227525
16.75272649304091 -1.0215477119370437
4.563184685668315 1.0692129552835836
16.772318535229797 -1.021186670446793
4.585728798599006 1.069714072958298
16.795079151101422 -1.0203489057494157
4.608784487779714 1.070377059816849
16.818113638530242 -1.0190590787233476
4.631792172106977 1.0716052213922993
16.84115265577589 -1.0181427679037631
4.657027235167478 1.074460955079307
16.861772142461337 -1.0176205613877232
4.676639094839042 1.0747216681040768
16.8813356327381 -1.0172498542744406
4.698371331407334 1.0750316027237248
16.90435451649976 -1.0160029549036782
4.721407144284174 1.0761217036091741
16.927514183117516 -1.0149966586716126
4.745167484085855 1.0774651842450889
16.950432825997268 -1.0140702335486935
4.770196233235958 1.0797779330393877
16.971294388055085 -1.013505814681559
4.7895051473137835 1.0800136300014225
16.99160955812131 -1.0129123693266093
4.811935396726589 1.080487440404814
17.013910080410493 -1.0117595942219733
4.835104478884321 1.0815455005401868
17.037231294015967 -1.0106975436378864
4.859522551170313 1.0830767986419274
17.05973949367767 -1.0099513191021596
4.8839748854585 1.0848791069182364
17.080545434646638 -1.0093863750722276
4.902622029679696 1.0849869440397213
17.100215949574757 -1.0085643770792054
4.925177546670285 1.085853433666354
17.123029048577255 -1.007411689339411
4.9491884078564485 1.0870401013217226
17.14608097586906 -1.0063555135303621
4.974077308730778 1.0887676927445749
17.16859986062324 -1.0056093389789194
4.997057015698839 1.0897287191502052
17.189664581169545 -1.0050275113478153
5.015875072696831 1.0898755058423808
17.2089361681487 -1.0041844368245134
5.038922075741809 1.090836828181035
17.23149649145152 -1.0032159842346353
5.062697946676439 1.0918793968326042
17.254191284279525 -1.0023689125937496
5.0883332143077045 1.0940421197973342
17.277410956364413 -1.0013215331251553
5.110032634176249 1.0945592625179994
17.298033214947285 -1.0009361330196715
5.128845166992258 1.094917608710767
17.31723807339843 -0.9998735657571481
5.151937096439261 1.0956274387553542
17.34053382380374 -0.9986792014431524
5.176401759113111 1.096945198432184
17.363370197668413 -0.9977907379564749
5.201455139455776 1.0987761032549452
17.386120005284052 -0.996967276234698
5.223662276191202 1.099377912487561
17.407715260184126 -0.9959018436170082
5.24273164307898 1.0997628525165397
17.42584079762636 -0.995394162703041
5.2660527812256035 1.1006708636111866
17.448764978774175 -0.9942255690211215
5.290098813016031 1.1018885647840388
17.471643488617186 -0.9933128915352134
5.314987742147626 1.1037112679835506
17.49447930181973 -0.9924659112488863
5.3365829908201015 1.104194884223797
17.515891747352118 -0.9913155634895453
5.355851826219429 1.1045641101826889
17.53433455830919 -0.9907720836990751
5.379648889073656 1.1055792275291898
17.556828097405734 -0.989877085767927
5.404277501135616 1.1070685713819333
17.579145062622686 -0.9891040104242345
5.428032110797693 1.1084037835521643
17.60202352129487 -0.9882285810467107
5.4504894943807995 1.1090467897798815
17.623592840160555 -0.9869337853166728
5.469662693598933 1.1095395724852044
17.641966008096457 -0.9864332369049319
5.4934495651631154 1.1105245253460072
17.664949912371114 -0.9854180749293869
5.519707112577572 1.1128040866938922
17.687713383080638 -0.9845278752808154
5.5418058197301425 1.1134204131119751
17.710612009673856 -0.9832617012774597
5.563775560656936 1.1139767016207287
17.7305378347234 -0.9825505427830229
5.5829756842690035 1.1144567329723611
17.749833447921894 -0.981791843497625
5.6068323732281815 1.115452398216062
17.7723640020167 -0.9809019034919332
5.633639446123382 1.1178887006786906
17.794678213339495 -0.9802119538413566
5.655350787650723 1.1183325027969426
17.817638488628525 -0.9789160330021942
5.6776881866831586 1.119075698264841
17.838690549746463 -0.9778069917973842
5.697157123389203 1.119450426601193
17.857014145438193 -0.9774929045326527
5.721651754339336 1.1208510506209788
17.87949323649649 -0.9765244838588318
5.747572149729144 1.122905366456016
17.901739011888832 -0.9757269555951411
5.769354904892618 1.1233443473986133
17.92428423913955 -0.9743411269587586
5.791744529612938 1.12404983254067
17.945131101482403 -0.9734412025548413
5.811442825457464 1.1245275277730393
17.963587083504404 -0.9728729970832214
5.836731771348295 1.1260200788693606
17.9861903662928 -0.9718479234616337
5.862189664052784 1.1277009797193154
18.008744346122565 -0.9708986538291331
5.8841770229183235 1.1282624044386265
18.0309310404577 -0.9697195080383789
5.905934643979476 1.1286890694089189
18.051902472384473 -0.9688211573257518
5.926329849717944 1.1294107220440683
18.070562932730883 -0.9680303878085373
5.951663375843065 1.1309144723867595
18.092328998949213 -0.9674267617695756
5.976408484047645 1.1323870454399065
18.115912153165468 -0.965823090738021
5.998310595224859 1.132755410189139
18.13808478065445 -0.9648811482503503
6.020757335207543 1.1333708954185986
18.159261766195097 -0.963874059961217
6.041222615641866 1.1340361544882733
18.176532359889997 -0.9636181889552227
6.067269067354743 1.1357320300231475
18.19942085288014 -0.9625285631672049
6.090385128591429 1.136635204849285
18.221973838401723 -0.9613199819534577
6.112271338567429 1.1369900908577384
18.244874537389173 -0.9601283519709347
6.134674970464633 1.1377506773801345
18.26615342560715 -0.9592416561110557
6.155134914806647 1.1383874514057595
18.282781049574602 -0.9591245604340943
6.182366546646306 1.1405371629689727
18.305689281183746 -0.9580757109465811
6.2041201514479365 1.1408755330290454
18.327909811136742 -0.9568832550059208
6.226476542107732 1.141313851395325
18.350678534261373 -0.9557660793713356
6.248929940568052 1.1420920347727481
18.372318943962537 -0.9549114296765856
6.2698621089363655 1.1428934821023864
18.38956786720242 -0.954666798517967
6.29640686418893 1.1447978786601074
18.411927970606996 -0.9534784182812429
6.318242628583322 1.1453341803880428
18.43397369148996 -0.9525357979761202
6.340202931661661 1.1457332331046026
18.45632303803475 -0.9516131150772014
6.362677591164308 1.1464844951531357
18.477605557932293 -0.9506988449538639
6.384304706516209 1.147435207080948
18.49483859098145 -0.9505319127056738
6.410140701856382 1.1491245003258328
18.517394327563572 -0.9491004217625433
6.43201972590336 1.1496351112627567
18.5393546866116 -0.9482860750363304
6.454993683578979 1.150396925060573
18.561593067400032 -0.9472345561664406
6.477283196135542 1.1509554321364022
18.581933852040706 -0.9467177415907819
6.49901436243175 1.1518835542373496
18.599039245167916 -0.9465166507142445
6.5241700473213715 1.1534381897887762
18.621601191503867 -0.9451747094727765
6.546053048160349 1.1539063087888326
18.643550790111323 -0.9440939614085033
6.568961513230022 1.1545936729015631
18.66562645294962 -0.9432486582507538
6.591865925088051 1.1553250866694806
18.687507845676425 -0.9420377190089158
6.613953380585716 1.1563420720017934
18.704027715781386 -0.9417366271737255
6.63847124050676 1.1575349531505892
18.72535647719186 -0.9407911828928887
6.660742194960442 1.1580030490352047
18.748092131869576 -0.9394189099449685
6.683358993570262 1.158572583677132
18.770275739833046 -0.9384263686038342
6.706103000835434 1.1592699084759606
18.791594887399647 -0.9376312462368924
6.729729872180176 1.1606798844809443
18.807606140895135 -0.9373738786959246
6.75285277982525 1.1613765042373687
18.82912116318113 -0.936381276452643
6.774940937991328 1.1618355462471623
18.852229807585815 -0.9350190855779069
6.797390945070981 1.1622753935638945
18.87397684266646 -0.9342463714460684
6.820592775404625 1.1630080837511696
18.8960607284863 -0.9329169009532375
6.844900884446051 1.1645755672918099
18.91180876651975 -0.9327480546737205
6.866603428125112 1.164872466635353
18.93421411149498 -0.9316261009529335
6.8891369403712 1.1653626188433297
18.956002838060908 -0.9305687858309329
6.911258785223376 1.1657982833483
18.978452728978446 -0.9295674103255115
6.935061299739886 1.1666847947856596
19.000341180058395 -0.9284798894717584
6.958453358149633 1.1680017460643262
19.0160869643475 -0.9283591816895381
6.980158043330279 1.1683004483276596
19.037801354777002 -0.9274666141105771
7.002676856393457 1.168789963209422
19.0599109564782 -0.9264397179680463
7.025333494849277 1.1693174186549138
19.082687654224905 -0.9249756856500574
7.0486128252402604 1.1701259380902664
19.10347927435891 -0.9246232066098647
7.071777871971919 1.1713616708653176
19.11953739378002 -0.9242730654452337
7.093830847038058 1.1717210502914883
19.141186747482163 -0.9231972274123385
7.1160098266983285 1.1721697911640825
19.163304886157814 -0.9222463763113362
7.138683745888546 1.172709278123337
19.185171456628602 -0.9212197588410511
7.162868111869311 1.1737303379775605
19.2063509914887 -0.920754494570724
7.1853157521867645 1.1747173101777975
19.221835467150115 -0.9204789360675752
7.20719641590995 1.1750567220373884
19.24388369950374 -0.9194528054368234
7.22981269336859 1.1755475131845134
19.265318317289953 -0.9186887478225818
7.252694625953002 1.176148587763564
19.28716581788802 -0.9175764002876197
7.277038661949543 1.1771742076457263
19.309022158660678 -0.9162898960642886
7.298877703890424 1.177967494385717
19.32403226801554 -0.9166138386277503
7.320806623974864 1.1782762761194596
19.346055109841657 -0.9151451794950745
7.343258508985136 1.178659114929661
19.368122462396656 -0.9138810161052922
7.366005847617197 1.179167721691634
19.389722969039113 -0.9133032457694463
7.391563740200561 1.1803759804410277
19.41062569907507 -0.9127159707662618
7.412240319209428 1.1808598409910362
19.426132701432483 -0.9123360489115803
7.434023296019136 1.1811429424772992
19.447330549445383 -0.9115284089226022
7.456441044480003 1.18140416800171
19.469395399047556 -0.9102093253085032
7.479555704336164 1.181916653262506
19.49093652148211 -0.9096284403956655
7.506833914925342 1.1834688614321953
19.511880234775653 -0.9086288196147931
7.525295326290436 1.1833141291609608
19.528290575256104 -0.9081075178809118
7.54733294582842 1.1835821630553072
19.549058909978033 -0.9069589250615636
7.56984432570143 1.1838589625983553
19.570898868436228 -0.9062081615398544
7.593068163532869 1.1844085706160643
19.592305992288868 -0.905462034293088
7.619525219698407 1.1857454601880943
19.61423536039865 -0.9044183039091968
7.638006397966065 1.1855914506274565
19.629987850167883 -0.9042414290483068
7.659993242684531 1.1858597631369867
19.650872812420964 -0.9029052140122618
7.682499250350361 1.186138331820341
19.672210015007895 -0.9023548663724333
7.705699732542156 1.1866759844351629
19.69365394460118 -0.9016005752170567
7.73170253043149 1.1877281107675473
19.715071792972896 -0.9005314713584198
7.750263797829573 1.1876874343416952
19.73160865972844 -0.8998029757764159
7.772183458417888 1.1878426673895663
19.7511824609657 -0.8993964992071214
7.795322765072777 1.1882426195716986
19.77277060977692 -0.8985575887452626
7.818527371658842 1.1888202432277533
19.794337517712368 -0.897742991251979
7.843710434724884 1.189754633952449
19.815749214124136 -0.8969716464788474
7.862356784214146 1.189731370520692
19.83221585900759 -0.8964499372623731
7.884637600036559 1.1899300796933345
19.851286496335604 -0.896104738451076
7.907454198750043 1.1903220570287518
19.872914067424833 -0.8952018919064397
7.931457096062712 1.1908243380154502
19.89488747847186 -0.8942387040957402
7.95574720947331 1.1915721319777508
19.915844991410207 -0.8929338203511761
7.974559891467548 1.19158100281052
19.932944342371094 -0.892776702730086
7.9966544476947625 1.1917410326423974
19.951469224146965 -0.8924684146021554
8.019617896461225 1.1921687938617462
19.97344430271708 -0.891400203794157
8.044291041851217 1.1927932777248753
19.994961492968752 -0.8906060440451694
8.06791214973477 1.1935224051024471
0.015887286566387535 -0.8899660149644625
8.086651702791624 1.1933276656758527
0.03362260529121841 -0.8897142973605628
8.108654121344935 1.1934581181100619
0.051517435838175904 -0.889229566751554
8.13194888494033 1.1936169131235743
0.07294825853184134 -0.888430313840922
8.15611888026966 1.1940908551129552
0.09445038963855164 -0.8876199815877288
8.179903459775641 1.1948281241785992
0.11551181372822411 -0.8870564766862151
8.19856178830375 1.194563943276252
0.13305998543416503 -0.8869874977371376
8.220501140675 1.1946717958352917
0.15076644809345374 -0.8864911642146349
8.243634040208496 1.1947701745979495
0.17223800381344972 -0.8856374255591567
8.268940208683986 1.195633341163253
0.1936703199780314 -0.884816770820157
8.291512058576918 1.1958786887968484
0.2151744586752908 -0.8840404091561999
8.310114908817258 1.195565028843498
0.23278880794878903 -0.8835003610392287
8.33231067967426 1.1953319690288498
0.250047119298298 -0.8831514907053408
8.355332482251209 1.1956003551059597
0.27158653349432654 -0.8822503357159613
8.38064272340428 1.1960889845067202
0.2931871393178842 -0.8816303950861935
8.40252841182061 1.196194453035711
0.3142555435945402 -0.88064272174554
8.42127664456505 1.1960867640870856
0.3312083653268967 -0.8806542763927719
8.443138014852627 1.1956254235700978
0.3486133809135569 -0.8802205008897791
8.466091922089293 1.195857030327725
0.37011938471619726 -0.8792817375305475
8.492934688286022 1.1966205115827593
0.39160295022033226 -0.8784596922240434
8.512725805198492 1.1963192178465063
0.4126014689058818 -0.8778777026048377
8.531482877091038 1.195688340498762
0.429975391016841 -0.8775983872123615
8.5533354748407 1.1956570796975494
0.447142131701704 -0.8774369814793447
8.57654162754209 1.1955407225703876
0.4684086326241258 -0.8765872236338409
8.602727998165392 1.1962121964256738
0.48965304875083626 -0.8757553456605325
8.622593585417176 1.1961239112361464
0.5107029755232878 -0.8751320550522518
8.641341620437583 1.1953389784630413
0.5281596665973654 -0.8745412538713409
8.663408594680071 1.1953680103882747
0.54536366172737 -0.8741263431278126
8.686659645997857 1.1953012561391678
0.5663297663207968 -0.873492018835117
8.712306370864853 1.1959362253671173
0.5872743480247333 -0.8730276428785504
8.73211870132702 1.1952890501444744
0.6083993445673048 -0.872346183695687
8.750993837226805 1.1950119273415107
0.6264183714001585 -0.8716745286935215
8.772961245982518 1.1946420956569694
0.6426125982540302 -0.8717076777983022
8.796300656283849 1.194605389262039
0.6638780532708519 -0.8708052238193049
8.821756136780373 1.19543777361438
0.6849548200781461 -0.8700603098734492
8.841408906857973 1.1945710587346845
0.7065413563169338 -0.8692940403022904
8.860363021649803 1.1943417424833227
0.7235763643781234 -0.8692066403266069
8.882227568155626 1.193962769013472
0.7396713817063998 -0.8689229828667977
8.906324228562221 1.1944819765473065
0.7608957527920431 -0.8682988925860498
8.931050087019566 1.1941587092661499
0.7824521921625437 -0.8672935409147743
8.950727597174897 1.19381899897875
0.8035523680352868 -0.8666547765938881
8.969496065546862 1.1929974073899092
0.8215468481413555 -0.866334848041024
8.99175599449579 1.192814687731711
0.8369776223950652 -0.8664026533386908
9.015264587234904 1.1931290988223215
0.8582133198501842 -0.8654997485044849
9.039812821212635 1.1928333233056985
0.8793921508709591 -0.8647005700643224
9.059422274829862 1.1924618641166251
0.9003556174502182 -0.864351488676733
9.078341981585723 1.1918512363323872
0.9182228133418858 -0.8637648811558054
9.100470447740765 1.1918595639824732
0.9338447082945158 -0.8638667421234524
9.124230844844547 1.1910298711280116
0.9550396869112414 -0.862942560274454
9.148009376011574 1.1912499833064842
0.9758326787382697 -0.86241515240667
9.167380201819887 1.1902224188917736
0.9970251873533461 -0.8617846699930815
9.186560655352393 1.1901376419784595
1.0149988849231846 -0.8617397941187109
9.208695889252652 1.189678461490416
1.030426494554444 -0.8614915574778027
9.232369074320852 1.189580458555396
1.0512155227424005 -0.860992093042177
9.255444747327553 1.1889831798425345
1.072280148524549 -0.8601839976179622
9.27501503467395 1.1882718120555147
1.093592859971786 -0.8595016942384818
9.293924422415017 1.1879185733031692
1.111424066463089 -0.8593536188900969
9.315915068853803 1.1874427865912398
1.1262504785748486 -0.8594454558868265
9.3401303895399 1.1866211105867583
1.1471021352525357 -0.8586207647222717
9.362621579900699 1.186229980367846
1.1679850085243233 -0.8581543895047045
9.38210124655902 1.185803934242828
1.189324988439657 -0.8574646070953262
9.400695725494273 1.184844927946728
1.2079599010122442 -0.8569907876193781
9.42255185400795 1.18439020501228
1.2218400628254573 -0.85750918177516
9.447652818280735 1.184123515334816
1.2424812232717557 -0.8568593035865812
9.469363402297404 1.1839420436589252
1.2634188259137482 -0.8560908261177917
9.488551546577805 1.1828534816194307
1.2851978150358012 -0.8552710624287314
9.507082746547882 1.1819214052821896
1.3030920207156527 -0.8552452604544724
9.529386569632209 1.1810385205877247
1.3173800505538271 -0.8551806439247872
9.554130015363961 1.1803906854669588
1.3381690907596153 -0.8546640518099684
9.575318888416477 1.180131146817127
1.3588078895701108 -0.854126225524363
9.594368287033268 1.1790369836370962
1.3802582103215937 -0.8534403530175456
9.613514856115442 1.1789240907311562
1.3986084163178156 -0.8530648654082165
9.63515676107968 1.1774835370821939
1.4134990523263171 -0.8535143380335959
9.661054210916323 1.1776837299356828
1.4331280705029945 -0.8528364681396009
9.680642695787762 1.1764665806188037
1.4539055007761876 -0.8523855219681509
9.700259300708426 1.1762990698318134
1.4754173668055839 -0.8517057576881156
9.718712070488833 1.1743494693486096
1.4932119161206923 -0.8515402949584691
9.740521062726366 1.1737175490577543
1.5084884391863929 -0.8519632004583623
9.766293478861366 1.173185714875139
1.5278088275321777 -0.8512781829848085
9.785478097480574 1.172292007330202
1.548474927327339 -0.8505788797789156
9.804693391055345 1.1717978272655174
1.5697953033535925 -0.8501714770683217
9.823133723761813 1.1707853077465238
1.5875991008735315 -0.8498621719292618
9.844860831916305 1.1693387924021177
1.6031974712793609 -0.8501279359881311
9.870748347613324 1.1692605745854756
1.6219116985436874 -0.8501079591581617
9.889829032323446 1.1686578058566301
1.6424873159554751 -0.8494072974317376
9.908658566832992 1.1675271553758013
1.6639424880812272 -0.8486777420185351
9.927042227904606 1.1656725416427598
1.6818458894563992 -0.8486355968898412
9.949150272800141 1.1647858347083515
1.6975984647255529 -0.8488703958636448
9.974688800045204 1.164976497458805
1.7159696401682238 -0.8482575581919796
9.993390263515025 1.1636534563265821
1.7362885643061847 -0.8480791788940097
10.01212888496076 1.162549042878183
1.7577449688819713 -0.8473596611724088
10.031024970719535 1.1622005793859969
1.7758517599448016 -0.84696675406877
10.05348131350637 1.1610321224571392
1.7924478583041008 -0.8470845027652127
10.077830563225325 1.1600865689543662
1.8098276521320327 -0.8470568193065542
10.096471481061696 1.1588110178423126
1.8304287028142707 -0.846327327202492
10.11602444975793 1.1576851130223471
1.851747733058919 -0.8460821600855875
10.134570014308878 1.1566895229687286
1.8698054636666792 -0.845675305894448
10.156263821933782 1.1552940931149458
1.8866887918630393 -0.8458375743104158
10.180746147681553 1.1545619291578315
1.9032486205124184 -0.8459281436347306
10.200221005031434 1.15434401773934
1.9237998001198902 -0.8452099184692461
10.218620948671889 1.153056742744078
1.945444197343953 -0.8446977262093576
10.23691404022036 1.1511268537461277
1.9635096399800573 -0.8444611874061
10.259751133687807 1.1511738370466649
1.9801158870482594 -0.8443758126781427
10.283559855310319 1.1501738148655332
1.9964773663924653 -0.8447624225423462
10.302023381811086 1.1487678791003935
2.0171451784883887 -0.844252464861953
10.320470150888799 1.1465761509879389
2.0386913633062496 -0.843488265468364
10.339158032835186 1.1460825264256898
2.05687281521681 -0.8433736105896777
10.361071762102258 1.144634351471502
2.073545273643606 -0.8434661381938597
10.384681958409985 1.1436978831466504
2.0896788970404874 -0.8435915097155618
10.403060137384903 1.1423571999152
2.110191623378318 -0.8433242685857132
10.422041647594487 1.1418392610431694
2.1317211357584034 -0.8425931147200915
10.440260873011248 1.13988357162819
2.149849399924396 -0.8421821875345368
10.46206117788103 1.138495025425997
2.167170078994177 -0.8422454084873643
10.485190714687926 1.1375767688815217
2.182417537259535 -0.8427254561020866
10.504004004296643 1.136964673514591
2.203111067564562 -0.8421851820242572
10.522944242857873 1.1351473333870508
2.2244986721098305 -0.8419581326497952
10.541189901742465 1.1332389376428893
2.2428406402235668 -0.84149229080441
10.562838864209809 1.1326151121229808
2.259717671025034 -0.8416367552807156
10.586075589879282 1.1318436567120178
2.274885103627657 -0.8421158174673943
10.604493891229248 1.1304865173827576
2.2955635458075916 -0.8415531579030698
10.622730409758784 1.12927898285867
2.3171989463762435 -0.8407405287608637
10.641608659781884 1.127939435713389
2.3352616650831193 -0.8407928553437829
10.663215267038375 1.1264427876687186
2.352572793443332 -0.8406184005445485
10.68588542025758 1.1254202254712764
2.367361001881996 -0.8412505930358218
10.70398497511035 1.124038259601822
2.3877730458832644 -0.8408473170056057
10.722291036096138 1.1224003207406563
2.409355872751478 -0.8404239388302241
10.740502815745762 1.1205292678652528
2.427305027511216 -0.8404877521649508
10.762679674864591 1.1199586514983844
2.4445333882642584 -0.8402915928947307
10.784967616734303 1.118907489154691
2.460010800002149 -0.8407782753119061
10.803093516459125 1.1174861083694425
2.4799001792166355 -0.8403379037115436
10.821222635645206 1.1162552911458876
2.5014124894045993 -0.8399301450270323
10.839070865055794 1.1142821802882759
2.5197890039353905 -0.8394839330547028
10.86107059086789 1.1129509881349162
2.536661425341671 -0.8398839697039711
10.882883451501161 1.1118655413364933
2.553016103346786 -0.8398671559710267
10.901624564486186 1.110928968324567
2.5715382404721026 -0.839976732997823
10.91970439344847 1.108829768138444
2.593095049700084 -0.8395432545733017
10.938150893447016 1.1074096429559666
2.6114263640998705 -0.8393509887250982
10.960221582483417 1.1060906724975799
2.6285254711683352 -0.8396416933951542
10.980862678778605 1.1046655196304618
2.644903536206359 -0.839736672466268
10.999424755575651 1.103986521860463
2.6630624007308143 -0.8396705392966358
11.017595967616057 1.1027578506711835
2.684608281340581 -0.83944044775699
11.03589679108086 1.1009120340863554
2.7028430332281834 -0.8392391092323992
11.058190890391195 1.0995645982279958
2.7205893247384436 -0.8389866943018016
11.078865509150125 1.098316057299944
2.736936531025135 -0.8394998150730484
11.096301159955077 1.0967295629142482
2.7542868590943455 -0.8395268247254658
11.11435141247439 1.0947382271143675
2.7760291409606506 -0.83906384633648
11.132528507741744 1.0929450159224376
2.7944161070137703 -0.8390582694041313
11.15459645178821 1.0916349357653268
2.8118179292205436 -0.8390839275593398
11.175219033410734 1.090458940917855
2.8290208401095143 -0.8392141708797882
11.193674205470636 1.0897991536158012
2.845347516515344 -0.839593112995927
11.211949993197166 1.0887540211106386
2.8671614896511417 -0.8390799989640673
11.2300719136791 1.0868738016060213
2.8854928762050434 -0.839073895241185
11.251914964519592 1.0852814517848668
2.903357830764576 -0.8389995266447065
11.272050382421876 1.0839678480205834
2.9200791932486956 -0.838873012761395
11.289879266153948 1.08252917879025
2.9362033188709447 -0.8395846964759048
11.30781114439282 1.0812851896525761
2.9580951728373255 -0.8390378643779622
11.325617758394028 1.079385545327634
2.9764755228647557 -0.8387874978096218
11.348290272368528 1.077431370961164
2.9942203913771808 -0.8389151298789072
11.367029183409773 1.075871197640349
3.0113349213699014 -0.8390681500452518
11.384811045906334 1.0745166878386467
3.0270230436386982 -0.839848199043968
11.403346616946518 1.0739408126923429
3.048914252916749 -0.8392363114382536
11.4210480057391 1.0720568381756204
3.067481612758604 -0.8389695295101443
11.443501540308755 1.0703533249965886
3.084914047320127 -0.8391213552393524
11.462570116458103 1.069015677868347
3.102544911190354 -0.8392011163837311
11.480453351453983 1.067857421158219
3.118073227016271 -0.8395401550452177
11.497561516399852 1.0662390781652555
3.1398595424573323 -0.8392582985232767
11.51570271256727 1.0645536159571798
3.158164432466263 -0.8391743335575995
11.539468127610798 1.0628764011254381
3.1761187203983767 -0.8390617497421958
11.557107647922374 1.0613451235219677
3.193097452361732 -0.839422734866521
11.574657767878827 1.0599345094917825
3.2086857017029287 -0.8400490414693701
11.592035069594631 1.058598114180232
3.230467414811073 -0.8397927421082143
11.610283389882513 1.0575631843025948
3.2486758066845036 -0.8397301707166684
11.633300632603717 1.055681078399498
3.266518170085571 -0.8396555479538015
11.651065019269387 1.0542152149384574
3.283973371799286 -0.8399448866149415
11.668815961795604 1.052881625784605
3.2997806842931285 -0.840522197932197
11.686278670156122 1.0515682064808043
3.3207597040573544 -0.8402352057990142
11.704658394870682 1.0505576265237115
3.339022595739681 -0.8402642421690973
11.728233907813 1.0489378146704385
3.357097970903442 -0.8402724841602305
11.745423329196786 1.0472288827215326
3.374014730012469 -0.840629539099332
11.762754853686129 1.045281167894903
3.3906234128400303 -0.8410643841021906
11.780533621084913 1.0440575243518322
3.4107435535083677 -0.8411302369602938
11.797749513081312 1.0426217688681965
3.4291722134983362 -0.8411749366931108
11.821319906486915 1.0416551726987187
3.4470558299495155 -0.8410331200683855
11.838756851173759 1.0396194068734494
3.4644246295573438 -0.8412288510483611
11.855896133341325 1.0380750339776592
3.4808533281258174 -0.8418593252029999
11.873735984565986 1.0368792010008459
3.5003093201150874 -0.8420126418548585
11.891614337306793 1.0356965596831913
3.518801628314555 -0.8417726591385023
11.913545315166557 1.0334547279145019
3.5365811834674563 -0.8419091332846657
11.93130667457675 1.0320656412365081
3.5539447414766867 -0.8420670028777166
11.948944807726978 1.0307149507959763
3.571070391334926 -0.8425134727226246
11.96565769975068 1.028791054291482
3.589673764943593 -0.8427976373076855
11.98402185354334 1.0277856629124331
3.6081712946843347 -0.8427482441741556
12.00693032038935 1.0267799880234336
3.6263849710085005 -0.8428041450773684
12.024010809578906 1.0251715312066534
3.6440375254561173 -0.8427362065874912
12.04133712835509 1.0233147328308758
3.6611862971199884 -0.8429943053650721
12.058476518300273 1.0219401124857064
3.6791392013308375 -0.8436278052804325
12.076032976236416 1.0205846284409683
3.6976166412587106 -0.8435404950021393
12.098505544464993 1.01963118048861
3.7158799969916894 -0.8432852798606298
12.116099142730786 1.0179095286696211
3.733538319882868 -0.843420292066882
12.132777871573543 1.0159375199715401
3.7513043352434092 -0.8435460026970415
12.150428644037712 1.0147318239079162
3.76864770022935 -0.8442983855026918
12.167636424795937 1.0130665381329005
3.787370631048855 -0.8441554360639585
12.189908209502049 1.0123000643617392
3.8053104931885695 -0.8442056652839871
12.207717332743812 1.0111110010265487
3.823530194445705 -0.8442242944804408
12.224501791248494 1.0092144764200368
3.840842519957222 -0.8443311343614339
12.240978005394373 1.007188433450745
3.8582016612348102 -0.8449789676329842
12.258992752289291 1.0061049118877927
3.8768060706461713 -0.8450647857745088
12.281078640987353 1.0051290464077491
3.895120829986482 -0.84507246670992
12.298186847004763 1.0040367193937554
3.9128051978672427 -0.8451751681252716
12.315746140892301 1.0022926472508915
3.9305786133715763 -0.8451789521690545
12.332627133992315 1.0005871484333555
3.94765150384711 -0.8459031812179407
12.349872593604585 0.9992023363693379
3.9661366274537833 -0.8460160419500885
12.372018464976101 0.9982689147992321
3.9844205427268604 -0.8460420387789909
12.38911580493533 0.9971788397349296
4.002461231958242 -0.846155109138322
12.406070954098398 0.9954516578531457
4.0196110577776 -0.8464710923147055
12.423068967541392 0.9938493169490216
4.038121272595082 -0.8468685817944046
12.441024223607977 0.9924474358586118
4.05525825941566 -0.8473365682914062
12.461817228995569 0.9911347902371631
4.0734631294888715 -0.8473794753658224
12.479639567205918 0.990306696470412
4.091426109249635 -0.8475302914186243
12.49679608269381 0.989350865907648
4.109093952924353 -0.8477608988667443
12.513586474221995 0.9872443587068873
4.127617755477174 -0.8481614807997984
12.531251690192592 0.98575176576127
4.1444571199995535 -0.8485779679858038
12.553052829665662 0.9847940043821835
4.162742326390262 -0.8487696816173721
12.569866157792921 0.9836611260611292
4.180789682077555 -0.8489020307119493
12.586979824816577 0.9825059843444539
4.198462662712663 -0.8491220993537388
12.60405630441305 0.9809809300759667
4.217506783449196 -0.8496040523447642
12.621883977871159 0.9796300962548021
4.23317907169505 -0.8502917222704058
12.643004408311494 0.978426866667867
4.251459544145308 -0.8504877697137377
12.65926656963008 0.9769215317088888
4.269497426521845 -0.8505924467231665
12.677037953114356 0.97616236974495
4.2871281241914065 -0.8508061945447842
12.693434982827277 0.9749684690128049
4.306275499720496 -0.851226658028887
12.711206666142642 0.973301573599893
4.3214606650014895 -0.8520367023656681
12.731851308056108 0.9717660796496869
4.339740820795794 -0.8522214147043071
12.749631905158548 0.9709511913691576
4.357786784839079 -0.8522843832462752
12.765812702936667 0.9695731955814749
4.375953635132879 -0.8523998774247686
12.78360037917764 0.9689125212696035
4.395098153329162 -0.8527365616932827
12.800837021116903 0.967296013820161
4.409559545247642 -0.8539946887839097
12.82182914886072 0.9660018833947159
4.4283364426409735 -0.8538657515745021
12.838230574927376 0.9645642715412233
4.4464386161590035 -0.8540904592765404
12.855253103758217 0.9636264866094895
4.463996147722652 -0.8542791322080435
12.872311379636223 0.962632490992744
4.483799866217208 -0.8544273807446724
12.890740056103608 0.9619236295222877
4.497989386692855 -0.8557616592022891
12.910878539761722 0.9602524816518548
4.516535160131343 -0.8555979152823431
12.927454897242546 0.9588909706553338
4.534572934022835 -0.8558359053799383
12.944513388045754 0.9578092606296539
4.5527485061416515 -0.8558920762012302
12.961719345406944 0.957001263379822
4.572607148323882 -0.8559783012409437
12.979379081136615 0.9561044059350002
4.587605795115368 -0.8570026187271841
13.000055042946737 0.9546686743998466
4.60467993727644 -0.8575479188496998
13.01715727274553 0.9535127445576904
4.623231802049294 -0.8577097035397941
13.033650959062417 0.9522617258181706
4.640794163059451 -0.8578500419912504
13.050054446704465 0.9511063426560228
4.660604436982751 -0.8579568310472963
13.068740677130515 0.950555550918826
4.676778460875441 -0.8586606484699808
13.089374409390874 0.9493473899390855
4.693143965086678 -0.8595831053135947
13.105240177393897 0.9476914959062309
4.711359699108683 -0.85966401326152
13.122456647171129 0.9468231547039855
4.7288329298110625 -0.8598467631075152
13.1396043955809 0.9458345996822725
4.749386472538661 -0.859820923249324
13.157425376528638 0.9449478934711043
4.765588612590355 -0.8604524204458557
13.178091054581873 0.9444177330244282
4.781353486300498 -0.8615819987610431
13.194907441431914 0.9426571323851569
4.799443379330991 -0.8617571199360471
13.21125907155411 0.9413782444306356
4.817644637962556 -0.8619228067778407
13.227520050044145 0.9402124531857239
4.837376002826709 -0.8620859862574988
13.246306615146613 0.9396620948114427
4.854518996982306 -0.862464466941352
13.266762237763981 0.9390907037044469
4.869364946314636 -0.8638564219684104
13.283165503108178 0.9373694229534923
4.88793103628199 -0.8639596465938507
13.299746885272974 0.936398762300205
4.905528007759778 -0.8642212360819633
13.31620922927109 0.9352844608043396
4.926028982380507 -0.8642188898997202
13.33404275185551 0.9344011310194841
4.9425124039188395 -0.8647318990190663
13.354937700562578 0.9339373242627408
4.957299269354985 -0.8661824645000372
13.371678692238127 0.9327786855884969
4.975837993959485 -0.8662880158004695
13.38803381161165 0.931573774203498
4.994011481291097 -0.8664977052759313
13.404547402217744 0.9303526479192785
5.013826316961563 -0.8667881720382754
13.422569562327045 0.9296518818231079
5.03092114714258 -0.8671451917326163
13.442577510036909 0.9289051053837882
5.04696021727752 -0.8681695386068269
13.460572937237185 0.9284383357464376
5.063552943124155 -0.868885763139164
13.47681857953299 0.9269365812489629
5.081682271041992 -0.8691010336079672
13.492762828836108 0.9257039849507884
5.102231660441648 -0.8692258772179176
13.51070352897357 0.9250992739370326
5.119243779108217 -0.8695734099304436
13.530743733683508 0.9245165512884285
5.135243608567554 -0.8705388364327052
13.54790756026298 0.9238047120278444
5.1516208523783975 -0.8714114525356741
13.564648448801849 0.9225806179031747
5.169203840945743 -0.8717289492162913
13.580894651588771 0.9214803646263389
5.1897155855057155 -0.8718425287554197
13.598950156380647 0.9208621106883407
5.2066498507866825 -0.8724510670885851
13.61815122616932 0.9200202640223115
5.223402053301147 -0.8731895821584252
13.636538428607516 0.9196326302271992
5.239215584823037 -0.8742544450790518
13.653306246533807 0.918592129025149
5.2574049856088445 -0.8744552472714149
13.669677089185384 0.9174858464255694
5.277843166189863 -0.8746065747645712
13.686626526096486 0.9164505614296865
5.294962622770164 -0.875110679917591
13.70695891070019 0.9162498058475175
5.31182324834657 -0.8758064776698768
13.724143423038038 0.9155480361203996
5.326785244791148 -0.8770916451535783
13.7414602618946 0.9149420575762401
5.345586141401095 -0.8772377216081959
13.757675038577236 0.9135205422926123
5.365383587094372 -0.8774396618623697
13.775327208271746 0.9127209321383094
5.382427952667626 -0.878002006051835
13.794459938845424 0.9121376945089117
5.399415357418592 -0.8786291712352278
13.811665481467662 0.9114582794782502
5.415369964720372 -0.8797333048637268
13.82921687486997 0.9109052566765132
5.433495953745583 -0.8803331260401137
13.845712892213056 0.9097276068070962
5.453654285446047 -0.8804165671898077
13.863872670274198 0.9090186794684015
5.470726256082165 -0.8809516207456642
13.88292772628844 0.908414087470075
5.487623100868019 -0.8815906206805344
13.900148996399261 0.907969862343311
5.5044035630825565 -0.8824359820705712
13.917674652488193 0.9073995227950689
5.521846139513141 -0.8833661157531533
13.934470406535656 0.9064679712860575
5.541162437487804 -0.883609713318781
13.951270971040795 0.9052085615439673
5.55820699734107 -0.8841325493604861
13.971172918848485 0.9049765786231172
5.575793103152019 -0.8846027109905044
13.98764926177145 0.9043212585571297
5.592387912868715 -0.8854384251913581
14.005188542567748 0.9037677381860866
5.6090949748876415 -0.8868939514040184
14.022639204182887 0.903264691637146
5.628530768701417 -0.8871378829735601
14.039263874685657 0.9017809695727442
5.646344788525535 -0.8874535202045253
14.058682226601876 0.90116770285432
5.663312248739328 -0.8881164952621541
14.076059375377826 0.9009475637929475
5.679539107456552 -0.8890167392861358
14.09331090282329 0.9006435931068474
5.697126540033552 -0.8903616639980338
14.11005970383243 0.899978979617649
5.716524195620913 -0.8905546279069894
14.127841749935612 0.8988502916182208
5.733579944248343 -0.8910261199936399
14.146914154337887 0.8982396582788356
5.751142428249398 -0.8915003870695499
14.163576834023969 0.8975324900047708
5.7677146339752605 -0.8923221510178313
14.18104296879831 0.8974928686048551
5.785682987413985 -0.893343850734622
14.19856856674607 0.8970074823376106
5.803847445107828 -0.894234448011617
14.2163286796153 0.8960012331545479
5.821663922307789 -0.8945000061006393
14.234700319847443 0.8951830963393591
5.838395935432711 -0.895160930738729
14.252150302378398 0.8946916174943156
5.855709508272085 -0.8957413676821264
14.268944894262805 0.8941715106641838
5.873554280731551 -0.8967320744159334
14.286646663723513 0.8939656256027786
5.891918142692633 -0.8977717776155975
14.305751353059094 0.893948771470045
5.908942285434233 -0.8984081555569349
14.323454812012937 0.892593139494132
5.926386336003062 -0.8988002713191472
14.339895418290688 0.8918925240838715
5.943705506196322 -0.8992339326458976
14.357711547642168 0.8915641494156623
5.962045907275916 -0.9000465744378796
14.374664573913991 0.8911772833134305
5.97929425225142 -0.9015594655439937
14.394508019675516 0.891240866858644
5.997113108165683 -0.9020122512931084
14.411854640525961 0.8899529594732918
6.014035854119224 -0.9027595401414541
14.428646177486915 0.8892815476331913
6.031553769205132 -0.9032115854322925
14.445389724974461 0.8886777477647533
6.050176469519353 -0.9039495758965841
14.463118419450328 0.8884538070639956
6.06676136661403 -0.9056587100362951
14.482632072606817 0.8883743788555718
6.084631583605337 -0.9061135013867451
14.500137864715187 0.8875611490524887
6.1023810040394455 -0.9066466544241372
14.51697183352235 0.8868877563061991
6.119771218358093 -0.9071039474816994
14.533702559178677 0.8862580440865498
6.138092690939232 -0.9078869441945254
14.550651835339371 0.8858501593372811
6.156201145321448 -0.9089129535474602
14.570384682260691 0.8857707522778404
6.172810592521214 -0.9102296326141759
14.588337094380197 0.8851975859573296
6.189647878950949 -0.9109972635862332
14.604543915734908 0.8842224309380392
6.206908976460418 -0.9116965974152692
14.621348328059764 0.8837374773144041
6.226110437573218 -0.9122722361686686
14.639041447128506 0.8834817506963125
6.24403080723876 -0.9132285516562199
14.658633778485147 0.883362167098136
6.260196372872945 -0.9148168097803447
14.677502532340995 0.8832056250213742
6.277743955751545 -0.9153882032927619
14.693161459642868 0.8823824003532729
6.294897579805127 -0.9161009655883666
14.709954045266025 0.8817548990491416
6.314712580958986 -0.91652907669888
14.726984642345894 0.8814631545191641
6.331878585640754 -0.9176516644140165
14.746779381039179 0.8813819559602918
6.347691546005367 -0.919434340615346
14.766048777167999 0.8814050831379625
6.365147653895418 -0.9200340523898325
14.782208857109179 0.8806067726503382
6.382652093869943 -0.9207010958455171
14.798327666098608 0.8798443590678597
6.402356775612645 -0.9213139753530626
14.815946269710626 0.8796750689534382
6.420567466707859 -0.9220736486299694
14.835340536350675 0.8794650480991605
6.4368630913034695 -0.9233039548718225
14.854218032145495 0.8794268696139617
6.45357091137196 -0.924637911115034
14.871097189723686 0.8788378011659744
6.470783755046332 -0.9253421144509619
14.887402795991418 0.8780790685815336
6.490567901672021 -0.9259408731748404
14.904209230277946 0.8778705957653412
6.508712755922509 -0.9266954672935135
14.924844540725166 0.8779644384808571
6.524736602509752 -0.9279704962326709
14.94313097208588 0.8778363702533446
6.541123045030886 -0.9295459415253741
14.959940531833618 0.8772609596642978
6.558369891858173 -0.9302595782255642
14.976510458524022 0.876791028676389
6.5788160293558455 -0.9307560924374073
14.99349889340381 0.8762937609752446
6.596320713239563 -0.9317480058685238
15.013377081152218 0.8761956614562743
6.612954351896602 -0.932748049100191
15.031790608722218 0.8760915317563773
6.629939174057901 -0.9342208003632079
15.04944433879485 0.8757072202180739
6.647067019521273 -0.9350610255308562
15.064921244087179 0.8748646036956272
6.667653559977488 -0.9355377661438914
15.08208493419089 0.8744266709544115
6.685645154532438 -0.9363851664165997
15.10261897198256 0.874677697646679
6.702312226935167 -0.9374216537944966
15.120402230732136 0.87445355196303
6.718659710146891 -0.9387757607137411
15.139213640443687 0.8744494169253004
6.735503450469539 -0.9402396994771021
15.154398921249367 0.8734377275007484
6.755653599751909 -0.9408144359955379
15.171680411591128 0.872978691526073
6.773797664690664 -0.9416622575237148
15.191465963639786 0.8730487116864587
6.791174634910254 -0.9424218724632047
15.209730698713203 0.8729142702260791
6.807322360510945 -0.9438992278654094
15.227976291995233 0.8728018392105648
6.824636784013596 -0.9454615148636162
15.24391316540561 0.8719773522466117
6.844785363748734 -0.9460351175791696
15.26037523099012 0.8713712753785166
6.862821522690458 -0.9469127790390882
15.280158312227256 0.8713263066515713
6.8794954349505835 -0.9480365508303937
15.298581661309155 0.8715569662307786
6.897040905773339 -0.9490135388875119
15.316772792144816 0.8714420792850507
6.913412202882423 -0.9506262220807026
15.333190450510282 0.8707617794379275
6.933630380045872 -0.9516935592481524
15.349561563662073 0.8700610423884843
6.952726085998377 -0.9521935246858106
15.369488241780422 0.8700776156040388
6.969380291820137 -0.9533126605454556
15.387262530711045 0.8701977255359169
6.985950515157648 -0.954560486654026
15.405867205836127 0.8701639595363294
7.002371850916172 -0.9559547593021476
15.422583053417515 0.8696206909737639
7.022957481742367 -0.9573943623882429
15.438439505167679 0.8688130388072279
7.041135457304876 -0.9582606489485147
15.458463182977535 0.8688537053513444
7.057748697725739 -0.9594267863419922
15.476712518298163 0.8688935601180788
7.074916973538704 -0.9603549999155353
15.495014223709363 0.869203865039578
7.091964846827618 -0.9615446821777259
15.512307314317102 0.8688332733334898
7.111708008483933 -0.9635443315153129
15.528407575840404 0.868068686561868
7.130495524964972 -0.9641123508374321
15.548474762948576 0.868093883278807
7.146983354604452 -0.9652972827846675
15.566145316956156 0.8679944664382755
7.164210252438485 -0.9663789591613106
15.58456319319048 0.8682596327595917
7.18124088957968 -0.9674263877093829
15.603158686922965 0.8682164670903914
7.2017203339315286 -0.968658172922358
15.618672919452731 0.8674394489163485
7.219333373393906 -0.9703286797940522
15.638103050099994 0.8671543458877603
7.237356127479864 -0.9709590530801169
15.656414082617138 0.8671065149696584
7.253739889033022 -0.972262101954634
15.674760911376541 0.8673010343467815
7.271050887516073 -0.9734249035402591
15.693067866271274 0.8673947116462779
7.291653040100377 -0.9745795322485544
15.708624724260758 0.866616934126261
7.30901478612831 -0.9765653613549174
15.728738668966997 0.8665937559516764
7.32643867366853 -0.9773655569286057
15.746350518911973 0.8662424139340928
7.343664766853114 -0.9783002128248213
15.764767711543088 0.8664041513641428
7.360789730577393 -0.9795071261780242
15.783127611692318 0.8664828574937419
7.381285882149642 -0.9807222106229061
15.799055192983259 0.8657338205395007
7.399392733423908 -0.982284422007583
15.818388618324448 0.8654865035540498
7.416715403126062 -0.9834897039353367
15.836207553138252 0.8652174490786454
7.4339550813247515 -0.9845921203495583
15.85451441366863 0.8652239755205949
7.450933307909506 -0.9856725486826899
15.873103088709769 0.865435365648612
7.4721807119244925 -0.9866183471611006
15.889466129247092 0.8648863594274948
7.48961408674716 -0.9882619902174273
15.908859768144058 0.8646194019238665
7.507290639997955 -0.9900180544954003
15.926651691527002 0.8644630005449274
7.524675956774309 -0.9909224055434955
15.944324055860795 0.8642008896967638
7.541902010477445 -0.9921534367925211
15.96324792877062 0.8644385319605844
7.562854300981732 -0.9930473272349208
15.980057149119299 0.8640208046523219
7.580740328575277 -0.9945002242802831
15.99880137823801 0.8636102291856768
7.597434335347199 -0.996647429650798
16.016568419776885 0.8634192849682903
7.614729698383589 -0.9978563145979445
16.034640571020947 0.8632059991736668
7.632629543003451 -0.9987000683406985
16.05313747402803 0.8633720594310291
7.65348993329881 -0.9999925522645691
16.070972223722233 0.8632294318168708
7.6719773304782395 -1.00098960119673
16.08930551023566 0.8628086257545864
7.688863401095774 -1.0027084068715573
16.107102942293206 0.8626151091033897
7.706465643870129 -1.0044551128293513
16.124636685953416 0.8623142423565615
7.72285047764511 -1.0060072821135035
16.1431878254253 0.8624962642087066
7.74529985000825 -1.0065215153366367
16.161925361893147 0.8626047856326613
7.763200880256139 -1.0080052363882879
16.1798668883956 0.8620391242121697
7.779550586543064 -1.0096788084896986
16.197250544881424 0.8618032763731706
7.797047241633083 -1.011610082696641
16.214949370685297 0.8616928763094357
7.814921090797218 -1.0124582960609156
16.2334374827815 0.8616980282979626
7.8362163477061015 -1.0137330427180957
16.252244607481003 0.8618253496335989
7.854302819354671 -1.0148321134071687
16.270084998401188 0.8612537213464408
7.872160476359937 -1.0159299125336738
16.287473104945693 0.8611247312696966
7.888917643336833 -1.017800967193288
16.30586630710819 0.8611567792876218
7.905955788741424 -1.0198330887847593
16.323924031232885 0.8611013095417798
7.92866850131627 -1.0203435353016073
16.342795486311537 0.8612341324360258
7.946028763523764 -1.0217603965331756
16.36115428689962 0.8607700646876374
7.963558196683401 -1.0233967381202806
16.378684345910116 0.8606403503807017
7.981341346080217 -1.0246670943215468
16.396611993090815 0.8605814485982087
7.998278351710996 -1.0266498377938984
16.415161213502135 0.860719086241459
8.020855778733718 -1.0271821145938933
16.433653507764642 0.860653224206838
8.039094517251028 -1.0286186500612158
16.45239563105456 0.8602751685480092
8.056507345764961 -1.029907451282716
16.469552599745043 0.8600586189579472
8.073595134975037 -1.031580716258298
16.487529831020556 0.86010151026364
8.091338392640953 -1.033385033060514
16.505874082696568 0.8600905341010511
8.11362348258804 -1.0345841949047396
16.524685520956865 0.8602448982437705
8.131921637025702 -1.0356487669200298
16.543892542496867 0.8598568050190789
8.149884665617671 -1.0368159297754989
16.56105575430087 0.8595873543987248
8.166802577786916 -1.0388468025331832
16.578923246771694 0.8595715505073068
8.184658577612447 -1.040248087896982
16.596765838361936 0.8594609972294814
8.206253988883574 -1.042046023287022
16.615592831981164 0.8595666794783647
8.224581102548713 -1.0431702569389893
16.635490110160347 0.8594062310797699
8.242684581599871 -1.0443627002975284
16.652034587311466 0.8588871037198831
8.259847233705356 -1.0459497615568203
16.66991299644954 0.8588414474681135
8.277664165597411 -1.047408094022474
16.6880721901183 0.8588200972710194
8.300821503037167 -1.0489520521690037
16.706666292875976 0.8588673317455064
8.319021137816021 -1.0500975370375794
16.72717821674506 0.8588318136000342
8.337055641520031 -1.051272838060046
16.7437216116053 0.8582516843571739
8.354796644312719 -1.0526071685774265
16.761547325391575 0.8581674056244912
8.37176144725409 -1.0543355911680934
16.779275776023788 0.8580781009644438
8.39422732114495 -1.0564657042985903
16.797911829703434 0.8581344081415235
8.413053409277662 -1.0574501362373696
16.819589216638587 0.8583460723096399
8.430559145955847 -1.0588403389430976
16.835087814090443 0.857598673213294
8.448326586120936 -1.0602270383681258
16.852814676821236 0.8573853132346149
8.46606917203415 -1.0617724555543362
16.870570438567512 0.8573045209040392
8.488924891106148 -1.063149820531087
16.88925026058416 0.8574290635656291
8.507471827379508 -1.064720655485014
16.91088526759942 0.8576254175127522
8.524986819014561 -1.0661130201637279
16.92678104808636 0.8569443738094294
8.542870661622606 -1.0675082367934043
16.943843452816285 0.8565773178776231
8.560789355128119 -1.0690036417642645
16.96178252846903 0.8565615933845869
8.584499119892579 -1.0700510277073685
16.980512319603342 0.8566887316314028
8.602687126635834 -1.0718239924790407
17.00211911990148 0.8568806987490095
8.620834999190528 -1.0730136885278199
17.018434949623547 0.8562972895431198
8.638290315271368 -1.0745804884246999
17.035699370376154 0.8561435569367067
8.656269639403044 -1.0760841263940952
17.05337781335155 0.8559261387190966
8.680051029161895 -1.077167051279566
17.07186792773377 0.8560590910835986
8.698307404910265 -1.0789555333897498
17.093530799851166 0.856376619747657
8.716371636426269 -1.0801715810952544
17.109750631408026 0.855843944257569
8.734370774377771 -1.0815560371567199
17.127100480366703 0.8556899298922146
8.753121600402318 -1.0829986649248047
17.14496770649655 0.8555865234582072
8.775717815031765 -1.084470931984718
17.163397284743606 0.8556345029343538
8.794157129109484 -1.0862446599139595
17.185136091141732 0.8559885892191258
8.811923290819378 -1.0876204880039433
17.201787219533355 0.8555354399369909
8.830036251739406 -1.0890367638191436
17.219215505598743 0.855379701623049
8.850236066282356 -1.0896665715985359
17.23670325283499 0.8553309988437997
8.87238915686651 -1.0916873560530558
17.255248283576723 0.855381657579658
8.891570022533813 -1.0928680520768923
17.27707340613026 0.8557513502243009
8.90931134178547 -1.0941846150140246
17.294219578368754 0.8553849209762969
8.927394752872189 -1.0955480793936558
17.311306670832487 0.8551417675537554
8.94767498591109 -1.0968382644943118
17.329190894683975 0.8551409066413637
8.969661740050464 -1.0981824660511663
17.34752483201657 0.8552112067010633
8.988141963430762 -1.1000190000833419
17.369145545225816 0.8554789501610072
9.006326455127663 -1.1012595023182703
17.387020823372012 0.8552841236578185
9.024530497547083 -1.102649250326117
17.404116685081437 0.8549344407561416
9.04486900406709 -1.1041038636448783
17.421541134115216 0.8548247098627754
9.066978139260218 -1.1054765253385284
17.43986797628283 0.8548599035194597
9.085622220614658 -1.1065501570099483
17.461460755341154 0.8551572112581614
9.104468100013712 -1.1079330444049795
17.479902466990783 0.8549692669722999
9.122688007164403 -1.1093072946460716
17.49654456674922 0.8546718380315814
9.14338011504366 -1.1105773904389618
17.513876721906087 0.8544489570590574
9.16617223171393 -1.1115565361405004
17.532160988267663 0.8544269969207229
9.184377416634788 -1.1134963436451675
17.553704498307066 0.8547030011971247
9.203480703168058 -1.1143091589929672
17.57268668898466 0.8546667612168318
9.221800404144517 -1.1157023079454607
17.58876251545963 0.8541501041992894
9.242951624861293 -1.1169422179806883
17.60604543743489 0.8538858930383707
9.265353927917836 -1.1183134288018326
17.62433035995017 0.8538501448248897
9.283952075756371 -1.119359082584101
17.64580203024311 0.8540912245749817
9.302056415705424 -1.1216402153308414
17.665914690694457 0.854251668302912
9.320953744115913 -1.1222910489456694
17.681315940392228 0.8535946469391555
9.342466736744617 -1.1234681663919825
17.69848898064866 0.8535103482727903
9.364607708915713 -1.1249074942746993
17.716423431547433 0.8533833716429168
9.383122723355731 -1.1268727934588705
17.73785659164405 0.853629589505001
9.402192830911451 -1.127393900177278
17.75797104148737 0.8537907402347084
9.42020595186972 -1.1289797482784458
17.77338894234988 0.8532945732749888
9.442076550788368 -1.130202782660841
17.79060028154224 0.8530920078644543
9.464970355133383 -1.1310653778225046
17.808689577377315 0.8531058737234011
9.483460952276266 -1.1321054683819118
17.83014127547371 0.8533560633582051
9.501937212301288 -1.1342925554455539
17.85032122203009 0.8535593899674515
9.52104731015136 -1.1352617886748284
17.8662067400451 0.853112267507387
9.543745536645371 -1.1355050383405616
17.883118965361138 0.8529054376176058
9.565147568675888 -1.1372144835921238
17.90141880890177 0.8531058956689559
9.584121796240924 -1.1388304961176228
17.922758113980517 0.8534379184532263
9.602759002871158 -1.1400392157085684
17.942983633968318 0.8535786141237899
9.621785916827822 -1.140640936106807
17.95945140206663 0.8532983427707971
9.64467650600575 -1.141632210870758
17.976277414934238 0.8531650191683217
9.666593447665988 -1.1430904945641838
17.994313832596994 0.853169002467275
9.68514579251187 -1.1441598705399292
18.015684152140366 0.8534860018364072
9.704299095953104 -1.145553397328533
18.036138466819448 0.8538340366997339
9.722977311182227 -1.1469201766798933
18.052382882900236 0.8533784034545325
9.745921682860606 -1.1479539977858162
18.06932937428503 0.8532370082354549
9.768371898462835 -1.148468315789059
18.08748983758947 0.8534727322543438
9.787541733650249 -1.1497261468551738
18.108801435837787 0.8537347821334836
9.80609090510667 -1.1510289058920207
18.129232678331327 0.8540197424952279
9.825453587727125 -1.1519561234693678
18.1459325856018 0.8537768012795757
9.849008079804431 -1.1520773780691669
18.16256613030006 0.8535441692532048
9.87117114153532 -1.1534552048308566
18.180685307324147 0.8536197078522981
9.889825181886346 -1.155432432020831
18.202009035819437 0.8539020387626889
9.909366419063506 -1.1562127857345819
18.222467829781426 0.8541704364332098
9.928621309745148 -1.1567420318421333
18.239181986316627 0.8538916121924615
9.951838864190407 -1.1578576924756327
18.25606443287714 0.8536397900585655
9.974071532382458 -1.1593527423962338
18.27413099079048 0.8538260589465618
9.993371372631536 -1.1600335238711843
18.295425904715067 0.8542742568054209
10.012913584595978 -1.1603973204372158
18.315870129868454 0.8544640518882505
10.031852451534812 -1.16172145022124
18.332947480727064 0.8542077213659474
10.055995343978223 -1.1626061271040011
18.349601481508365 0.8540693968302961
10.078255414545227 -1.163157335493053
18.367698224289224 0.8540692607689397
10.09749820060176 -1.1644524844833315
18.38915253529397 0.8546033209572654
10.116611263604975 -1.1655713814236586
18.409659624060236 0.85492038050978
10.135540611652914 -1.1670055986594718
18.427138132138946 0.8546220335629204
10.160088848173856 -1.1670191976613573
18.443713947174114 0.8543754518586111
10.182787166123248 -1.1678674618508011
18.461817765483474 0.8546097440936107
10.201679356913937 -1.1688110244243146
18.482949079098223 0.854840246454402
10.220788418815442 -1.1700372317176149
18.50342039978719 0.8552456305060625
10.240540137174161 -1.1701804051858968
18.5214868042332 0.8551834158101672
10.265410763767912 -1.170926162722258
18.537931667774743 0.8549269093784824
10.287453392863734 -1.1724232139979807
18.555789597280114 0.8549598519524251
10.306303268061228 -1.1734180053417689
18.57688691863086 0.8553454897436944
10.326236662451436 -1.1734930225470979
18.597274804124083 0.8555635466831578
10.345361553688802 -1.1747679957898134
18.61601468468891 0.8555792133423049
10.370575167968964 -1.1755012619888192
18.63192772861905 0.8553647134991815
10.392721259201762 -1.176065325736426
18.649798876662963 0.855330297256827
10.412416253291235 -1.1760313916512615
18.67082081787865 0.8557208396869748
10.431591192707824 -1.1771361917138805
18.691088022411826 0.8560442582574851
10.45108016690338 -1.1783421085539432
18.710683589803157 0.8561794440977969
10.476351497216722 -1.1783302109723452
18.726205880163313 0.8558490556101347
10.498587156879687 -1.179813354465832
18.74365965351826 0.8557465268780696
10.518251949224176 -1.179775521528398
18.764691958884626 0.8561721791085046
10.537698986561086 -1.1808347934859953
18.785096742196476 0.8566231246225162
10.557241323844195 -1.1813403831311773
18.805373793467382 0.8567467356050754
10.583062706066602 -1.1819492039273924
18.820361531651816 0.8563774233559087
10.60561475436566 -1.1818525721656898
18.838049706314205 0.8565108003796561
10.624646301885674 -1.1827113056199126
18.85888964852209 0.856893236606389
10.64429137898072 -1.1830921092705722
18.87942021175582 0.8572229941130005
10.665471038461744 -1.1836453913483684
18.89993411446392 0.8578653660842964
10.6901316003614 -1.184397877233237
18.915063143659697 0.8572624403459247
10.712405279350515 -1.1848638205375648
18.93257592056183 0.8573957039392892
10.73140960077415 -1.1857866963730272
18.95359136300549 0.8578944764125839
10.751042599370049 -1.1861881307605346
18.97409128326509 0.8584413465876753
10.773224323778068 -1.1866687406223932
18.9946174992104 0.8587791294967319
10.797380669343028 -1.1866309056082578
19.010025898153845 0.8585198613079125
10.81953623603276 -1.1871701754391073
19.027768310733872 0.8585373775597872
10.838660410572704 -1.1874315633890806
19.04865591638616 0.8589862534107329
10.858388531267648 -1.1881613281389267
19.06910453940924 0.8593738744717243
10.880850655062924 -1.188120802725748
19.089687356348893 0.8599846869315957
10.904632508171732 -1.1889790042378632
19.10498305067397 0.8596485262228458
10.927386425449036 -1.1888448918027106
19.123069466888474 0.8599466193792235
10.94650872267881 -1.1894019474743995
19.143862570623927 0.8601769387804054
10.966129019238593 -1.190409236143914
19.16464043954618 0.8607249669676525
10.988862796862922 -1.1903182834302684
19.185193195579924 0.861323752707101
11.012718073749765 -1.1903164291307664
19.200926963705108 0.8609125012002302
11.035949874032635 -1.1898947420984731
19.21852909248259 0.8610540197958728
11.055009104570143 -1.1906798821038387
19.239348111137367 0.8614696841759316
11.074848168614999 -1.1909578688432778
19.260135872132498 0.862086818902818
11.098105465523009 -1.19149330907567
19.280863876278506 0.8625142596728533
11.122308457411785 -1.1908839455405835
19.296634218467588 0.8624851292851412
11.144913268963087 -1.191132313086994
19.314291938555595 0.8624227999602194
11.164179964914961 -1.1918386008680757
19.335129369652332 0.862836606355482
11.1840849553766 -1.1921192672112486
19.355924986874555 0.8634276737619893
11.207654913575933 -1.1914885342155865
19.376619314432592 0.8640374632641556
11.231679631284141 -1.191331821147003
19.39280608779864 0.8638704715390606
11.254525036228957 -1.1916156576516508
19.41041935747087 0.8640409965138075
11.27364269626443 -1.191776968530261
19.431306727473892 0.8643481283764015
11.29384295022783 -1.192376511985088
19.451816091063648 0.8647307388386084
11.317826458997988 -1.1919789288282912
19.47257002667775 0.8653486800583389
11.341728318458518 -1.1919080124043109
19.48884142565883 0.8654886207768211
11.364292957898014 -1.1922763470177395
19.506535163445022 0.8656714061853819
11.383373308887656 -1.19243263081266
19.52748680261299 0.8661921261514814
11.403625909481422 -1.1923550410640864
19.548213878644706 0.8668218957600117
11.428192299225179 -1.1918979181116212
19.568913898605068 0.8672030110416572
11.451727981987245 -1.1919011765457308
19.585421593243804 0.8671651931091555
11.474435145964083 -1.1916831370016807
19.60300055262364 0.8673693046633117
11.493525677012842 -1.192227940406809
19.623767521737022 0.8678092174520113
11.513717441437144 -1.192333954036105
19.644511786794958 0.8684001354028847
11.538398212944786 -1.1918330560445443
19.665276807969995 0.8690314850742679
11.562007564563643 -1.19141235991524
19.682334381711172 0.8689720702867977
11.58478866498042 -1.1916095328984022
19.699736774183112 0.8692809132231316
11.603837689454412 -1.1915830185816072
19.72032622872832 0.8697444945809338
11.62410235776949 -1.191666397981881
19.741119431550896 0.8703319399045397
11.649064764887617 -1.1911729438370036
19.762248624042293 0.8711093442243775
11.672904151560124 -1.1906383651772474
19.779675930185395 0.8714782243358848
11.695570987234037 -1.1906800174287588
19.797245326647012 0.8716524228409157
11.7145271387533 -1.1908018547695378
19.817776681912203 0.8721301803046496
11.734848474439051 -1.1908628086030253
19.83888637735008 0.8728613865909303
11.759989571345747 -1.1899608887791178
19.85970099489938 0.8732758026540035
11.784012140785356 -1.189593479007879
19.877030598430526 0.8734264513548646
11.806573234287239 -1.1892822348553087
19.894415302574178 0.8738985894465741
11.825514495783494 -1.1893821370881343
19.91551455471797 0.8744896220630987
11.846192925081487 -1.1893741494094487
19.93641098458018 0.875109517311006
11.871661942415757 -1.1883867819563603
19.957362072016178 0.8757721524098296
11.895210419924243 -1.1881214762102454
19.974680021630412 0.8758138947019114
11.917994902182913 -1.1878000349322493
19.991828592235066 0.8760144126487925
11.93677077126556 -1.1879136773987315
0.013221830747838226 0.8766152248316421
11.959058110563756 -1.1873667172253608
0.0341836754553313 0.8772452319286335
11.98308818848623 -1.1868495811800934
0.05549975940631313 0.8779919727273156
12.00666998836812 -1.1862033395663591
0.07303057734372231 0.8783219097345019
12.029516074412598 -1.1858586173914176
0.09031020796106094 0.8791093536865358
12.048189402572767 -1.1860096427153062
0.11144662351739536 0.8796551085220985
12.071148299260463 -1.1852773917079271
0.1329073852729935 0.8804700726614333
12.095134755152575 -1.1847705570708411
0.15427877297539622 0.8813530339683897
12.118506990561151 -1.1842505783380506
0.17204041973655487 0.8812104597618344
12.141222356118277 -1.1837968209610157
0.18914453250609695 0.8820345720497581
12.159931473078325 -1.18379568190662
0.21018707787522667 0.8825440574314941
12.183261145465062 -1.1831218256448481
0.23162248178997205 0.8832604712188362
12.206825530176475 -1.1824113518157007
0.2525771442732916 0.8839115271249657
12.230294328215814 -1.181862599076069
0.2716522995424366 0.8847679995343612
12.253103679164514 -1.1814074987600507
0.28811769526727976 0.8847805432182599
12.271896253056314 -1.181295695827518
0.30871802543756954 0.8849492212908334
12.295486980540005 -1.1805319852923375
0.33014157482351447 0.8856631456400472
12.319346621983165 -1.179741274972956
0.35107812372041125 0.8862952499841741
12.34219482594837 -1.1792419734215545
0.3707705766450926 0.8872211717795149
12.365095226058928 -1.1786879705593425
0.38728731747671996 0.887174218647215
12.383946229777655 -1.1785781648396674
0.4080543915117838 0.8877173589617884
12.407872389470072 -1.1775688313223245
0.42904800886703803 0.8882914336135385
12.431395726495973 -1.1767931594295942
0.45010393278571825 0.8892979735670614
12.454682271677333 -1.1761949657788169
0.47036948550894603 0.8897346323337308
12.477245765221104 -1.1756508078406067
0.4867285095974776 0.8897453484380973
12.496114899012403 -1.1755066589929033
0.5073543845241206 0.8906378449237047
12.52079271379706 -1.1742801810210837
0.5282534987259035 0.8912216568907246
12.544117761423367 -1.1735337845102574
0.5497045653545183 0.8923931671378197
12.567092850876854 -1.1729143156554767
0.5702940256307913 0.8928115858953369
12.589849351004162 -1.1723403018807075
0.5862483748527274 0.8931649593664378
12.608503559816564 -1.1721652735207304
0.6064530144701419 0.8936145077350718
12.633312123909388 -1.1708695156673967
0.6280446730054339 0.8947573646180756
12.656670497011868 -1.1701065798170152
0.6489139186457261 0.8951844566084501
12.679657109806998 -1.169485457404256
0.6700992658889848 0.8960639547304525
12.702409648019296 -1.168871507245257
0.6856412772860052 0.8960649971148665
12.720948347764294 -1.1687056484890064
0.70600879444322 0.8969485645172488
12.746440613105705 -1.167270781456444
0.7278410748787656 0.8980975698342424
12.76980581306645 -1.166534802195174
0.7490849689225525 0.8986024278059674
12.792875543579433 -1.165855679401663
0.7708507509673579 0.8997773887336034
12.815110016721231 -1.1653742959277453
0.7859626296596945 0.8997918308085462
12.833880600923559 -1.1651479684852413
0.807373747357846 0.9007176079401606
12.859376603651794 -1.1636815191956342
0.8288540879320816 0.9016850018168783
12.882706581836784 -1.16297824862121
0.8502488916627008 0.9022189816694468
12.905585958551873 -1.162322196790204
0.8722671372957925 0.9036047033805401
12.927869675975275 -1.1618242717046996
0.8876617058279513 0.9035589211671577
12.948342735101823 -1.161081941571643
0.9089406824582464 0.904767312832518
12.972367699394693 -1.1600507430582556
0.9300682200259728 0.9051735850188163
12.995223819093802 -1.1594026276304763
0.9521602187467327 0.9061433899354747
13.018104482908594 -1.1587913348268108
0.9736017170546161 0.9069700446085249
13.040419925864986 -1.158259419587543
0.9891772872418614 0.9072286760093383
13.061412205075154 -1.1573202382585783
1.0105271040913941 0.9080823021810914
13.085215611043688 -1.1563284930002717
1.0321967766010927 0.908636891426205
13.108081608377425 -1.1556413146161904
1.0542069624317807 0.9098711522530557
13.13051559003307 -1.155046502927538
1.0754779703931723 0.9106289782259721
13.152876945762719 -1.1544724384470535
1.0919314920999024 0.911239421762944
13.174217228796913 -1.153327962974395
1.112629842362419 0.9116459917705731
13.19760940686978 -1.1524989102836474
1.1344807174260598 0.9124278036165978
13.220429133444359 -1.1517929126613806
1.1556688549162772 0.913098285725344
13.243303902260166 -1.1510602025169303
1.1773352843353713 0.9140105991115826
13.265303440370156 -1.1504866030773278
1.193950069395183 0.9146388196160556
13.287024812113067 -1.1491445614418423
1.2146428061082406 0.9149610106035646
13.310451157121124 -1.148269168089176
1.2360159942377673 0.9156043030198617
13.332861373459094 -1.1475680080917243
1.2578663269652157 0.9167569447301673
13.355775324877214 -1.146755038079952
1.2798093598631202 0.918082077013388
13.377977761875297 -1.1461216652023987
1.2958360576501988 0.9182299112316282
13.399970390104457 -1.1449298046148335
1.316813949814129 0.9188608447630814
13.422979730762945 -1.1440870544173236
1.338588948995382 0.9197516156187608
13.445860793140831 -1.1432954219106168
1.360201045776913 0.9206114405774847
13.468264183391005 -1.142521852795304
1.382149582966195 0.9217543718614882
13.490659599309701 -1.141631437765652
1.3982514319420707 0.9219016157531864
13.513382485560802 -1.1404049868487942
1.4195406735384732 0.9226964340544701
13.536747008220845 -1.1394549768811164
1.4413029528606536 0.9235041612075409
13.558794974192626 -1.1387696131029403
1.4629058974564433 0.9246181789772703
13.580984404289321 -1.1381234882830245
1.4850696745169683 0.9258641295085464
13.604557320616397 -1.1371902991676943
1.502060528918672 0.9261881348272257
13.626330851933357 -1.136196878146867
1.5225786452614543 0.9269979988878346
13.649617171409828 -1.1352725445588636
1.544221029423571 0.9277802095885415
13.67161936447102 -1.134593119369505
1.5665223261300545 0.9290806959862232
13.694138102529092 -1.1339275035917742
1.5880532735001494 0.9302212485349644
13.718010392149136 -1.1328524520936685
1.6055504540021492 0.9304385058728151
13.739534067168755 -1.131952200451182
1.6261476267721542 0.9310756625727534
13.762334605835736 -1.1311295507608636
1.647953835904536 0.9320221645829799
13.784773355493414 -1.1303660387958698
1.6703963606969363 0.9334966398480231
13.806798278850323 -1.1300089758199754
1.6914645958181722 0.9341361559116551
13.831737959027018 -1.128643966166455
1.708918089048463 0.9346990478732253
13.852739906465986 -1.1278336277585725
1.7304461366724702 0.9358837606993479
13.875179047587045 -1.127084136153128
1.7518089766296516 0.9366099593618165
13.897399873655203 -1.126291861529976
1.774278784670442 0.9380737608800628
13.91966454618164 -1.125706278191017
1.7964016667427212 0.9392222614654041
13.944626558563145 -1.1244403230394764
1.8137303621762673 0.9394512219500899
13.965024783969689 -1.123720300114533
1.834446504171989 0.9401024709589832
13.987649087750293 -1.122794883962277
1.8566415673741332 0.9412785688517141
14.009787509174444 -1.122361117272919
1.8787918413774503 0.9423358833731781
14.032093248082992 -1.1217096673483065
1.9013004328368455 0.9438144368305337
14.056707420613408 -1.120452671573659
1.9181248222418774 0.9439440569268039
14.077720533904083 -1.119496765816922
1.9393074463457556 0.9448644934517277
14.100164416964637 -1.1185781147836664
1.9623831482764025 0.946163553023489
14.122246807069022 -1.118137703104997
1.9842555867959044 0.9472119370101362
14.144473377113512 -1.1174288123507041
2.0065674058978926 0.9483840910706646
14.169229256183913 -1.1160263083528574
2.024009744391907 0.9486462650683924
14.189686450329884 -1.1151109479752734
2.0455239823191795 0.9495266095599241
14.21216586099107 -1.1144719219036474
2.0677936723287806 0.950680400314436
14.234388385410158 -1.1137865050133011
2.0902539589359264 0.9519719905723036
14.256469811528268 -1.1132639779155757
2.1123116477533843 0.9529640714725387
14.282173824166652 -1.1115277525503757
2.130208427055522 0.9534546961010918
14.302331422544656 -1.1107144437055492
2.151155080237704 0.9540900070659165
14.324256272517086 -1.110154949990171
2.173976834153225 0.9553963663510173
14.346472674822872 -1.1094584949485151
2.195673231593002 0.956440928606062
14.370197756506622 -1.1083793144445746
2.217986700295344 0.9573500839919202
14.39521886754477 -1.1069329939056831
2.235728645584701 0.9575814717497944
14.414773240293998 -1.1064489486074776
2.2577745593432397 0.9588118704158923
14.437039239832988 -1.105930912192236
2.2795637854262525 0.9597248697559188
14.459143862007801 -1.1052494787086262
2.3019888127913375 0.9611274343414264
14.482944690707342 -1.1040489597768708
2.323740074222101 0.9617143591384234
14.507636580731567 -1.1026237915528174
2.3426360969651623 0.9624439253034953
14.527884904843793 -1.1020820109695046
2.3635773280464645 0.9634105947520901
14.549340929402469 -1.101577707112089
2.385672268325514 0.964593056603583
14.571323692287944 -1.1010474225583797
2.4076407507235653 0.965534336976089
14.59585099091611 -1.0996521275899473
2.430265629663949 0.9665488123865013
14.620210128409031 -1.0986334358240055
2.448311749927677 0.9668395436222673
14.639854921514308 -1.0981806753310548
2.4700327213568958 0.9680223228986155
14.6618375237981 -1.0975529080039774
2.4922574146365544 0.9695229346508338
14.68331626767853 -1.097077979308155
2.514240646142573 0.9706052541630812
14.708079591421562 -1.0955049902783074
2.5370049389988694 0.9717075997347631
14.732000613198696 -1.094536197224691
2.5549495350787117 0.9720070522459516
14.751527198216824 -1.094147188794764
2.5767636138771293 0.9732237571946541
14.773517500026252 -1.093446291812716
2.5994877808434875 0.9749669470921742
14.7954211652888 -1.0928931470167655
2.6218676066921613 0.975679358101732
14.820050947110403 -1.0915626775549276
2.643895874190402 0.9765354264807333
14.84405244789249 -1.0905537283710973
2.6634578684963004 0.977532462275901
14.863334340377616 -1.0900366144486984
2.684083923794134 0.9783130909706945
14.885051893506782 -1.0894996387990856
2.7069885645139578 0.9800545466293156
14.908034631438472 -1.088488053421381
2.7297196525797602 0.9809939778794872
14.932350898324687 -1.0872745925243927
2.752280409869753 0.9820128829718466
14.955705117617493 -1.086456646948742
2.7718263140172943 0.9828812632644881
14.974919977696596 -1.0859294714222067
2.793099328133357 0.9841550933185896
14.997205539559062 -1.0852799589613316
2.8158033530422424 0.9852695914060572
15.020601105976736 -1.0842485269675426
2.8378492451444046 0.9860331049951964
15.044229513645323 -1.0832100056886127
2.8606568515667288 0.9870857556013505
15.068030515349543 -1.0822029062693341
2.8803293693504477 0.9879448776752681
15.08714590122426 -1.0818441810306227
2.9010402599576977 0.9893989495438771
15.108801028788937 -1.081313520235425
2.9235787929220463 0.990180498600939
15.132578467880087 -1.0801182128869513
2.946079740643293 0.9910458536516802
15.156602955267424 -1.0790918167138819
2.9694808696584496 0.9924553338133211
15.179530919407918 -1.0782447297844797
2.9883405471587046 0.9929886815868421
15.198538840850432 -1.0778632377509043
3.0095235320835645 0.9944307136787315
15.220197780003895 -1.077564981840949
3.031823645917267 0.9951802481879967
15.24477392139858 -1.0761527446618182
3.0543707900279364 0.9960893463751034
15.268539115134994 -1.0750675619238421
3.0777233742157333 0.9975092079663216
15.29180840734017 -1.0742857201799099
3.097570156423222 0.9985949968399982
15.309742514568404 -1.07408683190363
3.118363120149326 0.9996799262118511
15.331909095653575 -1.0736854519938954
3.141272884005867 1.0007167624264477
15.356393400723547 -1.0721119398883956
3.1641234324758747 1.0017163340991717
15.379618155021868 -1.0712015909732382
3.1866427248364166 1.0029463142441384
15.403031748510099 -1.0703788718984013
3.2069871055368067 1.004495171215017
15.421813267169775 -1.0702917594790602
3.2276769228084854 1.0050607003352283
15.443957690760993 -1.0694833913547428
3.250134544735544 1.005877520243551
15.467180907437779 -1.0684530118854363
3.2734521040731726 1.0071212620437506
15.491106150180475 -1.0673234637787565
3.2965600446555228 1.008456471136822
15.514143711900607 -1.0665646527030828
3.3167164738670105 1.0099831190025559
15.532878132281924 -1.066509573149933
3.337397390598476 1.0105626492539634
15.555250104069891 -1.0654823241789544
3.3601108985951873 1.0114205777429728
15.578660006538078 -1.0643214925539985
3.383239555274252 1.0126092729611154
15.602018134881503 -1.0634628763256713
3.406560693559983 1.014615117025694
15.625023803144881 -1.0628897755957496
3.4266353312959916 1.0150419937355406
15.644540976708239 -1.0626970988896296
3.447128438066499 1.015595940480586
15.666647985030806 -1.0614818786493276
3.4710022330594215 1.016825443317673
15.690591489777344 -1.0602688785870662
3.4944007869912768 1.0180818965192744
15.713905882434972 -1.0594356064811803
3.517168817617708 1.0199305419523161
15.735973552524964 -1.0590516653274407
3.5379766265479615 1.020496934740826
15.755903046560094 -1.05873210365269
3.558294909754326 1.021014847028385
15.778409505210035 -1.0573139908911673
3.5813402468223567 1.0220355339483977
15.801330155378356 -1.0563865948005702
3.6048243712058414 1.0236541864458064
15.82460845996429 -1.05568826475694
3.627106190596922 1.0247594464425407
15.847373554647033 -1.0551452809921622
3.648139445261523 1.0252985403553925
15.867601669354404 -1.0543578248507355
3.6686738295947836 1.0259735212930774
15.889405863006512 -1.0533177622854921
3.691585342824047 1.0269544164473752
15.912423210359918 -1.0524625384591555
3.715789745258812 1.029299039879325
15.936073057240678 -1.0516790594189451
3.7381490700849027 1.029869502628369
15.957870619104797 -1.0513597841582452
3.758781016082062 1.0303219596998654
15.979302373037491 -1.0501212525137753
3.778687976903655 1.0307765249325123
16.00034189199604 -1.0492590380292652
3.8026822651657772 1.0321525403650587
16.02285412127862 -1.048684484072047
3.826214106178431 1.0342922278882358
16.046486038789403 -1.0478849885569426
3.8486300582562123 1.0348622541536634
16.068846554192664 -1.0474342196839952
3.8702768778047543 1.0356351203857213
