8.878597798928444 -0.3951115604113428
0.44324945752518125 -2.849890097742694
14.02732652102436 -4.264366208148367
0.8192888273519745 -2.301495421463198
11.575372521639283 -4.148978508938118
2.0254506833420867 -1.7587390432933692
11.146726018549456 -0.8659119611578037
5.031749412723055 -1.5229321086115377
14.084253160085368 -0.11961705809646145
16.973684743795722 0.3048732063960894
8.013665853385788 0.8703499819497515
16.211423637123062 -2.3517394557966513
2.1046576615047923 0.2874771199509306
12.221001906279719 -0.541027633707654
9.131245972247088 -0.3492218138915504
8.315211947531942 -1.358402902942603
2.8300526855784787 -3.037064581655864
18.622867934161576 -0.8475454083507004
15.150713524232138 -3.602808618236643
16.46731582836561 -1.1971881410444685
0.36610957738701266 2.017997269521212
13.681203585648193 -2.938696603228352
17.483153813472565 -1.1408035573567208
13.402501525248473 -0.3903016331567878
19.354266288701496 1.4501395676105924
8.194634437566776 -3.106848867711501
4.113867850933861 -0.2718228561485294
3.422524595622638 -1.1505003963295901
19.927747876710992 0.6005949305426903
15.782157040802472 -1.265806247382662
15.855374752941648 -1.0877724670030795
17.71517902122358 -3.4597752896319616
17.671364701710786 -1.2740750350724919
2.383529858082289 -0.963105873088658
12.56039042592604 -0.9448176499565117
4.301280035460806 -0.535231796972173
18.607528194094424 1.314068013981426
4.579990113428039 -2.936085019370409
11.277658880176434 1.3072520402333045
17.793381469865224 -1.3511484517428223
5.747411877170727 0.675642511987288
3.183565890938274 -1.0099565007713867
14.976055643692579 -1.22159998415666
19.317801906490814 -1.4747437345222474
19.30791203392224 -1.0859934263320015
1.195240108571471 -1.6547688791307136
0.2622874571891215 -2.6608691967020563
15.855707764017508 -1.2384501221662303
1.711763484373675 -0.9208278296093197
17.702847612772306 -1.547915866262366
1.8244338564814053 -1.4282841508944153
16.92743849551156 -1.4232690825197674
4.6910350704672386 -0.5344635147067024
15.908655678983044 -0.8918452601415807
14.086385717761196 -0.8195493720835478
10.330018990455894 -1.067148636892544
10.517149308463534 2.425334585516623
1.0748544442763057 -1.4480841104378623
19.252788817031927 -1.1221164743128063
2.177240300577216 -4.255559615475602
13.48804662003705 -0.6079582011846191
5.598033425932306 -4.90291528503237
1.830005824386055 -1.3864472957953895
3.663556588517431 -0.641583954486386
18.75328656834029 -0.4759205732027674
13.713762811291241 -1.9123979586910185
6.272625482007872 -0.5461679437677497
19.929579547357225 0.25134114232919313
17.37643018799987 0.42036188392298324
4.460632394970331 -2.2630644842637127
14.881793899824071 -1.5781763416254326
3.173187591638195 -3.2177149302692643
11.454268738628882 -0.22428501934119033
19.26061541240038 -1.4163162052295788
1.1526027056574946 -2.0570459547573225
6.42135684823283 -0.9021893772650623
1.9341656424637406 0.17981930185167794
5.726866817171089 -0.42434485402680877
17.64850667484938 -0.8487986174520801
4.597531413648694 -0.6562953359844629
10.206796747067344 0.4408807187994701
0.554196804499127 -2.2434179858985437
10.273299708112752 1.7428692580663743
7.0456697315707215 -0.9195626671181318
2.8016145708151527 -0.6953127232479114
6.653084981459598 -0.49633592810022426
16.390829593984407 -0.9077490387324805
11.58576140740758 -4.562764746942044
3.117335866579933 -0.013816877659771756
19.96932829534616 -3.539929361763065
10.06780651763614 -0.350996849791381
7.371518088334827 -0.9078599235722151
9.931006014952537 1.1252248574258443
5.087337087913483 0.04667950891787456
11.326185065486468 -0.9109243867790773
11.459957750179457 -1.3836616048805976
9.89816693159463 1.4792152139675627
18.6604849294235 -3.7043579240826623
2.2444446007679137 0.6361279817421278
10.083670782211547 -2.1615383182157974
10.916884069877336 0.7024756082892395
8.810334089525645 -0.2948174870672245
1.0425726800530974 -1.2709597076539532
13.73500112848223 -0.8758696945788902
16.470180215206877 -0.8675856586984223
4.190386166468931 1.7353521635802414
10.462812064186675 -0.4394544351392283
1.1854084592864647 -1.4920376907459294
6.588593483941235 -4.739005738020408
1.6542989602864497 -1.958422887327199
15.012167903083979 -0.797266457935298
8.363676181852854 -1.9960152296740725
4.174352479561355 -0.2300372419708793
19.405240482299575 0.9238268067175613
11.059914775138399 0.3168206868473003
10.829828829553188 -1.7262450094351152
9.51803679958893 -0.9194826379738192
1.9370053834028633 -0.4245747036313269
17.21803057042473 -1.013825216127851
18.67479621323109 -1.2258443157331353
8.505702314601145 -0.954306865250856
8.22533510312803 -0.28425425396578086
12.98794492061479 -0.8503330229944888
11.783868167517458 -3.6534995448937204
10.933940729696962 -0.6833068284830089
12.603412235503937 -0.7106769564168354
2.145246901872845 -1.1755140653163112
18.200923409391503 -1.1764121632169955
11.744839866964725 -2.6770098153333617
9.637530055590762 -0.9696249619823037
8.910650912062236 -1.211171413501728
10.280925538542022 -0.8901954674632537
12.129543288886937 -1.0897135386198082
2.7397586307366364 -1.057482064401063
14.619054123536081 -1.280198267554074
11.084563182155287 -0.9770974668076754
0.32745115063203295 0.014652280410109852
9.00898866933578 -0.19645925223554978
3.0663201948217855 -1.96346318253199
11.744037433845238 -1.080115346341446
18.800059697131445 -1.2787337160114656
7.969629047737998 -0.9033704557297382
11.737912603210798 -3.602143897117915
3.730454996590883 -2.263179890015379
10.529615669542865 -3.3703832335839925
2.1137419508815736 -0.6161030558682233
17.777853072193114 -1.2714652313590713
13.11977200861763 -0.8873746588365428
13.099556258781586 -3.647950976483539
16.963111591531813 -2.012988374959312
2.5799524994727303 -0.30207179686483826
19.333319110165128 -3.330137527493822
12.729833308957947 2.177125655981828
5.254242208237689 -1.063041317176598
8.32656154257318 -0.7631813784637802
2.9585841269380406 1.1669900993551647
7.705132975743548 -0.42817238583752104
3.7044016492055443 -0.8105576396560668
2.6333224449290187 -3.1646775169442276
8.40249957527455 -1.0831157295983591
2.8150075519989675 -0.12744487380097264
15.557519816954354 -4.110752916873802
8.762796764075496 -2.375963060400843
8.027860935383428 -0.46996402009639787
19.33907811971283 -1.364762986551889
16.271742109185894 -1.1522774438446346
19.971075474163662 -3.2811074969211864
1.0028247556948058 -2.1509974870705926
16.418687173850568 0.32744502651032703
14.153706770696838 -1.4309249072000436
8.01535779083576 -0.4927812527872088
0.5428373903301177 -1.3948193004536151
16.539684739830758 -4.546720216407965
17.476284231526193 -0.8784406446957076
2.917287032327269 -0.9165058017747216
10.879062523355271 -1.7381274322300773
10.351496096817712 -1.7322540706995047
10.569608728586532 -0.4772422478078797
14.731296849084348 -0.1019918892957603
1.1170701320137923 -1.2244544963205326
12.733350366435108 0.17032046121433048
4.512962328272742 -2.512823028997695
5.928217786639678 0.2478965480622646
10.925029276952296 -3.4246089061390688
1.8171992646167614 -1.3536990338571757
0.5860380685136677 -1.579934941289419
5.11978233284681 -0.5726096443620748
7.024739222268003 -0.9006173313100677
11.992153255771356 -1.0452980337987208
8.145624395192218 -3.8060217214610605
15.24265278924724 -1.1058382386780994
14.117900936909797 -1.331801948535196
4.568197785257907 1.2354005383469477
10.567532267472718 -1.370336370913888
6.566184102789707 2.4666988704928663
18.59114951511006 -1.2914155148947652
12.126447992591592 -1.091428402740206
17.477655043345013 -1.2861189152581316
14.96762182718761 -1.0199203394011966
3.2371197536545178 -1.0701873397859027
7.677523429936314 1.0042713811530108
16.682492490185492 0.2681467676399772
5.418501523740862 -1.5108341557345242
18.95431706552325 -0.9775594826864552
19.650045914677666 -1.1997184311172242
14.745593319306908 -0.8873625036624437
19.604237880672137 -0.25842195031593335
13.918878430186925 -2.6178593434377104
10.905429780389577 -3.5024205758597953
19.163947412867646 -1.6730256755243555
12.782658985015694 -0.839587712484711
14.793312868356711 -0.7450626263355574
14.32959525458176 -0.19232157882744927
2.8119554972701937 -1.0683824879969601
19.67318426991063 -1.361908888341847
16.748047720148637 -0.7873646461587643
3.106129551865358 -1.1962322304962882
17.362226306832905 -2.441284934864423
19.450360288412657 -1.3026836939638058
2.80472394033369 2.0087361256729506
11.97751679541682 -0.918491701203447
10.658091181955083 -0.40365306654027366
2.950083493306821 -0.9114413424588389
18.02625716757417 -1.2406657536549577
13.42466593919793 -0.8795968876690814
2.956100049859944 -1.0915851803042285
0.28613735483330827 -1.6458755828130072
17.580240631640827 -1.5718219493369685
12.592716750478251 -0.4967551012911377
18.33776227206562 -1.3804714023801594
3.4777307346293878 -0.8743815520791052
2.9627536144319535 -0.7959842512876439
0.032045364093267636 0.38654198139378854
17.90136242527998 -1.3605593586200506
6.448108304391351 -4.156104795081476
2.187403552050055 -0.2898912401506229
17.41917888636751 -1.532475858589906
2.2643030513246267 -1.167708233275106
17.102640667839175 -4.182488057295214
12.033465802741915 -1.0132464110962298
0.6627248708914533 -1.398805567227697
18.83411703972382 -1.3178241353527063
14.019205157249116 1.2263655141057896
3.6007258707908316 -1.0822623755478127
6.852181174474184 -0.7999087730428712
7.88828365673884 -0.7980147498062395
8.067296229244143 -0.9440415419137591
2.5633199833122773 -1.4158058343717586
6.531305538090862 -0.8073034646641113
0.3881357117494111 -1.333656616096521
6.297300263223056 -0.6666807323755201
14.130276708754911 -0.8535379816468552
7.799652400649944 -0.8261314732283842
3.1560791345100885 -1.1636392449147912
7.832695995909879 -0.8423507555601675
6.430666507232014 -0.5147013902757469
18.460607526582343 -1.8319712094079572
9.900136955568126 -0.6889475086024247
7.3722646745819915 -3.932852458640065
4.320460420009993 -0.056276002864099214
12.032630697816058 -0.15037466783071632
14.058672599938882 -4.830523178771
11.39809478458168 -0.7432637749751299
11.611141822474819 -0.4103815774089088
14.343917790314647 -0.8405711474829061
6.538771765194329 0.47769729311700965
4.188745557212064 -0.5956486814554954
18.64812495348269 3.260754905237901
1.7862914404258858 -1.5233441067555735
1.293878692991646 -0.4285513779911214
14.271321082005572 -0.627180601057835
0.7275813155293765 -0.39472330416745294
19.36014454199349 -2.24161176653597
18.61026831043901 -1.5483334588946567
8.232077486395951 -0.9450503177655414
9.342869260211401 -2.118654721768683
2.038319173771823 -0.2815814100016304
6.734804210339409 -0.5470590004631282
14.695016158847066 -0.9347509325481057
3.4686670900834735 0.7061948925820304
7.920515898089065 1.1206644175134515
0.909233204501103 3.0869558123595486
14.907948349068889 0.29113702199202585
11.900367185582759 -0.8005067616811923
11.285032834730849 -0.7084907573277534
0.48440995583115865 -1.3719064118247943
18.936540146568884 -1.2581931298158784
4.22244249456262 -0.1796517902316898
18.189740337695326 -2.487189730461958
9.758172609528472 -0.7716558308140583
12.921564200789474 -2.082515735095026
19.890265316936464 -1.2730081598286658
3.4240965092744644 -2.2655202473792464
7.760255924594431 -3.5494251161895494
16.346356824360004 -3.6535333791570874
15.163880650254848 0.20204049797638537
7.459313289575851 -0.9848720681414097
11.528854327228197 -4.930804316655938
11.626138135603034 -4.297780111412074
9.361098306199018 -1.4424596155820057
12.516713032583809 -3.4152499125456064
3.3657975626850702 -0.1581766474048786
3.4083732244230087 -4.192752207570144
4.531066684207702 -0.46447248408415276
13.925386479120325 -2.7130624659375093
1.0243127065927506 -2.6881307087271766
0.25042780375250673 -5.068344433622557
12.580796277914844 -0.7413829788792075
4.479885839800593 -0.882369906789935
14.04557603354097 -3.41791582201666
10.99548776696188 -1.5242170291544008
11.926986935433135 -2.525122894309466
9.893719985012375 -1.0090716880168737
16.388174738498734 -0.7824032322795813
6.028822967548907 -3.129017402565883
19.716802237088153 -1.5042489124930398
2.1890163555199433 -3.0922191305753075
1.295622333967623 -1.210695448313424
17.07918367315173 -2.6203707125717597
16.211884860786775 -0.39783305493506926
0.2601121418084593 -2.499753829333527
3.9802688023482267 -0.3482616623500533
13.273389445457694 -1.1763460876352536
5.377839444352589 -0.8791496149325755
10.627962184333363 -1.5233027076953847
19.87696095113947 -1.3168746924210815
3.130144810519929 -6.537820891438985
6.418640338204554 -3.501128687171338
2.9294689279443356 -1.0495966638863843
10.990813945664074 -0.1504810231035393
7.491831151233971 -4.14899098904756
15.930717646745945 -1.1255287564106111
6.614637672656052 -2.247768421111565
15.55558429705111 -1.3253515143872088
6.479373190389307 -4.2980803989861975
17.08025048906303 -1.0859235434609467
5.402774978810529 -0.5697608922657589
3.9022558045643945 -2.15791362099976
3.838544081069865 -4.274182271361931
0.1960594064310715 -0.49887297655841745
1.2481323436059817 -4.1600779655725
6.256621635891801 0.4506707163413344
5.688091154208853 -6.584792589124776
9.965642991926963 -0.23681849580634853
19.013274495484914 -3.037090914309237
9.753670698195632 -0.170060480845927
9.621044834472785 -2.887638447336714
8.224124019634578 0.08173129959124367
4.145397380558605 -1.5861852484091787
13.685617424984384 0.05176319419416059
6.775071523083263 -4.740522981515434
8.787409849978594 2.3868782023698447
17.294262234518406 -1.6323829596033026
1.0655888581798842 2.4430350226726576
17.501537037857076 -4.691927811751664
7.61502287314247 1.1442281498918425
1.3258850794435006 -1.3789267135384142
2.1860245563266334 2.231987456118086
13.474039595347348 -3.2336627827742586
13.611818226162063 -0.9615174360412934
3.8192494691590118 -0.9659003990449783
6.266209149335002 -0.5909978454675421
16.607622324818767 -2.025472770956834
1.963956460355908 -1.2022096139610752
6.0012119805225375 -1.4817607623693578
19.119155491552547 1.354603015035498
15.046599685435742 0.8403362953141554
19.243361149468036 0.5752636718282311
3.625634596887114 0.9718505710678047
17.12385575645818 2.700217261136169
14.370516063609218 -1.149236681188853
4.92859260717388 0.8978911160630285
13.812373738001307 -1.5505670382316346
16.419660398743307 -2.1570066032635107
19.74109128236627 -3.6588095633516784
4.041206398303086 -3.8600258536297654
6.768886854702437 -2.279133592337481
11.904435577221928 -1.0602263367435418
1.6347849301134498 -0.9967149271195532
17.590812466355462 -0.7784960219808357
4.8979400016227235 -2.658429400203927
5.437140294130635 -0.17194904244416392
0.6143126908147836 -5.122079946028465
1.676213889803242 -1.4282135229625543
16.695018583374008 -4.283167306607402
2.2483089697491274 -1.2780367239193242
5.1091098562878825 -1.9018386152580375
12.531716916496265 -2.296450488458191
13.90513530627949 -3.115435633244382
15.53342842978947 -3.215757470589374
5.369818327398122 -2.519518446973413
7.244655338948314 -2.869717528588482
3.7736769342672454 -2.2866520285173637
8.689265482409109 -2.2716507597052646
5.117513351993155 -1.222248728679913
2.6989874339653364 -1.149330641356316
14.180186658941578 -0.9392907932413489
9.751159438906386 -0.6029902864252852
18.320732893383127 -1.5510843103373217
15.902830429539792 -1.4175517032161908
7.764771731771912 -0.2694084429265857
4.730914806557606 -1.7358721391164553
6.108139015634893 -0.902274961637348
3.4117371531206633 -0.5605691903800363
1.2332651038982267 -1.2784865374405696
6.459720850157086 -1.7522909894776089
12.254970724492523 -4.4516782255658125
2.5627542861737145 -0.9651807351711323
9.116679044986578 -3.7711480139244977
1.0003642439711287 -1.0391847895885808
1.6150851315533745 -1.305828380110271
1.5900218491784082 1.7883052679406604
1.6603610809710458 -1.8544732583959842
12.37813456617656 -2.553192192818294
16.880482628180385 -1.3478422302350823
8.010617824641898 -0.3685844848984662
6.5535625045237635 -0.6529041161276328
15.871128049731812 -1.5911413247320028
13.245522732001364 -1.0065331412108987
10.988357789350129 -1.9165023368366703
4.805742926145426 -2.0426335521547765
3.691143207913946 -0.5127801826922788
9.627037072651508 -0.5996863586197129
4.691188861497535 -1.371494199232597
19.175614866202988 -1.2018347161376675
13.17970678229594 -0.6948067078663
9.227725584304997 -0.5175399522107536
2.5057881937615343 -1.040864057822397
1.3813409104088354 -4.502861450875308
4.714061706467809 -1.1791836006302052
9.652195082689367 -2.810323012613305
12.951979698889467 0.0062590507208041685
11.925065728935758 -0.759272039929684
1.4613263569991066 -2.5986054575961544
17.262814333227293 -4.513281068275527
12.503935642326962 -0.8292798743311142
5.5528025372890735 -0.7872864865696482
2.730557117772737 0.06380790989578305
2.7452313893978246 -1.2029698063152658
15.728708251908214 -1.1226102932697144
9.622935160392283 -2.111229603656605
0.5494979520157349 -1.548332909605719
12.269434178611053 2.1976288023521415
2.3789388068042756 0.6772786849806012
1.4450539897015129 -1.167644038877822
10.26579048777091 -0.5632236275762083
3.2445639318598514 -1.132138429488733
8.734257304852836 2.564371133119496
13.25469934715571 1.3485440465200274
19.821452249464503 -1.4304522474385482
15.880945054475204 -1.89337701064943
3.872798253553827 2.1173391750320434
15.84823794955966 -1.6628196298651468
10.92584482712305 -0.6956524724928798
4.621242459495633 -0.38188011496021523
7.631782877773454 -0.4851497740127221
4.439342060494226 -0.6134010026211586
10.81366790364293 1.0182808669040022
6.991491494282728 -4.374023410233516
9.989470394958724 2.167934118590335
4.335197463340092 -2.5977463650032386
1.4276973755442834 -0.27064929572927954
3.9059326909045287 -0.8563686236438881
15.296100155831649 0.39168665976149875
13.135827883368329 -0.28419921794197395
12.583074809671574 0.24503880708006293
8.807236907346786 -0.6429682958944236
8.518952464505384 -1.1387511454361683
14.7458995105281 -1.7625042017897727
0.009234316931641853 0.05704749767809338
7.409743078252624 -2.0393831220494247
17.793397608839147 -0.33970627159864036
1.2783849884845884 -2.1089858068039216
4.413899461809206 -0.6359531595343909
5.370122606117264 -1.1942352254073276
6.736595869144937 -0.7246119430653426
9.093283058033235 -0.8433245710995526
11.664492541593459 -0.8816783335263519
10.862193328092523 -5.0323061960360045
12.364340053723193 -1.1035523272209196
3.3986741891691175 -0.8146613477485007
0.9319009484475897 -0.7640132681055403
3.2277330576073657 -3.3169140863128685
10.617865360482144 -0.5970005048027549
7.290211587326952 -0.4699930572955455
2.744856109257922 -1.1252602493548018
12.255436336141841 -0.7811022905447043
1.5748830324677972 -3.2636030106023703
14.768533809883904 -3.411173190855027
10.737103163507202 0.8220156434827354
16.742974030648707 -1.0884145337179099
19.133183765994644 -0.6126454024783249
12.500983518470436 -0.05907887754841803
17.68186576923499 -0.9681424788088994
9.488137305478864 -0.7667598098772933
10.101309101488921 0.03593434098895489
0.42616815704463995 -3.323542459683897
11.839449006602097 0.2163056233814425
18.595975921909773 -3.246007661530352
14.558153639367706 2.032951331134975
3.6292883225184713 -0.7498274428531698
1.2953625130783677 1.5387171074725372
16.276928511884165 -0.9815708750322165
11.037471353491119 0.17822702871580828
6.6335998981853255 -0.6966517593615463
1.3165976339456946 0.4895575828125726
12.037168739381176 -2.777487891590472
17.99961392584903 -0.40864759715748145
2.866953766307389 -1.4126972954434969
1.212171258526249 -1.111393111891867
2.2024166483339447 -0.8943259229137861
3.5868190030700173 -0.9643060958565558
10.6978372823736 -1.9750948320529833
18.39315127638663 0.5649746236570377
15.79484744816923 -1.3235807753707127
9.946378810505337 -0.6693400813518221
7.0461189420305095 -2.9847841557697636
12.489190423796742 -0.39911896855247625
19.467811976221725 -0.8236475421637064
18.577027788625877 -1.6614325653152908
0.09513603687429695 -1.3156933873159231
2.7769191938906874 -1.0720644115819924
15.356942145108661 -1.2985354612000313
6.005326870462771 0.06867882684866722
19.23633526928003 -1.791647394846763
0.13532473257816546 -1.3900160899050493
18.987941048620442 -1.1917549128889002
10.751397242001778 1.0510223783710138
7.77488976476465 -0.6911181397869877
0.5620322658202378 -0.8868501407220306
14.613740634238505 0.6813246892781022
10.197989434465564 0.08131341174731903
1.021949164900824 -0.928096427059506
19.976357561669236 -1.2969352806159775
18.060709486552646 -0.4405059963650698
16.93539627606649 -1.244480227776189
8.95514753599253 -0.7344772593020517
1.6402398389258213 -1.022646692016005
6.237305647755205 -0.6247342813802698
6.928192434037044 -0.9113928955051273
9.632062384940182 -0.8515368570646324
17.714597560454887 -1.1163467644779006
18.198598366756983 -1.2725832310709162
18.743591998698168 -1.4295510854340088
1.7121694759753467 -1.1674977699268483
4.491104384933814 -2.2951206968527225
10.33353088816982 -0.5485791519745211
10.139544096930752 -0.6119350922064917
16.917083186527247 -2.612337272303119
15.234235731075394 -1.3912048189081367
11.117726259755377 -1.0875075720623204
7.902941664300143 -2.5316226970605156
6.931362560780694 -1.788625079108147
14.652976085096057 1.7750653131821141
10.42113026697332 -1.548734536132113
13.42387577623212 -0.6090521673027092
7.937786969632608 -0.7346301855807391
8.846169024167052 0.4821906931442124
1.3052396317673196 -1.0020147539659072
15.309626176068978 -1.022811220198347
7.662304839931024 0.18021804906345826
14.302155466065066 -0.14558488664652675
13.732172855707262 -1.0083124950124007
10.796179386585669 -0.7874620881963015
11.351449988760946 -0.9161881566624153
14.474777244824772 -3.223418239475194
15.582416474094451 -0.5839589650680158
1.1584817792452622 -2.5934823051647653
17.291627001426072 -0.8811134816409459
1.0744275727045576 -5.3083006733077065
6.791858159757907 -1.2098032681776947
19.637113491691846 -1.4851587180597807
9.726540694994817 -0.35815113958276773
14.24973560594206 -1.0721343450560783
2.820637128859194 -0.8373496226082334
0.5924363034558844 1.0403722366644694
13.248866254731622 -2.862093959400382
19.262808382677388 -1.3483867394994429
18.509791387533316 -1.517364540481891
4.123716032212859 0.3890240871415961
9.50074642718018 -0.5863908191285804
15.593069796160323 -2.3079177304170995
12.102947559453012 -0.8771930368294085
5.330402451676436 -0.5590565041977431
17.846085244312796 -4.270464859699591
11.366554281538995 0.08488109176686032
5.72830668376067 -0.5065581254662808
7.2465312400945106 -4.233221328105502
18.99826389360086 -0.6164799326795687
10.405474841704265 -0.24703003947197066
11.213681553138338 -0.7721701528338525
1.3394856496298848 -1.3232943813031857
15.937258728786478 -0.8062026141778693
12.112020178536108 -0.6700860769530064
16.36832184512479 -1.2116777006266986
9.039213744644883 -0.8703036418911334
19.269656688491807 -1.2141669361911682
10.299498442544825 -0.41329523646581273
8.887730610723427 -0.5138625795913185
13.114695163352161 0.5001250039268299
18.222638140365042 1.171404315348319
9.271584086353668 -0.7882910849614247
3.3689584116687885 -0.7704052912060293
13.519596517064516 -1.706800922992096
15.77637732955945 -1.2365009190073954
5.090374905467066 0.26214447774110033
3.8777507448266886 -0.7737695660313912
10.565133610567175 -2.175208637553502
15.540291907713584 -0.5861385560986636
15.200865727996247 1.435609893233628
19.45386295824901 -0.8152237979291637
12.208364002228018 -0.6068011540889982
3.595677784518264 -0.2542592535349366
14.057166617986969 -0.8272374832137614
15.820315540645412 -1.3170333524787985
5.3647654072593385 -1.9752344631044663
12.051371908760016 -0.37808547538941895
16.604261053088443 -2.0831833635246015
2.0304191847043276 -0.17699065190236887
9.566112124571688 -1.447304273220257
4.179820587236394 0.956293867508092
6.119807622663957 -3.928509429465261
9.027296935139258 -0.3328531619034965
5.576677033560317 -0.5162309369699132
2.2981619917430645 -1.0196352970012754
3.8806404530840894 -0.8486891571863124
2.458807536022562 -0.918755379344698
5.729778738469932 0.8050464559329243
16.570006093661895 -0.5083557775940762
14.004023221904077 -0.8575943676686278
11.474811294970262 1.19746646840673
9.28802081372266 -1.183683523838725
17.39927143742063 0.7102309014002817
18.481138588562946 -1.5564935308043384
16.998013304892666 -1.3416982251456497
15.325032700685219 -0.5527684785689383
1.6590643220510164 -0.7187841953695531
9.685605450419988 -3.922628204002256
4.333324774003502 -0.0200004133791572
6.29517421233268 -0.5609809659657943
15.156543189060555 -0.5606822138256727
0.8343721191060371 -2.2811193874308904
13.682825773037369 -0.0017135600788402983
10.976584396836598 -0.8068122058545537
2.1461088665065637 -0.11632844815047257
15.74452967084952 -1.2026079137212067
14.921470908414909 -1.0306485518905688
4.315778841838983 -0.46484926041212693
1.4214830146052688 -0.8191492514302446
16.458864141328174 -3.5054764378711583
1.0052197961123095 1.3696274640710948
12.557063473404963 -0.7027627264317073
14.297797148664888 1.2386827244450604
11.425660958498822 -1.1288612146742334
5.992885115570227 0.550220531379784
12.308932002554348 -0.9895071564961498
17.096967913080192 0.6474278072611617
11.907175944257824 -0.5750474250403468
1.8595902203924344 -0.7447103164993977
19.234317543734182 -1.3753546393941223
0.7684910765591466 -1.0067629235637696
18.705476779448166 -1.0289527237835208
14.076652410750023 -0.8951973760054053
15.797154341259388 -1.9600629348437861
12.494880922829758 1.9545673106319732
15.482825994474059 -0.9868941503257125
11.049455197030072 0.9228423740642766
4.46212035213724 -0.6492796135637354
18.88397719021173 0.5338259293001318
1.6891425094166057 -0.8121093776222479
0.46886559080078993 -1.4861788386649692
12.775411416975517 -3.020163185604653
15.283378761560758 1.055168558544065
18.550592843349644 -3.190493965320722
11.425569790594011 1.321661715074699
8.860197051690141 -0.8648477719066644
19.312881311872204 0.7752360716243514
10.814046577421946 -0.9768113024124364
13.024394248570083 1.1128152837012057
1.1236900344493814 -1.634537693825177
10.295848572105687 1.5058487030016963
7.568610396627194 -3.1238218455507343
2.974909827175251 0.09638314500979053
8.512769876631827 -0.9646214411728192
7.404684034983269 -0.4138837771119963
12.530615939039729 -0.8955681256173591
15.319047121909415 0.01675145256121325
15.871448672176584 -1.7233054141244113
14.161831325457207 0.9087055659924946
13.290954667726874 -1.688377451045684
14.28626443247541 1.5674797178531827
9.93502173292446 -4.859888873117747
5.359127903681718 -0.39497978101507825
4.309513886689148 -3.891978283236174
18.121204547763234 -1.3170878638548036
2.0908136551319245 -0.9058903153201135
14.66465982727216 -0.564495361783589
1.0620361050378058 -1.2685520288777212
15.447350664897103 -0.3611421443396925
4.291012864830828 -1.0427540794203842
4.782353373072718 0.020243064485184953
9.78013346574422 -5.109029174437554
17.295348476154746 -0.24145071553895858
10.186718673369006 -4.147569542169683
18.92772945694103 0.6911706706538749
0.3054817975333364 0.24008436663687488
6.473702618323869 -0.13185077629024733
3.974747671161167 -0.5325885408136317
12.956179405003628 -0.7922583276173532
0.21288999338838926 -0.7696547138557612
12.259464633609898 -0.07717600817721346
19.33106035761032 0.6115695683444654
5.131270030436276 1.1005806749848808
10.97686298846774 -0.861956568682908
13.891558657021356 -0.34411834826248733
6.156780338718231 1.4084550278387404
2.3799206206164416 -0.8081071360036026
18.962847633106026 -1.124240433890036
3.3449029401173918 -0.9034453852449438
11.528988587664795 1.5610985647684634
12.18543899272263 -0.5370428138795742
7.69556567100682 2.0462529449460662
8.334659358848922 0.22288052396169378
17.74635310239132 -0.6438222954171758
17.22206259340751 -1.620811746306385
5.811227730413914 0.7052580225427318
14.66316558953575 -1.2325971109820937
15.038230537978693 -1.8000296639555222
13.124952769729298 0.3658903303972573
11.462348607290776 0.5918411175779802
10.491452927631558 0.0018766502546017708
4.532491681478362 -0.4541921670390714
15.440124659571536 -0.6718616796012161
17.66977801016202 -1.21149393528513
4.02247108344038 0.8001094247112129
17.996289631114166 1.2205201240071353
4.154474902646682 0.7239216799078295
9.639489710441282 0.0425212195715275
8.079678087726597 -0.6393222366820663
5.392669366746131 0.11456882494903363
16.637983603822057 -0.9161144184854855
17.998011190412914 0.651175495747344
4.282103247418502 -0.583533048479023
10.973690399267943 0.41430449158505744
9.259718941035521 -0.6083475427967588
11.843061234334956 0.3867919446164817
12.378300688637246 0.35739401360192613
12.676818076918696 -0.5815579647145463
16.82364200212907 -1.1133989250047809
3.3620469578718493 0.3414154387610502
6.827934204376063 -0.9392472534094857
17.5683497355093 0.6565864843808886
10.436902598118518 -0.7102679524025923
6.684028403152621 -0.38568764918667187
15.611764034257314 -1.5015165097471586
19.898758257540575 -1.1667126809598072
16.021534892435387 -1.1696340438484794
18.91452492267726 3.243792291852166
5.144749779276827 -0.06440558053684402
8.01559726915932 0.8274718769295766
17.665093808708082 -0.9351508553313934
17.890042274871643 -1.2931911669831253
2.7906384325865083 -0.8108203394757937
16.0636802186518 -0.7007513005267639
14.9927367110238 -0.2619805932643616
2.6964007107743884 -1.1287236007810906
14.224363640363356 -0.8731979612570563
19.61559556589675 -0.7177898895774465
11.041480879033099 2.8948735773016727
18.139868999949726 -1.1282094069004724
2.724069916575187 0.11597133942553821
18.51329927447475 -0.40517368619492894
15.933004186011761 -0.2406989280593544
8.259991428569064 -1.2209831145946664
14.277662495635182 2.7548438866915337
10.711384614916255 -0.4483938451951039
4.105997959969 -0.03242617731404126
17.68041748910617 -2.313410841380527
17.183706719680803 -0.6547148603982442
6.908218929622991 -0.36853132183520965
11.358370028312347 0.19422934922966043
6.43376223282761 -1.505876764151403
3.8341033524389876 0.5541219293867337
5.271477261163844 -0.49015873357917694
1.048381891373307 -1.5776998172958752
19.51565040544688 -1.1563064433569628
10.152733455065505 -0.8882999915422299
11.629257152408574 -1.002914530176583
1.656835613719981 -1.2675023447880347
5.152738872047351 -0.27707503733585326
13.16272550929789 -0.5810632713435524
18.493071378409176 -1.394217179759456
8.023081907471424 1.1102187856628456
15.46929844808979 0.5651699141085619
4.744759280022494 -0.0395959020801867
15.028527516067815 -1.318355177224981
4.32590877816959 -0.9864188119943099
11.563461434147595 -0.7363424450525738
6.903625484182089 0.7286551313112098
1.9878706932999082 -0.7580719233691205
11.799944610927616 -1.033176054207352
2.5590124834582366 -1.0303369064784915
17.702139503043178 -0.05881322682346833
18.14646662341309 -0.043136574231925726
11.15959083499097 -0.6697047833193079
10.440287600447194 -0.609212927341051
8.3123331138611 -0.4886749815583925
7.9934152877278795 -0.7328065591815391
9.193625898969659 0.48126810000678494
12.744803021054633 -0.5343900799485315
6.442187446748205 0.7256780312031857
7.977704620802 -0.7342952948949024
16.58234337023485 0.8564720010577974
8.39061637451657 -0.9947721514089869
9.948313785938003 1.7370206946364872
0.12173438176426843 -1.3475553591747744
16.454206061288474 0.521933434913675
4.497814228216877 0.19828253172940188
18.875893490747533 -1.2965959103805207
16.265649451215733 2.6743688137339308
4.482453734245146 -1.2402059994584664
11.756347005055245 -0.6630426143414208
8.65485387634779 -0.2270397483501648
19.243282204973315 1.2800946401740603
10.324332272194141 -1.5575196552273274
18.21009061184516 -0.145801139261773
11.4721868238767 0.6367888841734307
3.4648324325772797 -0.35857992219207463
1.524080274937884 1.8072040779899925
13.441636727344033 -0.10414651104138772
6.5767262908882405 -0.45046127062528574
8.121249247247931 1.0778356982039057
15.631124183334084 -0.5403801120210067
6.90674632883609 -0.13009425657141044
10.251885967176765 1.195495330578273
6.5565624520061645 0.15208409156123112
0.39052429281132334 -0.027384473239430662
8.176309329639722 -0.01768213052155184
8.278721878910016 -0.6529682160608477
14.545123182268702 -0.25317621037298543
14.86050384867157 -2.405618580970895
6.226241963518425 2.3942683021069264
1.6174371110392252 2.221640332406594
8.702476467051525 -0.5546031167748483
17.799117314088328 -1.1398914233380522
16.94003926675715 -1.1482476227596854
3.439308302211838 -0.04148331313072513
17.872911566751963 -1.1725550887950948
9.798660626383393 -0.538447870718875
3.6297896643981704 -1.5924901056993972
2.156399137618682 -0.29283737028390366
6.608336799807881 -4.463240731354564
15.98905183439206 0.3594270586071254
0.8811600015086641 1.8266222451069325
11.594565188956963 -0.7815496300434565
9.26979792081982 1.870633259870994
6.130400674373015 -0.48480777083206683
12.910708614061255 -0.7557791823642547
9.629271688149647 -3.6095747753673413
15.420933297386966 -1.1205608620077996
4.188100412969734 0.5765238392261707
10.496106272357158 -0.2591637499740122
3.498300213817819 2.648231821121495
0.3658248653512978 0.3104508911412712
18.55243637212196 -0.9958934187141462
10.349433992802 0.8804979095171775
12.735509231500872 -2.048611435283887
2.8601194842723374 -0.9132697280114799
8.505498373276218 0.02510048847795382
1.7303623546700007 -1.0373989933946048
16.336581230729347 0.23453002371062157
17.226659362886338 -0.7447507510390158
14.511350806196255 -0.8145562582786858
13.042637193160523 -0.8134998758168923
2.7385507735116095 -0.22152195539742914
13.303892034180954 3.3316916348711207
15.704382486054785 -0.7091203007579742
8.525257168563197 -1.1283857514196713
16.609665755313387 -1.029079922111577
2.676968435708855 -1.2252266640027596
16.808479956513647 -0.6870754345663297
18.661136306120873 -1.4699740589316659
12.98507875550301 0.21969768003552953
18.847974371392404 -1.25951435712888
0.36418098325036363 -1.3786381294965326
17.881094865992015 -0.58276486674639
7.906915052639399 -1.1033534610056797
3.83300276652516 -0.5323445382121944
19.167801614854756 -1.7324622383783141
4.660614471418068 -0.10193595307476733
5.251628049052055 -0.08693158732204022
19.31289824961704 -0.8496024503075841
15.507404523554996 -1.6126535803448192
3.2563525117836756 -0.7688383511102755
4.607618805060664 -1.6854485292262917
8.45608722816499 0.7207108331883689
0.15300074399775807 -1.5968995694624222
14.139802065691208 -0.9346633167191875
11.62157855657918 -4.215096069829778
12.976032067720736 -0.6763939995416055
16.17352949689029 -2.01292601817429
12.783942548123122 -0.6211910193666162
3.112241035900302 -0.2871296965764117
14.489616186008327 -1.2703057473964359
11.798766354799632 -0.3566676646574036
14.908416817592459 -0.851012456593631
3.3146762854931975 -0.35801195388256224
19.669840988837723 -0.8443626996146056
5.578766613589917 -2.594445673597823
7.393273772493298 -0.3141383019383071
8.131666222929491 -0.5360962730964454
5.972521614178699 -0.656962293486913
0.899805907893318 -3.0812951482270456
16.536634191303325 -0.7897394524301529
10.427843273778743 -0.687300115129383
6.04553565863791 -0.9474242822685548
0.06703373376453392 -5.607858153433337
6.972079451804663 -0.10507102181389118
9.086012756683994 -0.8023527637268294
7.539131225260502 -0.08625833827126891
17.214062760952107 0.29178040023905016
15.211571904891239 -0.566804640863223
4.94688363105029 -2.1400536537465404
18.133435171446607 -0.576749731173321
19.408759493252496 -2.296133384624115
19.810580218914133 -1.3193600470125133
15.068911410027624 -1.1822168269867945
1.150405378783164 -1.1228602876371188
15.908332144794562 -3.9222836112927557
12.12427406288985 -0.9067208750341897
17.004144708024516 -1.349209237075484
15.460870365558627 0.10569421818915514
2.796097528671749 -2.6494477912214687
4.661841080563322 -0.7586069795758538
18.774323033845597 -1.3617908255311328
9.787647150857714 -0.7200962211970889
7.524083137626477 -1.187293644372742
5.3034917901034895 -0.34377235927138483
5.064031536808593 -0.7270621694814298
2.2724405062067206 0.4234734664358695
3.8193371835324723 -0.8698812911491444
17.107954221752056 -0.4451768205003349
19.832223688711867 -1.5753452679840538
2.2053906982835745 -1.254740370057259
4.262817999892388 -2.262803020102169
16.748134403880716 -0.9994664623580178
17.676990076688362 -2.431750976818725
2.536578072358163 -0.8393105087837893
18.473670287261935 -2.2801290278330137
11.887726166319805 -0.7673263392958534
17.877011325715202 -2.1769875422980887
18.78750171032538 -1.268538437486736
14.015459002931868 -2.6919155841935547
19.611998545094693 -1.6442096882767883
14.655142770729807 -1.708699150860065
1.5579002915890934 -1.0046188573739732
7.967416094384681 -0.5851066786812715
4.677424038064879 -0.47542446876209216
3.655247910279588 -3.8229265657837312
4.715459273588748 -0.6500003846641741
17.189180638487937 -1.6164706329161136
4.512872106964385 -0.871234665225687
5.3421562709961234 -1.3174822905093115
18.227852199680203 -1.426622100003311
14.282344380130963 -4.798624006205916
13.16560386364007 -0.12230415647004589
4.259238475137433 -3.5584941645379615
2.917356658107988 -0.8382422941311192
16.462463814680778 -4.9452244963601135
17.192978374862808 -3.9394693068970397
5.10895557700236 -1.319787110950423
2.365904884117546 -1.2182962532853068
11.314524739584638 -1.1930562849999657
4.24300863891757 -0.0689861345821282
3.1172923990917734 -1.564395421118617
7.156796896113593 2.3714792637762856
12.664511529838972 -4.665388631102361
2.7019970297917797 0.8920205793875675
0.3763168171443234 -2.3781776325326365
1.603807801457584 -0.8757362818573846
13.391223009027353 -3.138922935107889
17.88974992710895 -0.8629200859342536
14.911143740447407 -3.911222620003064
9.258888101536998 -0.8663985768670882
5.493469288455655 -1.9866434193084352
10.570186870343983 -0.6964782482180323
4.25451911151663 0.24721763229247545
18.605331584121224 -1.7481779946670968
14.323008122258116 -0.7029443217169842
15.189011701037897 -0.7981754192494827
5.619455178006163 -1.1931713930298293
9.28559794199001 -0.687067362123578
6.449176603885474 -0.7100970083624047
19.671505961797262 -1.49139547292562
3.0825264132350254 1.2225448741041904
12.604151645222208 -0.865561798006564
8.76809002895634 0.592821947592876
5.825584034113814 0.9951779734992403
4.523822029278578 0.5794423773430982
0.7265188362036249 -1.1775104106581928
10.20110053550016 -0.8314146940356949
9.346443439969477 -1.4416577769540937
16.032679397755544 -1.435870551629599
16.66862434441143 -0.45842535466688594
9.429500061113895 -1.1461838876610257
11.597205693562724 0.5810469145027914
14.644406222606218 -1.2584666934407525
9.51204570359586 -0.1119905440751659
10.657781594463506 -0.8614058590948231
10.854048923580795 -0.07243809330390938
12.160046838896445 -1.199467480647291
9.672526021643433 -3.248997987945931
1.0399439812077087 -0.18758823986717213
1.9329445791712758 -1.4384121377275028
16.601502115632307 -0.6063702654289657
9.119298492393927 -1.1051134325510505
5.4867227718543905 0.6481063992274907
9.521724389742875 -0.535832231219585
14.839933976608538 -4.324896150895951
16.474616860329046 -1.631137111122159
8.227616162749408 -2.5774890312239385
10.537923656387951 -0.7493123425725148
13.054481401538302 -1.6239928776263115
8.791743769561691 -0.4373335417453303
9.247253469642747 -4.32731928962751
9.503849017349223 0.8263292077469399
16.083505256620047 -6.952021920236426
5.2758732997326065 0.37376607153599095
14.428419918685098 -4.243562108945305
10.962324145247488 -1.284231202053664
19.9037979842312 -5.452397983149892
6.174742534207394 0.038146120932062016
15.898015028809285 -1.4297797223070277
6.292108019413175 0.80592490434991
1.5950868743162032 -5.980581136575591
5.463787721468239 -2.4653797355695817
7.504280516980103 -2.67897101193203
1.56921549404296 -1.4974319028757612
19.9702977674346 -1.5662433834145149
7.795238195014945 -1.5515152386915934
5.842707917314193 -0.6176932222075916
12.351586037379509 3.2930958677738222
6.293934195023607 -1.1791804713689804
3.893798704659318 0.3104881806322118
19.298665503133876 -1.6706994611917847
17.2432799041753 -0.6938935038086279
10.387614497415553 -0.7872600738891657
5.410968074962387 -0.6460807331033127
8.76680899654597 -0.6437665852192681
14.357655153968107 -0.8656167195105204
4.13491376892624 -0.4385131107817377
9.67781676706429 -1.0725921329596235
15.340601567054795 -1.2479166329211626
15.883286988336469 -1.5246376949249298
18.084864832002797 -2.258588778625628
9.61699816622369 -0.7159169765955431
2.108464869061963 -3.515347108343752
13.993392896300444 -1.761026367818244
6.657250715721134 -0.6615875563903065
8.643413123551124 -0.07401708765994772
10.098555933628433 -2.5327300204618166
16.820927291614282 0.08989809207326328
8.742781198769235 -0.9597462993456707
0.19869794793380724 1.2774666209498904
12.051573726724863 -0.8885211975718632
9.835232221867239 0.26563735811846495
14.96698890480818 -1.2234883425518852
2.524508541918297 -0.20186950083783173
7.2897498493051724 -0.8463241674440156
19.859650302147706 0.7898504669010962
12.200262627026408 -1.8136347171853597
5.6469595598181925 0.17818454922349572
2.0487531470544385 -2.653269570585816
17.366954748859733 0.21740136692216616
13.043250193370998 -3.2464736857231418
1.199209391965629 -0.8996232694754321
9.387088790551452 -1.190377127149958
0.08498855389475324 2.164034088962094
15.143429850724408 -2.8177715489526864
14.892755349681886 -1.0053071937145306
11.722415770909821 -2.2629221705584337
18.211105649909623 -1.4842455088470206
8.384029612766295 -2.132872203080847
3.5108606412878243 -0.05154967155026702
5.484828021804599 -3.126501048883792
14.481804533010333 -0.9115030734725309
5.3986291179722095 -0.5074026099278779
1.476436287940852 -2.0685477146968494
7.129810902092685 -0.5230513727741615
7.113597085235609 -3.288634217526446
10.80400849149896 -2.6049904246768807
18.907840406957103 -5.404846263144056
12.818664089841969 -1.3950312360727697
5.709635936415814 -0.2852814453542319
4.320065098666911 -1.2078183366227022
14.248691304991226 1.749056070106009
12.33776052371803 -0.9644585006250037
5.812810038828266 -0.32178747440190725
3.195591225109262 -2.5783279399328065
3.971456913183466 -3.093109742806692
3.0984257593488747 -1.5089716586959177
6.170167337053304 -0.5768788617825826
7.688994112710595 -4.197067983233471
1.6533841217577327 -1.0012718354516759
6.301700988213081 -2.07807712289238
6.4260031914052425 -0.8227120549208065
12.069465720728342 -0.7572498722745737
9.892559720718266 -4.27734559532328
7.35857643902586 -0.5058857290780977
10.31664408315829 -0.9203623111320234
0.4425507731902233 -1.7164283195284142
9.686281533987032 -0.8557261803924637
6.371522103234969 -0.2970161313256195
8.88643652450679 -1.5852789295986307
1.889929595995144 -1.0362629691297527
17.50131951218172 -1.1533183645146667
2.529249384838858 -1.0847728721677297
10.272880047410927 -2.5305636166332723
5.721139126024457 -0.9824728227124864
1.0999282115750066 -1.3299319190768377
6.5267095160302375 -3.299115049658054
18.49752859001546 -1.5302372697579059
5.064078326637743 -1.7846220067624725
19.10426083439165 -5.168680433647938
0.13315893570755305 -0.7008982896575691
16.552352869125023 -1.1564118746718075
0.30893211913315666 -1.7386116285515614
1.6248373057689336 -1.8803293047934317
15.732714737766658 -2.193922123261147
18.128559360126943 -4.741088709431317
1.2700877966384407 -1.1582116959093123
0.5834682551656727 -1.346141629333517
19.34835427445887 -4.000792588079711
5.457367916427326 -1.1422520023630658
2.0969006351989496 -3.722552813916984
13.33162960462447 -0.7397527076308791
8.81234728488544 -0.814486097021818
13.754236813397108 -2.6438535323925514
14.486466745402724 -1.46910200414133
7.497336778784935 -0.30184522752095017
13.694372455859643 -1.4208160658837325
0.783202397753623 -0.18633759274305023
11.248974680727546 -1.862385292765635
11.785808865855056 -2.8115126824995214
5.558535394507415 -0.007418202780372009
3.665692463627272 -3.617914553648693
6.957983236977205 -0.4446213577986552
19.628755374926854 -1.3329015343378865
16.077702074669393 -0.9986380680122875
13.132210072519952 -1.5979751353048537
3.4728795869284736 -0.3969416711669313
14.271704050813884 -2.51969735166112
5.14180439801337 -1.88106797720905
0.07446414590186484 -4.15622416159169
7.400168902463054 -6.9371335022500515
6.1474977038865415 -0.7114827191027675
3.4650554800143394 -1.3190046113741598
8.150440008120361 -0.8014141335538125
16.340567592364714 -1.3110306197173736
1.5103307434656963 -1.1260448640717013
1.3266952812281896 -0.978456137272017
16.908752870503413 -1.2097981873401402
8.765652753417003 -3.553835450276328
14.614594129543883 -0.6661152271449758
14.873674524519815 -2.6125439615112938
6.0057666977315405 -0.23858028478308657
3.5619233489798807 -3.8674235883399306
3.1039602517865856 -1.1913125526981456
6.837438391173373 -3.7164637820475384
4.589872964932561 -2.148322030024151
8.272748761788808 -4.469497462449789
3.747180084726467 -0.6318565109631561
3.53498197680153 -1.055140628549609
3.2202448672328607 -0.42725035339196804
18.867565463617318 -5.115869307577527
18.324078598627057 -1.9681547641265078
8.809137828914317 -4.170294441010572
10.64522512320002 -1.2810654233675458
14.677792202461596 -1.9855856606068372
11.46297166788554 -0.2624883858833423
15.503312270891428 -1.4652440969972864
7.422696564044198 -3.5764214020966185
3.3898993514270876 -0.36961698792837
14.834398547915907 -4.813528775507779
7.63797684013391 -0.9877856415975748
15.850680953081058 -1.4059456103380887
4.614732370491698 -0.38553017523905553
10.494988288602524 1.3568630077181767
12.711246288925445 -0.6019144147642224
2.9979621758109007 -1.7677209668345577
2.7014287766426466 -1.6052473615278724
4.8028440860431765 -5.064155680709313
7.947811687817306 -1.0510700313128432
17.13588295532748 -1.4613494855123266
3.2938096672176758 -1.3072628575483791
8.84160859390169 -1.412465621133824
17.46238301095053 -1.324255852727392
16.573213462573563 -1.4398310341260405
2.7061855313779675 -2.9332351596113777
5.655169592889667 -2.173430577687795
2.29809670590797 -1.7131665280116373
0.9077542623206458 -2.6341251284238267
11.670851201472589 -1.5406624500528145
13.3875740298806 -0.9449129556342379
19.441894875233164 -1.4127027861542465
14.43751241732923 -0.9042113584362463
13.711409681452672 -1.6983899808639513
17.341759061165092 -4.377940308344973
3.13956317593201 -4.081584920840676
11.92083458920606 -0.33982280074856686
15.512103618747153 -1.4194910397692828
14.220577023390028 -1.1818894212425937
15.405218179703754 -3.6283489547498156
8.273427496051362 -4.541812314975732
1.5455065126903444 -3.795089544024525
7.21949812266058 -2.326560218639218
15.39518432065326 -1.176162385886959
17.884719167858066 -0.5154081669254038
3.0645569812176165 -1.033904331256388
5.6497791392632175 -0.7951868865006577
1.130587965959609 -1.6086628719280387
9.291166217809172 -0.35660047552232993
2.6049650857415436 -1.80099513059887
2.2786960576068616 -1.1818843647357302
15.789041662413972 -4.091763836425613
6.018460917576447 -1.1836703776138193
0.33630720957828353 -1.530479982071948
11.835674017943994 -1.2664223266983337
4.451546885280891 -1.30267572710327
12.535302159614135 -1.031864573309063
6.99511990694154 -0.5428286710168809
6.1964603956329025 0.3675910060986157
8.062763684222503 -4.165362693436562
3.9461948556032063 0.3453327902806879
11.62768950393827 -3.166029245539379
3.564179918466073 0.22229543645797611
10.35249289818728 -1.0221438872683417
0.8152871838977016 -1.189542212570275
17.368003975653444 -2.424113055467168
12.92452750356101 -1.0271181981710074
5.828285906744892 -1.3140393819491887
13.704541822336113 -0.7047122346467373
18.26208091568261 -3.862335055663343
11.901628609588611 -0.3806027190817033
16.39317063288021 -2.2160562276916793
15.439966788003744 -1.0634092666603743
4.36042577818713 -4.18535784748479
3.8731691142691433 -0.42908731152480944
5.555824663464611 -1.85367773209029
16.422904917863633 -0.9255013616265997
11.384796464352931 -0.59516596774865
14.320424628036449 -1.0970466872304168
11.319819056672184 -1.4932321608211787
1.8663691922737884 -1.2890585922074056
13.908252634497645 -2.78357618139954
8.454515484575207 -1.1587197355787513
4.271816093630189 -2.136747077070665
2.3061362879510554 -1.2291057340185232
19.878759551831727 -1.3591324864212355
3.749903168424907 -0.40829262307071146
16.81583861059767 -4.0906051413663596
3.347457708413177 2.719579721218677
12.058622895358672 -0.8069737662817988
8.228657100785886 -1.1057298267044784
6.656698724431641 -0.6482536544164249
4.853620513000464 0.6645368634710204
17.176946061689566 -0.772344720381205
15.662221807810306 -0.8855729744339481
0.47911960413278165 -1.2027042757491941
5.165944116528177 0.3581406202645123
16.131578255904788 -1.1950063946399494
6.7173009028855235 -0.9745033500271819
7.067044119613585 -0.48052389126225
0.8738719250053456 -1.327005939093537
2.0878184543718534 -2.3005261336081233
15.546361753739108 -0.8944818038724992
14.896492330255516 -2.7885886572268115
17.444270361417992 -1.900468428921727
15.387088395658107 -4.445514449411414
17.27018348348264 -1.0662132862396452
3.943557391444061 -0.8255463201620526
16.69720674690033 1.4564019326554782
10.106030459082673 -3.0946860299311556
3.0790992983001897 -0.9300979724349236
19.065660215527327 -2.452663879807082
0.7167395740158496 0.753171365400997
10.50684192864055 -2.4784487494864944
9.259455138952001 -0.45602426814257674
17.437196132857316 -1.6753462400600874
5.361249571486337 -0.5654534972441969
0.01876783492523515 0.37586613256827556
2.427301341125186 -0.7199318097507516
12.743649439105472 -0.986481164966457
15.255407464303794 -1.5164582454406408
13.27484125229419 -1.593645647083643
8.987244332709238 -0.8101517104632868
1.147242064263192 -1.1173809866245548
3.9429196055252653 -0.8339417557789314
17.388072839313256 -1.3207961933372334
11.0816296781494 -0.7834342387694225
14.816732551553791 -2.0920119659027634
14.865842856999013 -0.6179565966675574
5.757602808261241 -1.8921247131676702
2.6011216702318034 -1.6722518828349424
6.555475053088822 -1.0050781814180518
8.227836670234568 -2.636539233879146
6.891325050072629 -0.8109599228623564
17.015675458156416 -1.8625898176331654
16.609038204668067 -1.763834550317755
7.230084869631199 -0.08562016242544913
12.61374190255815 -1.082109577796306
6.826816337982496 -0.5068389420755056
14.741018680684416 -1.0401447517889038
1.8103506881800713 -1.1428071925929375
11.967843794745226 -0.7937476588978338
19.594202368672843 -1.4212840337943673
17.33598836328738 -1.3398006096371444
10.90311541576299 -0.7379414253518519
4.238411028776928 -0.11152649677285208
14.227601002189862 -0.7487264586799568
2.732587714186546 -2.5247997767212165
19.940344936761715 -1.327065587527259
1.4656263263235643 -0.7849574488743065
6.663973702503781 0.08189578534992607
2.6515616471504138 -1.2540356413430085
19.581535022265207 -0.9457625150407771
19.232571056649636 -1.8355909890402264
2.822347685538724 -0.4643745194183003
16.427982197690532 -1.206642349142954
13.208754451798466 -0.715513217766181
2.157403720740925 -0.8885928696732879
7.744302960308198 -0.42303636510937026
3.1419877579908855 -3.7154363048400505
18.349032764813682 -0.8575526985431521
2.6355711834335542 -1.3517126529806038
17.994783592095526 -4.508530258737537
6.271309280720849 -0.46635132392278844
9.30238987810077 -1.9551907268965238
19.459119672235357 -0.9260426776536423
0.6491797044463584 -1.5802061316924654
18.60771870804784 -3.261676411371815
2.0788860957266277 -1.566364561554583
1.031978259217329 -4.8672757505743816
0.420928424673098 -2.214888201478711
7.7624790516074995 -4.364933882032742
19.248358444950515 -2.791074243602981
6.161121158602392 -4.3338410586831575
15.497229951892786 -2.19366045342651
15.788676573472937 -0.8699563314216489
2.5751229344183053 -1.3734961888447623
10.577307802714733 -2.820068026420142
3.7319373400877294 -0.8540412226765149
5.128718033927875 -1.1091887104756375
1.000737312652526 -1.370520434786417
13.217153548955277 -2.7819899699615642
0.07911460014255485 -1.2352143291585744
2.4440968212030603 -1.3624142059671676
16.982038499626018 -0.6825511140011603
9.924612339994926 -0.3123749635622733
16.202030258672412 -1.456648908778491
18.62269236942208 -3.1022803370399727
12.354967542412048 -0.6489293282056586
5.4742861441710176 -3.565642558421891
15.470108308164699 -1.2779511689376517
12.505719285274727 -1.4742980961045284
11.79884720311888 2.8007199237217644
10.81357756379331 -2.3938927562118897
7.8886506376702545 0.586555446225562
8.611311061444885 -1.0072456455990646
2.7320032774164806 -0.9773681744878645
16.35243724955684 -3.8200069636346186
8.458138716743603 -0.7286494097697946
5.1904271197165555 -3.738287503994964
9.336219748533354 -0.5131724088955797
2.1515090381735225 -1.6444301239258419
12.937895423239935 -0.5401358879437422
13.355002389899203 -0.3300143532963769
16.7232092951515 1.4996075230239807
2.4165741261741958 -2.122834194113571
11.768320589288408 1.4352098373799247
5.653659232957451 -0.8239127220587343
19.509651710126512 0.7890300879586416
1.995337718610295 -1.719359077185909
6.6079853252351946 0.7326078128578619
1.4213370160251908 -1.0590126505040556
0.3265656636606196 -0.616336696066027
12.939421077139842 -4.348118478184045
11.700223283242781 0.1268521631355395
15.010526108465932 -3.8773546244044947
17.31071783540986 -1.350412482512965
11.474586880777073 -1.3474107630359256
9.161041129075217 0.37334357100692034
8.278624334318328 -0.5798505573616433
1.0086605150080579 0.24874409213008447
13.561691673412428 -2.663716654426989
8.621452447296816 -0.15220371591696943
12.822219831220647 -4.827453406783527
19.76274017662438 1.623748072072555
7.84091861586958 -3.7291091557356255
4.717419665028403 -0.5410728674220601
8.66322204334703 -1.215741902110975
17.089281998159368 -0.931755164116494
14.680969101648598 -0.9181514690723133
3.8753579490239884 -0.7101356785476819
7.971373730316967 -0.673622126166459
11.827753024208636 0.10729800847459983
5.791811323531917 -0.5827589046165634
10.506299044267115 0.32680987154681485
19.093388595373163 -4.302618739318783
2.032013228631476 -1.7438238494260934
8.686700656226767 -4.349242954142773
5.302089558664828 -0.470045074700041
13.615588184172495 -0.8938327071384253
4.882645421851322 -0.5929977259895717
5.370056992813381 -0.40909104314237454
1.2324203750012384 -1.0973151970861739
16.093382416514782 -0.5860927500085009
17.172349115557335 -1.2594387020252629
2.087314833322797 -0.9876216318719023
18.600722910914637 -1.7418994515339428
3.5918173726038667 -1.0027154888326981
11.353278889109049 -0.5010844398686567
1.1746488034953608 0.6088093573388553
10.84928990235151 -0.5342785876652374
0.7841171164243742 -1.505362277869976
5.093148461056131 -0.6095870989861921
2.5073007503257 -1.5643382839680093
18.825633876961497 3.141194157803371
15.368307366220806 -1.0289729901965896
15.210838776527176 -2.3343086924320593
18.221960120214522 -1.3814163247638234
0.14223360392164608 1.9872710141877028
19.6173382956637 -0.7329147017586709
19.238696710554905 -0.5100902410929855
8.147190907039482 -0.7287372740658464
3.467332665055197 1.7135455333245289
6.621045468169807 -1.0271070162992857
1.8723042226895883 2.068999209501952
7.824473967201764 -0.997131364220361
15.367159295305806 -1.756456351666046
0.7296148718379306 -1.525172500926036
2.1638944862288114 -0.5022056033826772
17.00564081771174 -1.1572870810175206
15.524884779848366 -1.0624099700621685
4.737613672585522 -0.6354791894325207
13.753719444162437 -0.5456780576087725
11.070348742964528 -1.0547271211444182
7.591774116893988 -0.9285594565934845
14.878108624610876 -0.6762874878251255
8.714908811985506 -1.1820847983467484
13.753772343333518 -1.3492241468974258
13.032497472438264 0.7428597952535291
5.405982428680085 -0.08096069139413849
5.936452900021552 1.0357341124045074
9.029142840052906 -1.1617185214008112
0.9908837675721187 -0.15134314457279135
18.088304126406186 -1.500184586522524
13.621606338712592 -0.5159806952034389
11.758991741455114 -0.10984297076441692
18.621944235352757 -1.23824550968807
5.5764987138046775 -0.6523197640856484
0.8916932535008911 -0.41905159814978205
4.098689843995225 -0.6474169158668451
11.25040639030437 2.3380686084904627
4.298781881752411 -0.2725687709592791
10.40887946701611 2.1396608183355075
7.999268429290724 -4.845635217858451
5.224199903068377 -0.058089285827017126
16.613420877674038 -1.130319573812192
13.662158918115583 0.45140532806172257
16.01469603588278 -1.2855514125333753
11.5612184261751 0.012632844422814017
3.0857798776183527 -0.8871539950299125
4.055759898213055 0.24715149824029178
14.538007556558048 -2.523888500518945
7.779340048497656 0.39631052574474057
17.951002998546265 -3.035866266557085
1.3059021601475984 -0.45858357979568654
14.570105479150689 0.8309699268763071
0.982541449843494 -1.2399940442128887
5.163993269227565 -0.0835655490853832
18.85709516015237 -3.0374835187698896
3.2520322433736166 -1.2137250461547553
9.087978659757685 0.7906855692171753
3.825173394031533 -0.6238965635243402
2.165926990603181 -0.6278481967709494
5.681731181504467 -0.5709212958130672
17.66766411472133 0.12559656911294464
4.925065135966235 -0.4760098591983892
7.342661978079073 1.659432855301336
10.946437019456775 -1.1100213289181367
7.318249464091195 2.3238646731279973
4.058216824179097 -0.482148947327215
10.492472006958783 -1.2200677871335186
9.278367493224255 -1.7010098072184299
8.477394721731953 -0.6908471294170642
9.166400511985728 -0.794453000588943
2.2167745504368983 0.15333709515389088
0.8132759584259556 -1.196181628862556
7.825962691688001 -0.9884231391760929
7.2847473074176925 -1.901270975252391
13.070536306309554 -0.6323513535461518
7.624535391242998 -0.4839259734313148
3.1481194969882225 -0.7175154986448858
5.5171849188445865 -4.339982526198301
5.616027443287578 -0.24309760542792777
6.707240078810911 -0.9528432185397127
11.547753123923606 0.5070078696918158
17.142030825602127 -1.1085945992066515
4.869878426905331 -1.0740026767677913
17.407472368298187 -1.443076227127736
15.212525094075517 -0.936691828759655
7.2826831283713584 0.01855887246901317
9.954126062902397 3.0015828070045067
5.81353132038291 -0.9225966033723123
13.053943428967242 -0.5556174644817764
5.543723062857845 -0.21082302377947665
14.913247543363282 3.3266681037981325
5.373276849721782 -0.8325895324527783
17.066275591238263 -0.5323771184094782
14.58001147042823 -2.6882953045426126
1.8147612310788999 0.02003031827638517
12.186318941979811 -1.1453780196423737
0.8920626073079585 -1.2811186114412174
2.4016569809161514 -1.4634007490617145
11.075839606675897 2.672770424489072
0.8587818282442609 0.5078083585655242
5.9849631118758975 1.369494945952171
6.214813304249104 -0.10487403645409152
4.430504378370929 -0.4381315183976353
9.75224852990293 -0.382232500804568
8.933703340090753 0.7170850605105729
1.46629494721459 0.028443478748177653
13.779519607829123 3.3408086789134055
12.31219037739196 -0.13991182330593827
4.154827974879284 0.0031661254798691432
5.1310697467220505 -0.5582329655416393
19.513357909961808 3.0228228634949432
6.916292530988877 0.526165627338568
0.18706757762866494 -0.9128145620827659
14.913367120025145 -0.7527158510979548
9.170353498926856 -0.6030994883256366
10.615689483520919 -0.8378445536767355
7.700715707135407 -0.7892353373510844
16.295833050486692 -1.4679945085756598
0.21340635564781513 -1.2550651032996754
2.035256038525211 -1.2170743435274014
7.229661631752853 0.29063216042371903
12.819257277329278 -2.7550135997911265
12.17224453283701 -0.2567965712151365
1.2534277315196847 -1.560314697913422
8.950817749290211 -0.8310869251543879
10.737289403974902 -2.033839837096689
14.361198955717892 -0.9285076773647662
5.2532218552838295 -0.19325030775908617
13.119096585257477 -1.983816251281704
9.220993891625735 -2.2769980331720086
3.152990999384227 -0.9548247699883564
18.13053658632472 -1.39732683305576
12.272796573466772 -0.5659372377319507
5.023324687082664 -1.7274145856336103
17.232949929873243 -0.8680203498275005
11.385891807275001 -2.825154696925429
17.22297929864329 0.279562079796427
15.389223052470992 -6.023117747022417
6.930469826399374 -0.8063144959003563
11.151074206732703 -1.262645138333971
16.94755337191989 -0.3740383076411552
9.899049192591901 -0.7883528000427995
18.78185357519862 -1.3376470377410923
13.625318507137896 -0.7448665463055038
9.926392326384677 -1.7094818247449264
18.489235977881066 -2.469720162752314
10.431954758380872 -4.1715782071495235
11.514880985141092 -1.3558085432384952
9.675235293580688 -4.326245613345149
7.602669580813218 -0.48407659511198775
1.4541714762645712 -2.0283883255828554
17.844096410248124 -1.3681803676686977
11.613031468841461 -0.6533975184063793
12.481584771014722 -0.9377135160384941
4.722246412064155 -0.19368094487323465
1.5438102666694282 -1.021908998039432
1.0655492087640974 -0.7631578872748601
11.030475178037186 -1.1196614867524946
6.983477492374963 -1.011415933763729
5.70126233769598 -0.31771672736576867
4.604406139030835 -0.7473413009589025
15.53936047363603 -0.49456846296079016
19.214778169920393 -3.6468686330079563
5.454614071383485 -0.44560227075407455
4.558864835596846 -3.781720223269196
7.840900508458831 -0.5152094223355097
0.8402160627690445 -1.6684511656479875
18.064971154012465 -4.97791608720212
11.968198507502882 -1.0225216595992055
12.787004119511037 -0.8797691103845261
19.929145638275912 1.1926896023798923
0.07938130294826487 -1.419849918114145
14.927355160165524 -1.8631152318055118
16.334256615257704 -1.4679419252894113
16.044625838291044 -0.7767051821847188
18.487797821381193 -1.4776588182178316
8.569753340623846 -1.224155000077422
1.5027456321874835 -2.164277018010639
9.173426761987777 -1.5394783276402804
12.928788773543019 0.5223429798809872
14.15041462280583 -0.6226079041772886
4.499546685508976 -0.5993161468355758
9.960146086966681 0.2377586976752408
7.132928826570018 -0.47594957943574606
1.379947637154018 0.37972240674606633
2.002609030181346 -1.1477998091313557
1.206562079246227 -0.761704062807083
10.209886392355822 -0.555073894223208
6.554130676109918 -0.48779712513773604
5.758242011733747 -0.7942215625735526
13.3004438310545 -0.5424483475061318
7.056133916913584 -0.8839573239759998
18.25897529255896 -1.217502464698353
13.350250987704552 -0.4639218312842777
15.438901670276612 -0.07583200933507504
8.150179324883023 -1.1842887406772606
1.3329479985912593 -1.0052084923125864
5.37307435900546 -0.5089308338443802
11.08974072705666 -1.1870851589676839
6.67666152352353 -0.4711515708428012
11.766658276920701 -0.3509772433252757
11.367443415010309 0.8972631810161501
15.164240566875646 -1.323283518772639
0.16655367273319888 -1.1219214808427338
17.75466140413571 3.1801376085250173
6.02985887968376 -0.6263215655821549
17.127347895717104 -1.0086346631827958
13.563340995737626 -0.9189109811202494
7.5727550511740125 -0.43575449821848145
10.344999648310445 -0.8897748824750449
8.388563305944277 0.14199670398356165
11.531725999848438 -2.7894203790214323
8.484142433873124 0.26792216700700267
4.142688848891155 -1.1471114925492236
8.618950735136671 -0.09910285987938866
10.651889407658416 -2.49188516021982
4.418813505732974 -0.32209274940304444
3.7923619436846177 -0.5649532837407462
12.795254286717189 2.3254376297262325
3.7370510481648918 0.4014463188442262
14.174992878592615 0.4235562545368991
9.732114740925889 -1.7674326309141764
6.5215227363720665 0.25302016389234594
10.358686999017667 -0.5784541063000845
6.224550406353616 -0.37094036186440266
5.388534608351822 -0.9700591341629121
12.19441189747981 0.22493735586942745
16.958844109783946 -0.9141652055683497
5.09011540315571 -0.03847992932383339
17.242420931166837 -2.9792563281860738
10.184118728262634 0.6521103714925318
14.545137347446607 -1.2594063963089097
16.561432428925247 -0.8090012142072619
17.79228338599232 -1.0296774881130435
12.263725177882327 -0.7539111879049343
16.586632577981216 -0.888023725848371
0.513283717809573 3.078931809453635
17.4290667213512 -1.370334658680276
15.646448249494465 -0.6366762545559638
11.014624885449296 -1.1795128227423415
12.580520615960513 0.5167238186845403
17.423848546342953 -1.3182361651934398
5.224922236390692 0.1800188383708917
2.4957070203086493 -1.2737660357423763
10.88483063865407 -0.4901901992957492
15.767116195001606 0.21258890802286243
17.420697614826054 -2.1056718717612273
19.356166921291713 -0.6878941515646455
17.89071133080552 1.4144817316712857
4.297913607889647 -0.6658764374321268
13.791413378344958 -0.9696807706385646
7.973701428235174 0.9699573016207204
2.532176501457018 -0.7643729930834997
6.9641346550856635 0.9117304853052411
1.353967671861437 -1.994795892168666
15.928089864875329 -0.7847020481299533
12.809367427057511 -0.8130632727783017
9.442207117576965 -0.5176609000904753
14.544572567477664 0.44052262530347397
13.294238097324559 -4.877884689935759
15.201958441441903 -0.7796195746749172
11.464396383745918 -0.577177517141356
0.5326052783991115 -1.1795452966245226
2.573493809756764 -0.6965229691344323
3.4104213461533925 2.3963900136434
13.413496094511036 1.286512789763051
13.918275541330368 2.747933937667497
19.562638013376308 -5.253339891593213
13.923295405588123 -0.6850720243426901
8.290964099373264 -1.0678274784761945
3.029899533372343 -0.49656637059274117
16.351960585664326 -1.1013111651498428
10.929386237737855 -0.9515640369643252
19.344518112413375 -1.2793796304835285
13.771800619651858 -0.7889724400029388
15.589984554632375 -1.1458968485227325
12.991233114988374 -0.7879296781036325
9.269459461199924 -0.49374749684109714
2.523282025558556 -2.9674085786780813
2.731630047733144 -1.4834314292237822
13.658134785228087 1.409791419438832
2.429757176504497 0.02317585655681463
13.784043933826364 -0.7419600489252403
15.696748237831265 -1.2056690658171205
12.006136086680275 1.0028892089101595
11.447813688841903 0.41567101524464606
0.6079983628483714 1.731230501689899
13.315172129331541 -0.5785288779286465
16.222575878825456 0.6016684947231613
9.76824622069149 1.6354784393468822
11.38432176288358 -0.21106889869505052
8.069809911499899 0.7525217909673354
13.386638995030694 -0.6087489782549441
11.952580430167993 -0.5869804051236314
6.887733267742371 -0.05286389312163689
1.971014688686974 -1.3334709506923437
9.025254016445198 0.3904482524224964
18.765838038174948 -1.4233586695083669
18.841014962540243 0.5022141070882097
15.116977460328162 -2.384884440547506
9.785889051767128 -0.7574379007986924
7.249853274240889 -0.802592042807918
14.555404888340396 -0.6594304386447024
12.780081015843702 1.588082780908287
10.18563146291971 -0.10789009638693427
13.330474445836996 -0.6014337348960094
6.884017350483995 0.25235413459956335
0.990458142477384 -1.152862605444048
11.89233287353232 -0.31501664303699073
5.480538273239373 -0.9415843511259828
1.702927798218046 -1.6690985426539926
4.396894433305415 -0.6639183912444319
19.845072689278098 -3.6107554990226207
13.78979500442617 -0.9509382494903162
18.294947534130067 -1.1671452826477835
16.870311087727035 3.3805437505011824
9.669492042452136 1.0227922462631343
3.6052759730065933 -4.1697412884894325
7.966486109756392 -0.5420429220471226
11.519044073613948 -0.24925018596817794
17.31998696226667 -0.2591560013903926
1.1471463143862068 -1.1224756576368626
18.88366085820693 -0.08676104152477812
17.77288659622777 -0.1431715451008585
7.857203387347009 -1.1929145561846863
8.948679190965025 -1.0423846076593852
5.444620750845063 0.10057372364015023
10.321202287496448 -0.48234505215781803
10.028616586572548 -0.013562041358150041
14.682441219892771 -1.2479102273655314
5.849517843948041 -0.3654861478169301
14.07328464804949 0.13464362422977705
5.452619468961425 1.8073789459757688
1.2739749793675295 -0.9069563924258016
6.837005643272729 -0.7301725893370439
11.59116619010235 -0.7987816109552447
3.001420740825949 0.2641637347832241
15.62757155221529 -5.823245302778097
10.0715476845133 0.5875923611086773
0.8303790803970899 -2.8338789567678857
14.896247228563624 -2.226085326145311
6.855143827654102 -0.5867428944439
14.593394380594109 -0.8526799278087477
5.018174806885965 1.1346381463134778
11.993934587688525 -1.044563688280857
16.59087142362226 -1.4088771179721524
3.481833777714226 0.06114168663191366
2.607062381307374 2.3744851171657944
5.614600669744087 -4.019273731449923
6.37456437545231 0.5947383778700607
6.804897877624662 -0.48049914171558494
1.6996069374999077 -1.0020404110730639
7.848858340272604 -1.2972584855445413
10.583072965195894 -1.549445812382979
9.074926443931707 -1.9072820377576054
18.931905106894998 -1.0750840672377853
0.00035797773876418415 -0.6677700358973634
13.023201416371416 -1.2444453546189154
13.588615701385278 -2.814571880070086
19.75875923991554 -1.5793023535437825
7.542522781872688 1.465572808465113
2.3971173008237536 0.1273505488128523
15.930169524789479 -1.6683172952104988
2.210860552791837 -1.7836374214894009
13.737950506620145 -1.9168457381639452
0.27407725925182524 -1.7102296094697351
9.819173946221115 -1.7376414883607798
5.332212477722902 -0.5116984886162168
14.472686784155552 -1.2077320408503018
2.326556832141377 -0.971767114647271
9.970668186593631 -0.6951489053608374
16.534235852651282 -1.0233122747840846
7.2698051518707825 -1.342960760759113
14.478672493400008 -4.363845315806387
8.995272625428136 -2.3545499575926168
4.943121227954407 0.38631866087224515
13.115967644541264 -0.7480773130139393
14.795053237696372 1.971192550287518
13.41717814582538 -1.6864638618551675
6.898562946386783 -0.7213990725538982
14.985957021818178 -2.7936610139557136
11.366774477624501 -1.4822829772475985
1.4294320418446793 -1.267030361021698
4.751341366474786 -0.6655666061121586
1.2022295571523047 -3.556407095931982
14.269719731305706 -0.8318580558385378
16.35457148440478 3.4544521625939204
19.39189514717747 -5.273430138730512
11.797223162592624 -2.3247058777225047
16.389242029118225 -2.3002650399385796
17.328163012533928 -2.135396807501293
14.347638168902153 -1.6452651472312279
16.17348513294173 -2.0583793601868936
2.1912345132263864 -0.9278445391831209
19.927421649144538 -0.2865655692350778
1.6237944929376327 0.5044672088824365
18.839340581585752 -1.25288720992203
6.440340212216184 -0.6323000099604863
17.5839882592647 -1.2431790313099922
7.9506925768427275 2.586957543745442
4.220121952368752 -0.419717119204726
10.633974981271757 -0.7808388205152762
5.223258217319988 -0.4133932988655413
1.2761386231276863 -2.348806779005958
19.787281816784347 -1.3619503325490172
7.773482753478525 -0.6472875582433493
3.556027493824026 -0.6775812390004021
15.011695658814022 -0.26615685904766845
4.182444696787131 -0.1915322473483047
0.5754123521537154 -1.530470334962621
17.731450423945876 -1.3025080728075737
19.564894835303914 -1.0869788618825138
17.50586969069091 -3.0143271262123252
5.583855560888406 -0.7596915190380154
13.549519491208494 -1.2041354475540533
3.6734209387284675 -0.8066263196335981
19.733026458874466 -1.5139696446801465
1.6306470501617796 -1.1744289673912183
12.66390862816239 -0.23792654920697448
0.7222203185469465 -1.2743331804945992
2.927451221801516 0.2979882671774102
18.397594448329738 -1.539465870802524
19.437562145141484 0.1665092086352545
14.341764673273795 -1.1948706799886288
19.339639860560386 -1.6032614764770805
1.428514171621266 -3.938445327179381
5.015362499283862 -0.9397788414911364
7.237087886359314 -0.5634427900558301
2.6458216588256223 -1.3885244453830532
16.62268058310255 -1.7010485656725667
14.92557528187737 -1.8229246381509498
19.72837576115738 -1.5706540791743242
2.1998082254005267 2.1161051677683442
3.2002355278100136 -1.095733744969198
2.3968749324917207 -0.46304980807963125
2.66357069953847 -1.3234016735690095
3.133986025065322 0.20263913735583333
0.6951813080868705 -3.9814423363260385
18.625916964923697 2.512646356398587
8.796784391005344 -0.6008576248059841
19.812948976144547 -1.2999851560191604
15.45160615901031 0.3277184635808632
12.471364204588118 0.815436968012053
1.8685805649869065 -0.12439753259438704
10.864055502610945 1.4012048259421217
15.525639699329512 -1.355933340008252
6.316816745356709 2.14402821626132
4.661459546977052 0.6193266846408476
19.96923672137269 -1.1433838847136284
12.228906943418805 0.07168577434872736
9.78383633862229 0.5609686516362619
9.010465693845976 -0.9674494098450378
0.24425005172567893 2.85418417559123
17.25874047160763 -1.399504421479224
2.2512246333824426 -2.146133031189543
17.790851538288848 -0.3673400227451447
16.848732428267677 -1.039250086704751
17.59682703452449 -1.361049020888357
13.787520886855582 2.3837870795000606
16.521805476458848 -5.6660517233493195
0.28638352100266856 -1.6477555215043826
14.752700121142423 -3.2243990585753823
14.016525526976695 -0.04299279519836662
13.723674415896154 -0.7034661546626221
13.616134397653624 -0.7838405109669322
13.073304681057676 -2.0085185882140597
8.517561614028349 0.13550842781803868
17.56959529386647 0.6844434421249057
6.219849651033146 0.46582128277897716
19.614754667385167 -1.640262953162808
6.8506497757257865 -0.4633410552953573
1.4073956817088746 1.1068801303551732
9.165127187886572 1.4253782656948872
19.91364757934063 -1.022376004905339
14.797888739235425 2.741123694163004
15.750700585620768 -0.32217776507052975
11.171121577328172 -0.3934031262549819
18.07116913376048 -2.9506667915368276
10.821471971804048 2.5570136247057182
11.265960163933082 -0.5545796897714299
5.799776114982377 0.02886592879471317
18.246764237432046 -2.4280441885181707
0.3763871457692635 2.745111237967325
6.383108260278327 -0.2911090820622187
17.945251013827292 -1.0387995882796097
2.669678911794616 -0.9476211603882486
18.14520747475482 2.723737985723947
9.568313429084023 -0.49708486809367247
14.482597512599762 -3.299538157862278
16.765856080453045 -0.2945139707920494
17.32146928597294 -0.769665802330562
6.383553344898034 0.17409570894927653
15.449455207233772 2.7666730434573226
0.06376636169480152 -1.2614365840512822
1.4419213669676476 0.17079185646500633
16.54835263998278 -0.14507759437908532
16.308398591134136 3.2044930088787487
0.9629239797587087 -1.5735554850953166
0.971224037107144 0.25916022882104334
2.8646407455848326 -0.33677261459047236
14.743409524846102 -0.5879759946580554
15.222307331622131 -2.0283775154919548
13.19885146414885 -0.5978651668653077
6.107763155761433 1.935555759960946
1.6883803335776943 2.5382127366890055
18.363786058889843 -0.4921808928295106
13.526910481576893 1.8361919741229698
4.755498677702696 -0.7359555027085107
7.07448676200557 -0.4358377883534099
11.431311994392246 -0.6136850436473489
4.373711576459608 -0.5606476768934775
5.621491703503182 -0.3840566123508001
14.902549176566536 -0.5829115613443147
4.119164275084257 -1.0420506271311678
11.119585551832731 2.3524864273466255
18.480219248398406 -1.3636458524526462
16.69921787434843 -1.4085590482689108
5.067216998980403 -1.3678821277508253
5.372146876266713 1.5451493323483576
8.354829176450494 -0.2757731805571416
18.99089007602722 -0.7568541014169817
7.18865358814614 0.12259917482339984
1.3171437166696696 -1.3420458613876471
13.55443193030235 -0.874169567440382
4.669258598580708 -0.1757115907617489
3.779476034087796 -0.6290619894474271
19.221271422741772 -1.584625332879466
12.053754480494073 -0.8864654041199431
8.340818006182817 -0.572395912294974
14.501116326304047 -1.150174316934017
5.256441600552708 -0.24114426091835864
13.884533720590854 2.264273883694991
2.7736511927766556 -1.0094830827249779
2.35092944574224 0.2538400734339022
12.446197629772309 -0.9581623261081765
8.088386904096165 1.8649018510442854
14.981802107599389 -0.46733933329996374
4.155890809723694 -0.17728914440946533
8.34800308607427 -4.02920501993484
12.312990219032999 -1.0362555021907471
15.488353654845536 -1.1331226110482593
18.87348925708826 -1.6921914838931498
6.208433516856156 -0.4605065018595883
9.431923549406893 -0.59899474983677
0.8614828396936064 -0.9072376765574584
3.349107335471244 -3.278012129663845
7.5322656764750615 -4.005316412093091
18.436790545846872 -1.0227169590121925
7.189610389723149 -2.537909998772649
8.958122168661204 -2.955658988170387
14.788070989512889 2.6964491279767073
7.5904716407653705 -0.8804101610070836
6.2992558990326355 -0.14488965806586204
13.450735438344683 -4.398971947840282
18.167483971731553 -0.9744846530445039
15.307395552615668 -1.1462519822586619
6.490542763333665 -0.7877166055372549
17.81730448228569 -1.4407488988948947
5.639984607941911 -0.8253259075361206
18.629568652167613 -1.6054466853665286
19.31486059637633 -0.8134277455640019
1.5317993414220268 -1.486691436515392
15.065152238952882 1.65453533716445
1.9877263814781472 -1.8351318789267177
7.322742878951707 -1.4369553443300125
1.7938343245272241 -2.5832578280555167
2.2610801441730186 -1.2139540258727182
13.563370291164512 -0.716132760335528
8.690609271605995 -0.27080068642391625
0.09926028125476574 -1.2634561985301385
19.83222075992177 -1.6708666020615635
1.0483194934686015 -0.8130420613840741
4.909180002435262 -0.31678656449436554
