6.179661913889299 -0.6242612350451081
2.6437774543149968 -1.785059422305394
16.23298750445502 -4.036412585033646
14.64273981346181 -1.2555591576023806
16.698685037277468 -3.9435670786334405
14.744428677055993 -1.2788721077234855
16.663665082008254 -1.1015838382200853
7.1748205397456415 -1.3445392125588287
2.1251928225292365 -0.1914648146023698
2.0516380151994995 0.7349849215977897
8.285882871120265 -0.06835468802085062
14.139461383631128 -1.669137812853055
17.724697113942938 0.8756133914902908
17.886996760441438 0.11258192082305418
6.50701384867302 -0.8051124859556168
15.725374865090064 -2.0837186683029243
4.888642130434378 -2.83441620823516
11.150979161655012 -0.7959754100632849
0.5260756361999923 -3.9880003763800564
0.6546671472816368 -0.5996714381955028
19.96994075877543 1.4718486931690407
0.8593587663251796 -4.453309318289602
15.38839340708655 -0.9364924505523201
19.33853161802671 -0.21831694051452913
13.242900394257424 1.9036053809195277
5.186062583915819 -3.434643205933901
16.18641017553138 -0.7745171308597602
0.23166526838945306 -1.11029903056999
7.547121852308605 0.31790454939813695
0.6707435093685542 -0.6269442410617476
15.620868998989158 -1.062132623401818
7.76714198501826 -2.7303238338012696
19.659800161932427 -0.5795917273951864
3.5457966220445547 -0.7090484309754364
4.142233668654286 -1.2271910823293537
7.538838083225826 -1.1585335251823565
14.420470625836897 1.9075816277351878
2.0277679918145894 -2.9570828107893647
4.8823040044663415 1.3437417178200874
4.359446312949198 -0.9005972293714262
4.582414586605572 -0.39221595098862955
8.733958974747365 -1.0404977600324044
19.312582922956402 -1.0091182117931636
9.559453633720056 -1.4019701058203409
12.55324592120975 -0.2674430177965705
1.8111261061435997 -0.9353504498856746
3.8921939826000154 -1.2045667326230303
0.5623923060009717 -0.7064664332374885
18.59196386278523 -0.41996379452787247
9.832557494298548 -1.3142770745126156
10.377413399200128 -1.1736967678860293
7.16366600112914 -1.2762481275518274
4.9100819117342756 -0.800372597588891
14.490696113045152 -0.8855253784569062
16.35605654677899 -1.1364332123904974
2.4347521025982948 -0.5970802351226104
11.44975010113032 0.7946170116588027
10.72742010975981 -1.294552999068984
17.50770235659591 -0.9658114272387103
19.05215591012352 -2.584218600906966
13.929633893848427 -0.832168676703476
11.760887366837736 -4.918850187941171
9.793348427518517 -1.4383735559017026
2.3685489840636365 -0.3135110801002123
3.705691474383118 -0.3409667885963681
1.334732046540743 -1.0405105368497536
8.388035720641824 -0.9448280422441816
8.402777422572154 0.431273085106159
2.0137411802107117 0.7043581112233288
12.254050716004457 -2.932841693332562
11.063048405663967 -1.9441157623004828
2.7990849861179843 -2.7042807268372635
14.846174649431841 -0.46500662382298913
6.426841846318354 -1.1616438768990724
14.736792099814464 -1.3035358092422158
16.054663173069255 -1.2938544005881103
19.868207839124626 0.7730632565106909
11.188773458373133 -1.0997868927427175
12.067024309334863 -0.3288910824214008
14.52906212859067 -1.1971144173000963
2.8084142859098393 0.24935853011030087
16.202434179810762 -1.61818541906368
18.43965937415086 1.0167473949729897
19.213617113156026 -1.2008228241446361
18.4846973199349 -0.5375427634009328
6.644558657351597 -0.9195764278803968
13.420903686527282 -0.6534508215637534
4.575116210108179 -4.1764773898587535
6.257253409467561 -0.2900920176350591
13.14723538808443 -2.887027341744535
3.6834905659695454 -0.3937155521779626
15.598871690362087 -1.3474711512847592
2.621777866839475 2.551417023604322
17.880557638142015 -0.6322722778160283
15.691666256555346 -1.1765812714813335
5.114819902896014 -1.1885575602548513
5.01427593049732 0.9219074885409222
16.11872895202935 -4.049942024932635
14.20381260957393 0.46823498556259063
10.81092402165224 -2.7386600760686393
19.99609235718216 0.027193526764297163
5.090087201207365 -0.7665902902255239
4.8156983763322545 -0.9431297946190617
18.68794465688672 -0.9426918543730974
11.780425746816684 -0.3040529029853916
15.252843521738003 3.1982512294502277
2.727899664723949 -0.11230389959221448
10.576247192174598 -1.376957940016117
11.565360339919868 -5.147246200421218
16.90533602445551 -1.3777272240419904
17.271829848510034 -1.0245350155181243
15.130915350051641 -3.4693628302578734
15.601585264199834 -0.8005970708545286
4.030065937435241 2.430434420391013
2.7281399166363274 0.3080762448012089
14.2608306494486 -3.910846200730675
19.557591313203847 -1.0247337337048024
6.61456666200531 -0.5955448238534827
15.28457289549239 -0.9393781244871319
11.016481843233365 0.08640530670618513
11.823275190981224 -0.7005505539270114
15.744854583745255 -0.699535664515365
4.1803256389240335 -1.2489397956620114
17.08494824460832 -3.1345556782116497
9.310741638391125 -0.7203826311894456
13.795865131868217 -0.8509615755936372
4.039313045324684 -0.730545348161946
12.372478069103117 -0.18544544194344095
12.803077617318738 -3.6055546348902503
1.5674533745867156 -0.6646693646670978
11.470071038239338 -2.0516935612449703
18.437545257163475 -0.915435020784361
1.4632082411673264 -0.6518742852032217
8.414208099121891 -1.041072584581828
4.733054492491037 -1.0753711197109193
17.925601374853546 -0.9788072202179533
2.138759342222939 0.9030648246655726
14.065350942420253 -0.38722910505639435
4.884375541858178 -1.733593063198223
15.627042784940327 -1.142754006768558
19.03770630113566 -0.7789401398483577
17.086931226994515 -1.095112346067425
17.9767744101489 -3.1245584662545687
1.1015371480694058 -1.7198490152562766
2.494266089786346 -3.7423133796737003
19.207440608309412 -0.350016257184497
19.9155937385388 -0.4744658124105403
0.638079815189579 -0.6289819900016937
17.725118331667097 -3.2411661142929735
12.962033094988136 -1.0459220088569097
10.525433967901016 0.0667565925687879
10.900078619015456 -3.804811398206821
10.91826537549846 1.0922482017412956
19.087559052751274 -1.3637537705543787
12.474134073639517 -0.6301571650581752
3.267506377741771 1.1237857363367802
7.474465932818113 -0.9893896646806799
9.426304700398665 -1.1789262306644974
3.277395912982607 -2.731122164759978
19.77077317473888 -0.9565478465449808
6.268861119898376 -0.35617470104046334
15.321949131682327 -3.8950024059024058
11.494065438333255 -2.3521530499337673
7.647320817433892 -0.8655405341428091
1.365751853542144 -0.5792033084468045
17.628388559301445 -0.9630926888243672
16.49831968310523 -4.3855071506801035
14.178639496771126 -1.2113003829464992
0.7396214214714986 0.4585913517984978
11.408281563868098 -1.6464477656133665
9.107497614941094 -0.906789278809339
3.1735957794307343 -0.6217542901738873
5.87478611221156 -2.9400217306786365
11.966028366809045 -0.13081436220201498
5.4933618772364605 -1.1108452484598719
13.941359925695032 -3.3521145992230146
15.403180793622367 -1.7942654962213216
8.67677517113508 -0.840543084033734
5.660087466210851 1.6455700352667793
2.3250125145028053 -0.4860900677321243
8.937092357273729 0.9714086102636558
6.026462508528072 -3.797884361684602
16.908221845276113 -0.46296794336510144
2.0914012917891096 -3.5811729300134463
8.860678004941773 -1.1102630031781207
8.205326655714485 -1.2080658499020112
9.686102012081793 -0.981445833928984
15.08212907944324 -1.2519426304545793
17.043086771286088 -0.9847971678680801
17.635785714221296 -2.982791199551806
15.830311433713197 -1.0453166361250446
6.576259893746199 -1.3143645759396256
19.68582777207122 0.28679816717080486
8.7620461247711 -1.8242332523837896
11.695035749485761 2.410016198251092
18.402215448451585 -0.8132427743167451
0.8794863605643178 -0.6610269400724114
17.390928014571458 -0.9591847191978634
15.63401520851307 -0.999068028615003
9.149082193371367 -0.9572078987869875
5.079202418696157 -0.19856099829976392
1.0031897511700434 0.7963709328764895
15.420943979771645 -1.9675603446952503
11.14632305183866 -0.7731332400726256
19.226784332272825 -0.8350475988778642
15.834531893913853 -0.9964172140792122
14.48490051067666 -0.35730513479725107
14.820336868788663 -1.386748844165635
18.93661763345218 -3.1353665177723324
8.587955154341333 -1.2072337711415095
15.300233192390358 -1.1109604266118223
14.321449127497763 -0.9195931418687683
18.710266278781596 -0.169288389120404
8.208258935450209 -1.1489566349868672
19.06704822491874 -0.6697433011533777
11.911094068701388 -0.33453502938493856
11.754857587222647 -0.9957610237647254
12.210556633952068 -2.1720543975909394
18.700589831206266 -0.7650486799324175
11.581382327083222 2.0908247998952025
16.32237723124123 -1.1645090820069322
1.8732178934300732 -0.05245128226098487
5.729363510609798 -0.9143677724147509
19.69136264891648 -0.5208588197170717
2.576305455360442 -0.753500489103333
9.80112561745039 -1.1443296811241803
9.832024794757261 -1.2053553222377145
9.289088637022564 -1.3090277536752895
17.18135922776546 0.030934789069524272
2.041970168276912 -0.6155136512870096
6.564997601815733 -0.8946149719194062
2.733919599899064 -0.4341316708016658
8.02117186205064 0.3972582981297373
6.253481586057951 -1.3952655561749163
15.210687381761332 -2.6211733635712875
4.1878856005803735 -0.38566095064603134
7.952005070792412 -1.2814877530949393
3.340643821675173 -0.5278668262557357
18.829566586513725 -2.2602891571561297
15.848835685954503 -1.1249203737939117
4.597304771924312 -0.8905038850510689
2.3899678221437557 -0.5390926078887236
3.6567690811432305 0.7726746619906978
1.5707103737364085 -0.8274110777531204
16.56546470302024 -1.4099169381419248
14.22127225027759 -1.0772076227898084
19.373357486986393 -1.3596926320784901
10.570985816929161 -1.1443265702434546
15.024365524663153 -1.3134921039936174
6.022155299475925 -1.3318196645668596
13.31672051351313 -0.9281343723197132
15.563100824220873 -1.0820160033057658
13.81646409047823 -1.0331221051174992
9.478181935266148 -0.9270613770101651
12.650058791400904 -0.736691587844714
4.919228906847522 -0.7615525958355918
13.675156045738463 -1.3179875059001298
10.167073682719563 -0.7944721861055549
16.75815458202808 -2.9287520804226244
15.249259559469872 -0.814123020012382
19.252461056046187 -0.25394868387018554
5.610821184223791 -2.575240598726587
11.834299500424025 -0.513994986150464
3.3359252834419784 -0.27244595332698635
15.163507879362898 -1.0367873533931173
8.646057333656705 0.9960279539615414
6.16659210366527 -0.8414377224499706
12.72838220716061 1.6595166386884759
0.09033550731909529 -1.5985381010376503
15.0205898311138 -0.33477423357775304
8.241179560061257 -0.7731880911666862
10.18820396375154 0.7555400786107251
9.697930184457679 -3.0932842316154026
4.157501831810464 -1.388492672795096
14.708250742518647 -1.0957048179470086
11.861664516404982 -3.1703544849091436
13.609792780544975 -0.06690551736686733
10.508656600004905 -0.9872574028055021
3.8192337792558466 -1.0225226922527464
16.433803257483465 0.6722139963394171
12.157463034383644 0.2619269703291906
18.7358076878095 1.0573109544755812
1.0731221422594954 0.4705035207337289
13.963925101368607 -0.886909527419288
9.66783205283083 -0.665164539922336
3.7507991625603876 -0.7969821167398283
19.16982426765945 -0.5565889067603865
11.728825018049749 0.10591597032396578
11.400337100100778 -2.2262609761131524
19.2078718721851 -1.2983122919017809
0.9876562499963042 -1.0310278152209709
18.166950732700972 -0.7618224206053822
2.616654967526897 -1.7128338149715445
2.173368611531497 -3.44678096907569
19.701396440365887 -4.0540307479543625
1.6823816815405384 0.7283837356076265
19.362270006346215 -1.1669581810295229
5.23094461529741 -2.635696411778702
13.334008883579965 -1.9799289429454932
6.914359629245777 -1.6856557222222222
2.0301298138762394 -3.7216020021856537
17.702243380678247 -0.8165544403927278
15.206371606387242 -2.143412259997941
7.407968555550844 -1.185449604881653
0.19912995797232946 -1.588466619609672
4.154505718097792 -1.7064810704587772
19.91340188366923 -4.775258904649758
15.672317346343524 -1.2112733186508533
3.1539528620563466 -0.9067369540917216
1.3647430231033293 -3.6611859856731486
11.484293595741999 -1.7709123949779337
18.980362280760332 -1.5042097568308173
9.44459702133803 -2.1298297682297544
11.674392118504127 -0.4761399958469273
3.8837609196665053 -3.127029496948237
6.444825842154361 -1.0456716431124873
5.438926145475726 -3.6642718467248163
7.6709665860649805 -1.2915322392102733
14.077871866658093 -4.6492491493070816
0.8224865435190198 -0.04411344293548733
1.49589315328501 -0.8792451520869525
17.137604827142873 -0.8055712703304411
12.209690463274088 -1.150466657934997
18.867573845901926 -1.4215224205022523
6.7120404771415405 -1.6998600766986063
18.997426755598838 -0.568502283504284
9.563822389100489 -5.276009777018299
2.185285172844968 -3.2467838866806153
11.199786118119992 -1.1873865343428651
14.029555470047278 -0.31697085114566687
15.601213452108135 -3.2355209992124125
19.66441314108358 -0.87721037869102
14.201602089091937 -1.8137824778584366
3.956143877072416 -1.0550345311844487
14.447402917851333 -2.690613259763847
0.06464778837099672 -0.627819418567794
17.338662723365303 -1.3098538655609677
18.63748504208792 -1.6594229769456335
1.909917314423107 -2.0224247271099682
15.271083785810282 -0.32586691694567066
9.589783115604188 -3.6052636469011743
8.48208077187391 0.9342749219207627
2.800456360658323 -5.3134986619211
2.3254795847593366 -0.19412378177732162
14.817931952603505 -1.8297900427600293
10.606919735986352 0.5823774797461578
10.081399140294277 -3.678582792306365
7.173551506774287 0.08984021243681856
10.463180796507286 -2.0521403715003825
11.273802214128343 0.3197901915797734
12.065837514868914 -5.075820098968996
14.83601079029529 0.45123119588364624
8.299813148796291 -1.3154357577036473
19.35951180638006 1.101638842820847
2.7820399293936027 -4.928489685609204
3.816270308567667 2.36738508356208
9.745492793394845 -1.3439895132126523
16.02218111445603 1.3476835775245388
1.4570281352914323 -4.101701165665298
0.3662474059188052 -0.573033294507802
2.699403004943957 -0.8484312213519309
8.624747655239274 -0.8598860563969577
12.3570664340684 -1.069695219085804
4.6906033630524755 -0.8726622680904412
18.412959695632356 -1.8803046585879049
13.322783694066223 2.3948827695538215
1.4345409646624114 1.1183656031755682
7.59706978294811 0.9275576507740504
19.249180116323203 0.3851201926909484
16.162357787363515 2.4852005179862564
19.877522232741754 -0.7536434799758013
9.663342257847091 1.0042259593455853
10.38473249564076 -1.4901984337448992
12.69555650746927 -3.888936233355212
11.064314627529745 -4.10492066251489
17.605646291957616 -2.560245087942946
2.5964894809520653 -1.8721644702246119
17.895678074081392 -1.1824928376652029
4.146539985552274 -0.8334069573106997
10.946867246965027 -0.28219120376141604
5.619997155122506 -3.1418440512905823
19.928151612805724 -0.35728666272614795
14.0253158568361 -5.902131441007644
9.796258162794995 -1.1894451178634424
18.619446400310775 -4.873214925765204
11.058850108711447 -1.0790346614216348
14.573694486188783 -4.401800129911541
1.752656837815221 -1.5918127484517006
0.4802782405330038 -4.215463539337587
15.846965056147102 -4.58674738099544
7.444407786970675 -3.7244003062417312
5.266545543229924 -3.487393139275824
8.500504110011407 -2.8919726503663443
12.231501051901121 -2.8588265064629694
19.6528934346774 -1.2588083549769074
10.571167849774813 -1.172185228570585
0.6812213406463984 -0.768726727030028
12.065157204729804 -0.790707710771537
7.764825302915247 -1.2781048889877649
3.677107697638639 -0.8777582224674424
13.812772007910114 -0.3497781676919604
17.71767414099611 -2.0385378793256437
16.377820362957717 -1.3479517961995335
18.22539564715665 -0.5326691361386641
7.141273309521598 -1.214151366106411
15.077814519438249 -3.62726323185269
0.31236156788617686 -2.4077397858101524
3.7147735582051347 -0.6621312398924039
16.160609210538393 -2.9209860342173863
12.758300845833581 -0.3355902147255745
9.478073510545707 -1.3482744609763337
14.005147850809372 1.9817639075868885
10.67343744006032 -1.0152266189820178
1.4906736427818919 -1.6224672329524905
0.18051995558058548 -0.4840585893458366
3.599591124486174 -0.552087875965714
15.868864211014705 -1.6252936869133423
9.445386004115473 -1.4570082915119142
12.731647834823193 -1.2958331345363672
11.879947661515034 -3.2312084511751564
15.32901190215002 -4.137030556532774
5.0038085736931315 -0.9926117961805629
9.762405149452684 -0.8023188577999474
8.45128623085746 -2.601332879842747
2.0409904212206134 -0.612418563443532
15.026368040051745 -1.1726803855194303
5.423652579854302 -0.7067803224417499
5.412030169214273 -1.1116624757379123
0.22654398129143116 -2.650679476799627
0.223430509341886 -0.957624293916738
8.968749555741066 -1.6405172378524582
8.305013504862051 1.3901188086170009
9.859211709179604 -0.7348476973455571
14.445040269076232 -4.41312014038651
5.614251434416209 -2.4298475761070377
15.178399633219852 -1.111255640689866
13.394110284813861 -0.9444037897040467
13.423856804186698 -0.0622529946494733
10.273886229459976 -1.136313818232801
15.836683482776078 -0.9797058055065534
10.71233131529364 -2.805537275341479
11.107196064932676 -1.382214117637556
9.459096498928469 1.506672434579839
12.53113651767283 0.4990504942382972
6.342665109718278 -1.0350486812020998
9.082036817785873 -0.7269356041558328
10.180805059096794 -1.0660399266732457
2.314060904376243 2.897275588634206
12.436273517619773 1.0371068748302599
6.359171859579684 -1.101726296207401
7.074993554509874 -2.3985543523956157
12.218536421540904 2.027745682361528
9.859246489603992 -1.26546092301702
10.888569588113679 -0.9135767997111075
2.4797483786735968 -0.23031985819432926
10.422869123284283 -1.0133555278854403
4.326763772979195 -0.6538958305387431
12.91860531349426 0.09704565470943954
17.206024039945465 -2.4421639400649555
8.240504180576279 1.8776054870738303
7.295558093725274 -3.8680318471889956
6.01832735294818 0.7622198890253329
13.266825898616224 -0.9738348670245088
11.081058956434909 0.6786462858046939
0.12454950734800374 -0.25487903656511096
3.458998758357799 0.6523105045664264
12.669864771627715 -0.8198558480334106
5.260834769649523 -1.4278726732818523
9.211128238165012 -1.3383709167248978
6.2175357008752 0.36066723844126014
12.734225087349717 -2.7936866746043587
0.8811956112204002 -0.116699369289503
12.47896621168934 -0.8986285899419943
9.341464861574709 -1.254736564656777
18.923742057991294 -1.0860781006448017
15.322954096005454 -1.406027052895916
12.60116272319435 -0.6653556809201254
15.585381751833523 -1.1796632493491785
14.264257693606266 -5.039209978345626
12.404616161821812 -1.3405199464486837
10.82620597956859 -1.2272969120414055
7.253321816598694 -0.6424988481806336
3.6582512451350673 -2.2159418977076184
9.705621409515905 -0.7473255567508132
10.07255027828651 -1.0316783670500627
9.864227340585742 -1.1677594390302148
17.07830573093931 -1.088242443231931
2.3809067271251245 -4.410318801479684
1.3873177737387337 -3.8793719427808333
19.092665310673823 0.1445789428741843
17.575821670405098 -0.9661101604111263
7.676630921775488 -0.7441175860946168
1.605980842088488 -0.34567044905208716
11.621661038295157 0.004305232517459373
16.431790899626066 -1.2292901735945745
4.443234044937956 0.46405670353194317
15.80837908384527 -3.6653624006478616
2.348609488298464 0.49420188335006787
3.9162873442414616 -1.727935366942774
14.122238307123785 2.5993852338971837
9.529572507055258 -1.3283441758568781
13.732077931167018 3.021971541270875
12.482056240310436 -0.32813205403647716
2.037966155440168 0.6516770125600244
17.514063620855005 -1.2510769553931425
19.747629849967346 0.48905470219513214
8.727426549170469 -1.5366462739934608
6.850201087351119 -0.8465506822301977
8.559291969933591 -2.757610424061696
2.309719478461739 -0.5083861364599963
3.9360888720956755 -0.7990413159983654
8.796186888253201 -0.9447048148856602
12.556809397402397 -3.332578100191855
0.5250311309465142 0.6797839711807725
4.221101977831644 -0.9921924874381803
11.07461138731218 -0.9591456348536672
7.2356807019820195 -3.7832710330208124
18.211259895865105 0.0701324641786217
9.295213438866458 -0.4180026324138738
14.52884234077198 -1.5075881222922005
7.042520433625129 -1.2076298511238535
8.223302501272299 -1.0729281481877762
5.308880503915338 -1.3495652807017051
16.594625225252955 -0.5893291587287278
10.87495395478265 -1.3179996488796366
5.464387754332791 -1.1645515322513373
15.825583052519193 -0.8992208119042807
8.441247097858549 1.5120460145564145
18.980091238108013 -1.4747084619548205
6.914964366937508 -0.2070899987327691
1.4065113617288998 2.3910406857149944
4.789296261177596 0.392684720430254
6.116254125139103 0.06806013540732445
18.5206543414586 -0.7828475792157258
7.280395347095132 -0.7634534716418088
1.353520908630359 -0.5957175297096993
12.446310737237233 -0.8389222085273788
6.295837097346743 -1.064635446768256
11.206665179218344 -1.0586192824675722
15.240483741895522 -1.3273591336169444
18.28608064486622 -1.0333755434366187
11.615497517307158 0.016291460881267622
19.540717324962543 -0.6136275250929578
3.1680070435633296 -0.6343938981307127
6.001745428228322 -1.0069393113468432
12.817443374651697 -1.9008514935414607
7.461638584930478 -0.8358961856076654
11.16866942161971 -1.014681605005036
11.396769877730161 -4.1746274263240295
6.901648645770194 -1.2457946753890172
16.894420229988643 -0.9773480017334073
1.1408729411871683 -2.1029955893139154
14.963662841933743 -3.557541161516611
13.826456065481835 2.8137909911865693
6.333962990357254 -1.58898561324098
15.255060989637284 -1.2922131204565612
13.049980025128614 -0.8367131368524822
8.609114818551017 -0.08491080416578256
19.966841939515536 -0.4256059751565763
12.863877647987241 -0.4386219227453056
7.9557102205013965 0.2659594828263651
0.6159932474337411 -0.4448505037993257
6.502066928852357 -1.5354149089093057
15.546028620239465 -1.338924481501787
18.439384110128028 -1.0690574270063466
19.598497780256213 -4.116695364548219
10.406162012834791 -0.6877170959095593
4.003849406733967 -1.6877085778605527
12.315340034558902 -0.3187443814912878
8.579336580142769 -3.445897337608615
7.030442388973299 -1.4059297770845194
8.883381295134033 -1.5334538514209926
6.819641358308177 -0.9383262398177495
0.14002184170192247 -0.6050634848101503
0.38989733485733685 -0.4791343917319188
11.870320875896828 0.453116035746065
10.8993775000082 -2.735366274507111
3.3820519428101394 -0.7549764816447048
3.0084266128977553 -0.560966554227419
5.826327491478539 0.005758736746629807
10.484519206245489 -0.9127604209170161
10.71891481902086 -3.0919271212703365
15.326249462990711 -1.1605260047035075
14.482449577750026 -1.1808383542744856
7.197896167301248 -3.8805069859662282
5.4406089495338374 0.4255308821288639
13.330412907146034 -0.9920258856604455
14.696296386783775 -2.6870644282228335
8.056715423555032 -0.6801022594081614
6.204328900633677 -0.7865759894848335
13.453678255171152 -0.8714581093195608
6.368916609583347 -0.8648221721031831
9.265632973863179 -0.42135194122350983
8.406726133624566 -0.6507330853248907
1.4395920793745705 -0.6253478527498012
13.60780729471561 -0.9257134756579559
1.1882121102385357 -0.5576514157756175
3.309961300885989 -0.3452560861818763
6.508363001468804 -0.7185769296284303
16.13883072569387 0.42833053141658484
13.090544031295746 2.9166678283244307
11.40014823498215 -0.8742105833404502
7.20784353398124 -1.1923225517616078
14.2028731681353 -4.248791731181033
19.096524404516767 -0.9669832880461586
8.801155432844139 0.6654853785263111
9.924603025233234 -1.177927407007099
12.04634321783594 -2.6874090905044796
11.697215588568074 -0.6170068041593552
19.82677027359966 3.390200880473053
7.089441716942156 -0.5293527480243494
4.380206698900778 -0.4743618349144505
16.392373017568826 -0.8459786949726633
16.870869219092747 -1.0233731564040702
4.5324180818392765 -1.135962922426835
12.76313559370559 -2.7988085223994066
2.612913775807115 -0.036733605409981995
13.372476410156459 -1.0577091637723108
8.33365636674814 1.4308393227906893
6.964135671530096 -1.7815027178496803
15.700292442514876 0.7910488160229848
16.684863932952414 -2.753224966634108
4.104214903428064 -0.5952243783076343
14.608372043121436 -1.1879484329326833
6.7652884026371325 -1.0853342392688987
8.635580117954893 -0.9202490547989197
3.3250195360855623 -0.6733187119850975
2.440686429791481 0.19087865408322446
9.06782529977938 -0.5183924090479523
17.55892948307659 -1.039279552751015
2.5732765292128783 2.2185888055835417
11.477147150391815 -2.0680574452753997
2.918158610637266 0.9056288294330286
15.18034114915143 -1.577899532027682
19.745886666812137 -0.5220477928984965
11.24754365269853 -0.8207853438745181
10.290541499000105 -0.5288238272063789
16.249454849764295 -3.503044490604723
9.242867797780978 0.609360295267216
7.331411218008682 -1.0364118827081452
10.144032943803197 -0.6639025789499723
12.890166114520285 -0.9931667351063894
7.023825041426267 1.6038571042902319
17.082250774904537 -1.0914984348386572
5.598984749664746 0.7372343863870079
16.584906999588917 -0.8773755584023073
2.0696379245437018 -0.8358944471838716
8.313177709290619 -1.2320392248120822
7.910939554266601 -0.049210066627148656
8.48949223045466 -2.9369695834063223
10.722130794583396 1.299942505800513
11.801396621431936 -0.6392835810369701
18.769247764142225 0.9741200203873874
16.959613608046812 -1.0016601091651969
9.82646110653979 0.45024838314821974
18.94342148892324 -0.9982527748659328
3.840027639539697 1.378306953983648
3.725803952135384 -0.37573058921467894
18.700533939572768 -0.2840943461748492
2.868184026566667 -0.5161147997023503
8.799746056340949 -0.21246383055439705
10.761535538506903 -0.6656415877167243
17.305145963467265 -0.9747803818571853
3.3673101382294677 -1.0744303831354016
10.172913635695831 1.3460541300070066
14.654829746259185 -0.8867152950243277
14.679780506120236 0.1265704091735525
8.85383743003631 -0.9553320481022497
7.26921295037013 0.20377413941510136
1.1128130213233562 -0.5799805344396772
9.023807069230887 -1.5150141715798364
18.889680395096754 -4.485439777363551
9.641682358302107 1.585567646553936
0.38412535757783206 -2.0931693336208457
4.676942385225579 1.503815426094885
11.607540705003855 -0.8670574856961695
13.848712684380095 0.5228928625071305
8.358282842093862 -2.612448656254101
4.575437302068637 1.2925369365229
16.244807447877577 -1.4633209347567837
2.318774957723599 0.9783148068451488
5.392116404648252 -3.4912431700004976
14.621695340569476 -0.14429125189133496
12.045198091328826 -0.5441791924591861
6.44591486538299 -0.6861971828118655
16.706668921461254 -1.053938782821898
9.997248158370729 0.7116945558542191
13.29954325188679 -4.212407091751748
4.025424721763914 1.0457952764256095
8.25803129564069 -2.824986820333834
1.8329247899052505 3.2404506497253953
7.170788022216185 -3.291889565130022
2.1393654126599473 -0.2897981565927197
16.27109196085167 -2.51248357287634
19.592725287795105 -0.47615565613161126
4.320913602172185 -0.8371494571756679
18.805199215153994 -0.03233013795740699
5.706620156614311 -1.2343781247968675
5.506559727265478 1.7208278754971205
0.19302592520354428 -0.8701817347308509
10.099838111694917 0.5660925933140084
6.45419615683902 -4.393050913320602
5.257076236084421 1.4690101716608073
14.484530317101795 -3.0640494999684944
19.147866548265355 0.287195807091383
7.884432587807937 0.4388688293206012
15.61803159176568 -0.6155214738050231
7.674219476576089 -1.1085227835807996
14.182645829069623 -0.8778627311337182
6.75667231842481 -0.17493260315461767
6.7681546386958145 1.6955373304386399
3.979592767580197 0.6149288966988204
4.9065717229744905 0.6776734686257921
16.449838622434907 -1.153985366288957
18.546920092977707 -0.09141065169346463
12.914375783615487 -0.0910913885772269
18.3413888198916 -0.5782343366870627
10.950756912987474 -0.10296624087726228
7.362777187838753 -1.117552759064115
10.848759096366384 1.1772434716931104
18.480923822165614 0.030751805763776167
13.12896575212389 0.6432287817870695
9.183792519157295 -0.10420535173788402
11.350131603864272 -0.38844050619032255
6.768870010607082 -1.1452652344336038
2.672207942811443 0.1161287917609084
18.974551634193478 -0.9513572767463218
9.254169463292389 -1.3223968795922005
2.574515970324697 0.4665290825758064
16.851013721624447 0.32158804824146614
8.187093001347627 1.2547017578953172
5.692045084696066 -0.8962616622477476
12.251519569864573 -0.45298189436582836
12.439381588055763 -0.22910962782832764
15.578989750671367 0.85851763923529
15.104127605068062 1.8775873960116622
3.506930992113795 0.7602094579610656
6.095628318857828 0.1915967907240548
12.998135477074493 -0.8925680777234416
14.306908339759293 -0.5558708783007212
12.356950655966072 -0.30463988986049084
16.261770193145512 0.4664974945101427
5.79214251012581 -0.8721933629959298
19.352929276128897 0.18943613047936816
10.763289585947614 -0.891199021165253
19.535126316477434 0.21519541897849595
0.41349057124222854 0.11198314964535369
4.943536309947825 -0.56120942494711
1.2470942024321732 -0.6083082239104048
12.058673725759743 0.23534395525916768
15.436383388183824 -1.3727587918633974
7.924640358139942 1.7918594921620676
14.25125248604907 -1.0182773908080338
14.72565402252139 -0.47700001264863295
5.932796137886923 -1.3862419012408542
19.406986847791693 -0.7557762886903199
16.321872473040013 -0.8999923518388235
1.925556791898432 1.2807424675844503
18.822654202685293 -0.25586915993276266
10.259904451465161 -0.48413616452725117
13.37992550306104 -0.5691659985787834
1.0477183115676185 -0.6004719552720786
17.253786322492484 -0.4474312794944921
8.15198851335071 -0.19591704654361547
10.906952199264362 0.5335220239348937
9.524872680018099 -1.141729599791175
17.416059330166135 -1.0115923262472917
5.67929436456417 -0.4474187760228162
0.7293184751188335 2.326550233543718
11.132895745567968 -0.06326083228604507
6.379064692672456 1.8715174103685208
2.67723181853551 0.030072115092564355
6.781964682718818 0.7714404310983657
7.757279137040283 -1.745984141718102
16.803936162384304 2.963768495088619
5.731945858371713 -0.592834877881314
9.334108689667483 0.4275387366264609
11.021241504797977 -2.700045196921666
7.687990829766597 -0.3128326574214718
13.538420304991703 -0.2672710378248304
2.3994483364881223 0.5389750991652936
17.235626205918468 -1.8650723494567447
15.331058400254383 -0.4688081508563983
9.295456407879165 -1.1960260359801496
10.353776031918686 -1.2105254179838825
19.033932741210403 -0.8419573278012783
19.52015134346867 -1.0226112849196443
18.178963290280254 -1.115123795483448
6.570335605852695 -0.9349021262123675
5.420362148210865 -1.0486403660459296
8.342049134226388 -0.660249061060828
2.058155454329638 -0.6180229835954527
14.473325513507012 0.05550545652602463
3.633921036416676 1.6001272752362945
16.093127248776746 -0.7765599212028137
6.34993371629561 -1.446539491188889
3.849512511623383 -1.164783953709616
11.857148268537513 -0.6620644719707682
13.077585871771392 -0.4041729953726238
18.65998111223393 -0.4113380658385024
16.064872767157844 -1.1286792543196207
5.778788442688608 -1.2215729355950211
6.094289868548883 0.49639274995287813
6.16822582208204 0.7138367756324994
8.60283310966069 -0.6437815595571925
10.098009505572598 -0.9085358568276694
10.251701695276765 -0.9899186717564816
14.685664572664379 -1.2021137465035956
5.525670135115123 0.2583276603635165
0.5286104476042554 -0.27738100671644667
4.329110623568131 0.19787097879329768
15.117976344699878 -1.3917844702928637
4.665559157099707 3.0436975004485873
14.919811429012244 -1.1549228081747662
0.9760480461241655 1.0027592290518765
6.247307870721678 -1.2450204836770544
2.799211952633485 2.608451780757639
10.612338946176111 -0.5769235817889589
3.9870600934482567 -0.9093041708366948
16.902025788212693 2.997618760482506
1.5057017910924513 -0.809776594868273
8.95590091044176 -0.6137094850659764
17.01701507839333 -0.33924132952534414
14.873958424561547 3.0346839972860478
7.048178546545166 -1.9028417208366777
16.34688090220086 -0.031845023627686694
14.761340738654392 0.1600212851065616
18.768332784779325 -0.7356278043702035
10.978876464457484 2.142904737659744
18.296171333346226 -0.13603705375292566
1.450812669046785 -0.4161272014287888
5.113252642172265 -0.3848834494712884
9.000128725566787 -0.35210766166192814
17.129006360429003 -0.6622735553803287
2.6760063179722895 2.1736664589261556
16.825830058740618 -0.7521101376175169
2.5199886913142904 0.8166943705763512
9.118350164217695 -0.04960660651588355
12.59140490809643 -0.7859293670720696
15.795898614615421 -0.559753481580786
13.85537049931266 -1.2650293256435166
11.049806921670529 2.2303868582613973
14.766705772650067 1.5346920273010587
10.079274218026136 -0.989548525269853
10.395300903187268 0.26299818434616806
1.810790141127816 -0.6405232655022757
10.238413543501053 0.1697850858531723
12.514864594431527 -0.28830282649941674
9.140697932181055 -0.7345641488010856
14.186755888438443 -1.6016927242242114
16.675229176373314 0.23291336931383852
6.83293648841886 -2.6498367513336145
16.881705734666706 0.42398165753243816
14.269922103468545 1.6916098037730332
12.422453941593377 -0.5794626014744433
6.239549704373597 0.828257404376935
8.036563614953014 -1.0502795192022243
15.476035873871847 -1.2992233956248538
19.169774220244012 -3.154260736091793
15.52928342402858 -1.0258353375232272
14.330790911446623 -0.1266616095909599
5.153174413003046 -0.7571035559195255
9.898201985021748 1.8606568577264142
7.639796478777002 0.46351004145894537
10.77903511742127 -0.7048462724549531
18.557041202974794 0.18420106139071907
2.9301392603116887 -0.9008794964255912
3.46047855284705 -0.5686118697752202
4.396829303962582 0.5109721377548349
3.79394286269167 -0.6903807442653063
8.267411655605114 0.23936842102093184
11.066960511528018 -0.23428650527053785
15.08241557257535 -0.9986950342278276
18.4609911361212 -0.876485356069202
7.959811795025217 -0.05013640937351745
5.1387754541173 3.0381828728354576
12.666022850107854 -0.6180929631231149
2.572068594871805 -0.6712261467532934
14.848450128781657 -0.8631883528587851
11.769689743660015 -1.0301468628651749
7.418939886492846 -0.37963188378705115
3.1262766107289637 -0.6004821439039734
7.354867752810007 1.3305765687798787
19.521078076227006 -0.6576866202234164
4.821183002502237 -0.9813538116729117
11.661983652228523 -0.579811998071319
3.484238231173937 -1.0099255533058369
3.3157949343555138 -0.5948047917882765
8.661849300145873 -1.152491647385207
17.126674432861595 -0.5047319707995279
1.8399356646033167 -0.41401146433537284
6.815686135857533 -0.2543454681112931
10.336898801660576 -1.8538208131942844
2.6952844528981794 -0.317985209438414
13.716883147463601 -1.4788176284612646
10.676928328546595 -0.3801059841818909
9.916948442591124 -1.5301622107452681
19.21780663092349 -1.019057640822904
14.394678675359733 -3.037035375485
13.67840742762813 -0.7919030580009331
15.571152304638302 -1.707785206648428
8.331392263627825 -0.5096689811966454
19.319328981753813 -0.4244205254046419
2.5453317591412628 -0.5786652137390176
1.5903904163474762 -0.17406004000745617
16.313851667449523 -0.9968498028852677
16.36391071010439 -0.8252088449288653
8.411543522384134 -0.17156612143484717
4.954941049529162 -2.9561800735107546
12.780417555757898 -0.14571979906515853
10.76748461445702 -0.8985802589739915
11.025201826855534 -0.9972146501550033
15.9553525654682 -3.8969656889266555
9.948995001360204 -0.6249781668248391
13.024798894430381 -0.7679200250748078
16.373149813912455 -1.2392748548802546
9.080912616921424 -3.667551158071769
15.461038879093426 -0.6809880923999256
10.899377915003036 -0.8807065693416323
12.583798371268529 -0.19791699470816734
7.183941148137233 1.225689836523682
11.55248814680229 -0.8311879642867672
13.70383997788062 -1.8719050079236446
11.439384816359402 -0.41796411949786766
10.766656895251716 -3.35874258346125
19.1097689113008 -0.9434893101374622
3.4562053038638587 -0.969257726049278
2.97373838450453 -0.541403326876471
19.025966369134785 -3.7406280311693174
16.673239175414267 -1.0884254375777072
4.495046604018736 -1.17628663186131
5.731032131133248 0.3990474188907256
12.436937816552021 -2.9314139709492157
18.303634316127642 -1.2789062502412494
4.039014750338061 -0.8249264915023141
11.38445447408588 -0.8601508593251556
4.072196950271835 -1.1145614595293416
5.662594601121369 -1.0901713333851124
0.3174538869144885 -1.2189938674843197
17.504205577645273 0.8529802117386206
9.35248056277085 -1.040550554047951
9.224255246645557 -0.6484282252036581
12.424153249726006 -1.122648740905989
8.636734763386839 -1.0617537375942276
15.159741612344222 -3.5777119051206134
14.825518701850248 -0.8818056039640368
14.507679800121066 -1.7655120295676046
2.306306567622891 -0.4260498603377188
6.9897504142392455 -1.917464526430678
9.632927311026112 -0.6342027909185561
10.750625177535213 -2.6526356092399133
16.61064369796647 -0.8626325130074405
17.381065655142685 -1.329720134358413
8.021338215328448 -1.1962652045879902
9.192890815165443 -1.3453146142218602
17.54377866225462 -0.3947642832610394
13.571608665976933 -0.9890452095302277
4.769493508995137 -0.7583917227385037
18.2983995674095 -2.6157618482496736
14.631406384506718 -1.2119924492215266
6.845442834022775 -1.1498495869976293
1.1238163829446934 -0.8790374412423964
9.327812606703299 -2.144900855773756
6.780903891865171 -1.2629218884477287
6.5750589739828795 -2.7237794529290533
3.153449567003216 -0.4033727384780534
18.56800484422969 -2.683768479599344
5.199166949087945 -1.053936625975595
11.251026800465363 -5.532788355939343
16.6689568202623 -4.224828074022652
7.849769852773074 -2.5584794282772814
9.92979060221957 -1.2096766179178888
0.4498221138567226 -0.7475163310725279
9.292264804500624 0.5957598037684821
12.414869317654867 -1.768055046126699
3.5826335269496505 1.1891542527853323
6.521000482194797 -3.9781800782803702
7.636996773778027 1.9072413243860225
16.114301535094643 -1.4367630538548022
18.37118416615602 -0.29187559119717366
0.2600617072220198 -4.280868210022261
11.20443619576852 -0.2132150049351078
0.08525109395411196 -3.739726932988856
18.227671606450635 -0.9699472266922843
19.313141716390287 -2.3490805848818797
12.135925420801641 -0.6250927870910157
9.278387661073195 -0.36292600302782074
9.70267155653321 -1.2275985081481615
13.635399464614686 -0.9099804380088671
16.494355760594853 -1.027191994040244
3.024598442761563 -0.7416261268478865
11.79290304290214 -0.9313419892540078
18.64719905387801 -1.2957310423455772
7.091156289589072 -1.2139897342906605
14.94689306663462 1.4184267309877654
14.45380942095622 -0.9667660443303033
10.586168775601333 -0.49933299882608007
9.042686952946214 1.235307335822549
14.47163761190166 -0.017114808741135416
18.828822186727454 -0.9021606408334151
18.425684300373184 -1.1409293810064873
6.646771425768457 -1.3109405455913195
3.389396610673086 -0.7932278241080136
8.26575606643044 -0.4649490521365548
6.729921594522468 -1.4355999914075377
15.417229342471634 0.22158628060975255
3.2509614023216367 -0.7801974056948237
8.070649037199848 0.8799599385216816
18.82694840862369 -1.048996398272957
14.057905998272203 -0.3629580749310702
12.29496740441541 -1.0964885334321108
4.323140581928646 -3.4354112916085415
1.6282971195598486 1.0226927856269334
16.33885167289771 -1.5060947107368947
8.281633139623759 -0.34275486751781037
7.586827697487001 -1.7674101460694625
3.075573770661264 -0.06565178063789895
9.834001794607016 -0.8338122955449028
3.490120741502177 -1.86684787425589
9.779105043018843 -1.5029924375957815
17.37562660927534 -4.968901618233563
14.35825650206324 -1.0386681535414737
6.700875874913814 -2.2664689766496915
5.527164158164625 -0.7271565790227407
13.831260332009059 -4.784343350218758
3.4596137258623805 -0.09632126519408038
9.60221855297399 -5.748349766934163
10.820308240980546 -0.48637476347557873
16.02426215893895 -3.8381252800664236
2.6359773650097678 -0.7792879807280797
16.213330775866503 -6.153539510788092
17.571411232306655 -0.3110734403316092
3.323378815402617 -0.7672427762088384
5.6082023560588175 -0.2224641864775348
8.103731117860473 -5.265938981548026
8.089334355293271 -4.112322816331032
3.7692415102377064 -4.167715772347081
11.046195497840506 -1.0933759268659262
9.723303548949781 -1.2514234365212291
17.064138606799606 -1.8642611091513877
9.895074727788938 -1.0857758156834412
14.272194842880081 3.2335974467234436
9.199637743727523 -1.918712374169939
6.139061481229957 -0.4148038225870515
8.605423264944495 -1.196966993902725
11.50955325588582 -0.3023352792697996
19.020937079306087 -1.2616393390038922
17.23743740506605 -1.291928231564748
12.567373552433597 -0.9059389896599905
17.32302327512512 -0.9889020031559114
5.835709073642308 -1.087302664550167
7.477453281859904 -1.7539029012903191
17.97811709916759 -0.8258420019219755
5.582188150272876 -1.2743520839192908
9.884857475587955 -2.3802505599061816
10.441928448105635 -0.7409699526186453
2.974370619789434 -2.439512268075465
13.339029066085963 -4.184504713135835
17.92896247928739 -1.2764732256809692
4.0651315296150985 0.5862901289132003
8.77303517548028 -2.3219663241705946
6.4163260916708 1.0800575502435774
19.233103793996737 -1.293733839853721
0.8150588579995073 3.4796542220205597
15.513702655789357 -1.2256690129498742
4.2138266724051725 0.35345664359509676
19.64851996068287 -0.8333659096308487
5.670927390811039 -0.39379108679293573
14.962458209150427 -1.2658780243352552
0.514921900761743 0.5046825045097475
14.197782472901652 -3.723140066165199
17.844144482816528 -0.5748698306737268
14.985570979988616 -3.8359413635757713
6.517723105489718 1.234981715972007
0.8020860305297659 -4.255168468166947
6.758453080519537 -0.14054952054251124
12.23600889163032 -1.7041737033924511
0.28044001002824537 1.471155035602552
18.727736653488517 -4.436071800454865
1.9588125571121642 -0.8414291971845105
10.963907244270395 -3.6561680348646575
3.921409280577611 -0.8275385671030053
10.949363511033617 -2.8155650314055722
9.220487270757545 0.5361721594696215
2.119972535180723 -3.076870786635127
17.268048876249743 -0.9535900836825093
10.90100294025231 -1.0155039380220048
0.5318253056745964 -1.024246345211085
13.229573303739382 -0.9242259170614227
3.3839881585691005 -3.2237794584697017
9.122937329567698 -2.2218581274189013
9.284327056013312 -3.435187745720464
4.357513507269539 -1.4738389704244266
17.952291165650184 -0.1440241937059989
19.9344886229787 -0.9562891358628142
14.572756897869178 3.0144587789309782
19.0643708775008 -1.0243955805034377
8.145167446049335 -1.0005046390920833
13.358281231637763 -2.4778013362592675
2.2952656363066968 -2.8429884387969704
12.059126442706223 -2.13604789654258
7.521914991603805 -1.013922389884846
14.161673246198744 -2.3700667367762605
4.049014799014475 -0.7580509214309644
13.964898585001658 -1.8542545259511507
14.307761960344827 -1.0594296697446552
10.418284292943106 -0.7207945873437567
14.942073511176623 -1.9604070608432267
16.15151670518768 -1.4194724663919895
6.778830195127997 -2.060603948803422
14.453502297909198 -1.301799809977798
19.727564151185977 -1.0236579948933255
4.879653084932969 -0.9061443921091109
14.112703437376423 -1.5009840824516547
6.480268224982295 -1.0377156791838533
14.488493389492058 -0.7054662661480301
5.709015991785745 -1.1489173393988337
9.154334205714086 -2.4132297672598573
18.115954272745306 -1.2355464992720977
6.805080939383183 -1.0737748673511867
3.7439566670181046 -3.1332457133432023
5.18537778831092 -1.1212469046696276
18.512880617113236 -1.8310392183082909
2.4497318167405466 -2.0144213814976393
7.119058092810239 -0.6485276074844075
19.622235601172015 -0.6665662221694842
12.604576681029831 -1.042500646042019
10.682895360367656 -1.0144737077135684
13.587370096878796 -1.13579984698805
7.612483486492341 -4.572042193045291
4.835502772111083 -0.9669781898379202
2.8481505399707645 -0.4790729132193318
7.040982801277645 -3.3851153814898143
19.61902290046355 -1.250382773465645
6.685885221623476 -2.649039277906031
17.93271333815745 -0.9343021394754452
11.279286067693372 -0.9300533334002905
17.98945741879012 -1.5347269698004038
10.84013723227595 -1.6005050943897863
12.958725004879785 -0.18063435241655734
12.232147155057454 -1.5296920420078692
3.394356307038325 0.7732326537742638
11.094805280588684 -3.01719653908007
8.442589694639732 -1.4222849178185655
0.41921748021349947 -0.46925753811755505
19.677548007587543 -2.893737364881893
7.810038810671347 -0.9787923933475032
18.906216874375033 -0.8928097278209346
13.139522627134854 -0.542108725214279
13.39971233090642 -1.3281121720223914
17.178454743763687 -0.8156203915457276
14.121900838792037 -1.272460279106704
2.0427010222359234 -1.6758953206344993
8.018473421799019 -3.1376512108408683
8.485206258451452 -4.955053326233986
17.46184693322501 -1.2594752529340127
3.7031172755477635 -1.0253580723066715
14.721596541764194 -1.1759689286725679
4.399722235171211 -0.9779792717751312
8.069570495055762 -1.2493587945088092
18.214141423212386 -0.7389319700856599
5.632100587676656 -1.3648481240970565
1.7826522893718866 -3.4609295686172694
11.003665632138175 -0.8382432275630446
0.035731535865887454 -2.203669130117581
5.240411913031855 -0.9943754190116252
19.210619697778178 -2.7168951238972223
9.953046982114287 -1.1255775408920243
0.5981517490813835 -3.279796113711857
13.905266056731065 -4.079830725052448
5.999023756049448 -4.040473440843909
5.3518663830305 -1.0699580286684502
18.613001589535205 -1.3126698526647091
17.910743622568617 -0.6659938765606295
6.668560347251691 -2.6021413636344124
12.923963394335537 -1.1479474838331456
14.016098206937862 -2.392490886181075
5.454458881145747 -1.6539720659655381
7.424021310950585 -2.530684001685645
6.253572830175447 -0.6907249922610162
5.42529138223235 -1.2407332197266674
2.381285196922318 -3.425994448959939
17.711254992601077 -0.7708456039994446
0.7359201047617147 -5.0806023936627325
19.229197335026385 -1.2422110202402297
4.421263546798149 -0.9733664389946822
4.665905901418294 -0.8664631322412749
5.207414959619586 1.130838444030645
6.270077762092058 -0.5682165289930934
0.6261911152153891 -1.9914855990290727
5.246980066230538 -1.4904305318668
9.577756712055946 -3.7464856592801556
0.3883066126945909 -0.7524159654931972
9.665889752603581 -1.541314514128229
9.881369388720726 -3.0417167697971927
14.291605432077812 -1.5870648334092723
19.50242542748994 -0.7067785495574523
4.108454258194291 -0.9417085663819376
7.505765882630341 -3.950515928583827
3.4852113158330575 -1.841579707610096
0.5950317160668469 -0.9684810044675654
15.394664327675608 -1.978591594585083
13.83372676323328 -3.332273073194583
0.29360111883127554 -0.5638370352786078
2.7546076675806193 -0.5375006847867866
16.75889652076169 -0.88633437730069
1.6274190191470825 -1.6486289002687589
10.190723613941675 -4.522221660708649
17.708234459920657 -2.556636706117352
1.3241422959914024 -0.008083548275235518
6.5626751249649535 -1.4684789030374372
0.09222123537363446 -0.5988927683881582
0.8913247066580259 -3.9280943800753185
12.5454012415805 -5.4563829213119135
13.560624133914166 -4.853656970454669
12.699090382931637 -1.8505622168780527
1.6371301816897936 -0.8076600488809392
7.659329624649639 -0.44778529204099116
9.494660649014364 -1.2115575025258554
15.228306571413158 -1.457662073717911
17.355358927846478 -1.4228077306481557
6.856944756693403 -0.9548931050507062
17.739020665719007 -2.0604342555126602
5.783447153533361 -0.9739548141371087
15.88604863524331 -3.8820292776046186
2.925951219360727 -0.676374161708083
8.2889355179122 -1.2373979326855817
4.712141959468061 -1.095469807993016
9.111172408092349 -2.843416851767298
5.635750215942886 -1.3771439251562136
10.710799721765763 -0.944932289137242
17.729890419139554 -0.6403237681238457
14.16750745376465 -2.2021968158642156
4.593287327834942 -0.4423136287079648
2.2974443223277423 -4.157797372105441
19.627327635036234 -0.05656920133831911
5.05404981714411 -1.4705031019867651
1.1897786123183554 -0.5513443269493311
8.293854881465563 -1.3595898732767844
12.594128332563914 -1.18960760506874
10.350334668670166 -1.9845659264957913
13.819452059562044 -0.7802766068449706
15.815627051698367 -3.80029335420545
2.678137376025059 -0.08051574333256623
9.064918144250598 -2.2069433946835426
12.978938552416263 -0.45202160944257236
16.843828038595404 -2.4968510160593547
1.5209987226824924 -0.5607378767159
16.097566508151534 -3.7311448679690185
14.088579599567067 -0.8261980597178934
7.243924447637387 -0.9546502982808845
1.4755551187963358 -0.742174878004134
14.501796575522565 -1.6083474456555966
6.208463195733854 -0.9343277182337987
13.484977177470688 -1.8078325021611876
9.43376987186326 -2.1120833824187812
1.1809652487417632 -1.7015447658869443
9.71558782144106 -1.1478659382507204
7.104094785848848 -1.2300379490200453
16.733192731454906 -0.7959211336210439
15.499031270471871 -3.569482160821265
5.792361525135697 2.9847181096254345
16.050659566958895 -1.2313115050932781
2.895486831260729 -0.815245826860455
18.303845019298816 -1.385378306195498
6.119791929295901 -0.18311956466237198
12.225592684141816 -0.3867914409721891
12.902524550701873 -0.5492165274696087
17.89513308187218 -0.7276648918274893
4.704620334887213 0.24320520550073407
0.42600324937695755 -0.6514657230973202
18.864346880722128 -1.2895802581813993
10.071628300996732 -1.0699632620461603
3.3466842720102448 -0.6841610591822388
9.700702338447782 -3.3512461812450627
14.561503748357868 -0.8951555171241692
17.933205575505102 -4.650552075605273
11.24159578219044 -1.2731586409859226
6.614134904009949 -3.9818977220545397
16.015170707854942 -0.901709274699176
9.473983984109848 -0.9227688889925033
15.540371359852777 1.7035908305683425
3.6366071884694815 -3.787983730385827
8.839936955634457 -1.0837760540282901
8.51663451328525 -2.4995363077079635
0.07713669532213822 0.3383053425762783
10.086516849832533 -2.722676851299941
5.698366920329548 -0.7793062656796024
5.158456038762765 -1.6688632687891847
16.173148625712997 -1.4217814159151487
8.364117955136937 0.27707289307074334
18.71511555757753 -0.531935438984657
7.002546711321543 -1.2346445339230114
6.572483353089171 -1.4135178530100907
10.141393395895198 -1.365863770285356
11.460465889512003 -0.9070941757634462
1.6250453075017113 -0.601339300758324
11.948378818486526 -0.9355695547954446
19.427035953221186 -0.9268056722659914
12.065893602407115 -0.5000315224392826
2.4648999381183487 -0.9957871930238639
9.967153580796136 -0.6692815717686482
13.481685809763874 -2.690275308017761
3.083247109867872 -0.7293052727422733
16.089484992035395 -1.2527818256035195
19.864708018581958 -4.472307944839155
15.212610258374502 -1.3506721686528098
17.28995980882404 -1.5897723535171813
3.974214337792568 -1.4144247132144885
14.313021473292876 -0.4810494630024147
12.706411627173123 -1.2197849760484099
7.8955115702796235 -0.8426406870763462
1.059057308715144 -0.705463690637267
5.942586446323537 -1.1210603469926477
14.044729037366833 -0.9168294013475392
6.325462969376323 -1.2407409359474393
19.313643070844652 -0.6636755179099081
11.212772614530946 -0.870897266168239
16.776638896310335 -0.8136507913474097
13.153999267413806 -0.7758020433541528
14.228650569292979 -4.146836104519761
2.030030847905414 -0.585323610971632
5.249777173295342 0.20408742926926163
17.266501168282538 -0.685976574911023
10.878208219609725 -1.0469135470256545
10.987441583234999 -0.47661180148286886
11.144218582395693 -1.2694915000339977
19.344802559759774 -0.38757877452622735
2.955197726795472 -0.6561518321927885
13.945264167294402 -0.8226869109831424
2.2801932824344537 -0.46302624680797017
6.14086881765227 -0.5893444503695592
1.1737647404070304 -2.8231487677125617
11.414202595880841 -0.644004174139981
9.592357125243858 -0.9941712564578773
5.8199131855063 -2.407750963460299
4.337370426899327 -0.7138195243551435
14.448863645705485 -3.4503314673285796
10.877802293293122 -0.6600497266102909
10.775472223938328 -1.2714789269584652
2.404336259851725 -1.7754188165907772
16.444570515369808 -1.6642661111568378
6.624605792803191 -4.216470298490374
0.605479541700792 -1.3595586188924436
2.2464367072213727 -1.9702192791935869
3.284913671739222 -0.9399755525201311
14.432385234747457 -2.6896161536125773
13.55080186803354 -1.2679142081864287
12.648349741783582 -0.5740512815690774
10.086387483297273 -1.2214326883152238
18.43196142966775 -2.1409171038122996
9.942184660540496 -1.181833388805161
0.13891573816290997 -1.1142115989296815
7.888008661400159 -1.2219279045725673
18.610016764207817 -1.5066168305527317
17.728776047500578 -0.8958173290569662
13.2298209461838 -1.0210188085690275
7.276983890042266 -0.3348830945279341
7.345258005798504 -1.0836338314867713
3.0568605466980516 -0.6647150573409952
8.29970494945602 -1.3559476438141567
8.40058581690297 -0.605397391078836
19.254473922397864 -2.9253253757814774
0.8239536937602399 -0.7695843781203199
5.502281093660549 -1.737801215896425
19.06925146739205 3.1413481805760797
11.260494000507695 -3.201934872820054
8.693281154169913 0.6878435834667207
18.358849137824528 -0.9296826894605431
3.8844628992846952 -0.6796470702435932
18.98830477111478 -3.8143367192672386
11.992721342838841 -0.6968923851953259
16.358918195401518 -2.7195323610246955
5.782236511166141 -0.5768800018375183
10.645067577376771 -1.0215409683025278
2.23167475276053 0.024496701795719493
19.73942716411861 -0.2172199469100141
15.857074703271264 1.577519985358198
1.498899240544985 -1.6901250304726512
13.877252586410332 1.4177942499926761
17.299099880774733 -1.2215277514772571
0.15122342082583162 0.2096553694706998
11.334115739119063 -1.1614496232894467
10.721058726689218 -0.3389382128001047
17.615444381870887 -0.4230175959242759
16.170209561001734 0.23613727022750075
15.948325449935165 -3.7291401881503576
2.9701506081500146 0.46029974563727366
19.65077696693365 -3.733039753917458
19.674327766846176 -0.5639672779070649
6.631571094444401 -1.6825482460127066
9.510958970267538 -0.27698234765713714
12.182236069688235 -0.8455063099686945
5.090481078450988 0.518795317137197
2.063244281122645 -1.6632534486114607
7.545947801714985 1.30482908825499
8.968945656168833 -3.927796478651852
15.666174073902278 1.4677053572568792
0.03206065867262364 -3.249697059983749
5.036137246118593 -0.7652435572418607
9.427800908895518 -1.8355761616319992
11.501651244797582 -0.0003958912920185159
2.625626732648165 -0.7498554510251498
5.874095168375004 -0.8833485600628116
13.440766261191131 -0.9369420376464652
6.307968878418312 0.2537262361178775
11.69632685666646 -0.989351303548056
2.7420942068756755 0.29729490184771057
5.91469340367666 -2.4304244510876183
12.278653004695082 -0.941146020873238
18.357332511962202 -2.262213694230142
6.9184732651548675 -0.9886926041638044
19.323501894771223 -1.0210526131432756
11.477929199888608 -1.1583372381637804
5.17668047427781 -0.9135126891198558
2.6374026115625178 -0.46658248208415176
8.643803409927557 -0.37824009004462655
19.21814842698914 -0.6814749526575051
3.6449577049005417 -0.7149608935592716
10.233366195582727 -1.3947469029510084
12.18929251953295 -0.8627125007370678
3.1696297687199024 -0.2150556430484865
18.939421744684875 0.3219046672926997
9.638834686728137 -0.9065404345033481
7.253944851183038 -1.208944363464972
15.076118400381292 -1.3863212974303047
9.035244261531988 -2.9618868150934192
1.6836293053659392 1.8467323017932722
12.78585553762539 -0.412313966193378
14.085613950650096 -1.2394035590276282
5.041486768671631 -1.1312919005309148
19.561166935433015 1.3243138556905871
6.838291365611892 -0.8042852121348454
15.839141246019953 -0.028333853505503423
12.486014905871052 -0.7488475946832768
12.058349438135378 2.845298809054545
18.786479479401613 -1.0321495427450098
13.603502827265027 1.7294790772097959
18.371050667354883 -0.9296854469187207
12.110328168607293 -1.111518074810948
7.201444493926873 -1.1936834935373943
9.62724041316539 0.4379403530281226
0.38777517465617295 -0.5488130982339205
14.906468665008257 -0.9265700629135533
15.105941452778971 -1.422991286008564
10.888673310368493 -0.8362766680306972
17.42793288316193 -1.0864253751109183
15.56102789232975 -1.3488361010858168
12.63240077024574 -0.6268403588735423
6.917894900980106 -1.405572594713783
11.813818913400361 -1.6692721204273375
3.5041537338408335 2.453694134734863
1.5090751929625266 -0.5246704816690109
14.767175961937092 0.01616659453907044
6.800476910711724 -1.351741610470083
2.549152038222581 0.8212716141611364
4.6628755050252275 -0.9694730905380358
8.227908230486216 -0.4538053801573636
7.559696637944432 1.5694415869107947
13.573151700327726 -0.5257595430165563
15.036970063321238 -1.3606110005871743
16.14403040178442 -0.3730231167471146
9.001449530391389 -1.1181596453311782
6.225601845658003 2.4661585411009557
1.953548064154739 -0.47952137570258746
13.633313625623675 0.817881091442144
7.131254154099543 -3.016232003850337
19.816701764689768 -0.3658623452937828
0.32257847600154915 -0.6635741250118609
1.5242967699860726 0.3889187405556256
6.502316351119755 -1.5550529396394082
12.46893520600408 -0.09323955446396803
6.442961767142772 -0.890341053453227
5.2849214948175 0.22067955975817785
17.39408097292239 -1.54955633669888
9.996075628938714 -0.22969939421838312
10.079026895455744 -2.0176105297196734
14.125327065368413 -0.1840992780360883
4.224777437891096 1.1616102357621696
18.79143849429115 -0.2724430431828387
2.1562478640740594 -0.3917034535723387
4.175251500251752 -1.1797435724384484
7.952214733161686 -2.660470082437063
4.320080025692083 -0.2606875836279882
8.350552311886771 -1.036247967715263
17.997272293927235 -0.3299673670023511
11.501836668343957 -1.0089780074468349
7.26708275709042 0.7336928348601126
5.0632302928438655 -0.858864811338403
11.327101857096599 0.4201814538168952
19.177226087284573 -1.0404932548884966
2.8431908401101587 2.7136228492035754
5.550090894068058 -0.9004834621852139
3.3571676222585207 -0.9078266563714962
15.214404948601858 -1.820478928312216
12.455095715577702 -0.8042357168984972
11.460096412609097 -0.8781112408387365
17.873108450036355 0.9142490362347709
1.5859589794746725 -0.596404027630173
18.733301403908936 -1.0496122633333176
13.881336356223748 -3.2008784505884083
10.189719279490928 -0.6798895735529956
9.28087976834518 -0.8299784150997478
4.219895254638498 -0.7910490140471101
14.463222468204505 -2.044341170455796
17.87939554939725 -0.14118548389989383
15.031465846082057 -1.2299239585322073
18.79653088353761 0.19038432824858315
19.35882128083352 -0.6628562543191912
0.4033865819399848 -0.9651300631140445
9.891473670360947 -1.7090142408883664
16.135558537608706 -1.0790297262816038
13.45066328319274 -0.3788805895641949
15.852001215571015 3.3575284420238893
16.532039546332935 -1.2885539224557652
4.643072174683898 -0.4939939596266827
5.087784896058981 -0.9599600947468858
3.030881659701881 1.2049961586489304
15.90239015424712 -1.4360333939058572
8.325998270399767 -0.4114358765882494
8.08978866034553 -2.982414202396984
0.7409055858129628 0.8434720520594007
11.905397662838041 -1.6796239218610611
18.005449546229258 -0.27804571233023834
10.182837550206363 -1.25716908206178
18.69519652988007 3.1408050402920287
19.392380526888036 0.5795915905269114
5.124016367506898 1.5383938805846298
16.752658743212795 -0.4419508963083755
5.493601431328579 -0.9138941532079182
4.372513006088581 -0.5495095224811757
4.020418153554962 0.15413280154939377
19.636843348651805 0.764408299130888
13.005208161220617 1.6287186755763643
5.335500623644901 -0.8036969089859874
9.901361616902943 0.19571307158889156
8.973328942619894 -0.9323480313209652
1.205359103921252 1.8237343777330821
8.90027219569344 0.8301678206438876
7.52661991943607 -0.12321740002156854
14.87427987410148 -0.9225169117224269
9.895749194216895 -0.9857465766372553
18.106513034984605 -1.1893894868656938
17.25336635707435 -1.2903797960702168
5.746468943376793 -1.4132307159074409
2.812786021771413 -0.5296972384077563
4.955679384988315 -0.9474666500706047
9.255451899804463 0.18033655704086643
17.348354745131047 -1.3284312334805342
0.6797554121336757 -0.347354494617008
11.007286670840873 -1.0917473120366825
11.057165248624381 -0.9294399996328229
10.1425640721202 -2.622233600846993
5.816947374818108 -1.5595758802958861
1.3846482037079153 -0.510668959933484
0.9475252559287657 -1.0471673343475554
12.59925521363753 -2.682603526663
9.978362017435373 -1.2031221360252946
5.896188042104835 -1.3683658469146593
0.14794896980203517 -0.17794535474830397
18.473354028974768 -1.895883676302329
12.005438427464142 -0.32560578069981855
10.529783432229628 -2.2890520484795065
9.091253131761547 0.9427404292284813
16.009275196452894 -6.3969638565373375
13.51697482164715 -0.9169621800531279
1.2305714458045918 -0.6872720079872162
19.191253480509747 -0.030888488450693773
18.69846537966004 -1.1113380232796777
3.281702972548007 -0.7292233023042131
17.101465290855177 -1.0572360941911942
11.43851158000867 -1.793290126326583
11.81448757701085 -2.2021861920812147
14.04196101473432 -2.305576646780256
4.91360384019621 -1.1433742309372146
1.9462787741446852 -4.658034918716566
10.273051865714002 -1.052510298446183
12.399544934936607 -0.8947320286378455
6.498322826821331 -1.3607431532427017
10.495071359836492 -0.8070306294961784
18.660098735424917 -0.9401207788164941
0.19543810034871398 -0.39904098618815437
2.016462178579253 -0.5460176941686132
6.7030637927453816 -0.43200105102981645
18.318158485104373 -0.887274080017736
2.052798949045099 -0.6552595483849759
5.255575968799016 -0.9603936848141966
18.277652245366472 -1.3086687746107077
8.940736400949518 -0.5873439016181877
14.678100905195189 -3.8919728826063893
8.857152067707371 -0.9959447847143322
16.415406727701956 -2.7244884389898303
10.279740050683033 -0.9835609682342372
18.16422206335352 -1.4572814243171535
3.8475124561182725 -4.666241712941624
15.035079511073203 -1.0480719237594682
2.021851669293885 -0.8500453306243412
8.674093073053172 1.9226909808877606
9.13604251587754 -1.6235523377885202
14.949694625815006 -1.5729454731288912
4.618640592427752 -0.9936309800849353
10.43800931518364 -0.697156602622325
4.443002235132063 -0.9129747126472004
7.541825707014545 -1.3657300155534644
2.5012253560418656 -0.859181520965115
12.680392407058386 -1.6264744626080863
16.15915605036495 0.38734722372126246
9.519508556693136 -0.6204491350234728
4.273186277736779 -0.6354766001104598
6.5036808957359105 0.008473818184973322
10.077875435310606 -1.0476977866002324
19.786007887449543 0.7415541366624739
5.631463971081022 -1.1786730312885243
6.481548621685415 -0.31976573938234015
8.219192720726305 -0.8365431115939332
4.162235295877227 -0.7033194797907603
19.705726865394308 -1.485575140560398
7.805865607998355 -0.7906324693278768
15.293207538229934 -1.3490152652252012
15.906216186781077 -0.897443829740224
17.366497132648817 0.05565379976013228
7.2257658928440325 1.6661932985015802
1.0743861471353882 -0.6588854288461233
19.664898424844562 -0.3950363915442858
9.768127371507331 -1.0180060344739623
0.12339304345794493 -0.746403701416871
3.8517475141765414 -0.625395982516604
1.3280559926009188 -0.28209982714372017
15.631275051163836 0.2437041802478959
4.477456510444808 -1.1035053477003725
12.015517423055803 -0.04238433099737071
1.549287181277247 1.7581319016542114
9.036205965790566 -0.8912319473234935
13.77723871589961 -0.6076738871336015
2.635149346493021 -0.7496331037116941
6.432189624099284 -0.6855152535816035
18.49199561904861 -0.9246632164990268
6.982969336227467 0.054169135344404144
8.51936556184379 -2.285575563907017
10.099201850494667 -0.40037249086720644
5.660306379734664 -1.787597088575993
9.343767989038978 -0.1361007013039447
9.293717833191483 -2.2581910361394075
4.492129385924148 -0.8178982426794396
3.060840842740261 -0.5198868032402668
19.703490131837214 3.2641896200840472
14.823582515762306 -0.09066066491451613
17.040927710212614 0.41019445813111677
14.311785760801746 -1.5568876317605398
16.66218427837567 -0.7671124459995918
10.61917141908507 -0.8438260936516485
2.8040036279048453 -0.15701271000551054
17.484854802886755 -1.2226899972451637
3.5460613444091766 0.3246456322615099
12.316605963810732 -0.3614602214136212
17.991390234641678 -0.2585401268662074
3.7823163480336817 -1.7545286236594726
1.6360350365727547 0.3429682363271151
0.03608646729719017 -0.5918720369030158
11.584960282622216 -0.3245956700341121
10.593443384254298 0.1893341977666492
13.802732083601732 -0.7969677243752461
13.931720345199363 -0.7700845622066165
11.2695770830969 1.4954324151060967
2.0158163963578217 -0.6109081149701867
11.899655063541404 -0.3797481564537048
19.923688036762854 -0.8510629241255919
14.70544847185808 0.1977043887292277
19.487251976456157 -0.8808304338717714
9.674509965928792 0.6455528212812953
13.04820054369448 -1.0353282831414903
6.230261512323839 -0.557518197582826
3.171717506805531 0.3324758323460388
9.943773586099704 -2.7817622175174566
15.877335647873945 0.18801140445261283
14.952771121654846 1.6366499507749799
9.166111080835622 -1.1820866107769188
5.1460433153400675 -1.35723962574486
4.510533708926846 -0.07263574615332631
18.53964082291551 -0.6639708603751886
4.031214035019764 -0.2773992563383737
13.955626973060232 -1.179018592901835
7.89947112091261 -0.1572143615067066
14.72232102505486 -1.0605615676647726
7.74238683787397 -0.8143792112820132
14.958157461654794 0.3222283169542604
5.362268042699331 -2.6082268722013953
16.16837760635338 -1.0920104228572134
6.4976200529211114 -0.6933939743103126
12.19956507634697 -0.08650380814721255
18.665384685692096 -0.5592006497908105
10.757214003648626 1.9442963545093481
2.7337028626170583 0.8742632560205426
16.452794698990928 2.78292042450086
0.9253146967849837 -4.850858133558737
13.264155561742339 -0.7771223746961283
1.1137499750162636 -0.8129595150268017
18.318571345027163 -0.7128026193471736
15.958376647947881 -0.94950591971468
19.258234351386722 -1.0724328295431598
0.2829315035696629 -0.4901402873127155
15.519385918532222 -1.0801266514986716
0.10170835595032043 -0.6937033025050714
14.967669581316683 -1.0188887423285273
4.644619858598603 -0.6035250002866551
2.7880531218340585 -4.408154153891833
1.4009410001817733 -0.845226379424356
10.56947346267878 1.3065867941577105
5.489997370257105 1.4713248543023576
14.979369043236971 -1.0771846736710144
16.600879678451516 -0.8709271572132259
1.951522352061507 2.4233358024675886
18.124110778369705 0.3526912480413098
11.925297697549295 2.0053426907530305
9.539801870059643 -0.6846432004059948
3.6482919642710714 0.8636476845496387
5.054366528229892 0.8841781764632822
14.666490089759026 -0.40634393237175426
9.946585957837277 -0.01299267032198767
13.649630600999187 -0.8047141612233243
2.8937612386689784 -0.07568093641859171
13.795159796457597 -0.38771897447779397
8.7960638024509 -1.0691215716207019
9.24427236639536 -0.21531456471525345
5.200177114617636 -1.125253042747889
8.839867933367106 0.15455501020349077
16.29526564914919 -1.6961561258484399
19.41672933911234 -1.3679636045557866
13.468801332946565 -0.9277831958744951
9.17832685058868 -0.6475417655917471
8.180381173672059 2.0543656993061163
17.416588676839833 -0.20096609916732752
12.152825575459488 -0.48523388558216474
10.32715732177038 0.5187061567686085
18.902235374944375 -0.30436968357435035
0.6433633845673753 -0.33866076391585004
17.552118588875615 -1.25128681643535
16.54011356056364 -1.4620243016667362
8.875795006393872 -0.9597529133933239
13.50182829224624 -1.8540571859521862
0.39034451434511463 -0.6152638401242188
10.967894439235145 -0.018301016339002912
2.1458305732034324 1.213549668958478
18.04068295022149 0.20307016007277373
16.471343019318113 -2.4719248729721843
13.377358014010381 -0.970685370387583
6.262334483211255 -0.6869349436637621
16.305330931021178 -0.08971255840528951
3.163961567977245 -0.6247193452619202
12.89087402280485 -0.09282923977222265
5.149123486867251 1.4726373339917986
1.2726204092761746 -0.6520554409063816
1.905746462892991 -0.6774708249048583
17.973702842715525 -0.5152566250080713
7.5029534026647795 -0.90960812263493
7.803884111005177 0.332891810802309
2.541222983433215 -0.5779078309172723
8.959324437661524 -0.9263086258690386
8.324344093802992 0.6030315774391604
15.309140395267423 1.3579506125105503
10.544753246853183 0.061441399840382535
14.753097701577975 -1.2187359168251837
18.89992480649255 -1.2742744674132012
1.3071579651929652 1.039102820928152
5.508634521651853 -4.189840665062759
3.8984001104537636 -0.11842547259895618
5.003441843755128 -1.7599027066871211
2.22094697823923 -1.147243825716513
12.388202889585399 -0.851894221125815
16.56980518775403 -0.9184459780779437
15.694500341647318 0.9185490279225007
17.04111489098769 -0.9828056577575851
4.2033004842681025 -1.1136925350860194
10.151109017142067 -0.5108854760883433
12.660908870059698 1.7856813858820857
15.46686610320867 -2.4177774275787627
14.191943587970352 -0.6011201405206487
7.68153907005157 -0.99178501847942
6.140437822835285 -1.1675588577039284
6.9573510677602295 -1.5071160217154191
8.246982450101504 -2.0173984754388425
10.834367272156173 -3.6248942145802796
11.621891152508885 -0.17107276192622678
6.6967027979673714 -0.6503940730531985
15.433810973403974 -1.7621624739837338
8.737341623180352 -2.4164975797196826
7.746141741461905 -1.213081365084279
4.732191796469561 2.1636152951561387
18.90130321275798 0.850762918255221
14.586446698443808 -1.5223259714890427
1.622633627249915 -0.8536262164632532
1.756643757532099 -0.9730768621571404
12.351888051421389 -1.030332118752889
13.056966844540188 -1.3318348701065543
8.276639567175406 -0.904927320197354
19.478649115355214 -0.9252794353660967
3.437618767838946 -0.6527198404791247
12.1308524887176 -0.5447346497183727
12.745205073112768 -0.37869451143694577
7.03740991110792 -1.3431454131949119
13.535272590435028 -1.886838923762284
15.473239539397328 -2.0773382816813597
5.08986459389418 -0.03610990022636842
13.849390488931828 -0.765935328058201
13.903518850355882 2.5516570522194075
19.32733431536264 -1.6742712210518584
14.547695530639496 -1.1351540775765887
19.57940140836273 -4.370665821199141
17.181152029762128 -1.6449480674575292
6.910567813272117 -1.0894603190888965
18.371736006521473 -1.4007226368128345
4.875457728773016 -2.770532755875735
15.965742131977935 -1.1207595483405368
10.28175729000601 1.6086646056158367
5.8732606600721 -2.3075000533555303
0.779226055595813 -1.4096257945787645
8.530806394068595 -1.4418779995915674
9.33657571582423 -2.2493586793542697
9.804366571201376 -1.5399355077863814
12.199186833618535 -1.0475643329409001
4.593218459532152 -0.9218242756584081
6.921291417531718 -0.8796879291783186
19.327725800128476 0.5376806717618917
19.4164961523357 -0.730037760597172
11.432005408316767 -1.0405018870120721
13.912561394986128 -0.6150070287601243
3.2211597366354834 1.5229712380761553
7.804346663315556 -1.1199080758582125
18.7814891436628 -1.2573144320679308
2.6560559319710126 -0.27445337846861395
5.443585451133987 -1.591683526291073
2.879660754538396 -0.5774368932046064
18.844597490546192 -1.4331238464470109
2.467093080150131 -0.3283952824392201
7.687886473870191 1.5899335875680278
11.122650785217228 0.2905813526021923
9.17345461631481 -1.23210857031552
1.8454435548655517 -0.6388961339375179
18.302659733090977 -0.7907439934283679
18.21118529661097 -2.111815136783692
13.832425635698689 -1.0829934680973001
12.16524001084355 -1.609598877302203
6.037734897591996 -0.8811172721656865
8.900450909368523 -1.5292108246376115
6.413232579939719 -0.9794033698783287
0.720316303784559 -0.31470729072172604
5.807228015842707 -1.3048592178064844
0.19560680035511407 0.8039194391093846
6.41680818517556 -1.160229068717397
8.112659290677948 0.4648761875655355
0.9697580500280982 -0.772757626214757
9.147683984355446 -1.5088498083717945
16.041754478183837 -5.317725358791612
18.791572515424864 -1.285730075967264
16.87817229436982 -1.2577341896155756
10.457737901772484 -1.110594200733375
8.94373215298719 -1.3039631010208943
10.036903961863347 -1.6371844977923407
8.022021871546592 -1.2164475092405034
13.162160414349438 1.7868100012851518
9.370242252246339 -0.9625106647671049
17.453625419984395 -0.9412042149617518
9.974768646853905 -1.1587438468915536
14.142912373740051 -0.12454206348037425
10.803176156527217 -4.089287658077477
18.000751807005322 2.1345552434415773
10.10632972807036 -0.9251227090458631
17.855984021460976 -0.801009478180567
18.581066957118573 0.3040580177950094
2.3365600800212865 2.6401098433748094
0.6103521072435145 0.9338876580119136
2.549597060996351 0.9281577952127598
5.611305932596002 -1.3613750080447475
10.974917843354369 1.3940423145845184
0.5880199505259409 -0.049351258081432266
12.154030287876711 -0.06378680329664145
11.345654098321848 0.27621475236510795
3.134267358966394 0.04617225911894416
0.5480289931585371 -0.7667049657307224
1.2453227721993434 1.8449620367677868
2.9187575878233023 -0.6192934024695647
2.6474733264029267 -1.747594350013917
5.100023789813263 -0.5914399623504123
14.194869954778818 -0.6696650635799937
4.433758054423654 -0.9142333644816932
17.952371873439205 3.323890585574868
0.40494400648304457 -4.8046559472494925
9.737818966339246 -1.1988157426684618
0.8254497541274443 -4.156115781296248
6.000228190544005 1.678998479815867
13.447081557065678 -0.7268493455116857
16.668111226352107 -0.9781662918334332
1.1305636533073617 -1.0105705029909846
6.59744342084653 0.10915539859660356
0.8274577443244426 2.6723748820174533
8.655560514629181 0.8565511574673368
8.121168976538748 -1.204036154809425
8.27845779843462 -0.9502132851563638
1.0684714840688307 2.661801872838885
4.6565502311002005 1.6536435802329323
10.702066696307536 -0.09292365945208018
16.871939704785177 2.988159870702863
5.9737019142760905 1.782578103138709
1.670827591123293 -0.17032242053390262
9.236799303337786 -2.110614332948036
8.333664058283134 1.7440102698859603
7.757785148774821 -0.8045522995239711
16.793091498963165 -0.47095790333589205
9.825213421776521 -2.1066178780120195
1.316719631446595 1.863949238363825
0.5191110917048692 -0.4689973063736392
10.870890432470768 0.07451916470550046
3.5430759370829517 -0.6477416922676712
18.172237072189873 2.1740910047594975
8.76370671699372 -0.7991555436783475
1.420688413061293 -3.991200042227997
15.635700976753043 -0.53973696582234
10.997307744207355 -0.23236973602389477
16.933236870728724 -0.7600032613678973
17.557596942548944 3.0253065872921434
18.440689521663487 -0.7902971199584771
5.910087016172631 0.3493970967818635
6.38714105413886 0.6395089610516062
0.32922254005526663 2.29642585339448
11.143081601752742 -1.2339942931845531
2.310533872515769 0.792471872617605
19.674131642299596 -0.4342147699208331
0.636505690709778 -0.2575145124622675
5.448510772763053 -1.7588683985423195
8.63956465390601 -0.5298317326498032
0.7818326540120315 2.952681114204966
13.54461677885393 1.6512396068754185
7.475643906970455 -0.5576655176876137
18.86491191967062 3.3729583402713152
18.07416671360671 -1.2685385354463878
6.795339266668033 -0.8761032820638592
8.81369601071302 -0.6689720580122109
7.0760391927616535 -1.0638626304425687
9.18400854884475 -1.1539665285142737
2.2926258548510283 0.11075676025143572
3.114614570955209 -0.8820308621521442
2.587505395256003 2.952018891397748
19.355114308434427 -0.6396771207282819
3.529983834293455 -0.8970278234936931
2.6920589156782038 -0.6486065641079239
17.52602457405162 0.47107900659595237
12.471549382844726 -0.04066089885460166
7.124692997477662 -0.7020902268365514
9.893194864584343 0.6483798255693287
8.583927469190497 -1.2707922769837479
0.17668105607960727 -0.697929767920001
0.7051136956159035 -0.5448497468896358
8.32039926403594 -1.1184438947612407
8.677432623375056 -1.180697242627397
15.52740058416953 -1.2137354761034616
10.657678041343463 -0.8910384427020277
1.467818056197745 -0.7660162670806849
1.243173309377947 -0.43723470177915547
2.2708267950258896 3.065867567907673
5.789383729285817 -0.9401201066122945
17.02501955301045 0.9196697445355495
0.18376931680326813 -0.7018793854543145
6.199775258900794 0.741174582932865
16.75031190528111 -0.20285949176388945
14.478374842502118 -0.6225503356684841
15.405676729501614 -3.1995369268724825
5.876701448137906 -1.5255924775448746
15.531459186349458 -0.9799678804052818
8.798952908023681 -1.1337171851968229
6.087835879265368 -0.8447603542866847
12.392431047413158 -0.8441112680641424
6.184005288865833 0.02479559114213101
3.1536865686049467 -2.3868447753022752
15.496465220709498 -2.7721605090459525
11.077443556169648 -0.5909473551749174
15.849986551174917 -4.941874627415505
0.4845136340020571 -4.462119361837226
19.101588405524108 3.1883843657326336
12.747203515625175 -0.7303591116931103
17.171653371026004 -0.3769190968896411
13.82326292793862 -2.755394121799332
11.974568559852761 -0.18684152558827827
16.199902705637058 -0.9340031499555648
15.121461484316754 -1.3131011191926019
7.289878164861806 -1.3142807792026503
17.434537457722016 -1.2702442196419195
15.563777998899779 -1.7178773636001834
6.720683071320679 -0.6430576571886102
10.224872479563796 -1.3633712885299771
14.582746883501095 3.0171231148712185
2.2878111718231415 -0.9207287691061432
13.183463860926492 -1.394288745025313
13.50257882069594 -4.270739768838794
8.232519779074995 -1.214678200609816
17.345951543363313 -1.1251161938006595
3.447958847007541 -0.4484508538675098
0.4639824615326936 -0.520282923099068
10.694985539322582 -1.205034419078082
6.510497374667865 -0.27700191564926263
1.540034507092874 -0.4395065615140608
