19.9109999950652 -1.0
0.10900000493479815 1.0
19.930999955587108 -1.0
0.12900004441289106 1.0
19.950999876632483 -1.0
0.14900012336751833 1.0
19.97099975820444 -1.0
0.16900024179556303 1.0
19.99099960030765 -1.0
0.18900039969234975 1.0
0.01099940294835497 -1.0
0.20900059705164503 1.0
0.030999166134342532 -1.0
0.22900083386565748 1.0
0.050998889874961956 -1.0
0.24900111012503803 1.0
0.07099857418111952 -1.0
0.26900142581888054 1.0
0.09099821906527822 -1.0
0.2890017809347218 1.0
0.11099782454145743 -1.0
0.3090021754585426 1.0
0.13099739062523233 -1.0
0.32900260937476766 1.0
0.15099691733373313 -1.0
0.3490030826662669 1.0
0.17099640468564462 -1.0
0.36900359531435545 1.0
0.19099585270120514 -1.0
0.38900414729879484 1.0
0.21099526140220629 -1.0
0.40900473859779374 1.0
0.23099463081199142 -1.0
0.4290053691880086 1.0
0.25099396095545523 -1.0
0.44900603904454484 1.0
0.27099325185904233 -1.0
0.46900674814095766 1.0
0.2909925035507468 -1.0
0.48900749644925323 1.0
0.31099171606011056 -1.0
0.5090082839398895 1.0
0.3309908894182223 -1.0
0.5290091105817777 1.0
0.3509900236577166 -1.0
0.5490099763422834 1.0
0.37098911881277197 -1.0
0.5690108811872281 1.0
0.3909881749191103 -1.0
0.5890118250808897 1.0
0.4109871920139948 -1.0
0.6090128079860052 1.0
0.4309861701362291 -1.0
0.629013829863771 1.0
0.4509851093261549 -1.0
0.6490148906738452 1.0
0.47098400962565123 -1.0
0.6690159903743489 1.0
0.4909828710781323 -1.0
0.6890171289218676 1.0
0.5109816937285464 -1.0
0.7090183062714536 1.0
0.530980477623373 -1.0
0.729019522376627 1.0
0.5509792228106218 -1.0
0.7490207771893782 1.0
0.5709779293398308 -1.0
0.7690220706601693 1.0
0.5909765972620639 -1.0
0.7890234027379363 1.0
0.6109752266299092 -1.0
0.8090247733700907 1.0
0.6309738174974772 -1.0
0.8290261825025228 1.0
0.6509723699203978 -1.0
0.8490276300796022 1.0
0.6709708839558187 -1.0
0.8690291160441813 1.0
0.6909693596624037 -1.0
0.8890306403375964 1.0
0.710967797100329 -1.0
0.9090322028996711 1.0
0.7309661963312818 -1.0
0.9290338036687183 1.0
0.7509645574184578 -1.0
0.9490354425815422 1.0
0.7709628804265586 -1.0
0.9690371195734414 1.0
0.7909611654217888 -1.0
0.9890388345782112 1.0
0.8109594124718541 -1.0
1.009040587528146 1.0
0.8309576216459577 -1.0
1.0290423783540426 1.0
0.8509557930147984 -1.0
1.0490442069852017 1.0
0.8709539266505674 -1.0
1.0690460733494327 1.0
0.8909520226269457 -1.0
1.0890479773730544 1.0
0.9109500810191008 -1.0
1.1090499189808993 1.0
0.9309481019036842 -1.0
1.129051898096316 1.0
0.9509460853588275 -1.0
1.1490539146411727 1.0
0.9709440314641412 -1.0
1.169055968535859 1.0
0.9909419403007088 -1.0
1.1890580596992915 1.0
1.0109398119510864 -1.0
1.2090601880489138 1.0
1.0309376464992972 -1.0
1.229062353500703 1.0
1.0509354440308298 -1.0
1.2490645559691704 1.0
1.0709332046326336 -1.0
1.2690667953673662 1.0
1.0909309283931168 -1.0
1.289069071606883 1.0
1.110928615402141 -1.0
1.309071384597859 1.0
1.130926265751019 -1.0
1.329073734248981 1.0
1.1509238795325112 -1.0
1.3490761204674888 1.0
1.1709214568408215 -1.0
1.3690785431591785 1.0
1.1909189977715933 -1.0
1.3890810022284068 1.0
1.2109165024219068 -1.0
1.4090834975780933 1.0
1.230913970890274 -1.0
1.429086029109726 1.0
1.2509114032766355 -1.0
1.4490885967233647 1.0
1.270908799682356 -1.0
1.4690912003176442 1.0
1.2909061602102214 -1.0
1.4890938397897788 1.0
1.3109034849644328 -1.0
1.509096515035567 1.0
1.3309007740506051 -1.0
1.5290992259493947 1.0
1.3508980275757605 -1.0
1.5491019724242394 1.0
1.3708952456483248 -1.0
1.5691047543516752 1.0
1.3908924283781237 -1.0
1.5891075716218763 1.0
1.4108895758763782 -1.0
1.6091104241236218 1.0
1.4308866882557005 -1.0
1.6291133117442995 1.0
1.4508837656300886 -1.0
1.6491162343699115 1.0
1.470880808114923 -1.0
1.6691191918850772 1.0
1.490877815826961 -1.0
1.689122184173039 1.0
1.5108747888843335 -1.0
1.7091252111156667 1.0
1.5308717274065384 -1.0
1.7291282725934618 1.0
1.5508686315144382 -1.0
1.749131368485562 1.0
1.5708655013302528 -1.0
1.769134498669747 1.0
1.5908623369775572 -1.0
1.7891376630224427 1.0
1.610859138581274 -1.0
1.8091408614187259 1.0
1.630855906267671 -1.0
1.829144093732329 1.0
1.650852640164354 -1.0
1.849147359835646 1.0
1.6708493404002633 -1.0
1.8691506595997367 1.0
1.6908460071056677 -1.0
1.8891539928943324 1.0
1.7108426404121604 -1.0
1.9091573595878397 1.0
1.7308392404526525 -1.0
1.9291607595473477 1.0
1.7508358073613683 -1.0
1.9491641926386318 1.0
1.7708323412738407 -1.0
1.9691676587261595 1.0
1.7908288423269048 -1.0
1.9891711576730955 1.0
1.8108253106586931 -1.0
2.009174689341307 1.0
1.8308217464086294 -1.0
2.0291782535913705 1.0
1.850818149717425 -1.0
2.049181850282575 1.0
1.8708145207270703 -1.0
2.0691854792729294 1.0
1.8908108595808322 -1.0
2.0891891404191676 1.0
1.9108071664232464 -1.0
2.109192833576754 1.0
1.9308034414001125 -1.0
2.129196558599888 1.0
1.9507996846584867 -1.0
2.149200315341513 1.0
1.9707958963466807 -1.0
2.169204103653319 1.0
1.99079207661425 -1.0
2.1892079233857498 1.0
2.01078822561199 -1.0
2.2092117743880095 1.0
2.0307843434919333 -1.0
2.2292156565080665 1.0
2.0507804304073383 -1.0
2.2492195695926616 1.0
2.070776486512687 -1.0
2.269223513487313 1.0
2.0907725119636775 -1.0
2.2892274880363224 1.0
2.110768506917219 -1.0
2.309231493082781 1.0
2.130764471531423 -1.0
2.329235528468577 1.0
2.1507604059656 -1.0
2.3492395940344 1.0
2.170756310380251 -1.0
2.369243689619749 1.0
2.190752184937064 -1.0
2.389247815062936 1.0
2.2107480297989035 -1.0
2.4092519702010966 1.0
2.230743845129807 -1.0
2.429256154870193 1.0
2.2507396310949788 -1.0
2.4492603689050214 1.0
2.270735387860781 -1.0
2.469264612139219 1.0
2.29073111559473 -1.0
2.4892688844052704 1.0
2.310726814465487 -1.0
2.5092731855345134 1.0
2.3307224846428536 -1.0
2.5292775153571467 1.0
2.3507181262977634 -1.0
2.549281873702237 1.0
2.3707137396022766 -1.0
2.569286260397724 1.0
2.3907093247295723 -1.0
2.589290675270428 1.0
2.4107048818539427 -1.0
2.6092951181460577 1.0
2.430700411150784 -1.0
2.6292995888492166 1.0
2.4506959127965926 -1.0
2.649304087203408 1.0
2.470691386968955 -1.0
2.6693086130310446 1.0
2.490686833846544 -1.0
2.6893131661534557 1.0
2.5106822536091093 -1.0
2.7093177463908904 1.0
2.53067764643747 -1.0
2.7293223535625297 1.0
2.5506730125135095 -1.0
2.7493269874864903 1.0
2.5706683520201676 -1.0
2.7693316479798322 1.0
2.5906636651414323 -1.0
2.7893363348585676 1.0
2.610658952062334 -1.0
2.809341047937666 1.0
2.6306542129689356 -1.0
2.8293457870310643 1.0
2.65064944804833 -1.0
2.84935055195167 1.0
2.6706446574886273 -1.0
2.8693553425113727 1.0
2.690639841478951 -1.0
2.889360158521049 1.0
2.710635000209429 -1.0
2.9093649997905713 1.0
2.7306301338711854 -1.0
2.929369866128815 1.0
2.750625242656336 -1.0
2.9493747573436644 1.0
2.7706203267579768 -1.0
2.9693796732420235 1.0
2.7906153863701793 -1.0
2.989384613629821 1.0
2.8106104216879815 -1.0
3.009389578312019 1.0
2.830605432907381 -1.0
3.0293945670926195 1.0
2.850600420225326 -1.0
3.0493995797746742 1.0
2.8705953838397082 -1.0
3.069404616160292 1.0
2.890590323949356 -1.0
3.089409676050644 1.0
2.910585240754026 -1.0
3.1094147592459747 1.0
2.930580134454392 -1.0
3.1294198655456085 1.0
2.9505750052520434 -1.0
3.149424994747957 1.0
2.970569853349472 -1.0
3.1694301466505284 1.0
2.990564678950066 -1.0
3.1894353210499338 1.0
3.010559482258102 -1.0
3.2094405177418976 1.0
3.0305542634787366 -1.0
3.229445736521263 1.0
3.050549022817998 -1.0
3.249450977182002 1.0
3.0705437604827788 -1.0
3.269456239517221 1.0
3.0905384766808264 -1.0
3.2894615233191735 1.0
3.110533171620737 -1.0
3.309466828379263 1.0
3.1305278455119447 -1.0
3.3294721544880552 1.0
3.150522498564716 -1.0
3.349477501435284 1.0
3.170517130990138 -1.0
3.369482869009862 1.0
3.190511743000114 -1.0
3.389488256999886 1.0
3.210506334807353 -1.0
3.409493665192647 1.0
3.2305009066253607 -1.0
3.4294990933746394 1.0
3.2504954586684325 -1.0
3.4495045413315677 1.0
3.2704899911516443 -1.0
3.469510008848356 1.0
3.2904845042908444 -1.0
3.489515495709156 1.0
3.310478998302645 -1.0
3.5095210016973555 1.0
3.3304734734044126 -1.0
3.5295265265955877 1.0
3.350467929814261 -1.0
3.5495320701857396 1.0
3.370462367751041 -1.0
3.5695376322489594 1.0
3.3904567874343345 -1.0
3.589543212565666 1.0
3.410451189084442 -1.0
3.6095488109155585 1.0
3.430445572922377 -1.0
3.6295544270776237 1.0
3.450439939169856 -1.0
3.6495600608301446 1.0
3.47043428804929 -1.0
3.6695657119507104 1.0
3.490428619783775 -1.0
3.6895713802162247 1.0
3.510422934597085 -1.0
3.7095770654029145 1.0
3.5304172327136616 -1.0
3.729582767286338 1.0
3.550411514358605 -1.0
3.749588485641395 1.0
3.570405779757666 -1.0
3.769594220242334 1.0
3.5904000291372373 -1.0
3.7895999708627626 1.0
3.6103942627243426 -1.0
3.8096057372756573 1.0
3.6303884807466313 -1.0
3.8296115192533686 1.0
3.650382683432365 -1.0
3.849617316567635 1.0
3.670376871010412 -1.0
3.869623128989588 1.0
3.690371043710237 -1.0
3.889628956289763 1.0
3.7103652017618916 -1.0
3.9096347982381086 1.0
3.730359345396006 -1.0
3.929640654603994 1.0
3.7503534748437795 -1.0
3.9496465251562207 1.0
3.770347590336971 -1.0
3.9696524096630292 1.0
3.7903416921078916 -1.0
3.9896583078921086 1.0
3.8103357803893925 -1.0
4.009664219610608 1.0
3.830329855414859 -1.0
4.0296701445851415 1.0
3.8503239174181982 -1.0
4.049676082581802 1.0
3.8703179666338325 -1.0
4.069682033366168 1.0
3.8903120032966885 -1.0
4.0896879967033115 1.0
3.910306027642188 -1.0
4.109693972357811 1.0
3.9303000399062413 -1.0
4.129699960093759 1.0
3.950294040325232 -1.0
4.149705959674767 1.0
3.970288029136015 -1.0
4.169711970863985 1.0
3.9902820065759 -1.0
4.189717993424099 1.0
4.010275972882649 -1.0
4.2097240271173515 1.0
4.0302699282944605 -1.0
4.229730071705539 1.0
4.050263873049966 -1.0
4.249736126950035 1.0
4.070257807388215 -1.0
4.269742192611785 1.0
4.090251731548669 -1.0
4.289748268451332 1.0
4.110245645771193 -1.0
4.309754354228807 1.0
4.130239550296043 -1.0
4.329760449703958 1.0
4.150233445363856 -1.0
4.349766554636144 1.0
4.1702273312156475 -1.0
4.369772668784353 1.0
4.19022120809279 -1.0
4.38977879190721 1.0
4.210215076237018 -1.0
4.409784923762983 1.0
4.230208935890403 -1.0
4.429791064109597 1.0
4.250202787295358 -1.0
4.4497972127046435 1.0
4.270196630694616 -1.0
4.469803369305384 1.0
4.290190466331231 -1.0
4.489809533668768 1.0
4.310184294448563 -1.0
4.509815705551437 1.0
4.3301781152902645 -1.0
4.529821884709735 1.0
4.35017192910028 -1.0
4.5498280708997205 1.0
4.3701657361228285 -1.0
4.569834263877171 1.0
4.390159536602399 -1.0
4.589840463397602 1.0
4.4101533307837375 -1.0
4.609846669216262 1.0
4.430147118911839 -1.0
4.629852881088161 1.0
4.450140901231938 -1.0
4.6498590987680615 1.0
4.470134677989498 -1.0
4.669865322010502 1.0
4.490128449430201 -1.0
4.689871550569799 1.0
4.5101222157999405 -1.0
4.70987778420006 1.0
4.530115977344809 -1.0
4.729884022655191 1.0
4.550109734311092 -1.0
4.749890265688909 1.0
4.570103486945251 -1.0
4.769896513054749 1.0
4.590097235493923 -1.0
4.789902764506078 1.0
4.610090980203904 -1.0
4.809909019796096 1.0
4.6300847213221425 -1.0
4.829915278677858 1.0
4.650078459095728 -1.0
4.849921540904272 1.0
4.670072193771884 -1.0
4.869927806228117 1.0
4.690065925597952 -1.0
4.889934074402048 1.0
4.710059654821391 -1.0
4.90994034517861 1.0
4.730053381689759 -1.0
4.929946618310241 1.0
4.750047106450711 -1.0
4.94995289354929 1.0
4.770040829351979 -1.0
4.969959170648021 1.0
4.790034550641375 -1.0
4.989965449358625 1.0
4.810028270566771 -1.0
5.0099717294332295 1.0
4.8300219893760925 -1.0
5.029978010623907 1.0
4.850015707317312 -1.0
5.049984292682688 1.0
4.870009424638433 -1.0
5.069990575361566 1.0
4.890003141587487 -1.0
5.089996858412514 1.0
4.909996858412514 -1.0
5.110003141587486 1.0
4.929990575361567 -1.0
5.130009424638433 1.0
4.9499842926826885 -1.0
5.150015707317311 1.0
4.969978010623908 -1.0
5.170021989376092 1.0
4.98997172943323 -1.0
5.19002827056677 1.0
5.009965449358626 -1.0
5.2100345506413746 1.0
5.029959170648022 -1.0
5.230040829351978 1.0
5.049952893549291 -1.0
5.25004710645071 1.0
5.069946618310242 -1.0
5.270053381689758 1.0
5.0899403451786105 -1.0
5.29005965482139 1.0
5.109934074402049 -1.0
5.310065925597951 1.0
5.1299278062281175 -1.0
5.330072193771883 1.0
5.1499215409042725 -1.0
5.3500784590957275 1.0
5.169915278677859 -1.0
5.370084721322142 1.0
5.189909019796096 -1.0
5.390090980203904 1.0
5.2099027645060785 -1.0
5.4100972354939225 1.0
5.22989651305475 -1.0
5.43010348694525 1.0
5.24989026568891 -1.0
5.450109734311091 1.0
5.269884022655192 -1.0
5.4701159773448085 1.0
5.28987778420006 -1.0
5.490122215799939 1.0
5.3098715505698 -1.0
5.5101284494302005 1.0
5.329865322010503 -1.0
5.530134677989497 1.0
5.3498590987680625 -1.0
5.550140901231938 1.0
5.369852881088161 -1.0
5.570147118911838 1.0
5.389846669216263 -1.0
5.590153330783737 1.0
5.409840463397602 -1.0
5.6101595366023975 1.0
5.429834263877172 -1.0
5.630165736122828 1.0
5.449828070899721 -1.0
5.650171929100279 1.0
5.469821884709736 -1.0
5.670178115290264 1.0
5.489815705551438 -1.0
5.690184294448562 1.0
5.509809533668769 -1.0
5.710190466331231 1.0
5.529803369305385 -1.0
5.730196630694615 1.0
5.549797212704644 -1.0
5.750202787295357 1.0
5.569791064109598 -1.0
5.770208935890402 1.0
5.589784923762983 -1.0
5.7902150762370175 1.0
5.60977879190721 -1.0
5.8102212080927895 1.0
5.629772668784354 -1.0
5.830227331215647 1.0
5.649766554636145 -1.0
5.850233445363855 1.0
5.669760449703959 -1.0
5.870239550296042 1.0
5.689754354228808 -1.0
5.890245645771192 1.0
5.7097482684513325 -1.0
5.9102517315486685 1.0
5.729742192611786 -1.0
5.930257807388214 1.0
5.749736126950036 -1.0
5.950263873049965 1.0
5.76973007170554 -1.0
5.97026992829446 1.0
5.789724027117352 -1.0
5.990275972882648 1.0
5.8097179934241 -1.0
6.0102820065759 1.0
5.829711970863985 -1.0
6.030288029136014 1.0
5.849705959674768 -1.0
6.050294040325232 1.0
5.869699960093759 -1.0
6.070300039906241 1.0
5.889693972357812 -1.0
6.090306027642188 1.0
5.909687996703312 -1.0
6.110312003296688 1.0
5.929682033366168 -1.0
6.130317966633832 1.0
5.949676082581802 -1.0
6.150323917418198 1.0
5.969670144585142 -1.0
6.170329855414859 1.0
5.989664219610607 -1.0
6.190335780389392 1.0
6.009658307892109 -1.0
6.2103416921078916 1.0
6.029652409663029 -1.0
6.2303475903369705 1.0
6.049646525156222 -1.0
6.250353474843779 1.0
6.069640654603995 -1.0
6.270359345396005 1.0
6.089634798238109 -1.0
6.290365201761892 1.0
6.109628956289764 -1.0
6.310371043710236 1.0
6.129623128989588 -1.0
6.3303768710104125 1.0
6.149617316567635 -1.0
6.350382683432365 1.0
6.16961151925337 -1.0
6.370388480746631 1.0
6.189605737275658 -1.0
6.390394262724342 1.0
6.209599970862763 -1.0
6.410400029137238 1.0
6.229594220242334 -1.0
6.430405779757666 1.0
6.249588485641396 -1.0
6.450411514358605 1.0
6.269582767286339 -1.0
6.470417232713661 1.0
6.2895770654029155 -1.0
6.490422934597086 1.0
6.309571380216226 -1.0
6.510428619783775 1.0
6.3295657119507105 -1.0
6.530434288049289 1.0
6.349560060830145 -1.0
6.550439939169856 1.0
6.369554427077623 -1.0
6.5704455729223765 1.0
6.389548810915559 -1.0
6.590451189084441 1.0
6.409543212565666 -1.0
6.610456787434334 1.0
6.42953763224896 -1.0
6.630462367751041 1.0
6.4495320701857395 -1.0
6.65046792981426 1.0
6.469526526595589 -1.0
6.670473473404412 1.0
6.489521001697355 -1.0
6.690478998302645 1.0
6.509515495709156 -1.0
6.710484504290845 1.0
6.529510008848356 -1.0
6.730489991151644 1.0
6.549504541331569 -1.0
6.750495458668432 1.0
6.56949909337464 -1.0
6.77050090662536 1.0
6.589493665192648 -1.0
6.790506334807353 1.0
6.609488256999886 -1.0
6.810511743000114 1.0
6.629482869009863 -1.0
6.830517130990138 1.0
6.6494775014352845 -1.0
6.8505224985647155 1.0
6.669472154488056 -1.0
6.870527845511945 1.0
6.689466828379263 -1.0
6.890533171620737 1.0
6.709461523319174 -1.0
6.910538476680827 1.0
6.729456239517222 -1.0
6.930543760482778 1.0
6.749450977182002 -1.0
6.950549022817999 1.0
6.769445736521264 -1.0
6.9705542634787365 1.0
6.789440517741899 -1.0
6.990559482258102 1.0
6.809435321049935 -1.0
7.0105646789500655 1.0
6.8294301466505285 -1.0
7.030569853349471 1.0
6.849424994747957 -1.0
7.0505750052520435 1.0
6.869419865545608 -1.0
7.070580134454391 1.0
6.889414759245975 -1.0
7.0905852407540255 1.0
6.909409676050644 -1.0
7.1105903239493555 1.0
6.9294046161602925 -1.0
7.130595383839708 1.0
6.949399579774674 -1.0
7.1506004202253255 1.0
6.969394567092619 -1.0
7.170605432907381 1.0
6.989389578312019 -1.0
7.190610421687981 1.0
7.0093846136298215 -1.0
7.210615386370179 1.0
7.0293796732420235 -1.0
7.230620326757976 1.0
7.049374757343665 -1.0
7.250625242656335 1.0
7.069369866128815 -1.0
7.270630133871185 1.0
7.089364999790572 -1.0
7.290635000209429 1.0
7.109360158521049 -1.0
7.310639841478951 1.0
7.129355342511373 -1.0
7.3306446574886275 1.0
7.14935055195167 -1.0
7.35064944804833 1.0
7.169345787031065 -1.0
7.370654212968936 1.0
7.189341047937667 -1.0
7.390658952062333 1.0
7.209336334858568 -1.0
7.410663665141433 1.0
7.229331647979833 -1.0
7.4306683520201675 1.0
7.249326987486491 -1.0
7.45067301251351 1.0
7.26932235356253 -1.0
7.47067764643747 1.0
7.289317746390892 -1.0
7.490682253609109 1.0
7.309313166153456 -1.0
7.5106868338465445 1.0
7.329308613031045 -1.0
7.530691386968955 1.0
7.349304087203408 -1.0
7.550695912796592 1.0
7.369299588849216 -1.0
7.570700411150783 1.0
7.389295118146058 -1.0
7.590704881853942 1.0
7.4092906752704275 -1.0
7.610709324729572 1.0
7.429286260397724 -1.0
7.630713739602276 1.0
7.449281873702237 -1.0
7.650718126297763 1.0
7.469277515357147 -1.0
7.6707224846428534 1.0
7.489273185534513 -1.0
7.690726814465487 1.0
7.50926888440527 -1.0
7.71073111559473 1.0
7.529264612139219 -1.0
7.730735387860781 1.0
7.549260368905022 -1.0
7.750739631094978 1.0
7.569256154870193 -1.0
7.7707438451298065 1.0
7.589251970201097 -1.0
7.790748029798904 1.0
7.609247815062936 -1.0
7.810752184937064 1.0
7.6292436896197495 -1.0
7.830756310380251 1.0
7.6492395940344 -1.0
7.8507604059656 1.0
7.669235528468578 -1.0
7.870764471531423 1.0
7.689231493082781 -1.0
7.890768506917219 1.0
7.709227488036323 -1.0
7.910772511963678 1.0
7.729223513487313 -1.0
7.930776486512687 1.0
7.749219569592663 -1.0
7.950780430407338 1.0
7.7692156565080674 -1.0
7.970784343491933 1.0
7.7892117743880105 -1.0
7.990788225611991 1.0
7.809207923385751 -1.0
8.01079207661425 1.0
7.8292041036533195 -1.0
8.030795896346682 1.0
7.8492003153415135 -1.0
8.050799684658488 1.0
7.869196558599888 -1.0
8.070803441400113 1.0
7.889192833576754 -1.0
8.090807166423247 1.0
7.909189140419167 -1.0
8.110810859580832 1.0
7.929185479272929 -1.0
8.13081452072707 1.0
7.949181850282576 -1.0
8.150818149717425 1.0
7.969178253591371 -1.0
8.17082174640863 1.0
7.989174689341308 -1.0
8.190825310658692 1.0
8.009171157673094 -1.0
8.210828842326904 1.0
8.029167658726161 -1.0
8.23083234127384 1.0
8.049164192638633 -1.0
8.250835807361367 1.0
8.069160759547348 -1.0
8.270839240452652 1.0
8.089157359587839 -1.0
8.29084264041216 1.0
8.109153992894333 -1.0
8.310846007105669 1.0
8.129150659599738 -1.0
8.330849340400263 1.0
8.149147359835647 -1.0
8.350852640164353 1.0
8.16914409373233 -1.0
8.37085590626767 1.0
8.189140861418727 -1.0
8.390859138581275 1.0
8.209137663022444 -1.0
8.410862336977557 1.0
8.229134498669747 -1.0
8.430865501330253 1.0
8.249131368485562 -1.0
8.450868631514437 1.0
8.269128272593463 -1.0
8.47087172740654 1.0
8.289125211115667 -1.0
8.490874788884334 1.0
8.30912218417304 -1.0
8.51087781582696 1.0
8.329119191885077 -1.0
8.530880808114922 1.0
8.34911623436991 -1.0
8.550883765630088 1.0
8.3691133117443 -1.0
8.570886688255701 1.0
8.389110424123622 -1.0
8.590889575876378 1.0
8.409107571621876 -1.0
8.610892428378124 1.0
8.429104754351675 -1.0
8.630895245648324 1.0
8.449101972424241 -1.0
8.65089802757576 1.0
8.469099225949396 -1.0
8.670900774050605 1.0
8.489096515035568 -1.0
8.690903484964432 1.0
8.509093839789779 -1.0
8.71090616021022 1.0
8.529091200317644 -1.0
8.730908799682357 1.0
8.549088596723365 -1.0
8.750911403276636 1.0
8.569086029109727 -1.0
8.770913970890273 1.0
8.589083497578093 -1.0
8.790916502421906 1.0
8.609081002228407 -1.0
8.810918997771594 1.0
8.62907854315918 -1.0
8.830921456840821 1.0
8.64907612046749 -1.0
8.85092387953251 1.0
8.66907373424898 -1.0
8.870926265751018 1.0
8.68907138459786 -1.0
8.890928615402142 1.0
8.709069071606883 -1.0
8.910930928393118 1.0
8.729066795367366 -1.0
8.930933204632634 1.0
8.74906455596917 -1.0
8.95093544403083 1.0
8.769062353500704 -1.0
8.970937646499298 1.0
8.789060188048914 -1.0
8.990939811951087 1.0
8.809058059699291 -1.0
9.01094194030071 1.0
8.82905596853586 -1.0
9.03094403146414 1.0
8.849053914641173 -1.0
9.050946085358829 1.0
8.869051898096316 -1.0
9.070948101903685 1.0
8.8890499189809 -1.0
9.0909500810191 1.0
8.909047977373055 -1.0
9.110952022626945 1.0
8.929046073349433 -1.0
9.130953926650566 1.0
8.949044206985203 -1.0
9.150955793014798 1.0
8.969042378354043 -1.0
9.170957621645957 1.0
8.989040587528146 -1.0
9.190959412471853 1.0
9.009038834578211 -1.0
9.210961165421788 1.0
9.029037119573443 -1.0
9.230962880426558 1.0
9.049035442581543 -1.0
9.250964557418458 1.0
9.069033803668718 -1.0
9.270966196331281 1.0
9.089032202899672 -1.0
9.290967797100327 1.0
9.109030640337597 -1.0
9.310969359662405 1.0
9.129029116044181 -1.0
9.33097088395582 1.0
9.149027630079603 -1.0
9.350972369920397 1.0
9.169026182502522 -1.0
9.370973817497477 1.0
9.189024773370091 -1.0
9.39097522662991 1.0
9.209023402737937 -1.0
9.410976597262064 1.0
9.22902207066017 -1.0
9.43097792933983 1.0
9.249020777189378 -1.0
9.450979222810622 1.0
9.26901952237663 -1.0
9.470980477623373 1.0
9.289018306271455 -1.0
9.490981693728546 1.0
9.309017128921868 -1.0
9.510982871078133 1.0
9.32901599037435 -1.0
9.53098400962565 1.0
9.349014890673846 -1.0
9.550985109326156 1.0
9.369013829863771 -1.0
9.57098617013623 1.0
9.389012807986006 -1.0
9.590987192013994 1.0
9.40901182508089 -1.0
9.61098817491911 1.0
9.429010881187228 -1.0
9.63098911881277 1.0
9.449009976342284 -1.0
9.650990023657718 1.0
9.469009110581778 -1.0
9.670990889418222 1.0
9.48900828393989 -1.0
9.69099171606011 1.0
9.509007496449254 -1.0
9.710992503550745 1.0
9.529006748140958 -1.0
9.730993251859044 1.0
9.549006039044546 -1.0
9.750993960955455 1.0
9.569005369188009 -1.0
9.770994630811991 1.0
9.589004738597794 -1.0
9.790995261402205 1.0
9.609004147298796 -1.0
9.810995852701206 1.0
9.629003595314357 -1.0
9.830996404685644 1.0
9.649003082666267 -1.0
9.850996917333733 1.0
9.669002609374768 -1.0
9.87099739062523 1.0
9.689002175458544 -1.0
9.890997824541458 1.0
9.709001780934722 -1.0
9.910998219065279 1.0
9.72900142581888 -1.0
9.93099857418112 1.0
9.749001110125038 -1.0
9.950998889874962 1.0
9.76900083386566 -1.0
9.970999166134343 1.0
9.789000597051645 -1.0
9.990999402948356 1.0
9.80900039969235 -1.0
10.01099960030765 1.0
9.829000241795564 -1.0
10.030999758204436 1.0
9.849000123367519 -1.0
10.050999876632483 1.0
9.869000044412893 -1.0
10.070999955587109 1.0
9.889000004934799 -1.0
10.090999995065202 1.0
9.909000004934798 -1.0
10.110999995065201 1.0
9.929000044412891 -1.0
10.130999955587107 1.0
9.949000123367519 -1.0
10.150999876632483 1.0
9.969000241795564 -1.0
10.170999758204436 1.0
9.98900039969235 -1.0
10.19099960030765 1.0
10.009000597051644 -1.0
10.210999402948355 1.0
10.029000833865659 -1.0
10.230999166134342 1.0
10.049001110125038 -1.0
10.250998889874962 1.0
10.06900142581888 -1.0
10.27099857418112 1.0
10.089001780934721 -1.0
10.290998219065278 1.0
10.109002175458544 -1.0
10.310997824541458 1.0
10.12900260937477 -1.0
10.330997390625232 1.0
10.149003082666267 -1.0
10.350996917333733 1.0
10.169003595314356 -1.0
10.370996404685643 1.0
10.189004147298796 -1.0
10.390995852701206 1.0
10.209004738597795 -1.0
10.410995261402206 1.0
10.229005369188009 -1.0
10.430994630811991 1.0
10.249006039044545 -1.0
10.450993960955454 1.0
10.269006748140958 -1.0
10.470993251859044 1.0
10.289007496449255 -1.0
10.490992503550746 1.0
10.30900828393989 -1.0
10.51099171606011 1.0
10.329009110581778 -1.0
10.530990889418222 1.0
10.349009976342284 -1.0
10.550990023657718 1.0
10.36901088118723 -1.0
10.570989118812772 1.0
10.38901182508089 -1.0
10.59098817491911 1.0
10.409012807986006 -1.0
10.610987192013994 1.0
10.42901382986377 -1.0
10.630986170136229 1.0
10.449014890673846 -1.0
10.650985109326156 1.0
10.46901599037435 -1.0
10.67098400962565 1.0
10.489017128921867 -1.0
10.690982871078132 1.0
10.509018306271454 -1.0
10.710981693728545 1.0
10.529019522376629 -1.0
10.730980477623373 1.0
10.549020777189378 -1.0
10.750979222810622 1.0
10.56902207066017 -1.0
10.77097792933983 1.0
10.589023402737936 -1.0
10.790976597262063 1.0
10.609024773370091 -1.0
10.81097522662991 1.0
10.629026182502523 -1.0
10.830973817497478 1.0
10.649027630079603 -1.0
10.850972369920397 1.0
10.66902911604418 -1.0
10.870970883955819 1.0
10.689030640337597 -1.0
10.890969359662405 1.0
10.709032202899673 -1.0
10.910967797100328 1.0
10.729033803668719 -1.0
10.930966196331282 1.0
10.749035442581542 -1.0
10.950964557418457 1.0
10.769037119573444 -1.0
10.970962880426558 1.0
10.789038834578212 -1.0
10.990961165421789 1.0
10.809040587528147 -1.0
11.010959412471854 1.0
10.829042378354043 -1.0
11.030957621645957 1.0
10.849044206985203 -1.0
11.050955793014799 1.0
10.869046073349434 -1.0
11.070953926650567 1.0
10.889047977373055 -1.0
11.090952022626945 1.0
10.9090499189809 -1.0
11.1109500810191 1.0
10.929051898096315 -1.0
11.130948101903684 1.0
10.949053914641173 -1.0
11.150946085358829 1.0
10.96905596853586 -1.0
11.17094403146414 1.0
10.98905805969929 -1.0
11.190941940300709 1.0
11.009060188048913 -1.0
11.210939811951086 1.0
11.029062353500704 -1.0
11.230937646499298 1.0
11.04906455596917 -1.0
11.25093544403083 1.0
11.069066795367366 -1.0
11.270933204632634 1.0
11.089069071606882 -1.0
11.290930928393117 1.0
11.10907138459786 -1.0
11.310928615402142 1.0
11.129073734248982 -1.0
11.33092626575102 1.0
11.14907612046749 -1.0
11.35092387953251 1.0
11.169078543159179 -1.0
11.37092145684082 1.0
11.189081002228408 -1.0
11.390918997771594 1.0
11.209083497578094 -1.0
11.410916502421907 1.0
11.229086029109727 -1.0
11.430913970890273 1.0
11.249088596723364 -1.0
11.450911403276635 1.0
11.269091200317645 -1.0
11.470908799682357 1.0
11.28909383978978 -1.0
11.490906160210221 1.0
11.309096515035568 -1.0
11.510903484964432 1.0
11.329099225949395 -1.0
11.530900774050604 1.0
11.349101972424242 -1.0
11.55089802757576 1.0
11.369104754351676 -1.0
11.570895245648325 1.0
11.389107571621876 -1.0
11.590892428378124 1.0
11.409110424123622 -1.0
11.610889575876378 1.0
11.429113311744299 -1.0
11.6308866882557 1.0
11.449116234369912 -1.0
11.65088376563009 1.0
11.469119191885078 -1.0
11.670880808114923 1.0
11.48912218417304 -1.0
11.69087781582696 1.0
11.509125211115666 -1.0
11.710874788884333 1.0
11.529128272593463 -1.0
11.730871727406539 1.0
11.549131368485563 -1.0
11.750868631514438 1.0
11.569134498669747 -1.0
11.770865501330253 1.0
11.589137663022443 -1.0
11.790862336977556 1.0
11.609140861418727 -1.0
11.810859138581275 1.0
11.62914409373233 -1.0
11.83085590626767 1.0
11.649147359835647 -1.0
11.850852640164353 1.0
11.669150659599737 -1.0
11.870849340400262 1.0
11.689153992894333 -1.0
11.890846007105669 1.0
11.70915735958784 -1.0
11.910842640412161 1.0
11.729160759547348 -1.0
11.930839240452652 1.0
11.749164192638633 -1.0
11.950835807361367 1.0
11.769167658726161 -1.0
11.97083234127384 1.0
11.789171157673096 -1.0
11.990828842326906 1.0
11.809174689341308 -1.0
12.010825310658692 1.0
11.82917825359137 -1.0
12.030821746408629 1.0
11.849181850282577 -1.0
12.050818149717426 1.0
11.86918547927293 -1.0
12.07081452072707 1.0
11.889189140419168 -1.0
12.090810859580833 1.0
11.909192833576753 -1.0
12.110807166423246 1.0
11.92919655859989 -1.0
12.130803441400113 1.0
11.949200315341514 -1.0
12.150799684658487 1.0
11.96920410365332 -1.0
12.17079589634668 1.0
11.98920792338575 -1.0
12.19079207661425 1.0
12.009211774388008 -1.0
12.21078822561199 1.0
12.029215656508068 -1.0
12.230784343491933 1.0
12.049219569592662 -1.0
12.250780430407339 1.0
12.069223513487314 -1.0
12.270776486512686 1.0
12.089227488036322 -1.0
12.290772511963677 1.0
12.109231493082783 -1.0
12.310768506917219 1.0
12.129235528468577 -1.0
12.330764471531424 1.0
12.1492395940344 -1.0
12.3507604059656 1.0
12.169243689619748 -1.0
12.370756310380251 1.0
12.189247815062938 -1.0
12.390752184937064 1.0
12.209251970201098 -1.0
12.410748029798903 1.0
12.229256154870193 -1.0
12.430743845129808 1.0
12.249260368905022 -1.0
12.450739631094978 1.0
12.26926461213922 -1.0
12.470735387860781 1.0
12.28926888440527 -1.0
12.49073111559473 1.0
12.309273185534513 -1.0
12.510726814465487 1.0
12.329277515357147 -1.0
12.530722484642853 1.0
12.349281873702239 -1.0
12.550718126297763 1.0
12.369286260397725 -1.0
12.570713739602276 1.0
12.389290675270429 -1.0
12.590709324729572 1.0
12.409295118146058 -1.0
12.610704881853941 1.0
12.429299588849217 -1.0
12.630700411150785 1.0
12.449304087203409 -1.0
12.650695912796593 1.0
12.469308613031046 -1.0
12.670691386968954 1.0
12.489313166153456 -1.0
12.690686833846543 1.0
12.50931774639089 -1.0
12.710682253609109 1.0
12.52932235356253 -1.0
12.73067764643747 1.0
12.549326987486491 -1.0
12.75067301251351 1.0
12.569331647979833 -1.0
12.770668352020166 1.0
12.589336334858567 -1.0
12.790663665141432 1.0
12.609341047937667 -1.0
12.810658952062335 1.0
12.629345787031065 -1.0
12.830654212968936 1.0
12.64935055195167 -1.0
12.85064944804833 1.0
12.669355342511372 -1.0
12.870644657488628 1.0
12.68936015852105 -1.0
12.890639841478952 1.0
12.709364999790573 -1.0
12.910635000209428 1.0
12.729369866128815 -1.0
12.930630133871185 1.0
12.749374757343665 -1.0
12.950625242656335 1.0
12.769379673242025 -1.0
12.970620326757977 1.0
12.789384613629823 -1.0
12.990615386370179 1.0
12.809389578312018 -1.0
13.010610421687982 1.0
12.829394567092619 -1.0
13.03060543290738 1.0
12.849399579774676 -1.0
13.050600420225326 1.0
12.869404616160292 -1.0
13.07059538383971 1.0
12.889409676050644 -1.0
13.090590323949357 1.0
12.909414759245974 -1.0
13.110585240754025 1.0
12.92941986554561 -1.0
13.130580134454393 1.0
12.949424994747957 -1.0
13.150575005252044 1.0
12.969430146650529 -1.0
13.170569853349472 1.0
12.989435321049934 -1.0
13.190564678950066 1.0
13.009440517741897 -1.0
13.210559482258102 1.0
13.029445736521264 -1.0
13.230554263478737 1.0
13.049450977182003 -1.0
13.250549022817998 1.0
13.069456239517221 -1.0
13.270543760482779 1.0
13.089461523319173 -1.0
13.290538476680826 1.0
13.109466828379263 -1.0
13.310533171620738 1.0
13.129472154488056 -1.0
13.330527845511945 1.0
13.149477501435284 -1.0
13.350522498564716 1.0
13.169482869009862 -1.0
13.370517130990137 1.0
13.189488256999887 -1.0
13.390511743000115 1.0
13.209493665192648 -1.0
13.410506334807353 1.0
13.22949909337464 -1.0
13.43050090662536 1.0
13.249504541331568 -1.0
13.450495458668431 1.0
13.269510008848357 -1.0
13.470489991151645 1.0
13.289515495709157 -1.0
13.490484504290844 1.0
13.309521001697355 -1.0
13.510478998302645 1.0
13.329526526595588 -1.0
13.530473473404411 1.0
13.349532070185742 -1.0
13.55046792981426 1.0
13.36953763224896 -1.0
13.570462367751041 1.0
13.389543212565666 -1.0
13.590456787434334 1.0
13.409548810915558 -1.0
13.610451189084442 1.0
13.429554427077624 -1.0
13.630445572922378 1.0
13.449560060830144 -1.0
13.650439939169857 1.0
13.469565711950711 -1.0
13.67043428804929 1.0
13.489571380216224 -1.0
13.690428619783775 1.0
13.509577065402915 -1.0
13.710422934597084 1.0
13.529582767286339 -1.0
13.730417232713663 1.0
13.549588485641396 -1.0
13.750411514358605 1.0
13.569594220242335 -1.0
13.770405779757665 1.0
13.589599970862762 -1.0
13.790400029137237 1.0
13.609605737275658 -1.0
13.810394262724344 1.0
13.62961151925337 -1.0
13.830388480746631 1.0
13.649617316567635 -1.0
13.850382683432365 1.0
13.669623128989588 -1.0
13.87037687101041 1.0
13.689628956289765 -1.0
13.890371043710237 1.0
13.70963479823811 -1.0
13.910365201761891 1.0
13.729640654603994 -1.0
13.930359345396006 1.0
13.749646525156221 -1.0
13.950353474843778 1.0
13.76965240966303 -1.0
13.970347590336972 1.0
13.78965830789211 -1.0
13.990341692107892 1.0
13.809664219610609 -1.0
14.010335780389392 1.0
13.82967014458514 -1.0
14.030329855414859 1.0
13.849676082581803 -1.0
14.050323917418199 1.0
13.86968203336617 -1.0
14.070317966633832 1.0
13.889687996703312 -1.0
14.090312003296688 1.0
13.909693972357811 -1.0
14.110306027642189 1.0
13.92969996009376 -1.0
14.130300039906242 1.0
13.949705959674768 -1.0
14.150294040325234 1.0
13.969711970863987 -1.0
14.170288029136014 1.0
13.989717993424101 -1.0
14.190282006575899 1.0
14.00972402711735 -1.0
14.210275972882648 1.0
14.02973007170554 -1.0
14.230269928294462 1.0
14.049736126950036 -1.0
14.250263873049965 1.0
14.069742192611786 -1.0
14.270257807388214 1.0
14.08974826845133 -1.0
14.290251731548668 1.0
14.109754354228809 -1.0
14.310245645771193 1.0
14.129760449703959 -1.0
14.330239550296042 1.0
14.149766554636145 -1.0
14.350233445363855 1.0
14.169772668784354 -1.0
14.370227331215645 1.0
14.18977879190721 -1.0
14.390221208092791 1.0
14.209784923762983 -1.0
14.410215076237018 1.0
14.229791064109598 -1.0
14.430208935890402 1.0
14.249797212704644 -1.0
14.450202787295355 1.0
14.269803369305386 -1.0
14.470196630694616 1.0
14.28980953366877 -1.0
14.490190466331232 1.0
14.309815705551438 -1.0
14.510184294448562 1.0
14.329821884709736 -1.0
14.530178115290264 1.0
14.349828070899722 -1.0
14.55017192910028 1.0
14.369834263877173 -1.0
14.570165736122828 1.0
14.389840463397602 -1.0
14.590159536602398 1.0
14.409846669216263 -1.0
14.610153330783737 1.0
14.429852881088163 -1.0
14.63014711891184 1.0
14.449859098768064 -1.0
14.650140901231937 1.0
14.469865322010504 -1.0
14.670134677989497 1.0
14.4898715505698 -1.0
14.6901284494302 1.0
14.509877784200059 -1.0
14.71012221579994 1.0
14.529884022655192 -1.0
14.73011597734481 1.0
14.54989026568891 -1.0
14.75010973431109 1.0
14.56989651305475 -1.0
14.77010348694525 1.0
14.589902764506077 -1.0
14.790097235493922 1.0
14.609909019796097 -1.0
14.810090980203904 1.0
14.629915278677858 -1.0
14.830084721322143 1.0
14.649921540904273 -1.0
14.850078459095727 1.0
14.669927806228117 -1.0
14.870072193771882 1.0
14.68993407440205 -1.0
14.890065925597952 1.0
14.70994034517861 -1.0
14.91005965482139 1.0
14.729946618310242 -1.0
14.930053381689758 1.0
14.74995289354929 -1.0
14.95004710645071 1.0
14.769959170648022 -1.0
14.97004082935198 1.0
14.789965449358627 -1.0
14.990034550641374 1.0
14.80997172943323 -1.0
15.010028270566771 1.0
14.829978010623908 -1.0
15.030021989376092 1.0
14.84998429268269 -1.0
15.050015707317312 1.0
14.869990575361568 -1.0
15.070009424638434 1.0
14.889996858412514 -1.0
15.090003141587486 1.0
14.910003141587486 -1.0
15.109996858412513 1.0
14.930009424638435 -1.0
15.129990575361568 1.0
14.950015707317313 -1.0
15.149984292682689 1.0
14.970021989376093 -1.0
15.169978010623907 1.0
14.990028270566771 -1.0
15.189971729433228 1.0
15.010034550641373 -1.0
15.209965449358625 1.0
15.03004082935198 -1.0
15.229959170648021 1.0
15.05004710645071 -1.0
15.24995289354929 1.0
15.070053381689759 -1.0
15.269946618310241 1.0
15.09005965482139 -1.0
15.289940345178609 1.0
15.110065925597953 -1.0
15.30993407440205 1.0
15.130072193771884 -1.0
15.329927806228117 1.0
15.150078459095727 -1.0
15.349921540904273 1.0
15.170084721322143 -1.0
15.369915278677857 1.0
15.190090980203905 -1.0
15.389909019796097 1.0
15.210097235493924 -1.0
15.409902764506077 1.0
15.23010348694525 -1.0
15.42989651305475 1.0
15.25010973431109 -1.0
15.449890265688909 1.0
15.27011597734481 -1.0
15.469884022655192 1.0
15.290122215799942 -1.0
15.48987778420006 1.0
15.3101284494302 -1.0
15.5098715505698 1.0
15.330134677989497 -1.0
15.529865322010503 1.0
15.350140901231939 -1.0
15.549859098768064 1.0
15.37014711891184 -1.0
15.569852881088162 1.0
15.390153330783738 -1.0
15.589846669216262 1.0
15.410159536602398 -1.0
15.609840463397601 1.0
15.430165736122829 -1.0
15.629834263877173 1.0
15.45017192910028 -1.0
15.649828070899721 1.0
15.470178115290265 -1.0
15.669821884709735 1.0
15.490184294448563 -1.0
15.689815705551437 1.0
15.510190466331233 -1.0
15.70980953366877 1.0
15.530196630694617 -1.0
15.729803369305385 1.0
15.550202787295357 -1.0
15.749797212704644 1.0
15.570208935890403 -1.0
15.769791064109597 1.0
15.590215076237017 -1.0
15.789784923762982 1.0
15.610221208092792 -1.0
15.80977879190721 1.0
15.630227331215647 -1.0
15.829772668784354 1.0
15.650233445363856 -1.0
15.849766554636144 1.0
15.670239550296042 -1.0
15.869760449703957 1.0
15.690245645771194 -1.0
15.889754354228808 1.0
15.71025173154867 -1.0
15.909748268451331 1.0
15.730257807388215 -1.0
15.929742192611785 1.0
15.750263873049965 -1.0
15.949736126950034 1.0
15.770269928294463 -1.0
15.96973007170554 1.0
15.79027597288265 -1.0
15.98972402711735 1.0
15.8102820065759 -1.0
16.0097179934241 1.0
15.830288029136014 -1.0
16.029711970863985 1.0
15.850294040325235 -1.0
16.049705959674768 1.0
15.870300039906242 -1.0
16.06969996009376 1.0
15.89030602764219 -1.0
16.08969397235781 1.0
15.91031200329669 -1.0
16.109687996703315 1.0
15.930317966633835 -1.0
16.12968203336617 1.0
15.950323917418197 -1.0
16.149676082581806 1.0
15.970329855414858 -1.0
16.169670144585144 1.0
15.990335780389392 -1.0
16.18966421961061 1.0
16.01034169210789 -1.0
16.20965830789211 1.0
16.03034759033697 -1.0
16.22965240966303 1.0
16.050353474843778 -1.0
16.24964652515622 1.0
16.070359345396007 -1.0
16.269640654603997 1.0
16.09036520176189 -1.0
16.28963479823811 1.0
16.110371043710238 -1.0
16.309628956289764 1.0
16.130376871010412 -1.0
16.32962312898959 1.0
16.150382683432365 -1.0
16.349617316567635 1.0
16.17038848074663 -1.0
16.369611519253368 1.0
16.19039426272434 -1.0
16.38960573727566 1.0
16.210400029137233 -1.0
16.409599970862764 1.0
16.230405779757668 -1.0
16.429594220242336 1.0
16.250411514358603 -1.0
16.4495884856414 1.0
16.270417232713662 -1.0
16.46958276728634 1.0
16.290422934597085 -1.0
16.489577065402916 1.0
16.310428619783774 -1.0
16.509571380216226 1.0
16.33043428804929 -1.0
16.52956571195071 1.0
16.350439939169853 -1.0
16.549560060830146 1.0
16.370445572922375 -1.0
16.569554427077623 1.0
16.39045118908444 -1.0
16.589548810915563 1.0
16.410456787434335 -1.0
16.60954321256567 1.0
16.43046236775104 -1.0
16.62953763224896 1.0
16.45046792981426 -1.0
16.649532070185742 1.0
16.47047347340441 -1.0
16.66952652659559 1.0
16.490478998302642 -1.0
16.689521001697358 1.0
16.510484504290844 -1.0
16.709515495709155 1.0
16.53048999115164 -1.0
16.729510008848358 1.0
16.55049545866843 -1.0
16.749504541331568 1.0
16.570500906625362 -1.0
16.76949909337464 1.0
16.590506334807355 -1.0
16.789493665192648 1.0
16.610511743000114 -1.0
16.809488256999888 1.0
16.630517130990135 -1.0
16.829482869009865 1.0
16.650522498564715 -1.0
16.849477501435285 1.0
16.670527845511945 -1.0
16.869472154488054 1.0
16.690533171620736 -1.0
16.889466828379263 1.0
16.710538476680824 -1.0
16.909461523319173 1.0
16.730543760482778 -1.0
16.929456239517226 1.0
16.750549022818 -1.0
16.949450977182003 1.0
16.770554263478736 -1.0
16.969445736521266 1.0
16.7905594822581 -1.0
16.9894405177419 1.0
16.810564678950065 -1.0
17.009435321049935 1.0
16.83056985334947 -1.0
17.02943014665053 1.0
16.85057500525204 -1.0
17.04942499474796 1.0
16.87058013445439 -1.0
17.06941986554561 1.0
16.890585240754024 -1.0
17.08941475924598 1.0
16.910590323949357 -1.0
17.109409676050646 1.0
16.93059538383971 -1.0
17.129404616160294 1.0
16.950600420225324 -1.0
17.149399579774677 1.0
16.97060543290738 -1.0
17.16939456709262 1.0
16.99061042168798 -1.0
17.18938957831202 1.0
17.010615386370176 -1.0
17.209384613629823 1.0
17.030620326757973 -1.0
17.229379673242025 1.0
17.050625242656338 -1.0
17.249374757343666 1.0
17.070630133871184 -1.0
17.26936986612882 1.0
17.090635000209428 -1.0
17.289364999790575 1.0
17.11063984147895 -1.0
17.309360158521052 1.0
17.130644657488627 -1.0
17.329355342511374 1.0
17.15064944804833 -1.0
17.34935055195167 1.0
17.170654212968934 -1.0
17.369345787031065 1.0
17.190658952062332 -1.0
17.389341047937666 1.0
17.21066366514143 -1.0
17.40933633485857 1.0
17.230668352020167 -1.0
17.429331647979836 1.0
17.25067301251351 -1.0
17.449326987486494 1.0
17.27067764643747 -1.0
17.469322353562532 1.0
17.29068225360911 -1.0
17.489317746390892 1.0
17.310686833846542 -1.0
17.509313166153458 1.0
17.330691386968955 -1.0
17.529308613031045 1.0
17.35069591279659 -1.0
17.54930408720341 1.0
17.370700411150782 -1.0
17.569299588849216 1.0
17.390704881853942 -1.0
17.58929511814606 1.0
17.410709324729574 -1.0
17.60929067527043 1.0
17.430713739602275 -1.0
17.629286260397727 1.0
17.45071812629776 -1.0
17.64928187370224 1.0
17.470722484642852 -1.0
17.669277515357148 1.0
17.490726814465486 -1.0
17.689273185534514 1.0
17.510731115594727 -1.0
17.709268884405272 1.0
17.53073538786078 -1.0
17.729264612139218 1.0
17.55073963109498 -1.0
17.749260368905023 1.0
17.570743845129808 -1.0
17.769256154870195 1.0
17.590748029798903 -1.0
17.7892519702011 1.0
17.610752184937063 -1.0
17.80924781506294 1.0
17.63075631038025 -1.0
17.82924368961975 1.0
17.6507604059656 -1.0
17.8492395940344 1.0
17.67076447153142 -1.0
17.86923552846858 1.0
17.690768506917216 -1.0
17.889231493082782 1.0
17.710772511963675 -1.0
17.909227488036322 1.0
17.73077648651269 -1.0
17.929223513487315 1.0
17.75078043040734 -1.0
17.949219569592664 1.0
17.770784343491933 -1.0
17.96921565650807 1.0
17.79078822561199 -1.0
17.98921177438801 1.0
17.81079207661425 -1.0
18.009207923385752 1.0
17.83079589634668 -1.0
18.02920410365332 1.0
17.850799684658487 -1.0
18.049200315341512 1.0
17.87080344140011 -1.0
18.069196558599888 1.0
17.890807166423247 -1.0
18.089192833576757 1.0
17.91081085958083 -1.0
18.109189140419172 1.0
17.930814520727072 -1.0
18.12918547927293 1.0
17.950818149717424 -1.0
18.149181850282577 1.0
17.970821746408628 -1.0
18.169178253591372 1.0
17.990825310658693 -1.0
18.189174689341307 1.0
18.0108288423269 -1.0
18.209171157673097 1.0
18.03083234127384 -1.0
18.22916765872616 1.0
18.05083580736137 -1.0
18.249164192638634 1.0
18.070839240452653 -1.0
18.26916075954735 1.0
18.09084264041216 -1.0
18.289157359587843 1.0
18.110846007105668 -1.0
18.309153992894334 1.0
18.130849340400264 -1.0
18.329150659599737 1.0
18.150852640164352 -1.0
18.349147359835648 1.0
18.17085590626767 -1.0
18.36914409373233 1.0
18.19085913858127 -1.0
18.389140861418728 1.0
18.210862336977556 -1.0
18.40913766302244 1.0
18.230865501330253 -1.0
18.42913449866975 1.0
18.25086863151444 -1.0
18.449131368485563 1.0
18.270871727406536 -1.0
18.469128272593466 1.0
18.29087478888433 -1.0
18.48912521111567 1.0
18.31087781582696 -1.0
18.50912218417304 1.0
18.330880808114923 -1.0
18.529119191885076 1.0
18.350883765630087 -1.0
18.54911623436991 1.0
18.3708866882557 -1.0
18.5691133117443 1.0
18.39088957587638 -1.0
18.589110424123625 1.0
18.410892428378123 -1.0
18.60910757162188 1.0
18.430895245648326 -1.0
18.629104754351676 1.0
18.45089802757576 -1.0
18.64910197242424 1.0
18.470900774050605 -1.0
18.669099225949395 1.0
18.49090348496443 -1.0
18.68909651503557 1.0
18.51090616021022 -1.0
18.70909383978978 1.0
18.530908799682354 -1.0
18.729091200317644 1.0
18.550911403276636 -1.0
18.749088596723368 1.0
18.570913970890274 -1.0
18.76908602910973 1.0
18.59091650242191 -1.0
18.789083497578094 1.0
18.61091899777159 -1.0
18.80908100222841 1.0
18.63092145684082 -1.0
18.82907854315918 1.0
18.65092387953251 -1.0
18.84907612046749 1.0
18.670926265751017 -1.0
18.869073734248982 1.0
18.69092861540214 -1.0
18.88907138459786 1.0
18.710930928393115 -1.0
18.909069071606883 1.0
18.730933204632635 -1.0
18.92906679536737 1.0
18.75093544403083 -1.0
18.949064555969173 1.0
18.7709376464993 -1.0
18.969062353500703 1.0
18.790939811951084 -1.0
18.989060188048917 1.0
18.810941940300708 -1.0
19.009058059699292 1.0
18.83094403146414 -1.0
19.02905596853586 1.0
18.850946085358824 -1.0
19.049053914641174 1.0
18.870948101903682 -1.0
19.069051898096316 1.0
18.890950081019103 -1.0
19.0890499189809 1.0
18.910952022626947 -1.0
19.109047977373056 1.0
18.930953926650567 -1.0
19.129046073349436 1.0
18.9509557930148 -1.0
19.149044206985202 1.0
18.970957621645958 -1.0
19.169042378354042 1.0
18.990959412471852 -1.0
19.189040587528147 1.0
19.010961165421786 -1.0
19.209038834578212 1.0
19.030962880426557 -1.0
19.22903711957344 1.0
19.050964557418457 -1.0
19.249035442581548 1.0
19.07096619633128 -1.0
19.269033803668723 1.0
19.09096779710033 -1.0
19.289032202899673 1.0
19.110969359662402 -1.0
19.3090306403376 1.0
19.13097088395582 -1.0
19.329029116044183 1.0
19.150972369920396 -1.0
19.349027630079604 1.0
19.170973817497476 -1.0
19.369026182502523 1.0
19.190975226629906 -1.0
19.389024773370092 1.0
19.21097659726206 -1.0
19.409023402737937 1.0
19.230977929339833 -1.0
19.42902207066017 1.0
19.25097922281062 -1.0
19.449020777189382 1.0
19.27098047762337 -1.0
19.46901952237663 1.0
19.290981693728547 -1.0
19.489018306271454 1.0
19.31098287107813 -1.0
19.50901712892187 1.0
19.33098400962565 -1.0
19.52901599037435 1.0
19.350985109326153 -1.0
19.549014890673845 1.0
19.370986170136227 -1.0
19.56901382986377 1.0
19.390987192013995 -1.0
19.58901280798601 1.0
19.41098817491911 -1.0
19.60901182508089 1.0
19.43098911881277 -1.0
19.62901088118723 1.0
19.450990023657717 -1.0
19.649009976342285 1.0
19.47099088941822 -1.0
19.66900911058178 1.0
19.49099171606011 -1.0
19.68900828393989 1.0
19.510992503550746 -1.0
19.709007496449253 1.0
19.53099325185904 -1.0
19.729006748140957 1.0
19.550993960955456 -1.0
19.74900603904455 1.0
19.57099463081199 -1.0
19.76900536918801 1.0
19.590995261402206 -1.0
19.789004738597797 1.0
19.610995852701205 -1.0
19.809004147298797 1.0
19.630996404685643 -1.0
19.829003595314358 1.0
19.65099691733373 -1.0
19.84900308266627 1.0
19.67099739062523 -1.0
19.869002609374768 1.0
19.690997824541455 -1.0
19.889002175458543 1.0
19.710998219065274 -1.0
19.909001780934723 1.0
19.73099857418112 -1.0
19.929001425818885 1.0
19.75099888987496 -1.0
19.949001110125042 1.0
19.77099916613434 -1.0
19.96900083386566 1.0
19.790999402948355 -1.0
19.989000597051646 1.0
19.81099960030765 -1.0
0.009000399692350669 1.0
19.830999758204435 -1.0
0.02900024179556482 1.0
19.85099987663248 -1.0
0.04900012336752013 1.0
19.870999955587106 -1.0
0.06900004441289198 1.0
19.8909999950652 -1.0
0.0890000049348032 1.0
