12.534010176768234 -0.6184359394032396
10.659973943568366 -1.154304364116887
11.685948261758192 -1.2469400665916177
12.04175352708645 -0.9083665387048919
4.364392867816624 -2.9619361357957605
6.200995500643438 -1.381872389947312
16.009937792604443 -0.9971848681910551
6.541255241195529 -1.6975542053722101
8.984946817444397 -0.7083829741284952
1.7979215041808045 0.6724209292724198
7.685519547807091 -0.8006546342653548
4.378175347806373 -0.935487497703227
10.284520363614309 0.9462815595845677
5.578091433499989 -0.3456520356597129
16.260665897850277 -0.45936577549873175
17.693541203419265 -1.6552567527402313
10.745395061017796 -4.438236774908393
1.5122608078187632 -0.5770786408813028
5.852699256072671 -2.2560034833419795
11.957090245690287 -0.7877771756562776
10.003371437923427 2.5961555834047827
7.973526875467593 -4.529994219389354
17.411235004066732 -0.770389644741311
7.79240859919795 -0.9462344260560583
9.71413587889074 2.3953175238527296
0.2844340539878958 -3.7308869274938905
14.581026400100956 -0.5211352392277314
3.205141821754979 -0.5971306268653895
12.025396988716565 1.943001136831001
13.154583774971083 -0.6919180329368569
3.4735119926320768 -0.2560575095753048
7.469186650689493 -2.072077201798184
9.582692928845404 -1.1096191677272236
14.600771897512987 -0.6642179834859548
3.7871306189315375 -0.6724736584199826
1.7825258874142922 -0.608753672525663
9.492958379593615 2.433332638695443
1.1095784337219796 -3.7343672519018996
19.030291898824295 1.2291090762742523
0.20915107828459167 -1.0737529118662728
5.647982509681368 -0.6165930973064049
1.333941617861245 -0.8220960085538122
10.91512262188492 -0.6874805287295408
4.912008906677299 -0.8220758859476783
4.644840214294464 -0.20131544094478712
4.511950967532603 -0.8403737106642458
11.541508127625942 -1.1594466184481518
18.136772509548845 -1.2508242861023031
16.02864547092336 1.005907821667749
12.967060484333482 -0.9905428446513416
8.60440799907133 -1.566229588772873
8.525331671151081 -1.7801140674469274
10.484947197659807 -0.6645079515408192
14.200388250205258 -0.5012595872658335
9.777747615277688 -1.1769917053078416
14.980412249010087 -0.7484545920793438
19.2696373746541 1.990738177535936
15.148799928026564 -1.0301739910074916
8.249206962073028 -1.3383772506819152
6.009352782785647 -2.3225306342393903
3.6585546985434663 -0.5147501595286672
8.703794872874926 -4.819105108884539
11.11961812428938 -0.7292891232517332
0.6905606431860127 -0.444263967291111
19.305377290311117 -0.8382369671577165
8.967531137134905 -1.6196226165373377
12.436380913137251 -0.5233393850573608
1.1459413818883615 0.3247634324041384
18.960266313835987 0.246096911150336
11.918481593882504 -3.3744064286905617
4.748942486425275 -1.1334049230648535
3.920210964436192 -4.199736159912992
18.87713351274622 0.7359464582727004
0.6797109501863348 -0.9374321883331208
9.46468104845168 -1.2692304734756905
5.495410490825853 -1.4746144019681071
16.547501648169725 0.6052632170052412
11.815711354097695 -0.8058378360951877
12.011324848918084 -0.0853577376257425
19.469738225157734 -0.800003526066128
10.174790379902591 0.5440994137117862
6.670180991906305 -1.8720494538283172
8.8928818688514 2.7845022834048923
18.58006018474963 -1.3397463911656249
15.124769102828392 -0.009780198654047103
13.710704889914751 -0.5082946386803321
14.60134708474725 -0.5786895982283776
17.752134662319193 -3.2302429833522597
15.554638342219643 1.1284805567633653
12.439438351789054 -3.422913366003219
6.663895943079906 -1.36239299086433
6.222074388527394 -1.7640372503301922
3.1102766971679143 2.0447911290667733
2.2122358766886596 -0.47199575378478037
5.966766135405615 -1.3585933725526942
4.475295032722081 -0.8839662463544725
15.713104335724736 1.3441613828731225
10.00950048125307 -1.4202501566091112
2.89314529629922 2.318432766954089
10.351498104459138 -2.9774672417501415
19.661605719136848 0.3866476378351768
4.704650746468664 -0.3717543421557226
17.035135562997326 -0.9237778035902497
14.696579256105416 -1.0082357479041488
3.4710820408291347 0.26716631478675373
2.977500264685052 2.645584325790541
1.95533376028892 0.7602944369186369
17.592078968310297 -1.2792115269441766
6.544719388193219 -3.9074746262843947
14.271072415481845 -1.0270152988490053
10.51281900334089 -0.8974240580907458
1.9612321767111949 -2.5052618537610156
19.208959591149455 0.4103814430604324
16.159960993075863 0.4947455693265116
8.484564102479654 -0.11494695776624128
12.904534002113106 -1.2001963200467547
16.633028749897196 -0.8581849597436821
2.1711134662278666 0.06080891940457016
17.10774762012589 -0.7186911740867702
13.364809124665062 0.5570853364073922
17.688029372702122 -0.5624711357237768
0.06582915150880453 0.7352959448675205
11.005335324971762 -2.881540927359006
13.802243039090401 -1.1394224448508492
12.589809785972458 -0.427537464549295
16.35286508647632 -0.2622288635230995
12.522643257817572 -0.5940884822085991
11.512629490445049 0.3312498152971727
0.8351494570600688 -1.4083915648561836
17.855991955339125 -1.2999430076041123
6.197931685121884 -1.9993677800881908
15.071302539234292 -0.9233173206272234
14.251159684994132 -0.7259147670376338
15.600793249967799 -0.46612926307615005
19.323671886745366 -1.0317420443630896
15.521618555790491 -0.8452091694561628
18.515314819477837 1.3678131339871662
10.089653950641685 -0.5838367099609926
7.70033645389013 -2.0072156025775585
2.672572738982983 -0.23908077968584437
9.095150809918561 -1.224689372580986
15.086692343154656 -0.7953552133732003
15.921243687599688 -1.543887768865327
10.54023092578586 -1.1481363367540909
5.208844877055433 -1.9507054426138728
7.5617985808753 -0.9144002332408908
6.726864201971104 -1.366203854106256
13.4666818464791 -0.8360223455161104
0.16094803833213078 -3.062970928435921
9.618449590540777 -1.2618886977406851
19.777766697258222 1.8097878843753645
17.388132539053423 -3.9685068195132316
17.14416246645154 0.06806017001107892
4.102985890737492 -0.7421135551264522
19.2894640978424 -0.8846462839515362
0.17686234395926176 1.1563485236939246
12.015088461683558 -0.7594918835597301
19.95191351987653 -1.0067376795698493
0.2990948823764506 -3.9735129347370384
17.808705948298545 -1.2541210574728294
18.783380723020763 0.039144289707711416
10.101290467705102 -1.36603557708386
4.316383047607711 -1.066122107247913
11.777639625711842 -0.3485999293875946
4.750726033818138 -0.6097989782264289
12.962411133027208 -0.5749102798151071
7.063493027764867 -4.064067244428513
12.436913655315214 -1.0200648797333411
19.0851011988189 0.21756967173167394
8.527084187213148 -3.7501944576832043
15.46650571708233 -0.41642122724749137
12.999112316522057 -0.48104271938825305
7.2864502514087395 -2.095922751430565
7.720228211241699 -1.2242532447870613
15.974068612934875 -0.381821716722369
13.939213355692113 -1.7062938155797556
6.907101074330342 -2.5872116862101744
12.040727773818773 -0.2742881474214739
11.7933262342267 0.4787326592672001
5.448082535236613 -0.8660230590365661
6.3460668436079635 0.08863536275003461
16.91813138744005 -2.9586131823829933
6.557870716523759 -1.084184173532355
14.645860079546305 -3.282557343423193
17.776849673172865 -0.7883190290629991
0.834890841257554 -0.6917105320981981
18.72006399431253 -1.1861491207216734
5.576767633240632 -1.1175317067061636
18.679075448892576 -0.7421735103735781
1.9232860552685267 -2.589796631876076
7.519313833921875 -1.5713384560687762
18.95762370703104 -1.2350400185792592
9.371040624683369 -0.7591625224998955
15.421101391140667 -3.9892175978545326
3.485631207926244 0.4825538273140824
9.615496545645911 -1.0967857605571636
12.95773243564219 -0.6884440615671946
1.8695143536806678 -0.3590531330215982
16.39068360189364 -0.2898263432150813
18.135435622211972 -1.0122808016509453
18.992686887566364 0.924601108668615
8.171207355645038 -0.40976552062301796
10.940631117173305 -2.2379635037195884
12.582496074898188 -0.20368780768825945
10.571240276263236 -1.041564269273748
2.913054043171071 -0.25284279882134464
2.374007591243228 0.5964728186424315
10.489976695245947 -0.9357525021906605
0.21389880778781284 -2.7706816165498145
3.2644841240269824 -0.5407811088681234
17.308410207369967 -0.46097811229019986
2.6088465592597525 -0.48043377986236724
3.1011590695934275 0.49990158672292623
3.87235979359303 -0.8319690100962054
18.09530464529996 -0.5595229938941932
11.533254495041364 0.016670093328612877
17.963844452605578 -1.4668286788145029
4.325931384280962 -1.086875311422012
10.216532227749145 -1.0695949615367972
5.255486406696111 0.5260233074624419
14.725998641480395 -1.061564331360151
15.281541493980397 -0.16948316371680194
14.188191045460718 -0.6108389859518925
1.053787838532897 -0.37289362855688013
17.383494872296648 -0.8934454819352609
15.267737167400627 -0.21258826683055226
4.692104985070203 -0.7904184785925025
18.223382033937828 -0.9318182908538437
15.242534973634983 0.3698282316178343
13.369741922707645 -0.6310676116526933
11.445817953002333 -0.53992762490631
2.2045307426808334 -0.07935227562170052
17.796277800333037 -0.33235547771781315
7.837008528056165 -1.65378485661736
10.072372886778293 -3.0917502899352725
15.228131415378149 0.3004458179152797
1.1317142676323166 -0.6001436066714073
9.474173820356745 -1.0373434640472865
1.6098004935228922 -0.9512399243571393
4.693014248026882 -0.6690211069602776
12.364179462104214 -0.24814598828718548
17.352448870371635 -1.109679998584165
1.7334837442501039 -0.17584982992465711
1.021805701811734 -0.8756620944836877
14.599082340178304 -0.9140615500462799
12.901932919755428 -0.9951458415442201
5.513625994014744 -1.4493237974373223
7.418206812591598 -1.5923181958895212
10.460369234887677 -1.1079072151660208
2.471801698111761 -0.6961447628425752
3.536614623224296 -0.5293180536155144
5.046296392067427 -0.8732260516652085
9.57489310514188 -1.304309887462731
19.15605218091896 -1.3142470418555325
0.1623014598609017 -0.7955349407950342
5.803735079454973 -0.9577497591965524
16.34671955683954 -1.0018521577512214
15.952726556338037 -0.6722663029613711
2.4289996314231037 -1.991585670280959
19.633266849496025 0.709097318073867
13.24492809531587 -0.39566191754825675
13.914224201495614 -2.9624157463222582
8.849477342609738 -0.9187094836962972
16.40293728828762 -0.23837901454582722
8.930487001100982 -0.5855724267419263
10.65796065387368 1.1180922796803379
0.7767232561067684 -0.8856485697541833
0.8885717190396447 2.010691063610941
10.37072246155339 -3.1569538941985735
0.925944137319393 0.818698636001077
11.936817047853618 -0.2885573793063916
1.4715471293450588 0.22461163205547074
3.3291461410029974 -0.826331284053695
10.886283595631886 -3.099620569545231
4.382816840470899 -0.7431600808371952
4.671821191833963 -2.0968375288645875
5.447001825241517 0.031664015162335434
4.444756626189878 -0.6316609924695995
18.17690940285302 -1.0541303416127537
2.8146954089804352 1.6444010604118142
7.890542599981769 -0.9527691654980038
7.792391033144238 3.012853565256475
17.739506295971438 0.3707246382920603
11.758209823873704 -0.804992257466496
9.171591398186191 -1.015205534258548
16.447277353812655 -0.49325120882843215
14.304483949984023 -0.1542731652598362
10.724570774149111 0.20429480654563043
8.620113220212117 -2.0321726260758535
4.9949876829905255 -1.0927095451438664
4.43144541725739 -3.1448119367004286
7.781256776962301 -1.5429352964457201
15.01955711386449 -1.0846779655183063
16.941208549777187 -2.452270535756953
2.0971178438984754 -2.642912402312164
10.88284772184541 2.4786318030254417
5.271107570219604 -1.7990543293956087
8.397101840351745 -1.9960685748096787
12.85552228404185 -2.1837076788767673
9.872007324351298 -1.5351370966660491
13.977098093993414 -3.9278665600387903
3.303036352061037 -0.5160132703044905
16.37504952276776 -1.1214480454333944
2.436355312448748 -0.7425933540519041
13.18154197296546 -3.2117695787951273
14.170179665946725 -1.1445120938567677
1.9636550956018761 -3.5808758797105
13.120405670210875 -0.7731411367218864
6.533289473666732 -1.7865068956700638
14.972066142472523 -2.9029663604153355
6.020340300202238 -2.862656652737624
12.221116069375014 -1.222447815515209
6.206007476343947 -1.6824797867071852
8.881981281679447 -0.991304054165639
16.929570187605993 -3.9355393117190096
15.37310791368163 -0.5752905694040309
15.509473075281498 -3.5584782996768607
2.6224160570354 -0.6540502287730904
9.325521341166837 -4.869415830987646
16.79724629742967 0.6399310769839006
4.0442169939676464 -0.9187104781593924
2.8328686130106946 -0.32693110382705237
19.69804627622747 -1.2540378846395628
1.4226549843755478 -0.6817792603157556
3.920261659872901 -3.101823071093343
15.106758086713546 0.07216433752339771
13.664179161710155 -5.031823054231347
19.179519877786817 -3.0442187486644663
0.45046188241460833 -2.3721320804960038
11.530961392797012 -0.00706942085163168
2.1481760479129313 -1.6106346301012775
14.996085820714775 -0.7651201727032104
0.6231605325970624 -1.0555699135668946
19.10238348185068 -1.341942207485731
3.255009957190887 -3.4094959845455763
8.163357134440487 -1.3631057251275354
14.473942631283375 -1.0032239628353956
4.893468277471263 -0.9212561712488926
19.66147423360499 -3.284019527593648
1.151572447533739 -0.1803272958012437
12.202736188588753 -1.5622749869890473
8.330264561562108 0.3197181175290327
6.323116712961471 -6.088301071592142
7.4340588025950884 -0.6545946415541016
7.954136759249515 -3.0517770480118562
11.62763151457119 2.249312917931939
12.335250304039626 -1.8799772452242764
0.5031997931868983 -0.1761654541251241
16.40806461776582 -4.037544818523489
6.186187253685627 -0.1882130386657428
8.853265071165128 -4.592047711554636
0.39763528414281146 2.305795904134719
11.367262914558253 -1.046663345885239
3.1126167294912164 1.363061996428212
15.964742359214675 -5.756812440127783
8.787565855485347 2.751930302180856
8.916516868343928 -1.5067893537992638
12.808137368303434 1.1254579512196932
14.034816171381665 -4.067209487028476
7.827609682091895 -1.350890809623033
0.15901417337332324 -0.9875778780185521
12.087000375600818 -0.35661244719025764
18.38963434671651 -1.5336389981664043
9.738987727118937 -0.9435041284952624
3.286684380073346 -0.8296044152527351
10.54327011398215 1.4895011968112726
13.913916707242516 -0.011960892387224484
3.9618068230793395 1.0069186588820467
13.801600406811385 0.03334108893540279
8.333415407435677 2.168882070123311
6.73322811609849 -1.315610158866861
4.471953649178742 0.8898503512489312
18.290568058858035 -1.6499004571130789
13.96511865928534 -2.9851037879367817
19.30210019856246 -3.947337867596087
14.181806650122283 -3.0650029937175884
4.164828418603522 -2.66870103925581
15.823734557529315 -0.7338473611716091
13.162339184693339 -0.5211124039400522
12.00550900686721 -0.4657329638620106
1.2906428263497929 -4.254840395857934
15.680788217794095 -0.23956377290079542
8.018687504061353 -5.716832690912112
15.078711338462556 -0.41664502985073726
10.798911177395167 -1.6205275270943782
11.778511056266616 -0.8218629527127592
1.002363410700216 -1.875473652787073
0.9625550819810813 -2.2609076909787795
4.565204661084585 -1.7275612054717617
17.42698239840269 -4.412497409449105
6.891130506561718 -2.1880204687221747
18.32546104383139 -2.902376080997071
0.6296758468691057 -3.916044065089043
19.143370656787386 -3.3207691849428023
3.2951607807068513 -0.6160081323899029
12.646026767131282 -0.774409751196431
15.879104521085381 -0.732016235079409
2.35212871607967 -0.5272247425943406
1.2837252782652275 -0.5935631740130514
5.771114997849845 -1.4692847786645178
7.083751149329858 -1.1509900023778221
1.872614162751507 -2.3595153494660885
12.9811671589086 -0.5444614728747905
16.482267499071483 -0.35415781254106266
3.642001138762874 -0.7186126650745179
13.694897848704837 -1.1008397816917281
13.005294420810028 -3.823969683231227
13.516790329956766 -0.6797001606829257
14.937441836049093 -1.6876260555361955
4.590582874469658 -0.1758464206992719
10.116599579451252 -1.2373011061067347
10.01603317045436 2.2397256182067578
7.391844972178091 -1.6413059189747439
16.715426507006065 -1.2148458820200894
10.098638380903616 -1.1140449337591922
4.934786522097022 -0.4793656390108018
12.158849541164603 -0.8235433484672093
11.115178186697323 -1.0113038946104382
1.404992075610273 -0.7268871470513238
5.7174604241281735 -3.923705643286078
9.328698594373133 -1.6154407074653172
0.15701452034317873 -1.0296432312481114
9.705530869633135 -0.855713840355428
8.404139360302885 -1.6571972231720988
12.540931742178662 -0.48248026562224466
5.990831928952866 -1.368217578375529
5.202549759229686 -0.8540266296840081
18.483847543529006 -1.1306315239209532
11.361624915472106 -3.6228895787492164
5.161161668381861 -3.067841209352308
12.969404820509926 -3.63126956891099
18.379856254974353 -0.4174014257535196
9.2984078373368 -0.9521223938751294
9.648875153667806 -1.443907902686869
5.200694033377352 -1.029373424138157
17.27152229192665 -0.47192203855632303
17.47794543318739 -0.45403399155728114
11.512728954608498 -0.037051890713808676
8.027003510733731 -1.5990669651007172
5.484915656919481 -1.0758872813638523
1.5329201636383643 -4.238529142035398
9.07521458422812 -1.6549308221242003
5.8614046252991345 3.249499278771942
18.181901164683044 -0.44650997762572947
14.585756183914235 -0.6401231794908279
2.736762307219646 0.04486385676041976
4.340180786087284 -0.645990546063807
18.992151829247742 1.5320160059189118
7.301069827815692 3.3605586423289964
15.654489634252904 -0.4089253333511437
15.11848752014402 -4.126787035913855
11.537613715976397 1.5965844654332373
5.5173839362137755 -1.1468840306275836
4.6263173213066295 -0.7176058742772436
16.194323760445556 -0.027109704527272814
4.008508382115803 -0.440973387747241
3.7906807287178697 0.027955311668873096
13.89261252114295 0.2356007249836164
4.407271187658608 -2.1876096323959944
18.377777816994488 -0.0654600043582056
4.936561152706054 -2.156837054425198
10.609802142241072 0.7838040374932774
3.4904105854128855 -0.5693982215083714
12.802410556737831 1.8733301623652219
13.570089735162822 -0.4018763142124352
0.23296935972086413 1.5415244183426795
7.335563206054195 -1.9212239314380408
7.721966718777049 -1.8213552454201036
0.5442658242617548 -0.7322319076001107
10.71015948601031 2.4919559227656722
4.4063746782521305 -1.239086120052676
15.449417518143196 -0.21333041139172337
5.361911873870037 -0.9706488824802364
18.134092619454698 -1.0167890316802377
15.553739665929948 -0.7852469364140977
13.749848436638812 -0.7646986917320843
18.63025843195091 -0.8022895268103334
2.4180332528303827 -0.3320012761665603
11.220936839850753 -1.4441744651961144
5.650186893957264 -2.5026525889213924
11.23477481023135 -0.7973028382052392
3.275403830043844 0.39235859622634034
19.797361289775257 -3.3704477104502084
8.12390940457059 -1.2431441921797268
19.24301121164974 -1.1906363963251323
12.791125244528194 -0.27119869235526467
15.932838335360918 -0.9508611875913096
14.620152744390188 -1.3574717959086757
7.8309450657204955 -3.2380818446307518
10.285899006434189 0.5395318099244664
18.36916710828484 -1.7600347037914852
19.256620560442595 -0.5535259427124247
19.033526542005333 -0.8435278826986069
17.12561743917947 -0.09724071567765519
13.51296200710958 -0.7103552418684614
4.159083166300878 2.2774150977537837
9.590585544792162 -1.4466235240303906
19.37040078708873 0.3862111683430583
5.402896304393427 -1.086867832295717
10.681637580083164 1.4041451865411334
5.378446623962028 -1.0863748611937654
5.734049285489613 3.1718558622098674
8.506472265877353 -1.0298369561582303
19.09230968650561 0.27825190351269846
13.42548094770215 -0.8460690088026626
17.46826959018577 1.3760701339336376
10.310790256112597 -1.249646684407562
11.933702118409466 -0.6430953721842309
2.2540504031740207 -4.455840897883877
5.409142208263758 -0.8639641116787653
13.758100316900588 -0.6183189138937175
7.849601929131747 -1.1379189934760316
2.9266052790075086 -3.6619011819864866
14.831600217036607 1.8410925224234354
0.5345535228431493 -0.951974595809071
1.924482360809906 -0.5190827507989771
9.18117993927226 -1.6643410563015695
13.846686575505355 0.1764905192824358
19.574724606304017 -0.5415769635884807
10.855251317941669 -0.720294330339799
16.71864470305519 -0.7728257911687819
11.704034525098459 -1.304734832122372
4.612938399972302 -0.9567036645292119
3.5340351444325044 0.2866246786492829
19.190874637222105 -1.6053627934690131
2.812866923769375 -0.6975035980100972
7.7095525679909525 -0.7192321662500315
7.103640168370411 -0.174932393354195
4.726263445060808 -0.9531687500051548
10.918926105107898 0.2052533527794688
4.61323047087741 2.6126021220065234
3.562900236042 2.3064028042596747
4.020258805830017 -0.1858503769963971
1.0740312902491957 -0.22562256406201409
11.592007801608283 -0.408039654496995
7.944143683117335 -1.4364410260691656
7.448305517895862 -1.8164709123125422
15.090833538736128 -0.5823235126788172
11.821062105019054 -0.7605586468728718
7.322009595805797 -1.4849635591246688
14.63388528460498 -0.826722169507791
14.674579082266952 0.26181302270151646
8.963569162569819 -1.4395049665809057
13.992150379474358 -0.687099105971059
17.22998001998476 -0.8014033102760831
5.87069467705373 -1.4559712558632354
11.802105256142356 -0.17615724586003972
6.585323035027836 -1.5299174605338492
10.85711828170866 -5.294915466153588
15.845523673112424 -0.5325845143835065
1.5637489892580074 -0.523095405180379
14.420331850771367 -2.2142434924078946
1.688737913577229 -2.518184829784329
16.366119498472266 0.6624556843907422
5.040064757068251 -1.0530038129709542
2.638256281209491 -0.21841310735672684
6.980610909679063 -1.672127840583776
6.143594483775742 -0.8177521317505656
16.702942044485432 -0.2055792150002396
7.4423520305176805 -1.1082986310839718
18.063282490878603 -0.3759447607294854
11.11478402671101 -0.9685101052243721
6.172976532465118 -1.5405923457962976
13.957474029440894 -0.712721310812597
10.538459497655126 -0.8892601822548543
1.3158093857215187 -2.7668600649024597
13.209355795642082 -0.5140846760988206
9.41958710394644 -1.3775109586917298
10.235987413613156 -0.5439659418022513
17.675338159184054 -3.2939855421217863
1.8232318481498837 -0.5545053649774476
7.587652271263691 -1.6485950613130769
16.636100851021403 -0.7869501386822892
6.395182206338067 -1.2649877632087607
8.830596172947242 -1.447438040923681
18.800837321512375 -0.647354219773758
6.667161643276413 -1.990506037107934
19.872197508352414 -1.0532962930967291
14.234215857041216 -0.7003882962510589
18.32634231750018 -0.46874099517619877
4.648757218356297 -0.8032361718256099
17.6742673209052 -3.3166944303434063
8.053747934779974 -1.547131797671316
2.2945290181818856 -0.49013876226483094
5.933107900517418 -2.370983168900957
10.135085426330587 2.3416779177465257
11.20571175036203 -0.8683999966991642
3.370215124731527 -0.882096323145752
16.676040879797213 0.04742941229511261
16.679968851461382 -0.6448157909154961
18.844413946523126 -0.877769239460416
0.7180305335174048 -0.9592749758686083
14.832321615084354 0.26022365455842217
12.938498982827541 0.12003385256668526
9.772304719173016 -1.0534120986753
11.248392739384597 -0.8192232974491287
7.173945988792894 -1.5558692893871255
0.5214952933432673 -0.5873960479961357
11.272515717864358 -0.4240975157476154
9.913608190940378 2.5839879632629588
3.661706630909239 2.560248788761147
17.605177005187777 -0.42466311144052776
4.27763114448964 -0.8703038779439928
9.527339046815927 -1.6652439089220294
9.918428980705402 -0.9593797676727914
10.450121206017586 2.25010633699791
2.545178048300302 -0.5684892842582343
16.903208169851037 -1.4986630859831913
0.1660991174884628 -0.7605357136168809
2.114862231138725 1.3405669087166745
1.9614331383161092 0.010215292519417104
2.703505456971179 -0.21638071640134313
17.082390186298785 -0.4577877262091651
2.7811984126249523 -0.4258006384729618
4.387054124862773 -0.7773199977185163
3.597753639519112 -0.8988880002122214
6.246288704231532 -0.8690447483849437
17.05733580036189 -1.2592826102216672
1.7256793849518377 1.5819288259379585
9.246738008673738 -1.635174464358797
3.3583338404641814 1.6419083823993572
13.820479835292794 -1.787890223396167
2.9157510993165827 -0.06980842647875836
1.81938652093529 -0.5716658987482035
16.68505597404391 -0.7081524264838527
12.35730609444087 -0.5135578570659376
15.178184914606865 -0.6919382308038856
2.0106960112881476 0.40184654002262454
0.7603978689193024 -0.2498743235089698
13.060193943647771 -0.618596512896861
6.40890020857632 -0.0507415153876828
5.246893559988491 -1.4532508079645785
18.098557881577086 0.607061991600488
4.178199970659253 -1.3867479768631474
4.265690972404048 -0.45684501888584056
4.008637427254192 -0.608040594092219
10.588408609410385 -0.6379148619656607
17.13276747111397 -1.8678467827981464
3.554991436210905 2.1477684288458545
9.91040799775537 -0.8495811435990314
10.316594678346243 -0.6898727986826048
10.795609234473064 -0.9403986716287133
3.9857269376446514 0.48995111292994575
13.428564929202857 -0.6700683357492374
15.391526708681447 0.9542556978330071
3.1176326182885212 -0.30018912071202447
18.73575592839057 -1.264858991025572
1.905645075299242 -0.5595576704672539
17.57220427314816 -0.18873354527995215
15.492381871154214 -2.7797602931318495
10.999508087223061 1.182543536143371
1.143411159434408 -0.5676735701022707
3.079871395263844 1.3599339430203465
1.3953512012377842 -0.3216292648131435
19.502546425460444 -0.19072828507890693
7.320172973249857 -1.3550356540104946
7.933136162214117 -0.5418854836862048
0.2604404664132767 -0.41367560935061076
19.335947992754665 0.1005774060138889
7.602861959056508 -1.4586100175451897
13.03460305818134 -0.28634030224041823
9.28049604305981 -0.8819611852137983
1.187664726727623 -0.3435420456497214
15.703455741635201 -1.156358700063666
12.299083020030272 1.3090839706183826
17.134731564328114 -0.5598155422095693
7.396110932971688 -0.8413616426355836
7.801382857302346 -1.1301992781717032
4.390234496815492 2.600635686985996
6.6219056589794185 -1.4013585127070594
8.434635726234683 -1.5990985490969467
4.371991766060241 -3.0625108773493364
4.351175947635911 2.808954313894379
14.32125334003101 -2.251610154631129
5.187230893707796 -0.3625536408036554
6.40345142975519 -1.5100044896662252
19.377508949703483 -0.235144048660915
11.165360835774994 -1.1585043055331514
19.23474892762752 1.1976454786748136
15.824296060170036 -0.7760694040424725
18.731897652774332 1.1563138780650175
16.1877332271442 -2.5968894235787228
10.843019520713252 -0.16142887909599632
19.08491984186663 -0.875946634072566
5.175010175891528 -0.6174014113157388
2.5938773910193493 -0.4475319257650675
4.048235313836738 0.6023040259686769
16.595907010215406 -1.4663952529294941
12.973936333827536 0.34204300872346804
5.678933707893354 -1.6222237422141095
3.6387537801889316 2.2992747211970905
18.967360033125047 -3.1655698692257523
16.719557913762596 -0.28106024549683045
6.621225679984563 -2.290891139457522
17.169341779121407 -0.36042947196990655
14.079639685673968 -0.6498092969546616
9.656093609370688 -0.29505001582663715
6.203483282478298 -1.7251473473846222
18.389324738276695 1.856465893914821
16.362315581486886 -0.8244888397227841
1.3099299299976899 -0.13690474321292367
13.49375478376896 -2.235184314147627
4.919059564592539 -0.06753329548136085
6.101326067173781 -2.5283301236367386
1.7463470408847201 1.1103139145829464
16.778957007398372 0.20612535695858916
0.29839807758997083 0.7868919803682098
1.605594461674672 -0.6422498254679235
5.316273371867926 -0.9640416579481759
19.35466759923158 -0.13275619986862244
4.604735816929215 -0.02728282367584238
11.253489859209568 2.3339430827701264
12.35379796581964 1.9991526977661802
5.844874567670954 -1.228350239497342
1.0682398961382131 0.5534520040234139
12.347755732180769 -0.21783639679057076
14.740813291568362 -0.018815760299824857
8.973908168439456 -0.4144079013028735
15.279216250981124 -0.2746150412899952
12.856500270613456 0.5832879760383202
0.0550647173665233 1.1950052134890687
13.99807714235299 0.8960268405266276
1.4290005230520304 1.6633599328068671
11.028853853808101 -0.39174235653295586
13.912753637603045 -0.5157339202783312
10.118043199210609 -0.47887524815766597
14.97304146959874 -0.9634057176897696
18.032962381380454 -0.8690585649311405
0.7513040412210255 0.5404727924786638
15.293170147461474 1.1303637490340743
15.399821896612076 0.5299292824743221
8.509263720423748 -1.314971302767443
0.24682628411162172 -0.764786870089818
2.4806844090899403 0.5098619251771603
2.6252190159091624 1.8430405897442579
11.01515503553839 1.8794372509627912
19.75976424422772 0.5633821322123992
18.929869307708536 1.5049075668589855
4.384681048244192 -0.5746559782617076
18.421561977307665 0.663617403119021
9.827221766658319 -0.7517773225134629
1.2470964326286471 2.3567809116211644
6.272060863130082 -1.0346131706186816
18.98378495881907 0.4592984082191768
17.224483149195954 -0.6301425762475173
10.279918317653234 -0.321316315666344
0.4955385109934606 0.4255165549924886
4.901828111205664 -0.7214431409935891
3.6863377716636694 -0.13431340856070242
16.746750428476076 0.5411564780233638
14.038255196475902 -0.7413113051881963
3.3388274660106516 0.6228802221485075
7.357508251615376 -1.9075670375848603
19.376165446604464 0.8532374751787234
6.986415620952642 -1.8998287953728372
7.189426682948267 -1.4320523822358031
3.366389261995216 -0.2999223733279992
14.133777504468735 1.456151822685318
19.895963792326107 -0.21985417349842568
9.394860362190778 0.33752905023805607
16.53048038047441 0.821707390385316
7.199275307421062 -1.4302913277790255
18.891258479217285 0.4953889677078038
15.58145518885392 -0.03643715690966856
18.327006368418576 1.461164589582647
15.497625251200983 -0.3033891194952533
18.063675098385158 -1.6458421863152315
10.652768792168716 0.7519541448850676
3.2501388143242207 1.9256659853488296
10.794537854599987 0.3180322612087778
9.772280011081758 2.4742887637929716
9.249235922990026 -0.6690132004625978
11.094765535698077 2.1777127015047943
6.092991808361568 -2.575297657272512
5.612385997743536 0.5815140426603967
13.10458662375981 -0.17165685281454798
2.085844112170394 0.19049582123076034
3.467276087832677 -0.8776916228465257
16.033639409500207 0.11436614602326509
11.472143807529127 -0.03336688232509968
19.818365628036588 0.6002587182709528
0.16725859582647334 -1.1535286352371632
6.765640836133677 -1.1737480667790585
17.87945613634854 -1.0405926322400478
8.178225006556893 -1.568934883663503
9.660069380668189 -1.1452952546240458
17.01756655579589 -0.7956102176378571
10.098946877388267 -0.9467996152087862
16.72849285800621 -0.8021998529647983
16.013416397095334 -0.5231708747490815
2.048294306265046 -0.26058177466726806
17.89960549802715 -1.200240922098384
7.868622884592844 -0.63288427060366
10.051888903199533 0.5861899235339121
10.50711818848118 0.15499090615560565
7.209268642404445 -1.9413094703419447
4.765065230397884 -0.8040770866491599
17.922038628164795 -0.5755276263342228
17.72610714601264 0.7674043102842669
10.067337286368774 -0.24932682353995927
10.639865580546296 -0.8214262775248403
3.564470388125715 -0.8182299341307564
12.238285173801861 1.651779762760926
13.936735884861841 1.4017226345012768
15.496884249153638 0.2945535339670519
10.707688508975306 -0.24877753598168761
2.1581554528749245 -0.5824493305445582
4.94649608820755 -0.819335377763949
4.936623939503808 2.5379529630564757
1.8326076661060042 -0.3944385861406339
12.284106214333859 -0.09313913143051439
11.249285433171114 -0.9962208336423144
15.096976299715488 0.9324606423667395
5.143916834041775 -0.9080604365248283
14.970283955430718 0.42374495549906815
1.9050303722397857 -0.6894570847761995
3.0629414098548895 2.400886053716397
8.649141989241354 -1.113722643846259
16.11747337253197 -0.4148048568146223
5.647002897567751 0.38017095213890173
1.989914987165592 -0.8231024086269155
19.826623048109997 -0.3818334210657876
2.6380475648341988 0.8793196776973629
11.986131044388365 0.5429882796788501
5.299368258704455 -1.1044044970195501
7.637403779174012 -0.5114074374717908
6.698875991862985 -0.8727730674840184
1.9348504990573776 -0.35910546927415027
0.01178531326098664 1.1111542315559482
12.48342341853577 0.18642193357094275
17.539893036059084 -0.34528159538816006
10.731303656939666 0.7339900627445378
13.684545248380132 -0.29462003949759635
15.293524076720605 -0.02289434308054334
9.213274017816168 2.6655064084530666
15.833241632303103 -0.15202174494268383
2.2188223790421358 0.3867720356231239
12.635677823819606 0.5677472752650726
16.691619727822467 -0.3796406732878454
5.258825475562465 -0.5799831517553468
16.848048462401902 -1.062192868205155
13.496925467097638 1.5934983464143178
1.2859960146327953 1.9047671656717415
10.81797102849531 -0.31200658830462746
14.952385457753682 0.6021811384506849
12.408700828683696 -0.7930525897119436
19.194173805504267 -0.5012690787671766
18.556080932479922 0.8573112201102109
12.307909950394047 -0.4554315337964552
16.331912456566062 -1.062009097887192
6.561433569193507 -0.4380386460853553
5.563892971586073 -2.531824319128548
15.634438807797384 0.379880430899008
0.9077373669959812 2.051053414503698
2.969056171693579 -0.678752620729037
17.244306559335094 0.22509526703632032
0.9408826362330495 -0.7741087148172267
14.601606020114243 -0.7987293761851394
2.447035069924132 -2.6215451267591146
15.788794198121447 -0.1883413424629896
0.2973361539297058 1.4603192202321338
9.312573772779567 -1.117850970217974
1.0592400462226643 1.0626442534488372
16.685179401516546 0.18230771602403514
14.951741002161022 -0.2179849534762615
13.56183321808925 -0.12714990467455575
19.84242355040724 -0.9599500994446579
9.15432559594843 -1.067861666990014
13.036456267350333 1.8965364509941431
15.605900757994911 -0.6564070867228068
19.235025314984046 -0.15040317329228156
12.037262779062983 -0.4160000289708219
10.429296833389383 0.1734726829166074
9.020116430923835 -1.2759782189468094
5.103100127150804 0.3663947989806057
4.758132492363282 2.422752556939323
19.329433715691714 -0.8569363186758984
15.237942189581574 -0.675379418580028
0.05141762024592822 0.8527729105053853
10.404807531528434 -0.9862138732730695
15.026957045710736 0.48994550404379383
12.929997825077571 -0.5442106576163841
17.59041707624399 0.08189681845506563
8.92908026185518 -1.264418250835775
2.5581734536244305 -0.8500235161484092
15.54376925789862 -0.5117534607620247
5.926717856891546 -1.4246748427995168
13.279493475094414 -0.6285800619947196
18.45867827160321 -0.7624727110595297
6.396024852747326 -0.9377309326433173
0.731321305891252 -0.2772501772874102
12.70187293703978 -0.14180182619328396
4.830967817402365 -0.8332686107704504
3.551690629300133 -0.10087154181764436
0.2904544693651444 -1.131386321484582
12.425227153899131 -0.6063645379645771
16.932618384216322 -1.0404035585581468
6.708409404274124 -1.2811859727199262
13.490820764488983 -3.1067908607861474
8.138915116700272 -1.0758053713768232
11.61093438522628 -0.6812762542341193
3.0759739497028002 -0.04187688965611801
14.643379045743101 -0.35025605340325655
15.574708797563764 -0.7081868772966493
6.686037600130181 -0.8748230012307483
2.5217903652353564 -0.30939675840530945
16.84842743128503 -0.593994500056544
16.434089049873176 -0.20174485010162518
8.023645034068943 -3.893530714223389
10.828956054778017 -0.2245127651928522
0.6541044941872127 -0.7749444908407431
10.010638494870939 -1.2461746888545493
11.464282826078998 -1.2004683572249344
1.6210581612767838 -0.18803163996565161
17.218906945382457 -0.7276034054338726
16.329690488390433 -1.054429091147515
2.7977018544671868 -3.673443331226911
19.54001476201549 0.7967552468886425
1.8501484483725839 -0.5962896483290003
11.06828907804641 0.022785701702970187
11.66187703099702 1.9940039752846013
7.18809572930496 -1.6349431659442288
18.886409144821478 -1.3920958688048768
10.249937236349353 -0.2495264953431066
1.715451182536435 -3.6388939545941565
7.057062080549383 -1.3348610264850977
3.937334194155391 -0.6972168045162316
9.343751347866137 -1.0135250129742288
1.5105539687378673 -2.7303842121859576
6.245700104321123 -1.4995945940386848
10.03979409483923 -1.2697383965095743
11.10903585496585 2.252609487881694
11.460543055341018 -3.3330954849522088
17.067865641704962 -0.817371155206435
16.7487655625726 -0.8590320210363529
17.88363252824308 -0.54671677278437
17.899050737650303 -1.0607410272049107
18.889098608648276 -1.323742032401281
12.645592533775597 -3.1086366109208377
12.314636842045303 0.9368719915142562
17.89690104410061 -1.051041848032802
9.866665396150358 0.48440293022320646
11.114800754259923 -4.150935154259513
19.021428579898476 -1.1789051467735994
14.059975174860977 -1.2084413837879877
10.64597148293395 -0.10365008661775803
8.155569633306676 -3.754011807069694
0.10194765131840779 -0.31290063042108684
5.439787792059339 -1.1494071632117566
11.299342018481235 0.39451956304829544
10.534695758431996 -2.5289423080573727
3.987135742524792 -0.3694479543440989
8.111672143257879 -2.107733561689537
0.30687998251058746 -0.8109052089376225
5.256172354241435 -1.122428819036928
15.380497828306504 -0.5429738280735656
11.348607555505945 -0.7249697360832446
5.363038842251669 -0.7937558495059223
2.9054932164467195 -1.1630142210343166
1.829606391955849 -0.46917847660901585
15.505312214402347 -0.5990286513903627
7.181563495176081 -2.226582098029041
14.946700582246127 -1.558637341127474
18.980960270395155 -1.0141162217052586
11.93720982942892 -1.2510279705191596
9.247026044825702 -1.2911650991986805
2.526374073754988 -1.2134290185486163
17.513589798251335 -0.8799975746631322
8.1305431514257 -3.998850554549849
4.3314653797690275 -3.2008084765254323
4.742523028904169 -1.597757682124833
6.052895392864053 -1.427932295920245
18.909307786262165 -1.4436191575339317
3.284170597020644 2.2342981609402344
5.377124297799531 -2.8170948104667133
17.65890913497027 1.191247284968867
17.267718992989945 -3.5850669550214715
6.788551876613001 3.216934476598753
19.893930062206913 -1.110840436524795
10.598961404173615 0.09947843085387804
5.070254287707461 -1.930080198040986
5.967884979542657 -0.9154274274191828
12.70110679835188 -3.9640073409506744
14.917849358160767 -0.8594110321816962
4.015551053692654 -1.3914007215838504
17.818498578888654 -0.6766523137384388
12.818500613201595 -0.20694172926310453
17.575268257700976 -0.90041708434225
4.438814711520226 -0.7392194673320513
2.9227938140906917 -0.3926912118292765
18.539306369319114 -1.231413311500056
7.147406591728394 -1.8567160221899532
14.01398644608837 -0.6531817587183288
15.623677400278114 -0.5074152307522188
3.1768136538679776 1.7224138347107343
9.158624920839175 -0.46971218604995923
5.52120747359186 -0.7221734329886627
4.817696189943256 0.7935382260465066
17.01613792499615 -0.04264126318816197
15.54456706528609 -0.8808153027072826
11.119413014374818 -0.6536325245572537
18.754458191879618 -1.0913080996167637
5.91750185809336 -1.5716090999458885
14.007003695802313 0.22025169768031705
6.639333494527568 -1.725268607257462
6.0169074984215705 -0.36773184120548436
19.964833395430396 -1.0397181428489726
4.696599949162457 0.6809578095151076
8.05359820197271 -1.291562587542824
7.015241961710701 -1.1476524678385196
11.936236920972926 -3.551464734406526
19.925047331749816 -3.582283669472395
19.764932839219856 1.1711442991803067
12.622203189123034 -0.6466155796426973
16.46385235618476 -0.04294527092951894
6.322604072548293 -2.7894875666550254
14.156293355409927 -0.47099069106004116
19.355677856538307 -1.0178075579333752
11.437296047977307 -3.4349833552035802
17.856636097935702 -1.5562603248908011
15.341342025736717 -1.6712644881044587
3.863953133675009 -0.40562193530242574
9.163036556693756 -3.9487209648763635
4.1845659974312905 -0.17751858508402166
16.432489712409126 -4.6278286674913796
8.799704259950518 -0.8379905936491542
7.019852566972216 -3.601582611599415
7.295034832544075 -1.1763496845088335
14.4338508811472 -1.455526358572513
6.938442145326273 -2.608025528038896
4.896343535008085 -5.155982409279211
1.9374095177152526 0.07033949897353277
4.967741349502816 -1.6803904623096073
15.258195600991131 1.3687257464889262
8.202745647467253 -5.379375667606705
1.7316137340059687 -0.8789586485887451
17.566955941749473 -3.371161531774282
15.474249188913282 -1.0156196382690779
7.905078595255558 -1.9623734995050301
1.438207864803968 -0.9092773374079549
10.13735427594189 -0.5222435357337162
11.374967541001833 0.428415866989094
16.10221689590677 -4.005219048818988
14.299346524482248 -0.41759961911829463
4.058325260902372 -0.6283524443370716
15.231824464716029 0.47032508434330067
8.009221973010778 -3.0712093047750972
12.066377558598242 -0.8204818681654359
15.72700440675152 -0.9296610220460236
10.71841933396751 -0.8006982950292453
17.366600577221398 -0.8281677871195736
8.55287912089568 -3.6345039152507903
8.198843978178111 -1.324994117813226
4.151624111944952 -0.8312515199504203
19.523361219864476 -3.628210370780441
12.332938824713558 -0.15088629597360304
1.2800737388544972 -3.690893897374097
12.50880949639739 -1.1233038631303875
5.896817331348133 -1.5754969266703416
12.339063225033028 2.0411232874161422
18.976179149456094 -1.5310659359971637
16.808351592813178 1.209250659979017
5.159302396116377 -1.15093694450466
15.760797268058324 0.5085110277403657
7.146690281419765 -1.5743088921773565
1.6475180961887372 -0.029874945007956018
7.859392492473158 -1.4692713715645116
17.14679158005773 0.3728902810158876
9.771395833635474 -1.2852699802696306
17.04514158123285 0.7343073144140484
2.007529185343804 -1.8012146607071093
15.340341159205641 -0.04664851744107131
1.867209298049822 -1.6845937430285134
15.271128516901468 1.448605683552839
3.8976518022465214 -1.7790844221674078
18.982333431136414 -0.3876577244338632
6.105861175372236 -2.990091978046901
12.901304085946744 0.7188373941936275
2.7043354151841843 -2.717219526170797
18.55354288351923 -1.194946066995084
4.639779227932987 -3.285231853555819
16.824518163248683 -0.6532286775776371
14.883970599942547 -4.186376587179898
1.4385583134762612 0.27865584676460514
1.3613151022610597 -3.7721966186737106
3.6665553635401764 -0.3220329837715153
8.715800272012435 -1.5729209264078405
0.7764737886550495 -0.8380806889611139
4.17119952041107 -0.6396031833416834
0.9279763887087501 -3.8451670877049073
5.741357219116541 -2.6377509505788446
6.130497494587435 -2.5197460647209002
11.402028342731406 -3.063142529574952
19.952662045824365 1.2804231993253041
4.840178152544501 -1.143441485605434
6.060628287213831 3.1913949972801685
11.441402210159065 -0.683268588931809
10.603311746229815 -0.6221726037517545
10.2941361996491 -2.467753038029536
0.6525642004977998 -3.661728477898919
5.367999662668274 -1.5264151862150672
10.974653394524381 -0.545038652591232
18.86200839630064 -1.6018962733071915
14.21789601904069 -0.6780623632519475
19.649701759726835 -1.1412093193216164
1.4955771557914874 -0.3743861385087295
15.532753296233624 -0.325768471221136
8.45146056855466 -1.8151355382466152
16.01433245982547 -0.8045283706883404
4.369934704832928 -2.282276268133222
8.236992600077805 -1.5099386948278068
7.064572929514425 -2.1809443366317307
18.439790391872936 -1.2037435335269515
15.133121750804317 -0.9331873134214814
16.350691291590124 -0.6969191763842215
17.815607670185535 -0.9459491906930868
19.078727635576044 -1.3430880691738964
5.55475454740034 -1.5283856197509933
19.389698449158367 -1.5423328233520448
16.108555808191934 -0.7565378229250622
18.621839649715593 -3.7265247962157497
19.879287563112793 -0.8785501665079953
8.173226182711401 -1.7623382485266221
1.250350216187976 -3.5977261942712095
15.367460325753294 -0.7448617387896712
8.867280920034021 -1.324505869887079
18.730340244870806 -1.4652633578845198
6.979410458429984 -1.6512113755067803
19.85370205979155 -1.2705833302717362
16.51053549490135 -4.781533369963125
0.4547320845070683 -0.9844032785016711
18.23226260165584 -0.4909265100531322
15.639706790539233 -2.775197028045234
3.430287532506204 -0.6239171801904833
9.588400762112578 -3.864213293366218
15.129334088660867 -0.8241860276864981
6.5855244940569415 -1.5674164692097357
2.120453506214617 -0.8447355385812954
5.405940740394553 -2.5882586115733175
9.534815491896504 -0.8026375363879895
5.933070041443467 -2.1096584223046806
19.661956168108897 0.6332484125142648
11.017123932951147 -3.2511040445459125
17.764736091037538 -1.2979613622198771
9.206020355834015 -1.3424097529322772
3.986512456950288 -1.4207794189593288
11.913955255234102 -0.07714780651771493
10.095613545270016 -1.1377688270380764
18.318479094185676 -0.7716723722926246
9.807797346693974 -3.3555236051805513
3.240832140415991 -0.4256249173090569
17.8430853441135 -1.4814151383063248
13.337945631840096 -0.8684650858653469
16.515551524793818 -2.668458090224133
19.773465892639255 -4.336334876580277
10.157815228888952 -0.9543143262360322
5.797146503445755 -1.4891711662852745
0.7218591097861665 -0.6683472568035264
0.2363779119914263 -1.0575082933070952
1.9777933712589149 -0.656655604399683
7.623527971738107 -1.5621855744862776
4.923284977196753 -0.8891342861153383
16.697609251778836 -2.4013198879782145
1.1826257663263136 -0.5729614339782758
11.133677989500427 -3.5643636690624865
2.530414572223681 -0.8073055843946888
2.502807416300606 -1.3262945068005065
18.108085044896214 -0.9455307899840599
15.186838510606602 -2.658438087879541
1.7682388485400695 -2.452975129008967
10.49867852660286 -4.140508157930961
16.099497553705003 -0.6379699442722483
19.183963074647323 -1.562926307182061
1.5480913282004296 -0.3755292623239858
6.804556853825402 -1.9110531663759915
9.995245300039072 -3.2903762278623425
13.724134268104251 -2.6425269421663673
6.468084009755504 -1.6448721324109277
3.4052490026132074 -1.040964849354274
5.46864488732378 -0.8524939169250503
3.1182819641586295 -0.5625927160986826
17.120098819444294 -2.4273169158711507
3.5778678841920297 -0.42347769232386684
0.217006712626919 -4.479570127406559
1.588219461215801 -0.7852507777149228
19.376990872682367 -1.48262479651377
10.00804395541851 -0.9144500726676869
14.514263393862043 1.7665818255262011
18.231329228850417 -0.5180108842071603
2.063721634947904 -3.721836505732174
12.716102297409 -2.331397056056316
2.5705583939010346 -0.9986542380112177
17.59110701962975 -0.9775486570698677
13.128918602785754 -0.7745685246732089
6.872376760351564 -2.192288180577115
11.308308265945412 -0.7131568556598689
8.264251583472976 -1.4553730960751559
19.454878608564844 -1.1533648906602085
4.068290122249395 -3.664685402511248
12.657679704208935 -0.9579181088529158
2.9352840772942113 -0.8520932770796471
11.59544471307936 -2.0266038453499893
2.732840738418504 -3.776797909641361
8.732025290463554 -1.4680230343710385
13.055803967430338 -0.6739598872092457
2.922599246399569 -0.36596637384324643
14.200632593866482 -1.115451050061351
12.059972929320221 -5.0843984597005605
3.1084576594223097 -1.121062367253656
13.999041723607611 -0.45388129518088177
7.961289457049387 -1.9241678960005961
10.340627372850548 -1.1276410151019096
12.380957444451786 -3.9016347415533312
18.530165715258168 -3.8570753236459625
9.444498510204653 -4.554101614563228
6.230078072586452 -1.7077397693223513
19.383544035348475 -1.161346717703677
2.1851562913690943 -0.019530248179844
17.577919329366154 -0.9053813244321256
15.798227837242932 -0.8740816309369168
6.076065643666048 -3.0022141853609168
11.02382252265451 -0.5023851858825372
11.32948718253867 -1.1955620757725944
0.24053734986872813 -0.8249495491009319
12.746816099792635 -1.3774662172722767
13.89586505087529 -0.6038492576181301
11.130279860411532 -1.0222774451347207
6.274676975007595 -1.654637987080675
0.414549785542741 -3.9527487187144743
3.397162546093995 -0.7645016358917175
7.300889017222907 -2.0051491131684114
1.5695560932256734 -0.37206752674889093
10.288111232755957 -2.299724637515161
19.827856471658645 -0.678477567610633
4.3325708926165065 -1.687832847311949
18.771283710395814 0.42308330063632976
16.051803358885916 -1.2213889526566741
7.487376311108165 -1.5016249108937343
15.485939519829728 -0.8804457343947769
2.2929014471133504 -0.8393759659603831
4.084945844217656 -3.1965024204436814
16.096133054715644 -0.3696310665323449
14.28893457148275 -1.4070842267673702
18.413606167579335 0.9600419669311643
16.799961311919002 -1.154549654086726
8.124569677524326 -1.0928807041079618
12.14987943603177 -2.3269770347942034
4.0398197920092 -0.08939961246233591
17.11420542447725 -1.661687968806533
6.277703445416554 -1.5333231071917743
11.061046059119942 -0.506032642481636
16.273214343543614 -0.8195782442969524
9.990739370718753 -3.142886838782287
16.24204105600447 -0.6427654764423928
9.930456836302097 -3.1770344532014643
4.668111615725052 -0.9627719481981946
12.935811588802615 -0.8927013973736516
11.96454210379025 -0.05887146054878306
18.777833146990318 -0.8981316309359045
1.6856553017325813 -0.4521285197731642
14.219589995931466 -1.3427845652532833
5.077075386712252 2.3821605043592804
15.37711306013087 -0.8338140938381494
19.936739790665033 -0.9795387426104584
17.46960463396032 -1.0499041730805927
18.675259867571064 0.12412866625690101
17.5250421757813 0.7883701716640283
2.841803192838319 -0.5928778609358132
2.8202400696590564 -0.4818765392225877
2.3374121198356184 0.1525244031693909
12.896038588604846 -0.7090709411763242
18.456308166455845 -1.1962811339200432
5.40740310517817 -1.115968962457682
14.939934931891376 -0.629757264242617
0.0835208397483242 -1.8188540467410028
14.88481900364869 -0.18364142895403673
7.151952670658957 -3.9477403673772415
6.218778731073343 -2.8140779614384996
15.668596904653695 -3.857305033623535
17.39459387118496 -0.5394716092604579
2.7260545187399376 -0.7144699068273977
14.444252085280809 0.9735507663556004
12.272676368029956 -3.9162034264529337
18.620233935098838 -0.8234300649008597
12.72048554955116 -4.261000802755836
14.645757783837848 -0.6014288307448624
5.359648202064614 -1.5473801262884785
8.983541454561285 -1.1326316317515785
16.51586064877625 -1.4053196931926415
18.296840071685782 -1.3501880064547673
11.678108110620881 0.4435110250018642
16.840057195539206 -0.42153003111621823
15.755160670407829 -0.5336863888491087
8.1711227720955 -1.856211559520217
12.758037830558237 -0.7028031121630981
6.7713405333619106 -1.5920350153506515
10.357422467631626 -0.8480710350923272
6.27275820693509 -1.5299281568320369
7.910737915836063 -1.419314918353991
18.521033935220295 -1.1321860014422769
8.844689810599233 -1.5659807252157978
12.041978905948163 -0.6321763405150952
11.953392130246936 -1.0943227250132723
17.135497046272835 -0.7997401676581729
14.334369633245114 -0.7858419907596993
7.9952870260952436 -1.9639916278040173
7.567914351735723 -1.5560048826283148
0.9497562850924528 -0.8445972225979986
10.419850207435758 -3.0554292956851685
8.04372399225602 -1.1336346892954199
2.8577390027413507 -0.9646453229465473
11.559792498146933 -0.17878006020825407
10.765203345625292 -0.6665766243768697
16.32890509620397 -0.4352869196346451
3.699116124727512 -0.266404914949496
4.883785209016518 -1.15685808544911
16.15897532247019 -0.19090801045829586
18.925959156504252 -0.8322469625792621
6.525266390191555 -1.6105558843309244
0.5015681295126698 -0.7831131859752491
8.5488621234704 -2.1127785333642235
6.6294352674120764 -1.1985720575319043
3.300008691355798 0.10669416720678963
6.186705477448237 -1.4240307200116096
6.5110636404989135 -1.5409006809727732
15.29309500681738 -0.28607479186330276
1.2263901989514523 -0.9217426016268663
7.231021097785553 -0.9119002104713632
14.113541631774552 -0.6656270172040635
4.558572700776799 -0.8136871183020825
18.785014669339223 -0.6789738066342639
0.08673623076864187 -0.5974591950797735
15.469559247097136 -2.0464329833460844
10.544937961934501 -0.34535111477790603
18.377958120932533 -1.0047308186305075
5.91812642171179 -2.629820325833934
10.820729449827203 -0.6346905388707763
6.169421108523923 -2.3507050057522303
14.499482494028905 -0.6128648877792923
11.857485353950413 -0.8055878868395381
14.840530670320334 -1.3382121408358159
8.080240154939865 -1.7381820987874512
4.533438416629496 -3.392420667103868
18.634613444772413 -1.6428448619472305
5.468582264721898 -4.034186569754516
12.075629890876728 -1.2463959376903557
12.244227180377916 -4.313118131654199
0.1721870842515228 -1.1227120639052337
3.9397498103745825 -0.6892955491361771
13.733841871761257 -1.0663534142137452
0.5933488241449856 -3.6486089446674064
7.946284958229772 -1.643577590360671
0.5649119085278435 -0.8752257726812045
19.951912567131405 -0.8595189038144851
6.1916442038151125 -2.288466705075641
8.203515303994628 -1.3421320898752906
11.183650730302093 -0.8359019149669065
13.59127859335922 -0.15617311092403383
11.550036757798471 -0.17058163166182597
13.005191311032586 -0.4527022299961342
12.696057039616667 -0.890927238281801
19.557110803657277 -0.5165594711349429
2.742131117082665 -1.711146637735007
15.23654937999093 -0.5788305863478571
13.59153584478526 -1.0427305356670278
6.70460139075511 0.20598212121406495
7.844629258052092 -2.089148981525587
18.055936804831767 -0.24895586173862363
8.012911703826221 -1.3274345973010364
12.926631411445946 -0.5061788147639441
18.014228586932788 -2.0284290699281544
4.181788798122262 -0.4684041280868601
11.75431522405567 -3.9997645849990198
14.031294347619356 -0.010895859241248956
7.122251937634572 -1.6574068503274075
16.603031317471135 -0.46323910317306627
19.102603327372677 -0.4079286832744117
13.991965150922061 1.0193845814965137
12.438954912403542 -1.0605787812161378
6.59515810458661 3.3098149499251384
13.905299037780166 -0.8387348426160661
0.6104708913924859 0.14727700088140003
17.488623608821722 -1.3001983720960673
15.490891973261697 0.2857847228922425
13.841577674261206 -0.4795015351661623
9.19533179735099 -0.2079324933605849
18.161562612551478 -2.260398518955962
2.5960451516903147 0.33640102735717803
6.1749512185690545 -2.4583304559772716
7.265244877924562 -1.4651651363203173
4.474700178211951 -2.2379952364690237
12.513452161674522 -0.10368529960283542
17.108722644841773 -0.5252391628916093
11.863533111638175 1.7429559069880136
13.578320758620919 -0.9433063205007923
11.614155100148041 1.9515768528449366
9.529069925981426 -1.835394505094331
12.652231302607406 1.0758948697721529
9.137654854873176 -3.575770884903089
4.9672182866369745 -0.6906809736462823
3.8615064736566955 -1.1783644854722726
19.780796349890654 -0.6505504022410485
16.997232178266273 -0.9630172963681
16.237886876144522 -0.8003092583154289
18.232846878142173 -0.6262974600848118
4.5655771628513975 2.541563229414745
18.174397010103995 -1.4763104433916254
17.116816839783603 -0.08107364768100447
5.848650050022015 -2.57490336957712
7.005483075739054 -1.581404314906751
13.735673252194957 -1.8440078189416034
11.123671199327381 -0.5931148728902392
13.51751386645685 -0.8561325418321485
2.1733290010502815 -0.8956487379971445
16.307478969289775 -0.500489185945694
3.86151756790852 -0.02004459990820826
13.21985126286294 -0.21427725849003407
14.18241835873014 -0.3168358778626689
12.471853062891256 -0.2590147538464825
16.586364879670047 -0.9238870529007576
18.576150998167147 -0.7169240209145096
15.648719404220227 0.18050367531850747
8.995297045593727 -0.37303041247368207
10.580357817565206 -0.09692639181428762
0.8076395955336901 -0.7650397366975514
6.050971151999917 -1.2975849462066078
18.904200917414542 -3.232870901965131
11.730924961601449 0.8733951231736525
10.187534015809785 -0.5136371585657643
9.306273180613562 -1.321655474383215
6.853201572546562 -1.872682517567131
8.960735247608987 2.8861467909533687
11.60083909675246 -0.3909529107323835
1.2047115753100286 1.4397234647746262
17.98190284676776 -0.6257163528998252
8.143041520843436 3.0689214767684314
8.841838977834694 -1.2537719088486448
4.584121831042025 0.9081065383057727
12.177238290182487 -0.8613948846196483
17.215274338490197 -1.085707428836145
2.6576668759246553 -0.7201886093827806
1.0276870443052326 0.19934617312751435
8.74037257686447 -1.2771202847975878
15.437107720907424 -0.26028560215440255
16.645905888181797 -1.1768269854971236
10.63733489870234 0.06263551199488886
12.88856660103658 -0.5558423245488517
15.77984250782469 -0.7338269843828183
0.7331897671895904 -0.6896059853427572
9.80751265862709 -1.5047893347221915
9.59429736699873 -3.2499170407757085
12.362639085173244 0.7250360819473364
6.72206398471297 -1.4521400635541224
1.9614247845510917 1.3222195513041493
2.897070114048235 -0.6974143349581736
3.3812215182706287 0.8989865532641756
16.14395773834054 -0.49900073902022274
14.827480129879412 0.5426486228141778
18.490668964005195 1.179321633573788
1.206593307154161 0.8343752309506846
7.009782736403433 -1.4341746532026227
1.073529816550473 1.2116626064301632
15.34449831564516 -1.1732781505782712
15.564708635224694 2.439893047577914
6.5928106791174805 -1.486458047933936
1.6457534466374215 2.1199513479095686
6.525527670278399 -2.053365383003823
17.27841008060417 0.8521562378607367
9.481093193387196 -1.0785491061668866
18.102145737428938 0.5242486254597337
9.241819012969687 -1.439477249781673
0.7891711106554314 -0.21348483438642213
16.641759141762485 -0.764610933728789
1.6399580004651741 0.1669647686875649
2.9558586316886664 -0.8832039421229301
13.967087213812185 -0.19206997785566712
7.414277760877387 -2.107268714536367
10.909698946199109 -0.047362396084387526
15.926689510520575 1.487133878967221
19.97977743408616 -0.08067108331642923
6.635305500083228 -1.5165067353771438
4.491349176530849 -0.9422518512151635
1.8525467584155932 -0.7093165796965453
18.84288759705274 -0.4380136723490491
15.650801640047954 -0.627773673267164
10.44118117946591 0.0476728162755012
6.8444177661636445 -1.5772853378463907
16.049924558395166 0.7002556399275409
18.567263951071293 -1.2296643579615771
3.707030738477839 0.9942655817537194
7.5664701518849835 -1.459904789950517
2.7986423340288216 2.375919314985898
8.401380050011667 -1.3037791825668024
19.915872647530275 -0.8761321791338944
17.060097559548794 -1.0170348604623016
17.02719489248097 -0.5219810752470296
6.51720565641411 -1.5148986972441325
10.617818293436725 0.8122289134196846
7.51959454818409 -1.3393275779775884
8.512687727091928 -1.3314332548238552
13.107223404260345 -4.179059414213219
13.66163642720498 -0.501241912337371
18.69585178322011 -0.9377152902074334
12.929225778985181 -0.4444377509654331
7.196659800320762 -2.046503965767108
0.6453521227293325 1.2129973316585902
10.200657971225414 -1.2305955151901409
11.134940873638744 0.37015105365924855
0.9907153195389247 -0.4580317939401349
3.865384153001661 -0.8570094952802036
16.736283253121325 -0.9307632920736655
2.36039201246206 -0.4132002047233081
16.80918142123809 0.8758323304983455
2.8603176155126517 2.138927607305135
16.387662902493062 -0.9871984673895818
0.4143748771022038 -0.3455904604624956
17.645729497047245 -0.9416963285114494
4.142188171430892 0.4633699822871011
19.971037899520944 -1.1358948973205814
2.776490732321654 -0.18761522503392097
3.2630867292279917 -4.416432502884608
2.5621563561434773 0.9837208110889031
3.196105058706082 -0.9253850723527773
9.798581203688089 -0.2107096617192835
7.685339238024945 -1.5428554470061147
7.006060809194563 0.22502095324469346
13.715660737377037 2.21247863312334
14.223584148355672 1.663865976295467
16.13404590738989 1.4935868966139136
12.630293191533434 -0.5837351605683065
3.371615202808181 -0.15180324880483342
7.2596010486138445 -0.6415738386006659
11.935995126139147 2.0040583676640633
4.889227063255756 3.0235574712260656
8.595623940339873 -1.2648811790800232
19.780135545977124 -0.21515958904249388
8.968950673685054 -1.6998287356869826
8.822653508934373 2.860450699788992
4.4006041376339375 2.8662939870534228
7.253148854248585 -0.6054401907512285
10.542563343361449 0.1426999009077484
10.158367717631085 -0.2624336608969496
12.530829799512398 -0.7067067720306355
12.119104999616653 -0.8429223735977367
10.341422159218943 -1.3018674212400079
10.214890887971649 -0.8962034095652661
19.33848967972121 -1.4716838453354768
5.360220882342567 0.23091119966935608
13.356526758888918 -0.7627031575474549
0.9904159052890487 -0.3133955012978036
12.663479114104396 -0.9575934611080856
5.666452685875529 -1.1972402583303712
6.865481842589726 -2.2041515941457153
7.45339300000637 -1.8393268796077709
5.773747353230563 -1.2317494969333742
4.202897286152817 -0.80054556153784
18.223099158826678 -2.0184231742534133
9.21536237105364 -1.4013402331600349
9.635869923509121 -1.5444724494686726
1.9048210834249533 0.2182618633195147
19.94005387600022 -1.2940379591887479
13.980411380625503 -0.5396466578087844
17.400989575159553 -3.8754652215462917
3.9330317014591922 0.993153468960664
0.9538191679154379 -6.535947538705661
15.976486295425005 -0.19848698727936517
12.321134120800167 -0.8593806114412808
18.68492289879782 0.24813254301273815
18.9935366587751 -1.5068284943435217
15.40715479446237 -0.5923874346754125
15.01253630174256 -0.985107301244685
5.2612714015705535 -2.755159994424496
4.678599606389404 -1.097694229994098
10.572064773017212 -2.384540360541781
4.280868950928993 -0.800041904212743
4.932197938148194 -3.405481110055064
5.102410931021837 -0.9273561527517132
3.720793823507579 -0.29900152790625495
1.2524578460602653 -0.6380923367803113
19.278290126736227 -1.386604690071282
14.989770067871783 -0.9356114181642493
10.886528007288984 -0.9509040702689459
6.09113998337322 -1.1782587201126589
4.3129072636471095 -0.42017045868191744
8.018435878044514 -1.297355512153679
17.637371468446503 -0.9936705619975642
16.92680818006606 -0.878684222833795
18.507720498551297 -1.2390086763742316
11.668491468397518 0.2834917453061382
10.310197708036199 -1.3368195326573336
19.02265707426105 -1.3249578885978548
8.298173181731556 -1.692154576683933
3.3812260149631097 -0.5570112359999152
7.441077125759891 -2.2923299194760536
14.22778623221138 -1.516219623312144
16.452151112564923 -0.4265056690416947
16.759672470999632 -0.6015383923329036
8.4842196531045 -0.4626827977222846
18.652878626110134 -1.5949790724979935
2.9096942666354946 -0.9452587684619701
0.36945564478584747 -0.8313995856209845
13.213699980546707 -0.4405947179047628
14.572685424487563 -0.6568764986546652
10.096083458538825 -1.2431632098010776
0.7695365892071135 -0.9506687578358021
6.40922989981128 -2.4386558045018827
16.483892039473428 0.19376385622234282
9.3575710510654 0.31139325388330713
5.547184507041722 -0.9274568101938556
14.896363221163513 0.6821137300181154
13.13153733642648 -0.3874025282906534
18.770001358502626 -0.16251356637434483
19.671569855613228 -0.9656758534097963
7.3357442442283425 -0.6206275869008693
11.610318340209908 -0.6075352279464363
10.713659865900327 -0.705287331431878
14.262126873080367 -1.1224970335076128
3.678432197407466 0.11935960654719183
11.024703235182573 -0.7175680267783797
14.473164286018141 -0.5638200898382443
9.756585910173545 0.30950497668712085
6.110055629151073 -0.27459268482843135
6.307625521943799 -1.07341952487342
9.886235747851899 -0.6207555766946332
19.17355942256404 -1.2186845593668425
11.66053673834848 -0.6741339141016615
12.752996294404793 -0.48819260485267996
19.589635688887228 -0.7673865102234577
5.168206409871127 -0.2641589742116006
3.8383221318190213 -0.8210333342042617
5.865865647912629 -1.0142716863153625
4.1520423103721 0.8637599549188814
8.412070587797595 -1.1519292224357947
17.482982195786906 0.7603465543424694
17.660929199288965 -1.0002696192463416
4.171454653623228 -0.27576132660407887
16.585849817911612 -1.1562201969560735
0.7436087772006189 0.06685994738182324
8.871097169129282 -1.8594388373246709
9.876306073091781 0.3546105172959737
5.9025082313461406 -2.420075254925336
18.963060556913216 -0.07239140094148755
5.821071497275482 -1.4324413473625985
11.941776106107037 -0.7392801766376055
6.7257072558202236 -1.2535488783411863
6.498645401673537 0.4254060141032416
12.789057592532343 -0.3461157695230474
15.765695764815842 2.091108827385969
14.875295489920124 -1.0249182083514425
18.04522952097425 -0.8564312166210483
18.543446335700963 -0.9661565820944957
1.3465139244559243 -0.4876090930392629
12.733397256059824 -0.6991155794963773
1.2188204408045527 0.1625704067678607
10.259483751029089 -0.5434505668290962
3.582433767119411 0.2764708697600032
4.679003019922131 -0.7344338285093703
19.145649988821162 0.35416655591523966
10.697835567912852 -1.036223768020394
5.1324496872057 -0.7464809388591823
18.61561540465106 -0.5954880935622436
17.238786221931313 -0.6707119293334242
17.799348708482846 -0.76778593700719
8.100735056967194 0.21846158453573933
10.661077928376779 -0.6847425574101984
10.27103076828354 -0.2569953191703631
17.099072338353082 -0.8577751433440058
16.103915569981453 2.030588086556648
8.054953447658647 -1.3925053071561515
12.124491132813185 0.25303621566511114
9.853523230409813 -1.1787655307761977
11.210143170083734 0.3145220040274235
12.866118301428575 0.28864287706080066
6.696469607547279 -2.0167403608717644
19.36213179676504 -0.7664042160927456
13.229058511278673 1.0648134928714619
17.501005011137213 -0.7137821751330362
7.552011244771609 -1.7197208895820852
4.353212469491528 -0.053772635432856486
1.4169850305807055 -0.3015800757129597
8.282795692357935 -0.8780151848423106
11.902418597300993 -0.9671576378822673
12.234340027836188 0.006978358114062324
8.871008093944372 -0.5953681047647181
8.921332252329682 -1.0963472110025951
8.56393155031743 0.029803746621282153
5.9606235797694875 -2.6420156440443603
1.4933566153517077 -0.27060672285913906
12.348769386602207 -0.2583173967216199
1.9814824466781187 0.6239844570850441
17.458786126494203 -0.38317588471033726
15.343787790235579 2.390780559324306
12.687482872066962 2.057509355135671
11.14293711255819 1.3427370925769078
8.954594437848764 -4.2487066392212975
18.319933156733732 -0.7084141053110085
2.414885852138223 -0.8491073733374768
1.8452685157138322 -0.3888752964127527
2.7590653492112582 -0.20482896143291957
12.626152419893613 -0.4941367011609106
8.835898402676255 -1.455368631602097
5.475688091650831 -1.0738366325812314
5.895269603231854 -1.203197979588372
8.33366311031536 -0.6735953181206182
16.420932087989005 0.11000718249787451
5.845615084343761 -1.374706740666757
19.64343349684708 -1.0874644604726786
12.798694055352032 1.2216576081669155
18.594001015840643 1.09039670543489
0.22399080784102154 -0.7224922554520455
6.296880036422257 -1.5296570202346795
3.2761753166761522 2.474890675546809
14.674912209641198 2.133349801737256
10.754789605646026 1.3287357897063516
10.051522922773707 -0.8269568587144519
17.84714378974822 0.5645316594052087
15.309261136438865 1.4868200933961162
0.2591761825789615 0.8089992334569
7.66784405263782 -0.25305085522320203
11.842536302895908 -0.011897154459121421
18.72432368350642 0.9472965358337654
10.93004844358621 -0.37931225488737513
18.958713700818606 -0.951940581904556
8.555883093945795 -0.5046667943395188
5.7121620393491375 -1.5038471864928686
12.747205418099746 0.5375374142778585
7.291262933034397 -2.028166651957162
4.528440753553017 -1.016433226426812
17.698909795674084 -0.6782592944420195
9.631141387645187 0.44195566461767466
8.930774893899546 2.953678759018766
2.0768099759582856 1.2029554160007716
18.26263572315048 -0.7316383340200538
1.268874003790928 -0.07612849651044377
17.028644532093345 0.5264058817503069
0.785294902706464 -0.6311781905875578
13.013998835379835 -0.5219112860091264
19.3914934936378 -1.5490338797527765
15.794287579094215 -0.6787923943089925
2.634023090889906 -0.9815578046192573
5.211731595896827 -0.8158667992582321
6.315006188603967 -0.6195764778693023
13.284147655876618 -0.16556390005233926
4.127853130609494 0.10614351952651102
19.98054576055224 -3.789252035470139
5.280419490552974 -0.9295458929334327
6.343099820112091 -1.1486267157081558
3.2260063221049426 0.9623177291004459
12.903988098572992 -0.4480145311385979
5.383672204701113 -0.6249680430483215
3.3245815054483954 0.8497769677316594
7.742330133208379 -1.2761661082527354
15.188149917786241 -0.6121668808946356
9.599352427062597 -0.5445528341483994
11.783745615964545 -0.6335278420107886
2.0391107544170324 0.17511492071560156
17.713106269633617 -1.236234042055334
11.213096930101495 -0.4201522954301325
13.045595167202812 0.5907474824738193
2.7147392525864094 1.6601891545377871
1.1465673791201185 1.6830522413541464
12.042671405127088 -0.9161493938242514
17.208765548380363 -0.7995927125067833
5.513514934121306 -0.04155119110725942
12.807476119577046 -4.083759500267686
18.621670664111647 0.04142400220392356
4.807467052875159 -0.962787985650269
11.991014329875156 -3.285373382139919
17.852425050189563 -0.7570994109184072
2.541662293995489 -0.25072635294961154
1.5284399313969506 1.8600302502238844
18.505631244468898 -0.6734443855896459
16.909974510998527 -0.6622806416709124
13.9294409130021 0.20497206835258747
9.258662141783958 2.481608108723191
9.767333837798805 -1.4170572790105098
16.94641614632766 0.7022455743041972
11.596795179664001 -0.04944188033485773
18.677228569712145 -0.889055067940123
6.835816788803612 -2.4454476054857444
11.6597093174055 -4.034311005688496
12.454827660378008 -1.944354131392748
6.38454155530255 -1.0479793483211297
13.819748202671606 -0.5488329539746285
13.784250899312777 -0.9302888195827069
4.425038321241961 -2.540379114722551
19.983788424772055 -0.8459283564832988
8.659390328090096 0.35664326900422183
16.52823639439946 2.6280939054232775
19.820443124604143 -2.270261416899746
3.1312738594721523 -0.9674066664013413
11.471070262443558 -1.166928017299123
10.443256865313295 -1.0064062248643748
2.2950773982308257 -0.8561380682137499
11.596229821572921 -0.6275181729713608
6.259586613585003 -1.1718653456957902
15.295965372733486 -0.6299998237787416
18.857167353811192 -0.8566300602050734
19.245001753296815 0.8818162665867391
7.826046416575484 -1.9207683229967252
19.658672159224725 -1.126607085114742
16.72001994699977 -1.2245248637204738
9.504347506361894 -0.7069949801058432
8.699989708488888 -0.9564447111708316
10.421028265285884 1.5034805015096864
10.046310260164164 -3.816400831199262
2.1422231842714137 -0.5216799606409179
3.0455643426388335 -2.5937255339617296
11.884384809721096 -1.9266495638795467
13.608023006227185 -0.5818065015608022
17.766192088533423 -1.0327135913838021
8.590630703802951 -2.0894922064013124
10.57690914201297 -0.8973088785686949
4.399194899583727 0.8710423560574977
6.568550626015671 -1.727537018506219
15.389758215189735 -0.9104454364136348
12.236512485250444 -1.0450724551918549
19.962921790658324 -1.219282080392804
16.870162391124637 -0.98419379381785
11.680962431402198 -1.035633263064848
16.650828483697357 -0.5899001994173754
19.278638269231674 -1.4458328510245024
14.031121979491145 2.299979770440931
8.290512264788243 -1.454841384350195
11.557741494328933 -0.7857606629356124
18.445868737657502 0.6852851069208616
2.9763550784470896 2.295293326261193
1.5352202640526338 -0.5964374097756734
18.318386824830263 -1.3177240426753634
6.801024774808299 -1.367531236069849
16.338369916117426 -1.3261196417635215
16.19638783158013 -0.8267187258375924
3.236350386026816 -0.797963570218375
5.877630340437895 -1.1995912030479918
19.427482911526262 0.958313216305981
4.092813790401573 2.076289776873934
17.64595772467696 -0.7580019558545614
11.554474094666437 -0.6639954485040869
7.3803498065475335 -1.4994336421610939
3.806897243589226 -0.9265631126026845
9.857341081269748 -1.1786847936788303
2.0292049258171843 -0.8525587805651309
16.514567268967046 -0.4958847901214833
8.512358719466524 -1.60662780726661
19.420568461516822 -1.3914135118801196
0.13195939285941416 -0.7002442112724987
5.354208554614891 -1.382630894068654
9.24657740158586 -0.28763506665503336
19.774953572379914 -0.9693011115278636
7.638512335452727 3.1427518433973285
17.65698113832281 -1.072235738773603
9.260791653059124 -1.4185079835496142
3.378340841201691 -6.41880964751561
17.69276881215139 -0.9862779508302192
13.775417193584872 -0.9063485691421641
9.500289567897168 -1.3461540759869628
14.932941392799272 -1.189379779648137
18.06048891548602 -1.5380564405668458
19.12256980425186 -0.9869197442200145
10.112238837904334 0.9906490779857
18.103373339917706 -0.9135066852148834
1.091631220594505 -0.2384364556596678
7.375402721950617 -1.7001812586344491
2.5098974665061116 1.16482370531056
0.7630583700807099 -4.248905790938187
7.955051320687021 1.702954320576032
15.069390794570408 -0.2082363109618256
10.336342671589689 -0.9481455751318016
15.253203846980362 2.242159127440141
14.571257134118504 1.9447564153967092
3.5548459991415946 0.41244841520420994
17.910613977136173 1.4421886746540429
3.4002693922367158 -0.7879156887094232
12.00757958538746 1.0644361540889955
1.4151750697621572 0.46358463501654773
2.2818433032362644 0.5497585723344338
1.5967904535325324 1.598197661605969
15.694313343891842 1.2714221574512918
17.15498043353835 -0.8704819153416411
14.620452231864215 1.1098792036341285
15.880171013433387 -0.8349537439694373
13.387583345298696 -0.9462015469138421
0.2086750880415995 -0.5032903958968857
17.536262649349585 0.4443882230645597
16.788998029380693 -0.8756997777488773
5.677363831517541 0.7151174343046727
14.702598586724243 -1.5688949668532612
15.738947374611934 -0.3775112076332536
6.336064934534452 -2.6077571046717214
7.6565571642014865 -0.6571710736474604
17.42164869951634 -0.7210573624783816
4.399117671792851 -0.7064435512983556
2.0625150964065804 -0.7462897739735119
3.5040146054472237 2.188144829755585
3.7728907974140538 2.423961742271303
3.3114696975165825 1.734276031234087
0.11561445987976181 -0.8403559228045931
10.253894633998803 -0.7078005117098884
3.081703101191438 2.1006037816307876
14.00505026846973 2.1659929738797796
7.208556095689531 -0.7551685667592712
6.725791456958631 0.09259140552225217
12.956343805372377 0.3710922281818468
6.593237758768252 -0.8531243856222039
16.941031299864367 -1.1781638583323644
4.620877575797232 0.012414557413706145
3.58732314130799 -0.037461570845251244
3.5939247660266966 0.2434892276165924
6.74423806423676 -2.1370600725712294
5.613084440632072 2.3399008936938426
11.716333790221928 -1.0076877577067782
3.2470934869425423 1.1431266885708202
14.256600819994901 -0.7030783339443553
7.834852398082448 1.658583263381122
12.032097611784415 -0.26351602771559246
6.487704211330361 -2.6904038525263463
6.538176324366728 -0.3227684976556499
2.2177024006224726 0.5539634030079164
10.836696054334263 -1.0268099182057713
5.7883956431886245 0.3840389390113149
2.8366343531407963 -0.2681129050257247
10.380387235583354 2.5829376597999802
11.234139506306853 2.172154216543399
6.426341546272623 0.5346276420197623
18.34568876227349 -1.4170100386136324
13.340244053437399 1.9702212021757939
14.752939972443862 -0.21565558231056606
1.0983649536239444 -0.5794181263447648
14.064991879505811 -1.1920312010546752
13.09651009836186 0.13756610834119073
9.568560924094534 2.9018174987715057
5.930221290625099 3.2676222310374627
1.6750738912263399 -0.23480609611630618
19.806879952370828 1.7617893730209269
18.349094993637618 -1.2051639841207817
11.757975065526322 -0.5304576154464413
9.644661103936414 -0.9498640454484927
10.87610987145001 -0.6135674398741858
17.900221968406562 -0.8685599585623434
2.0384947238311883 0.42808870735619986
0.1903820880204674 -0.8878894741872814
13.28148322970939 2.03553503874859
15.30916634793628 -0.11042651112137247
19.203385833868364 -1.0669483865760345
12.61650689040799 -0.3408407475291893
0.47527950390804286 1.7160232712616084
4.1888234961618345 -0.15517549058206928
13.541481457710965 -0.613777805954914
0.25188524223012704 0.0566267076267829
11.81118376920982 -1.0675629237575166
4.9614915833611635 -0.5741551989061032
5.9162893065308415 -1.1430109279222962
18.880693720256048 -1.0945303720465924
0.8625960347190194 -0.6864500212599571
2.290922027489151 -0.24891488432914347
18.469404961727367 -0.9063827634858653
15.358340318237065 -0.5863136114999556
0.47958165254804797 -0.6224828024203635
4.999855412483126 2.542091642807381
18.705933510442414 -1.2666075562364476
2.8626622445156853 1.377776871135189
7.595043258750702 -1.4415462526350336
12.141283950007091 0.6591550087117716
8.24114060073341 -0.45409809371233034
17.312076972346038 0.7654727412445903
13.666355342634597 -3.5353790728469017
5.475853961080979 -1.0866456889235225
14.668258795557858 -0.33919817163451865
0.41405721624058756 -0.7586513432022084
14.24776541789741 -0.669632098809772
17.947935149234855 -0.6109054376190625
3.0113635261610945 0.05998638552627217
19.1485009658733 -3.0533364742719695
12.242740176556346 -2.4604793768667195
2.6377285859344375 0.5649543442856242
11.35197347357692 -1.3840797852910076
2.0531359136486405 -2.3572385360003403
5.466594759092908 0.7380182587265088
18.32047418379126 -0.9567248928517885
6.771110927863146 -1.1827581863241794
18.49228315099862 -3.113980728992687
19.63395986900503 -0.35696425009896565
10.382150639817201 -1.168464257438406
8.405332683004417 -1.5208685880523993
1.9218240537107902 -0.565435965274785
9.83416223888823 -0.986053313039816
13.444183880851817 -0.8392715548898908
16.8366191873204 -0.7069065390033881
18.37336517435673 -1.6339176543559015
3.493987029207336 2.626158125321706
1.3473724270501428 -0.6531382915613874
1.5481228828381763 -0.7342349220675063
10.210145653318008 -4.361089451783529
19.701151468435125 -0.8504635190291283
15.24127083517765 -0.771203820392106
5.5399098728939675 -1.0129682198457446
9.789047586995636 -1.0645143412624636
11.42472775861485 -0.7524358530232826
18.45511866791041 -0.5069944344807861
0.7871109320133491 -0.5461731381489551
