1.5631631966866568 -0.9408422066879215
16.83831327634792 -0.9010456704155032
13.492112718971358 -0.7663664797318565
18.144600126583573 -0.9500286140530473
11.720440909495718 -1.3844206091726785
16.466355902782027 -0.6542303575954601
0.4122897632266762 -1.4190630155720787
13.093682770239894 -0.4173533468312607
6.1337813946676985 -0.373044395164774
0.4132904611501387 -0.6243892564846639
7.1138110937208054 -0.5791129862820492
7.593156656068644 -2.3967331814208155
5.426963218096088 2.387071028664465
8.588942434842187 -0.49519263602156854
5.96926492765362 -1.270118116837612
18.265019909455937 -1.576198412049035
6.174264695768217 -3.5588030948901124
11.479820039434632 -0.6035445574624083
14.687485475412505 -2.7555244774040015
0.2893115347015102 -1.0918425706982882
6.651401222442086 0.7669490136282212
12.40623411081001 -4.831923497494777
8.768375349120639 -1.1720067427295715
5.177783048156573 -0.24448297063642138
5.868817884298716 1.5185898406176803
12.728232358657062 -4.126356396883161
8.108606875086226 -1.112037136908854
11.36592318418375 -0.8167983759218518
5.680687571190095 0.8533009351147425
1.8640791445744442 -1.0034225898762439
15.178843187623542 -0.5545226794093877
10.72523345285277 -1.2644701774343663
18.867601348656233 -0.8927605357746164
4.080435772420992 -0.7934387980397869
11.738908156252416 -0.7296840516077254
10.217274294425295 -1.1065497260943473
5.865281020881239 1.565934673549385
16.087579843858016 -4.099000913334688
9.652932530648917 0.051612037851873446
6.05451054953286 -1.446818777194377
5.387861122199376 -0.07110123062993827
7.584192997889138 -1.4802094156682115
0.2209279452149282 -1.0927698203689789
14.678275903902344 -0.6160135596807431
3.2707692904080257 -0.18879081118981653
11.796960553137911 -0.7494097501338696
15.645591308760059 -1.154588818952778
3.9890469522337035 -1.06187952560304
2.3384593555217967 0.3418959586901002
17.446585021832863 -0.9264034917912012
16.396288824014245 -0.799391288946191
12.859781042240458 -0.543364331715926
1.525664786265048 -0.9011377042291587
8.235501031344624 -1.0845387000701951
17.784061364440415 -0.7238948915816393
3.6331850401596126 -0.8838441998019388
1.846331375082 1.8712377209563475
19.926461163124575 -1.287050130712194
19.288486654093624 -0.8870171106464839
16.244202725655885 -2.588512188922008
13.883730240890328 -0.30295842584830224
10.55186088605071 -4.868075799063106
19.683987389160368 -1.1899179635145598
14.803095506777844 -0.15320310157035263
13.028315117666459 -0.06736498810073682
13.528933449125141 -0.6036097872200351
2.2908466472888023 -0.8219267915900375
19.71334233196001 0.34008541490666155
1.1779033632907685 0.5074709850590867
4.956868723036501 -1.8567667394397953
6.1573981952166035 -2.9537614902475444
11.901268946029937 -4.407644210585056
2.1481159872577167 -0.19924985946501372
7.693514410000549 -1.5533148008321545
17.691509122720248 -0.7170337948359078
7.653962204107306 -2.4042301427532236
2.279777271466227 0.773939248574643
18.887686860640677 -1.1516675566740786
5.862245458602825 -0.9013537316262462
12.169624045317255 -0.3690701010649792
15.89524097821595 0.5438464062177882
8.569583775915845 -2.0324541178544235
5.74323429000456 1.2070213806166745
5.048739253549618 -1.1067153388711297
9.823410754280575 -0.7997101853279824
4.702186337551133 -0.9080545006835837
7.073620046823454 -1.1204836381022145
11.469738596223262 -3.487718246198569
2.4736723562498564 0.4123440333030569
4.5787412345581355 -1.738834203441183
17.187259244508777 -0.5879355508514438
7.700344357932792 -2.4298222465760855
12.785492645282622 1.8571532854403443
13.63682913316372 -0.21772071337171142
16.233733660146143 -0.5378461191621849
11.941974744482875 -0.6814048496901275
6.662240821517186 0.44498877379638796
13.887990207667151 -0.764240585015287
11.843579185818244 1.3424552338444287
5.025124712124979 -2.507910087698715
0.17804561896016174 0.10655775046009963
19.59939690365663 -0.686216733885658
5.345922618981203 -1.051515465390826
0.2685341571949297 -1.2684936343786641
19.718111827537477 -0.48106671484355157
14.785506695248563 2.2304471880781307
4.433351288263098 0.21659160950872536
1.5580820458975737 -1.7000612460503046
15.406830968535665 -4.632253322402951
0.8280279740811834 -1.1503668125856445
19.613331431508637 -1.0089441057041875
16.416234364781772 -1.837111368089641
0.9781524257105418 -0.07672060869313922
4.04407233291214 1.6001826903856453
15.65574931666999 0.5960160563766345
15.425822958511786 -1.323250016836225
4.268115114992559 -0.9118688794193267
17.734607763844323 -0.08694664775197566
8.30000736168615 -1.1915351467089839
0.6705425275460599 1.2055393696349583
10.649810845281513 -0.7520937431963975
1.2634448512639438 -0.3769480904361337
4.298485198480935 -2.6344675867428102
15.23149278637257 -1.587795547848966
2.46912964263221 -0.9413824530850929
10.454947960603759 -0.7167152879317884
1.8906723940913999 -0.9034724627565833
15.44865140490373 0.4374385479433416
18.48510267149875 -2.5727256065489703
3.1578735810088667 -1.1405839300920517
5.575175990672407 -2.7712632255454883
0.35019683727921513 -1.361229520717278
2.372615002643783 -1.144115122660244
6.4501994579137865 -1.127723506605022
8.547768811045056 -1.5878906857990955
1.8714868259475321 -1.2789462397387064
11.63038222998311 0.747869574165272
3.8962932812745583 -0.41511896794888414
13.45477088427746 -0.45354851279472763
15.752548258588332 -0.43148234540947394
19.199425625419675 -0.9030614968849496
2.270776203861958 -1.2111825127831055
14.686363986299611 -1.4414310141724715
16.91678948287793 -0.9135219724016559
14.423804809708791 -2.7631187288183447
5.107439818511002 -0.2076725667747499
16.998839690002665 -0.6820472431162922
1.452791540719276 -1.0038647048385543
13.593001158955275 -1.089211983172021
17.457778458003787 -0.7423501261957183
17.563809933677124 1.146071665639424
6.450840547195814 -4.1192624166220995
3.1251853917148944 1.4876068869091368
11.47082668611743 -0.8275756532497125
11.113463863190331 -0.7092078842029407
8.84497785181032 -0.20066520473111832
2.4702236932990447 -0.6456332204654434
7.809039545834086 -1.5267236607382786
8.573085697935648 -3.80775856791045
4.245006739124719 -0.9428085629009725
1.4821046619988303 0.9077483128842772
14.668524906357108 -0.923087635699796
6.4451612709331885 -2.8713823779464187
3.1664302201438357 -0.785693779441658
17.35466192799046 -0.35132164753831885
1.8807037438209853 -1.1355438452605577
15.956504074812191 -4.608597904100976
17.851196102752507 -0.8666326641802041
1.2919940871413333 0.5490343634237519
9.869928252406682 -2.518707969399403
6.668927009104432 -1.1685000587211434
2.627685256998996 -1.0944133241005407
5.8644741647665075 -3.2751055143326786
0.9299022544899983 -0.7396045511448802
7.281124609756015 -1.3729338164617217
19.683508532083803 -3.6147865306365397
7.17451512529307 -1.7824231881311932
2.9443318182001565 -0.9392591311001337
0.8278367805295611 1.3309949515750081
17.86110872680887 -0.4426847488004268
8.19654195559718 3.121322965424701
12.419753333415166 -3.6715866283228675
1.7129072589707477 -0.6133603698538791
15.97267134740333 -3.3740245373678737
8.748317284239516 -1.3454839128864966
10.973905250416276 -0.8067812598460373
8.187650453092395 -1.3942833371816294
16.12527861804994 -0.5528830452809143
12.47641181777216 -0.23936153800395576
15.568388039682484 -1.8664401804900468
16.556359839631476 -0.7034626606615728
8.218558890043266 -1.457321081275199
4.656893413222926 -0.26546397190265447
10.542205864316431 -3.0353156905971472
6.237938363016316 -0.03562912442594089
19.0304220607472 -0.9264594220332188
1.2891257957327158 -0.9964838544372226
15.407107204284884 -0.31545530438495395
9.878019281092177 -0.9050485229512135
7.932201588540385 -1.3175479425602543
4.030283370708527 0.14457531769342752
14.647671956688404 0.7820672322470326
2.556863149738911 -2.7890965504260667
7.161253975656307 -1.093539493900559
18.199972436581135 -0.689536744282029
15.72990852965436 -0.4754138292866974
2.5855688704807824 -0.28069832901081737
19.294173831508147 -1.0167794037531026
15.088989447128816 -1.8966575359564601
12.71598080649762 -0.3977067626267941
11.37382831511437 -0.4561396743047591
13.11795866099783 -0.25802733366614683
3.8707331490217056 0.0016158968563802917
9.22636975280134 -1.5544563786912657
12.489646951855946 -0.22110475901723514
5.275161031812901 -0.7900434800233057
1.3534482286547995 -1.7470706448963962
6.149759459460396 -2.854053716884682
18.648580284691736 -0.8735739123356879
11.733378384810427 3.1389515246434874
19.96619117710949 -1.2540094041977774
9.076366041289536 -0.927324876646564
4.427637739196375 -0.87315737545301
13.702061726523779 -0.1488022930070518
4.928007333372319 -1.0489974457157683
7.364361046266773 -1.3211295046486005
12.462681120883166 -0.6054922194676057
8.864965332575965 -1.3241640741068688
14.323635815356917 0.14381154352901643
2.5847021141631603 -1.1112937985124915
3.5646723270842946 -0.5394683592297522
16.499560365259548 -0.24257831539314587
17.589298991772715 0.2972130052215471
15.050379515433725 -0.8426976240700271
5.7616436338838035 -2.1155704169784015
13.46644055376918 0.11042418735284341
10.748564518635279 -0.8978618418179964
0.129112381899409 -0.9371656871740702
17.89372593757962 -2.772606630940481
16.102173151012394 -0.5090771417209413
3.556669907626948 -0.8308960340060583
3.5139750876574576 -1.037809321772425
17.784595945098665 0.15524859677990288
7.6863426520148534 -1.8191446430212574
1.0789266814043132 -1.1327230826911234
17.532256927094586 -0.9186002882450143
10.117828768659598 -1.254019276451828
16.265637033476068 -0.7666424211838139
17.396164825040508 -0.8252918614399329
10.08663823278366 -1.1790265017815735
13.738906813891843 -0.2905513277499122
15.260081061335287 -0.5676199939049115
17.31401751550048 -0.7277247722362885
8.090096326712175 -1.3881400273570539
10.006241336717915 -1.085534500504187
19.317252904200828 -0.6145532062742007
2.272742177689424 -1.319274468318187
6.1417205117004325 -1.004473671562047
16.744920011302227 -2.0640889507884133
1.345415599532919 -0.30294132655512
8.007543909468495 -1.0241691552834096
0.8128000379003968 -2.5658752889774012
4.257137816695904 -0.2090682058596691
11.529837925212016 -0.27814280260936164
6.407781218869408 -0.6428403367988103
6.916058187458178 2.684936250968466
7.974971918077177 -1.7725982815764556
8.628763759946404 3.290785169671601
5.883076077057289 -1.8899855604500428
1.908308470608717 -0.44570323882970864
2.96376590917905 -0.8523818735747927
18.647089673638916 0.10487791955300446
7.142119087722161 -2.5971739564466807
5.150845399945161 -2.2746805981826617
13.186485336223324 -0.31881105340576
12.125332518571785 -2.248072994104026
14.246059781720774 0.8724508738254612
13.530055975404117 -0.38661044734889205
7.24253014639762 -1.4434217918417633
13.204174650604099 2.9869927271395156
5.9087647678264155 -0.22613873861866066
6.763406590194912 0.8255462430075898
1.177619658384322 0.30485386037133555
18.55849136214354 -1.097593245887825
1.4728329628762418 -0.7934764290577732
5.887327726276239 -1.2796767394103556
10.644983131700208 -0.5412162397421112
9.641798147643996 -0.5273823380261188
6.763738093719136 -3.033619892852535
10.248327983167735 -1.2771938668333769
10.003463877998172 -1.7562341227277254
17.056902255306618 -0.7064461862207377
18.752076811906615 -1.38426922412492
15.38145223475262 -3.9480227029223
14.373211313350701 -2.1546085685129746
11.50712302708852 0.8496335265997488
7.23382037172831 -1.6109404761230057
10.75239057103489 -1.2763923553056709
1.3302756500612136 -2.6372998796578724
10.81537498082161 -1.2882853108783932
14.354831398633518 -3.136789044305851
13.860798345326378 -0.26149410799678374
19.22055205123789 -1.6211322885632162
10.476186530317591 -1.0127127779902112
3.5644825499960278 -1.6296598545951073
18.377336496262583 -1.2395980568950722
1.510414017094334 -3.924941156306255
19.95774608992886 -1.208326804338622
9.147195072966886 -1.738154781601352
16.04102147352749 -3.461644192505231
9.891309046636046 -2.0716189149517166
15.763629776424105 -1.21012972017985
10.790630539761253 -1.1626929201664657
3.51061239321887 -0.23454056368502926
8.006450049702869 -3.5388252611961413
4.881525717168855 -0.8894730673451882
13.684488120407046 -3.352909312576272
11.231614547739952 -0.7417912201117759
13.175925215822073 -4.903917845615858
2.019036174872864 0.4660031799423829
8.212526376503192 -2.044951174766497
14.800119357473294 -0.3865110448749206
4.228287517366578 -1.2659504269968285
7.8959797762500035 -2.0344492613798346
10.906749434435334 -1.4658340001422498
11.135866718844504 -0.3916979472547327
0.35661587487493945 -4.674701875775212
15.653162053087836 -4.065934727931547
0.41594634589634016 -1.565929572581192
4.890940718493062 -0.7521143464806295
17.20002512879816 -2.2022298453564937
2.7436680866131944 -1.141404883774586
4.517059963795903 -1.2646939160524906
7.291901532517044 -1.4741905260895265
7.32049023347275 -2.8081067238147988
18.93218822545686 -0.7178469153674039
0.6251327691146414 -1.2228052460702559
12.172409831714905 -0.7003199742602836
15.204548449174082 -4.222976991872549
17.628065092393744 0.1472302910374571
0.7246970709365231 -3.5707838127329548
7.528655957796169 2.938200980616692
10.032925113790913 -6.426167959389647
7.751885049423962 -0.750180840234227
6.060703950880228 -1.5702305483091648
12.45018426718618 1.274274030499387
1.017855627838676 -2.9890672083509986
0.19871750652081127 0.7900251966496061
8.138545878868221 -3.4760058161151277
15.214743576823851 0.8218892910403633
16.482927175850687 -4.675751282049232
14.137480694210176 3.1574940521203794
16.800182779876383 -0.9992974627716557
6.695853117859084 2.904094264005227
11.186669126197096 -5.282626683392099
5.524496855284444 1.2302949572390462
16.350565162186136 -0.8421199955731445
5.6083186153780495 2.0424364548987897
12.53423042809048 -2.9639626198130142
19.074082512045656 -0.7384366160278762
7.9009976150475465 -1.765136449528981
2.8469401067717817 -0.8248783980523361
2.2885154990305416 -1.5399469060475424
1.2160151608240748 -0.8427903903703479
6.953848011827072 -2.6994739496718787
8.413517007304879 2.7801155963120565
13.104576309817045 0.33369219480925905
9.802021137996379 3.394628485959389
13.808783047802672 0.34938225869468154
8.089308199322584 1.9686757674400017
18.084050815267382 -0.520018179792784
12.541190057177737 2.9909705734690624
1.195559272422421 -1.7065411495155949
0.4023415752492226 -2.706416365460696
6.816758136069972 -4.118817193868414
18.72690813997634 -3.0986619357048
11.525169898987382 -1.7556847121286236
3.043001604132811 -1.1693855034253073
3.7079505454692536 -0.820368819089575
2.71971072280689 -0.8020667155952056
8.771032667639588 -3.846452561548047
9.546622844705372 -0.8661737107595723
17.48320508856722 -6.356458775732757
7.492829190952651 -1.1678927206286267
1.551451344471572 -3.5316892066139074
18.36944473954797 -1.0652635961322439
19.24888665341255 -2.2326406480188443
0.30361355632537573 -1.7300422116219412
13.728466330206048 -2.7031728367651167
2.3413695898250166 -4.792372586654751
7.391494855243356 -2.562933824887932
13.539248696823798 -4.030507524375799
11.76463460384755 -3.944746756615979
12.287790581146686 -3.919693439467102
11.107594242933489 -0.8876061607508331
19.451581746924195 -1.2759640804548682
4.479502391056389 -0.9442116048932916
12.559254454689649 -0.38660881779034406
10.818702095936747 -0.8740366970381719
9.886998024757627 -1.4021919919969794
3.1442272912652327 -0.30784424463004517
18.14531433506577 -1.895691806074516
2.0601222697457064 -1.1077214595247893
9.33266222342331 -1.0615111736718288
10.649272844053145 -1.0319292829981672
15.581012883264474 -1.5018107626063886
17.207890394939938 -3.062816959813338
2.5040021448949226 -1.0222784454563656
19.84694968721339 -3.831837841131597
3.4129397094395033 -0.14161229687738985
16.25722981850444 -1.0068327814439155
5.669387997044366 1.5735981268216237
15.7069104665837 -0.832685342854196
19.925561810746455 -1.547134136783889
18.58430331033884 -0.8273679146218638
19.774417946018293 -0.782979478038425
0.9163696573664706 -1.0409137531890469
16.60363891727878 -1.0626413350829684
7.667031046857749 -2.049312397594968
14.151883105235976 -4.660056953931734
12.230313675009173 -0.7989687796931925
7.333963826591474 -1.5040768296987337
2.8657674784928338 -0.5033354184886781
14.73930774965426 -0.8704990385438931
2.031283007672474 -1.0426814264297508
16.023797972933007 -0.5755573913256588
16.802975715821457 -0.4839226958066507
7.382216509701579 -1.4184639863820734
16.771059698340313 -3.042296095975646
9.634113054852541 -1.9125169980160646
1.9998118367227522 -1.9343125663035499
1.7963483197887202 1.2682287534888521
1.8373439938582645 -0.7502999014724251
14.010741308914625 -0.7790580760061238
11.539283667594157 -0.8961256984161037
11.278892900823479 -0.46165031831787495
11.42958826990359 -0.4809220521714149
4.2900500938800805 -0.610589121457436
16.186566651077154 -0.8321944213474379
15.076568789318419 -0.6244548873160555
10.518119058159712 -3.7939218583841257
10.356284384049014 -1.4262560134209044
17.189433887129855 2.0620987640028328
18.111561196435378 0.42913603099939274
4.774600989417009 -0.9052416744689094
18.155248824053853 -0.09801093622200582
13.688468259255616 -0.369111048841982
14.422838933123618 1.1877614056834729
19.466562554199253 2.2873890818774405
6.707925995616381 -1.2847302861968504
9.492915673896038 -3.0785459434712634
6.673411724194745 2.1700589208241507
14.413660543288062 -0.5095322442211112
14.111629400489937 -0.4104713202302972
12.379521626123617 -0.146147844793359
13.97278230423504 -0.39381909715635954
18.368749915231664 -0.28767024902946864
15.632732523907153 0.3022443226487142
11.909167604844319 -2.109557699350648
1.8046564366750184 1.0301807322597971
12.235827744398229 -2.262579073878399
1.3035474593338288 1.4659961159001227
13.516256069869199 -0.2534058608566684
6.428383817855089 0.6576373540989013
8.787023227234329 -0.9307303650244461
14.079889721897054 1.0553087380255353
15.090264793118687 -0.6606387727540041
14.653069969622255 -0.7334308689178711
10.807300642809095 -0.8615300662606322
8.465596378947545 0.18413080005824614
6.558349644684483 -2.6758751609921108
9.225180835147206 -0.8769301422149967
15.906189859957335 -0.5876541758083136
8.01993485737423 -1.3103449135745697
2.745521036975602 -1.1610893953098853
1.4640473898321666 -1.3304089186978654
10.254552966891184 -0.9455094966933496
15.372332408984015 -0.3525142028819045
1.8952421127371677 -3.6536067900510365
10.60216290863913 -2.2361633753062033
19.337182345346946 -1.0807455418725662
19.97389238882247 -0.7105509304288095
14.370807170597068 -4.2662276472181055
1.3720000161795851 -0.7147218502250909
7.563420250591485 -1.4084698640400082
7.377268997889579 -1.073642853015196
2.0721365229414754 -1.1829766412838782
16.013916381613168 -1.3546973389217414
14.294015842310673 -2.8367352697931514
15.637570997465179 0.5046973022764941
0.7698359424437581 -1.3731471177337298
16.555869847047152 -0.05867015717267779
12.902365423272038 -0.10395746100371975
16.704887564289027 0.07252960187730828
1.5694940774272894 -1.3289282467926635
11.041350948242464 0.9048524822982087
14.28612958043634 -0.8805353931332766
0.49288310428832577 -0.135485851617497
13.979072846421953 -0.4314224450399393
7.796478827952145 2.718616835098394
13.520240760190434 -0.40518348183514785
15.09725518261781 1.9690825519106543
4.101030169613454 -0.1623771404604158
0.8917789588269235 0.4429444231110797
0.7156562826138333 -1.1370529960215636
10.988888203228568 0.4754123234902753
16.54133189147001 -0.9093097594960561
3.051130467355496 -0.6421102402722826
9.078396047972053 -3.822343669534976
18.134177175562428 -0.3010605565940717
3.7143191818279044 -0.8228523119398008
2.2272218396740944 -0.5811109399718547
0.09499212563394888 -4.100142029175344
11.278093411046475 0.6734982036717457
7.672187858855 -1.7011426585682536
12.291656414984832 -0.42260188281977695
7.493662641785805 -2.637525405028376
14.368635616588877 0.26463555763443014
15.887718227304468 -0.1705864640920437
19.773143149144897 -1.168052082126722
5.664652685035952 -1.0464855011186913
9.366847174264434 -1.7333799185175605
11.859826128365475 -0.7129908627822784
0.8921112241827155 -0.6080676730664116
2.509831655001427 -1.5144283920671604
9.733914561265063 -1.3208037668188155
7.193003094907488 -0.8129966835168916
0.759147479549267 1.452933426506696
10.9811848596311 -1.05410746788895
9.037331544950733 -0.7668246665211482
13.220553586298813 1.7890782942689336
11.700709807197153 1.1808896422494934
18.82712460306018 0.0387175122796098
15.184738764350431 -0.2917890533305799
3.6607075434448477 -0.687557238986163
18.491392649416536 -0.49078635972565615
14.99733437214472 -0.7087600067873302
5.267589255392734 -0.9163870424881881
19.56781821544862 -1.2242382659201916
16.876089397540248 -0.7054103263533715
0.9124553723562067 -1.25629234714338
13.712596111203883 0.18359207783516043
17.17144513517829 -0.6983381756219746
2.413048371052045 -1.028663147875179
6.065934542740479 -1.2868449963207647
10.254022304720374 -1.3343828877666797
3.488863212566254 -0.7972004476134356
16.35896683730268 -0.6933057191828377
10.283004789535186 -4.951926342181035
6.3361788192347 -1.1529030453340456
12.925287262429412 -0.17217752232309835
18.723191752625226 -3.341087845249389
16.602511675070158 -1.8094948013015255
2.5085378136014294 0.8705374022977159
12.79275563057191 -0.44484931679975254
15.832310521255854 -0.42260353876876994
15.424998770606544 -0.7778114396440826
4.843472944871948 0.10031072293856948
12.17258997504647 -0.2576927188797418
3.779286289359276 -0.12523175261682418
19.56706701639533 0.7614776808852503
18.17811229526584 -0.7110217800103111
12.74180214513331 -0.5257708398196406
1.6784294076466786 -1.3416679441299455
19.793662126520804 -1.0058128241014574
14.299138551619192 -2.117819468123286
4.629504616919693 -0.7555362827740765
16.11259542803998 -0.9868829070037933
4.076336913851445 -0.38510888397899923
10.588273841328707 -3.4431029888899642
12.153802313656177 -0.4405534837904766
15.546787841632723 -0.8572281779606664
5.409505041159374 -0.9902041893772554
17.64047294216596 -0.49185896744103696
17.4457398320605 -0.6553545546912599
17.781832219297602 0.3424555387106348
7.028505009530529 -2.81469477581822
6.209053713315717 -1.453170044686422
2.766061795047981 -1.1181776883849475
19.26711595360979 0.6675741235903536
12.846936460220673 -0.4538809486739834
10.616239844659619 -3.4274670629703197
16.727314176148635 -0.7739355720817147
13.132833574567996 -0.23713866203144676
12.533982274708245 -2.5824889493554575
4.762171588045118 0.9968605422286606
18.792656994140057 -1.0474824584000941
7.029463507537875 -2.645152354629047
16.309044045112273 -0.03712153367953905
5.370832359220152 -1.1143555801929708
9.713933211391137 -1.1419979523834622
7.2170145604691305 -1.5514469369707728
13.591986577512884 0.18521989396781063
15.337415244785376 0.34897602868011224
19.907593087466914 -0.9128286364742885
18.962850957413405 -1.1073138287581121
16.871181509501646 -0.5828551188224718
14.359219879049737 -0.03457738715009269
3.831781017329895 -0.6158098836718343
5.717166163623108 0.937558148718268
14.48360066807258 2.1097638664401295
11.52545207058081 -0.49780602860282896
9.136447569666027 -1.6112360481909123
4.492942539819616 -3.6941181502447327
0.13872319094679636 -1.0709752041921692
4.971475887918929 1.0244325459343535
12.321495097692036 -0.4552042726261796
17.817034987261707 -1.3772984071569212
10.32038890525887 -1.0090448163944086
16.446444178225516 0.9118886566695578
17.59720309289516 -0.02969702915124726
16.07560307086687 -0.37115263587748965
11.171476180639036 -0.47356567553507034
14.357013096043753 -0.21254978549692072
11.806913715344773 -0.7459559956684138
6.8887449281952415 -2.726129326641671
4.499899582851053 0.13766456510362132
1.732715680985871 -1.4914105977975354
0.5696242358958642 1.5218168957194733
10.85910053865773 -1.2665968839397903
14.398409914625088 2.7591088114029705
19.558428468042536 -3.5481552184866465
17.164379388744564 -0.26790551107316424
12.240189953517495 -0.3948988690599591
5.825742733214188 -1.1396856368985284
2.3017423395232592 -0.8091123200499635
3.865861723196888 -0.8048791807743296
19.293376255539012 -0.23548460348795297
16.51173692894809 -0.1433093510436912
1.8428661402026512 -1.123692981109881
2.403064213013594 1.9347566012672863
5.789206447650055 -2.7979829116581367
1.6055267114504985 0.09997409674818256
4.649976833356398 -1.2818737121434982
16.190145580305135 -0.4773347229225023
12.959177743896547 -0.3820072022987136
1.9438581701825923 -0.8206497992290593
13.970604941131365 -1.0589123527574447
11.047599993056618 0.9861185011673927
2.4580452883169093 -0.5978638428371827
2.064473646526333 -0.768153911098673
18.653666337891813 -0.9332309647072992
10.463401839104993 -0.06195722890842214
2.0058254832464497 -1.178823096501987
3.1761619740899114 1.1031195710922665
15.547994836649815 -0.4760191571112038
6.732962464806877 -1.4149221079515923
12.18602197136283 -0.4365938287763761
0.8953072247103449 1.137045512006575
14.67564306168293 -3.671996082860128
6.2170113499646 2.422421119895367
11.847556286357246 -0.49048584705019255
5.61888595373154 2.627399059220973
13.725760691252562 -0.17602033004944642
19.178197311672932 0.5329921196272916
19.50959994175052 -0.8439152567553033
12.432031491686752 0.4336773558769149
15.40355407610315 -0.19155321764974878
0.6970143624866861 0.7015104501156475
18.84943479085445 -0.5101565146089322
9.682226289403035 -0.6023175774783808
3.657716052657697 -0.25181822053720926
13.630160186209219 -0.15923864679650648
18.314672490194994 -1.4061691999526273
6.4577732186383345 2.2399148717838795
9.119700810769599 -1.1753460177093458
6.734040680144162 -0.3427387175695222
2.3920972045494766 -0.5268050130956465
12.067315786961661 1.2669035703348337
17.53180871165124 -0.4269884304229219
15.885280716478274 -0.8886874824446589
11.345116193360623 -1.3555594529272037
16.04540694662238 2.1580699906487975
18.572007940539418 -3.3809035103084955
6.151456611891866 -0.11574983293359849
15.993447247259907 -0.7199579690590372
18.787299894286683 0.4821943033924969
14.943913570931375 -0.9414239394832175
9.735719208871007 0.06659615376299087
2.7599468777806586 -1.2518550210211117
7.939484504938025 -0.12478464205430165
14.96537241660536 -3.7530290293221227
5.179330561935182 -0.647299137997585
11.229184399434962 -0.6558949348549997
19.474834993925125 -0.6167184157799145
13.91445125527364 -0.2322979969957149
14.887820714786262 0.903340273875764
16.08153768836297 -1.4656517369284696
16.904369205178295 0.395070787441434
5.508182488668405 -3.0317786226163475
12.274183391441095 1.4369179819879672
12.976785958163946 -4.074256800673423
11.70001494118898 -0.3077950665607899
6.255257483314082 -2.3591026319636885
11.711694128487597 -0.4008260349557825
3.03143455863911 -1.006267396652091
6.871961074639517 -0.8708005157405493
9.517637461115898 -1.5379747042139722
16.85587644276518 1.132001780624436
4.529393768709226 -0.9645787457747638
18.089981874667764 0.2469797927055648
0.4099821018124773 -2.941901535371685
9.175701420156054 -0.3227056672978446
11.835736745912198 -2.477558383111063
10.983819157484323 0.3239347413774937
2.98071332110354 1.462124333577693
1.819550965426454 -0.4248435160700034
9.304871704413184 -1.4032728153363523
15.789809084579494 -0.5693505296253006
0.5033201005827294 0.8998530599472524
6.854312110710702 -0.20687935578112612
9.929562272427425 0.3786757046942404
7.290458180317802 0.2533613276972488
16.560607593971504 -0.6028100516028898
0.7007177018595011 -0.2397981528192166
4.3632104554747855 -0.6415304559742031
10.48378922610588 -0.6234413264359212
9.050707734357655 -0.635816594345299
6.8689567595879435 -1.2541144360765295
1.8440909948141775 1.521991980358025
9.60269649712656 0.017713680408286817
2.943297049228936 1.6237420077240383
19.08528612271402 1.2368087130499743
3.923594094805 -0.5427373775042053
5.553111333676924 -0.8986469910864716
5.461376933672754 -0.3546583979426852
0.29645322261392215 -1.3330537365950663
8.894099092219177 -1.313671577634203
0.374508096833405 -0.2532920336132103
2.727934136018109 0.6578564235674815
1.6114319951985057 1.3431111934078193
0.24883430480998722 -0.8232700853346288
10.216405110524889 -1.043640921355846
0.22044184091280908 -0.684795546829436
14.106032868274315 2.805188240986951
5.384843545950288 1.5341810731844545
0.698849765293127 -0.18225453616652623
13.871687160819878 1.1596786926826306
14.525984702866067 -0.5183055670181694
1.8253521303984364 -0.11599143393017583
3.985382398061615 -0.36470014211069424
15.656815400805396 2.945612575381803
19.966294515517003 -0.7779476093164103
0.8735140333014763 -0.07528200304879061
8.786692496797281 -1.280486621408332
5.359831423764672 -0.5001973212017803
19.92911243191199 0.06935925836204632
16.559950666828957 -0.4837417765993389
17.24052611285851 -0.3431254807975601
2.2105950522400786 0.703342401168954
1.2735815333730962 -1.31717526233316
8.060960311693176 -0.36556298083247446
15.161319532879942 -0.6468832288786205
2.5802680555966964 -0.1972197776734545
14.448508378318339 -0.6304214767784277
17.876417331504364 -0.5393681827735209
15.13683801903965 -0.5444194668662045
3.142981810740872 0.6601106688993232
19.68868056710968 0.6821039181070143
14.398069991346414 0.6056295361945595
1.9768853723822368 0.25979634180152317
18.035279869072035 -0.5513730388823168
0.9632714601431714 -0.07075556805999937
12.190406101106728 -0.05378568063283277
13.419977815255466 1.3399086968646732
7.3473184440989385 -1.3262834990179821
0.46379593273986497 -1.421478353304404
0.33316789162265825 1.2077608267165139
12.930366286292715 1.9602469216801133
11.224346944905278 -0.1395839915550188
5.049505100112418 1.1158721524928763
6.102911629100415 -0.40369540356143074
4.6281736442936925 0.7520612933906494
11.516842703753555 -2.401033332894653
13.073470534499915 2.6736746535861635
12.618180601901638 0.24361558724941063
19.3326316302292 0.23872608369762852
6.59564486169991 -2.8023656312902316
15.402913099983317 0.1377161971594076
4.458989937816563 -0.644123665724831
1.1779604333427514 -0.06993363086968285
0.993765156999287 -2.3152036899024564
1.9034079496849676 -0.5814427526738142
7.919961525713345 -1.2991020987098665
16.524615614267283 -0.7548360782914584
18.598205569570737 -0.720619177771638
4.684732671543567 -1.0666411324782554
19.94699009632074 -1.0807068934899287
5.443896624743868 -1.0216833468715392
6.376609213773951 -1.237166910892895
16.683450207861867 -0.12593032506048457
3.5768293058218616 -1.0564356825369086
10.152797921122044 -0.27765970142052937
17.033516119800982 0.5821207465930016
7.3837443968672805 -1.018428509589545
14.594754917934448 -0.663955070836017
12.311094887329702 -0.6817641244273168
10.726049977510897 -0.7434362226140163
2.762954528726353 0.025128244404458093
5.810894659444165 -0.645784438815174
19.818903179002017 -1.1274559652920824
9.743876082528939 -1.3301734220610297
4.339997188511557 1.005897518142572
3.7249437829759806 0.9775219505700412
15.825443078226717 0.19548799397382044
5.031903580262289 -0.4683836104338047
12.151007535573624 -0.4882524876116966
15.244832014248814 -0.5763117996710297
12.052806931042262 1.2478967495001396
13.8842230839658 -0.19843773854779206
8.166949010117834 -0.9868883632683022
17.924334871455958 -0.7580285460571166
4.06344457963896 1.4398729219993858
14.945309657945225 -0.6226221223033287
14.327445430916955 0.17039302627141378
8.907000330626872 -1.5747929335637287
12.87786388004498 1.763722414122107
2.11136552038158 -0.6745428263486097
6.431900906803626 -1.2915551286356752
11.337382198605372 3.127593454315072
6.9843352480961975 -1.5717310267237423
16.850216615733206 0.04262587859038196
10.029551046572132 0.06020372413464826
0.8938645414075689 1.3479451378917249
11.422802744026852 -0.9254097776318069
13.389134806113079 0.7348660942080029
5.892343468281237 -0.19756357896531337
15.729047749995969 -0.3372394147938198
7.192478666225881 -0.11497092472756251
16.402530749186948 0.40089885261640673
13.625864101299792 0.02511666247265381
0.21273257107493437 1.1777903454734588
11.23873829928481 -0.20481808850618458
10.476780383925792 -0.6653392811991624
5.5670806021097015 1.2118587786348556
10.74154931285735 -0.5838373565600496
19.258933416717916 -0.26304234129394866
19.958698779663276 1.0219866808830582
10.177382249379834 -0.8345606404226105
1.0994238090529436 -0.6364380042449492
2.1399330543162325 -1.4517655039007644
3.5103992958006547 0.6319089618517781
8.73643194358949 3.3171348998615926
4.556999199151346 -0.3965594471821897
17.55034825542193 0.3711824276310226
1.2172530304944686 -0.981547712791672
18.507364247565697 0.47752638446734125
2.8727709446521916 -0.08355824195563702
2.2241926751906655 -0.9345471634234375
1.2828488119069845 -1.4206627271553078
10.084242279461234 -0.23704603538290156
10.277728548817695 -2.2204225873309724
18.063683866066622 0.4563828488516989
11.180519627487934 3.3595245148076636
11.444921452369865 -0.6916314297377628
2.637109449050676 1.1016052598224886
8.85816189438019 -1.573262506554379
1.588156586951963 -1.3874597327300704
15.016059554091585 -2.036342963925936
10.010054085583294 -0.8484121183348614
13.06121315643518 0.924502438959137
0.05645461235803423 -0.8772706689143565
7.7554454033870694 -0.24882229467124495
2.067944272649388 1.3837643598230205
7.374445703610461 -1.3001568380912913
12.995509579417464 0.3280623722448143
8.039319275785573 -1.7139579248414707
0.4026215359067852 -0.9654819720844983
7.391473083060256 0.22784627684906902
3.802131961166949 -0.9057749754009287
0.5312690995613426 0.9183633369807895
2.7194589602760293 -0.8149957591155627
7.5044879362041605 -0.9804161725243171
18.760015066937683 -0.6957743392878369
19.967518804866057 1.3012986355458676
9.05965724333785 0.5185309453382142
11.068866239558773 -0.737136530673339
3.6809548927625007 -0.8870078947438103
3.187370471027674 -0.05947365114180698
18.89764030091961 -0.9681682697484445
15.609404861346299 0.168833401946159
2.1173349970898676 -1.0486377331936405
2.362605600479339 1.0585817306415386
18.873963728969063 -0.8263685803870022
8.746272685897322 -1.6764416924588212
6.664712164280939 -1.129306248112427
12.33507938454616 -0.6775476372520268
2.206837591269305 -1.063642571486774
9.346663611029165 -1.2632637802148594
4.009199855789164 -0.04050829374268524
15.820881563393986 -0.3198852186208468
10.987970430518203 -0.28098103189538803
12.205955806912595 -0.7197598071394188
16.98106463287328 -0.37037548198081693
3.2552357371394427 -1.2853326901789628
2.0184693907295905 -0.8636215922832828
1.7404763159833996 -1.7022331160586035
18.61255805013689 -0.44327448600367425
2.7157445569441307 -1.7538224291032378
4.235085864437193 -0.11928840644742941
0.8534549096982615 -1.0500025825785868
17.387927986035525 -0.2538879074779027
8.72504389552562 -1.002568917645594
3.133260023063537 -1.0707698484742019
5.675410389295708 -0.19761291688070884
15.084580505784054 -0.38710161052825215
8.856428184594149 -1.111194503802342
12.080072586273145 -0.14000231256228352
6.316329686805769 -3.4180560388786057
4.971487524184974 -0.5481120231604921
9.843793318870036 -1.1508782940910018
16.349777662054862 -0.9707035740116599
13.542953934637525 -0.7765986285421191
17.364876479095773 0.045770202480383444
8.776055686276461 -1.135933067192098
1.7875391816202018 -1.3349412266833
19.68871838836029 -4.10681828448613
1.8951754197102946 -0.34862180609189
12.120106869811995 -0.4364521799157686
5.656852107071537 -0.8081408062111118
4.586758635470757 0.707360696761066
15.919816298681235 -0.7900753805233032
5.454931372054928 -1.3502156873314086
5.467008464977558 -0.6403597907459673
19.189095945315124 -4.112173992234526
19.359635155303344 -0.7654065956370594
11.565195035444708 -0.7932190378490116
0.37785329274301127 -0.9803516941540071
14.71340419018233 -2.0488638734937115
16.30434095128486 -0.5463565320046062
15.984750878432747 -1.0483085704034107
5.594123501394246 0.8512233665205755
5.178340405064533 -1.8685937603323695
4.631841333254742 -1.0789072580614993
4.706719604442383 -0.9541574006880869
11.176585155827922 -0.6012287274181626
7.32980107474514 -1.4009537760834763
6.869106129846278 -1.4103781667318458
4.405110064379617 -1.9437051827212188
4.897821260682054 2.0543854100028835
7.713500898533262 -1.2881761087106067
14.998538560899329 0.5269645211070375
9.003054525571546 -2.831111245429321
8.07786244095174 -1.5050628299055844
15.457403213263065 -1.544147321665452
5.705056603917507 -0.6833653012303587
8.846744235967076 -2.5170176515043647
16.398698989798675 -0.15752967029471063
11.410615087483796 -0.9488953662441357
15.22689580996919 0.44434222827947917
3.3771272996957857 -2.8282424787365206
15.243387397484256 -0.5541251731028908
8.173421481443302 -2.2496985558042666
9.168103630175354 -1.408300409063791
12.371480095894162 -0.6033993003644258
6.450196551080081 -1.0124260419904698
19.804624974904524 -1.19219845321511
18.580498337175754 -0.3679316854943564
16.94292405777655 -2.499253741183858
12.64325915010525 -0.30155805210840975
5.581545316894514 -0.9316059078249571
8.683046623488519 -1.9223071467483939
12.833262837782584 -0.711728672302853
8.01218500762149 -1.6729067882735034
15.125382390088822 -1.0127175426498243
17.93639753163238 -0.6856686157168572
16.33720825599921 -2.434694523320553
6.757290090583427 -1.3625126403927617
3.2420794300370193 -4.111761288821537
5.200016333659006 -3.682685603015697
4.251880443334878 -1.324537939089088
14.751913410071912 -0.6513519973946944
4.478708377536267 -1.161366906969405
11.804035326762794 1.2845044560782408
9.668230523377044 -1.9903795378690092
7.581584194214649 -0.008967359944554963
9.883013723456644 -3.3255281118358364
14.930650107066059 1.943857720482869
4.377823637226437 -1.2784002349905905
6.380233631105424 -0.8811337270840007
13.256596285956155 -2.7245520932009804
0.5822600470458299 -0.7153591998765507
14.820125491281281 -2.993629996799158
0.5423241025834382 -1.3521443893960825
17.053261782660304 -2.66662101957113
10.53696042147639 -0.7738873126749546
10.38159993919441 -0.3856575876246656
7.93478615931479 -1.28000254288388
14.023484867197405 -0.3314002501927419
14.559528569391803 -0.2807464038124613
5.814309559694706 -1.341690363287241
15.676024265819697 -0.6660368149478634
2.6489637486865263 -1.1400607651551853
6.376067482958414 -1.1071527661147629
14.214834816337898 2.7278179743365514
7.412895135784663 -0.9094171577291682
0.9850715612560572 -0.6637294227144851
13.085941348585063 2.8286162120474927
16.847251772616133 0.11291366738223839
0.45102210193053444 -1.403544060503636
0.9863814591202527 -1.008066265628622
8.537798207499176 -1.4824211896052066
9.046313243676604 -1.7402968888970685
15.375920780685414 0.2572343644835763
14.415623455903424 -0.6005504985902383
8.781658127380974 -0.5452853021462367
6.682911378501908 -1.4982387953018652
10.125313708991689 3.405571612871395
19.74690885095477 -0.8832167432915742
3.149523932599114 -0.30361503080521063
3.3931221928033843 -1.471267337494019
12.629995329965817 -4.1335242060585164
8.343468345504371 -0.21030493581703394
0.881508490123221 -1.0784392298726666
13.980997320467868 0.09445954167011322
11.333967600618317 -2.30009351071933
9.134681992766604 -0.8081078515969221
8.699426265554214 -1.5452922839066987
4.674787577291398 -1.5467622600856927
0.24776692669937952 -1.498465930666178
2.706944858976205 -3.7879952705192186
14.154151791021409 -0.3758657494424643
9.103569463704495 -2.6681984067561313
18.461594480543223 -0.31948715132561184
1.7782248557304898 -4.753820714437352
5.902116420834505 -0.2691840940421974
3.0680811554978096 -4.099408297443957
2.3025864180514404 -0.5147811559582739
12.256573519265084 -0.862634186740305
7.167275770646476 -1.7372246056665235
19.43579303200986 -5.847185319466189
18.092063424906293 0.031825993248030315
6.522490728561619 -1.5528224865508726
2.9524669879766425 0.26068363656094395
3.922639753159576 -5.357127919798722
19.754289591734274 -2.654802284533384
10.21248452442102 -3.41709428484205
19.924009922667242 -1.3602993496614733
12.917647152888572 -0.49017424209726673
0.9775851982506967 -2.338664765282151
4.600001049188844 -0.3261648784066613
17.187303340699778 0.6004916682759103
9.451167308817501 -3.1455434500780988
10.10470939836871 -0.5307461989765554
12.881920223967466 -0.39766925183240637
17.02755860805881 0.25796206917557685
6.492409519348067 -1.6154188904606708
0.20749475693765482 -1.1285577300290752
0.22437955951242908 -1.4736725220038367
19.7598657412624 -1.1328509198755212
6.790883896542172 -1.364628996231972
11.163584857877545 -2.5924219077387702
19.30168423822927 -0.8736974896704977
9.551297267674913 -1.4353286215601784
9.65941780714928 -3.730448914996934
6.034178419040737 -0.9182516678836048
16.995757296951883 -4.176561069948567
15.80249629849846 -1.3859294711217887
8.076811048335605 -2.2151520981940744
8.766914546151984 0.16758384471405446
2.329517768111503 -1.5864872076795486
7.561601552573122 0.03878801211187169
10.173422846573306 -1.3058383113670315
3.1720414848469907 1.580839605559174
16.588922283803345 -0.6750389977470835
17.99953224036462 0.12567999548082276
18.285312155936293 -0.5202141902260318
1.8959022536534567 0.6629073996497528
17.030155171346873 -0.7887715445136043
2.279770114080572 0.19061883844845046
17.539131552955293 -2.1142827936698123
10.18731664489216 -0.763355017807201
18.147056583523938 -2.0943886565470695
4.870706268058552 0.6146191459931561
13.716889682828699 -2.4998711541750183
0.1331808102256059 0.8834675984975007
9.296762326021094 -2.101788871173973
3.594320465894517 1.9044981175241982
12.897681702795204 -1.956666064028448
6.6721346581507825 -1.40248636307354
4.423735165325156 -3.8655908907617027
5.86659654910186 -1.2922421170939276
8.71933409770078 -3.207758106361994
19.030821654280384 0.16825396383252278
16.26675755068265 -4.08538547947013
14.36113399949599 -0.4120119666435996
16.05708859972592 -0.8818085468024285
8.041718570755748 -1.892026641659825
13.873186687862736 -0.314150446726031
13.49104512777258 -4.226978174844965
10.030764314058509 -2.2443650678597185
12.130391306196605 -2.483355858672516
4.667040785883334 -2.405666128598507
12.382569907055352 0.9838111284341867
8.02634945908193 -2.1646229544992726
15.83156228918832 2.031503247176202
0.9288641148101466 -1.0158243155352071
2.9671642059961227 -0.4998066421004355
3.414148214278989 -2.8934252309167183
15.425185025666568 -4.157471976633957
5.708636222653692 -2.7729311462244177
3.3587108901428806 -0.4510971921398944
1.0572197124165172 -2.1923779545308504
3.6524343254575267 -0.8630345880613901
5.2433308736237345 -1.4090297867104198
12.917494452550015 -0.25056425895801465
7.308238912007368 -1.3455671721395637
12.376595563948822 -0.7136420845300883
2.826605307138775 -1.271435156781558
11.448407289708792 -2.010028514930082
16.88428164754398 -0.7615589840953021
8.897011856997583 -1.831984304897576
5.980537964118884 -1.3324114950751202
0.21221692456114633 -1.3814595620767927
5.715313018778888 -1.0117780887776286
8.497423663022852 -1.1930552479664736
7.43536325896929 -1.4159379964459047
5.770663418616978 -3.023819449173987
5.172617575487154 -1.2456732184653985
5.307904029683538 -0.919471743729263
8.212665363981358 -3.6241040191017246
8.775684595005869 -1.5926378534270313
13.908836831603928 -0.5955891646905401
18.43191755481379 -4.140321416778172
3.117452326170775 -1.0028126196780485
18.637829631503436 -0.6367646736508872
2.6128512812278983 -1.4617836948526761
15.502417446021356 -0.8199793021901605
2.7450246890922134 -1.4590921893068927
0.09792172647970115 -4.999021177863225
7.695699498855272 -1.6848751832868578
16.269102595800497 -0.08324182755625319
14.502577303606545 -3.701953549753975
11.389163699537823 -0.811434277064967
10.35267103762316 -2.6258352801098512
1.757344741856623 -1.3287667160473775
15.807136500314954 -0.7598197866005721
7.563386625804314 -1.815624400819425
10.239926282935116 -2.118935893663139
3.9881962414843426 -0.3114147234220913
7.281469841805254 -1.847578405119375
1.3143050085747257 -0.12951944095163592
5.594273075839076 -1.8651083291314092
1.2958017880633421 -1.9588465288348316
17.61652661754153 -0.6692803279515483
15.768570757587096 -2.608018101274247
5.542239964159276 -0.8461000883939483
18.412338422961515 -0.640112531625786
9.371000939917286 -1.1956729296877222
4.640282217082951 -1.388097979770357
14.686401790709246 -0.36919206155388196
1.3763686542354996 -1.5321008318655773
18.79340640861443 -1.278839702276448
13.937170118837061 -3.857231918042848
2.1677286794140644 -5.05667002558639
19.901700667917574 -0.971300982518134
9.607710871168575 -1.497436020421681
12.211990723609969 -0.3842779317087136
6.391473278544146 -1.4894933426528423
10.5025102153556 -0.990772487604951
16.75926265570096 -0.6473888124032885
12.324266945611742 -0.671912774975926
15.315627996378444 -3.9516390100509584
11.512990633191865 -0.588708958701363
17.878908554102658 -2.9949009593018228
8.83020132672812 -1.6727171075645542
16.03739854049172 -2.428926934522357
8.377217431640238 -1.3319401786875358
16.547078720968102 -3.4283779173537785
17.16781279671154 -1.8617310431162586
8.348307212294827 -2.946267656394138
5.956230695169351 -1.066032818527378
4.425968386762953 -1.1638567064245677
13.10602720619902 -0.2059431529197675
8.06577135438938 -2.2864019938484588
5.650309738345345 -1.676697225834446
1.4452060976330838 -2.348243257541858
14.205981586554351 -0.4841888882775117
7.323474033441283 -2.332996321930857
18.82523264582078 -0.3877260942034037
11.478284796442686 -0.7751943273079884
16.09610619955107 -3.852874591691251
14.911987029974018 -0.48927696006931326
1.3643809447214217 -5.242123428332798
7.598416823340992 -1.7832192675109726
6.082867727782188 -1.3606993013034911
0.9621784854599873 -0.8539266946102512
7.124486516399896 0.2566799294739353
15.626201451745894 0.033820625653833085
17.646879041601544 -4.233480190158543
1.8210402478361498 -2.36693498532614
19.841297482617886 -2.6545157993402433
4.110409301836062 -1.0663742149241253
19.84407041523756 -1.261252302758415
7.256331708810286 -2.6362434666911905
19.888600302408527 -1.171667154334907
17.991724542296673 -0.6086651728188448
6.5057040712986405 -1.479255781572355
17.824709251542746 -4.339196180894647
18.165611584474398 -1.0386840936499016
8.470733868809786 -1.8738607549944342
2.053822299995243 -2.639479127914864
17.131224783541423 -4.2869145027178766
17.442714675163035 -0.6236691390625555
1.8102666993532974 -0.983368334212523
14.570001907336788 -0.31067738570788794
19.04460510688955 -1.3190393090790469
16.913374631968967 -4.886394911378406
18.54573600152679 -2.8617440269639074
8.440682960638627 -1.0322417351270423
13.826438281021543 -0.5270496660619927
17.95934385772355 -0.7172580910755876
14.52077392826733 -3.0405123379228067
6.023435790087241 -4.321031456529678
18.989463085560715 -4.590123005293893
10.870352266817871 -1.129831397994866
6.890879658597979 -1.5010796075427344
17.334559444498385 -0.09470379571989712
7.605071627924733 -1.3026994368796734
2.2607432933010463 -1.2854483465633941
8.708212486611714 -2.3075045804671985
3.5038204893046365 -0.49515963313899114
13.111792304714811 -0.6387571293973946
8.60459350107902 -1.6967382615944877
12.25338448425682 -0.8464782569774724
3.619288970745704 -0.8727436915688784
16.470164607892432 -1.0899619318843725
9.570826301872017 -1.566741668400179
9.947888456129634 -3.698523895910326
10.366962213821829 -1.0914717474554447
13.161509464731985 -0.4078137340927157
13.100991080362567 -0.2119238288548142
3.0778867836158192 -3.0209117494830298
14.146154364444396 0.015236145647885682
13.289803721966402 -2.6626185654525143
0.5865362755680044 0.19289441057427514
18.75823545238507 -1.4122077452557449
17.366053687998285 -0.6011172593550218
0.08259585013082144 -1.4966502730585507
7.538874567985416 -2.1690714524459667
6.783911738855302 -3.1294717995301604
8.068568937884836 -1.2451123054241757
13.370689843859871 -0.8036778676784709
4.260926292049267 0.26066402407600897
1.7692152416248854 -1.5158483740682271
4.072684220019456 -0.10559469337483318
2.5992749695217565 -2.2251087393123736
18.317738833560934 -0.33924974168468897
16.1624884989635 -1.4433064663548392
15.72757911859529 -0.6031653245140828
3.440175033377657 -0.4853342299268144
3.7254759716732058 -0.9342138556023283
6.041377067781657 -1.8506281328930057
5.987502595994389 -1.0945102036969832
6.081340926617279 -1.7760681891961148
11.28206596628672 -0.9137442736826885
18.37025642235959 -1.1466330967253386
6.028537502735097 -0.9010839426789757
8.740600935061721 -1.4985879355907947
12.698974135221258 -0.264932381829939
14.501365687704153 -1.0728161050598735
8.797459522258851 0.5025910584556811
1.1845090491824486 -1.35745502789929
7.803692137299629 -1.7631409139863286
4.602140186594258 -1.0455765324517963
1.327135706824106 0.7333494468496863
2.6418081089746877 0.0502659050949978
11.700077894541787 -0.6814852018397083
13.268475342693108 -0.2287419917010997
19.742727932193645 0.22527688308103738
0.40911895559779865 -1.0937178469209234
5.7855621740986924 -1.3448823462283952
12.75896791849802 -0.5082686612078947
4.059856178883729 -0.8268201093251818
0.1566856488591158 -2.4257059817264928
8.345426676288909 -1.1207807076979912
18.566593693606894 -4.498896949425403
10.07416200569757 -2.3472614176720286
11.757083918434835 -3.035198489133169
10.933746766013996 -0.586512690408695
9.100627626630999 -1.573772902942838
4.684571542303045 1.7481552458886824
13.87219798839725 -3.0587736852098506
9.227869034836417 -1.3115463064658752
9.162449365899974 -2.9529997431982373
6.473268025060851 -0.995626309350035
5.917751292488457 -2.652035620323119
0.6274945920369605 -0.8796378599558741
16.957765055898676 -1.2418769591268903
2.994245360245416 -1.2515365746919715
19.118990375415382 0.9225255451585587
10.8783486416788 -0.5455819954841115
6.1666410762718655 -1.0924279159945267
13.706851571671866 -0.5696433545870419
19.818735490204514 -1.24524723830629
16.12079791698687 -0.7310288347562024
0.3067776327086503 -1.040604587229928
15.749907098979236 -0.6025265722542703
18.73512106229821 -0.5304101099328379
8.182249796873451 -1.3104121991070106
14.947916504772735 -0.8899820022097794
2.786840885844265 -0.7454291592463759
16.230220326316125 -1.2127343827653854
5.282819666365359 -1.122813735674885
1.161642746589222 -1.2845770258048061
12.2484873542315 -0.7519146456818527
16.727078026637322 -0.6544538115276612
7.848486105182541 -1.9271527550937397
5.352984579685413 -2.2769250576118565
3.216755095943392 -0.30608062825436805
7.403007764002493 -2.1119586529880787
3.9372664231428836 -0.6195121536257748
0.9298815892210377 -0.9626098319325548
6.853729561744924 -1.3353190712928584
15.791769714586259 -0.5084862903347728
9.137531857210856 -1.6176331565050395
11.265573010339931 -0.35840522848017253
11.692781987769362 -0.4922007031308504
16.258059775886178 -0.6116400264936893
10.078074373449502 -1.088884790037593
4.2518425785214635 -3.663516081346919
19.187589919284267 -0.6214518980500976
19.09414326929124 -0.0006575870284385582
16.322434879948208 -0.6363566344125839
15.844815712397109 -0.7562731165705855
6.904653159018978 -1.254054931730162
4.374140762062018 -1.2969820793818907
5.021817036607492 -0.21695254169276915
2.90590604424076 -1.051012785604384
13.19400494371403 -0.3208728430262111
16.32045495297565 -0.10732624303990006
15.00309157063003 -0.09658664292780708
17.466734277451582 -3.716561250251807
5.065305162521703 -0.4081837045146079
8.555227185878909 -1.436000682166915
10.442410938483215 -2.2849756717895717
1.6294254971420248 -0.8849351200744667
18.85330443577135 -2.858914872435162
6.106106732470895 -0.9379249676499645
19.256975666521747 -1.1090595327875854
17.561821714932805 -0.9739388043565552
14.310379960328545 -0.7504577457330325
0.33497818610117797 -4.149914794261442
1.2315752294756384 -2.0397397241465667
12.478117890560004 -4.666033106150501
15.448842725662043 -1.110201921079592
8.155212988597945 -3.122976843489131
2.776142886741375 -1.4576624181086146
12.282334513701471 -0.5608237897380189
17.844612632342372 -0.973844182070725
15.111138902761565 -4.249943094030038
15.43376638670317 -0.8645694258613574
8.097641979570048 -1.8324832102427773
9.253669032656795 -1.3621626677156142
7.266195882914136 -1.6466164757553259
19.11039200526598 -0.834083076682913
18.86838263412898 -1.0880544479956835
12.899095428831126 0.2859362367420442
3.969615126112682 -0.6073335986017098
3.551711926079035 -0.8716516442023527
18.918991949613172 -1.1832546460012368
16.43320081765768 -0.09194451618451266
15.80394201686704 -2.2840749046489615
4.280893873663078 -0.8803776515866341
17.04748959700015 -1.0548062084613794
12.084788690027764 2.8274912265476466
11.356237967649154 -1.0094808201268994
2.7366350770274277 1.3447188944043975
19.009945863067884 -0.7643362025968364
2.2643376949896448 -1.0361384869167534
14.466323576401267 -1.7848118272327218
14.610671949897826 -0.5685194292590102
11.652987501465134 -2.777660539514229
12.896859139257987 0.25236825940459806
15.411756121640442 -0.8057676399227715
9.12991255176067 -1.0250785631750854
19.49088475087834 0.7009985387048946
4.690133543236502 1.774122890274466
17.23352709663557 -0.958402048899538
18.680751162282352 2.224342696812221
1.4603363680417811 -1.2356758723177907
0.10788759101729287 0.5774685038707579
1.4466366885668849 -1.6733300368025057
15.85971997490661 0.19861810427532356
7.490061189268783 -1.063930409926431
12.430080939687638 0.3628422230578494
13.220839888483262 -0.8538223564309045
19.47721695981141 -0.3127082686563651
14.860871108170222 -2.736414211711157
17.09488397604904 -0.6917002617339076
11.657260427008525 -2.0681606322401986
9.711134633988653 -0.587488581420713
10.229857756902138 -0.8244934738651479
4.401136016693644 1.0982307877317548
18.836904336106528 -1.305434470057352
4.342198776732224 0.7864114612712044
2.620520884045738 -3.5542311294913405
5.346575291991046 2.0275371234621264
15.500328454716454 -2.782474217155263
17.880691156514427 -0.2227327664497058
7.143417529681124 -2.340306772323495
14.689883119951233 -0.010310029292136348
4.677067423950762 -0.9743128861900717
4.709116327152149 -0.9423074179861348
11.634368443737628 -0.47773108787330576
10.260129840484392 0.6484839014300845
1.5382395112906424 -1.8871797986155587
17.452461396889206 0.2773726662892385
11.049057137017527 -2.1567423907003422
16.458870177297 -0.6984409662467352
19.426307783430428 -3.5009376671577725
3.2042912260834386 -0.43605103300924525
1.2766330266509156 -1.016746399689536
3.8153267448881794 -1.278798381424733
5.861790128582079 -1.26658313508558
18.31236199818843 -0.31840700208672273
12.03744232746218 0.05993292261549297
10.377826672525043 -0.5606957244031154
3.7357948821529923 -0.7907108230487591
1.9916954046172979 -1.6019847179598108
11.689184816917185 -0.4826637406215515
13.45883491199566 0.07504722020143856
10.695154104677588 -0.1329126572512767
5.631185741683411 -0.6967030148045572
9.618442420165902 -1.2322995031332271
16.551025859264342 -0.6283276434566752
11.790956311983972 -3.897656823198551
4.049023522972806 2.091015075707081
4.799343686662466 -0.3161326291388695
17.416385869363666 -0.7082619518595266
12.34950692848926 -0.6809673325489078
6.459764516958858 0.8172608118071777
3.7269168491612614 -0.67672225978967
12.997126129692077 0.8279751550416647
9.771771934093124 -1.101355003490122
8.073884098824788 0.29644642054788484
19.58931841958441 -0.9165712187226115
13.187158444901021 2.826492529811684
19.956891787230138 -1.1739256396313555
2.507350127457877 -1.437315065782391
9.329456271950892 -1.4656262068578307
19.335515094169 0.35493999510067037
19.519645904218287 -0.9176015877060326
8.03649431663489 -1.2243098925886797
1.288020041566498 -1.431228283732514
5.940565965025941 -0.829204375107967
1.9164905270992585 -1.1062300020591598
2.693009725917886 -1.31473373393166
11.18020436274746 -0.71347438243219
13.027704025395284 -0.5327285739669332
6.081794154198024 -1.6595470813954845
2.82478336271375 1.7670512761331747
17.492711138471908 -0.40980414553080363
13.717174951789842 0.9224632788660689
10.689998274063436 -0.9617454624899899
14.281371978519266 0.9560994279494641
6.251724166906093 -1.249743888717424
15.358731983308319 0.16326672456145538
7.205260949388244 -0.05715067909675205
2.8858902964901754 -0.17516672709779488
16.875379474528337 -0.7260408424803138
11.500028858104356 0.5874507816612895
17.726406856551545 -1.2875365250560207
2.1615138367315305 2.082435311585603
17.51419437414432 -0.355218802355374
14.740894871202004 2.955745783187583
5.521614606312169 -3.086520860421929
3.2734564507383968 0.125019483080484
19.83170873603714 -0.9039374110330926
0.9971244799829385 0.09766932423025569
16.01808478456088 -0.9391250141097311
17.50614427374835 0.14485247602807197
5.478830537000149 -1.025167413268173
18.370754614330515 0.030294445243631275
8.028861704557585 -2.0858832085646486
11.422681135479126 -0.18181900687678104
6.540592968669241 -3.1021914931417034
5.436490090880151 -0.7661185947896492
9.518196013163031 0.15889788536927058
0.024910642127174754 0.6115626723699992
16.83529510525037 -0.5642956765790509
10.488489035860436 -1.1146849915065276
7.759776372219358 -2.09491030317261
0.9087135065814257 1.086685344249239
5.804158273719182 -0.956028408264154
6.229708413845619 -0.8393688641225413
16.41621063200488 -0.6900532519110415
3.0891722664107255 1.1421001551385628
5.865978195574095 -1.3411798948518847
2.011453570287441 1.8344666147737618
18.827444321840208 -0.529896248549165
12.661767249010673 1.7104399158744563
0.6149269350595239 -0.8277438562478732
8.765872149525697 -1.6006448744608919
3.064891067974191 -1.1753632299938896
9.216641329225954 -1.1499397471734525
15.929492643204894 -0.7589365194346427
3.754346790312911 2.134642244281474
19.82757013277229 -0.8551754386164411
19.650106787433053 -0.9064455885196749
11.459667281464537 -2.8639939820170217
5.111668034049872 -0.8546243304427702
8.501028955715146 -1.537912629824182
2.8469902782197023 -1.0334897487648826
8.610635483866176 -2.023480768040924
11.085519596886874 0.41701746683664276
16.9876270168459 -0.7954061747788049
13.263927033976158 0.4680626007171873
13.97987171683889 -0.12294151055113028
8.814319715838193 -1.7629352253941075
2.0610926823963083 -1.592773340379494
14.842087722105257 -0.2859804471967972
2.3655059848761746 0.03732424758020719
13.48164430963576 2.202938483139149
2.5697690605792225 -1.275003933078928
15.924717032111458 -0.30691347297655774
6.697201330234976 -1.358951942602084
12.015405296631533 0.4656438719315526
3.555787794998038 -1.2609005806012634
16.21285455315175 -0.3711088780218416
10.596647287364947 -4.004674048284017
11.176434270626867 0.315130502195453
7.919012953752547 -2.1241657471838353
7.075226458483154 -0.919164130331381
16.65883953762322 -0.788140368387755
12.194357600916991 2.772373168785702
15.760076648855364 1.7063846673454806
4.252433416803192 0.42091542891944933
11.345717570979776 0.6836915401634368
2.0192351398811024 -0.8978057125975187
16.56963822227563 -0.3182858996351442
7.243461568652336 -0.7539834426981933
6.18302756145142 0.7624868094841758
17.569177559154006 2.192599132586137
0.5685959273315878 -0.8620916982561837
19.048055655724 0.490619732417558
9.333206972223 -1.738165624884688
5.840590894455265 1.0577623318753544
17.098399415335315 2.185718095526983
8.20515286848109 -0.7111971765673833
7.305628685619088 -1.0241873772018781
5.51686138232708 -0.6288342240584271
0.69902752867345 -1.0856786523079516
0.20155516849252625 -1.1282401945312948
15.576097750344749 -0.9898388261781421
0.3823694375188488 -1.0130669092520066
6.070374135460498 -1.3589305069728765
18.661393565007835 1.0524096351656238
1.8083791474290982 -1.0232764899769045
14.602625566468229 -0.15242196794177265
18.170583030784513 -1.0127901363247178
14.80129159024121 -0.6423485812888068
6.696023605071047 -2.8999244121364085
14.841111907590506 -0.7090937264304085
16.45481927614026 -0.5380736074938935
11.037559410986434 -0.9493615527114295
16.81760671926867 -1.3431393509598646
16.268625708141172 -0.9850473088665942
12.796873083091251 -0.5804443028695873
19.00714184694628 0.1382128228131651
1.3953803132769331 -2.076672601430591
5.267180435596748 -0.8852500758161033
8.400882805611111 -3.4338894868976917
8.711240966647033 3.2785452515483797
4.016032011363387 -6.231485763375523
10.217403833065719 -0.8000424483526488
0.539348403289646 -1.0258686516774422
1.5496814755157482 0.5185947620979476
3.714189776361249 -1.1082655031702666
4.640769771422233 -0.9472920746206439
0.18382269458917325 -1.3177506648214372
10.431585718639491 -1.829157710720138
6.400305405527935 -2.9215966809134213
2.9973784908593335 -2.9211308954833237
11.80846426453761 -0.7147831760618558
1.2684952191375474 -4.080298301285155
14.186514434788329 -0.43745170684500423
14.716812934336449 -0.5768142861266822
9.835124659255552 -1.2099554473497982
7.551964886660836 -1.381304890309305
0.4263879186113929 -1.3325327040873458
18.463347511006944 -0.8533582533280398
18.251044185829322 -0.44063119781430066
16.661382923310512 -0.45397140341482406
19.305614780647435 -0.8698979554492559
4.776539648260332 -1.061389090096303
5.377849406378175 -1.0442454746180445
5.554696127654007 -1.3300028519280909
15.006945524430726 0.4561752709201302
14.409734596529486 -0.9103168765411076
7.459489093773707 -1.4020814217772624
14.441266754189064 -0.8179657713706837
12.572350328723394 -0.4421805040091839
8.111751499468449 -2.2260325674607233
1.0448457761296726 -3.7758555322129634
8.879223177265834 -1.0766347557280036
6.592752358362221 -1.3463021961206674
10.882111103401186 -0.058951092987884396
2.0655353577273576 -1.6352602847038507
7.437347684675511 -2.2491387084069396
8.305829953486757 -1.818383607940661
5.838106470593492 -0.9265358892228225
4.2194451974113445 -0.8257572965112289
16.72879285005808 -0.8581593699493932
7.189377389752256 -1.5574932038068736
5.751689468129541 -1.5402723855688452
18.567105249042346 0.5427100560934964
14.417287331949828 0.6074249606822822
18.036914279634885 -0.4422744612060377
19.379410231680446 0.7635333237072879
7.34598913987328 -1.0705543332665286
1.170223626644082 1.0776919141618824
8.273729888353849 -1.690312365491897
8.186239794287335 -0.7134308595697599
3.0374381091202487 -0.5755685159839103
0.6993360311472921 -0.9213728037948481
19.278709301645936 -1.315127951997684
18.834067216012077 -0.35615705358976807
19.82368713735973 -1.17574313036495
7.828951296318875 -1.0340691528446744
11.566213841502616 0.03432092156081784
11.279479906508723 0.14389786721562733
19.337476912884735 -0.697326965965516
4.9523905103235775 -0.30432094913738783
7.96271349876692 -1.4225959019174077
1.173062373050077 -0.9832151979086591
2.1242965111032075 -1.0467932653908891
12.876180505955245 -0.12187211045017192
7.744319547138555 -0.470234865782414
8.994190800295193 -1.66707437570824
19.14837617750499 -0.4395448540764304
6.022726301792202 2.690319038128027
3.0207414332300973 -0.4030123089781448
2.059003707167676 -0.045693542843252825
4.959163321166947 -1.0625349188077577
18.19776523040362 -0.15899223666471446
0.6958438434797247 -1.3423102683632424
19.611801830699015 0.4829166784070056
7.708791283050558 -2.52217371760732
12.474318023633483 0.3368610986445505
11.728357841265462 -2.4614800739365963
1.1880177077067104 1.03523786801217
10.890211283635505 -1.1364150068846963
1.8602203980069039 -0.8728910327604311
19.10618205634159 -0.5742706639232876
12.547114584466971 2.468318344488973
4.71541940955299 -0.7858547530979838
16.65247555398637 1.3439313515468867
19.965520499007106 -1.2699858872300844
9.491412747224752 -1.0860619400331197
9.093084003396088 -1.277537326360497
13.279948203422864 -0.08357595018872432
0.22104549534057583 -1.1449787703070196
18.807326652873467 0.21155495020852427
4.154290405808717 -0.3540482525875595
1.2216888745209655 -0.5825807853281308
13.947087864076238 -0.42235089164290085
0.19077420339123113 -0.03474572294531957
17.959187502182257 -0.723928305771217
18.393918471604565 -0.1191705367526133
18.542670474036704 0.5067614849006105
8.85045635705864 -1.217226629487138
9.130047031947546 -1.2178941721434908
7.611414620472363 2.9649755607018595
0.9763611568073709 -0.942906823214373
5.387893058187867 -0.6276752482743257
4.557306012590533 -1.0778884648672926
17.35533359247829 1.3821331359350462
18.662351581438042 -0.5468713731520012
16.86748746993853 0.46111902756790535
17.673978988077135 -0.7432456289016642
12.424146550985743 0.2527849603594078
16.900533431365254 0.4125663120283979
6.907299896274409 -2.865387132208467
14.642812592541683 0.05894121493236998
5.470376121575969 1.9692641154403483
8.66992002907517 -1.3442358213783554
14.920679991185192 -0.7984516157134117
4.303331542246322 0.12661161598492876
14.217685958446676 -0.16457241999103006
6.764904535689609 -0.5321459712397687
18.07226802524815 -0.8092248266290385
11.008356207839938 -0.27036076159141975
6.6252615232781045 -0.6740311193197615
1.2226090396969835 -0.7887173800938518
17.918692877209583 0.8494233621572422
10.60656681943421 -2.248353421454244
15.14577200026348 -0.30497266568110876
3.367673815062597 -0.8456796688318096
19.90419576863969 -0.6387278904843019
11.974102734607184 -0.35762017909314986
19.90182621796057 1.6490017566901822
12.075621403168773 1.0977649833981782
8.124740394796635 2.673051381352216
4.477145769757121 -3.9836685104078056
9.616081441276064 -1.1690678808878205
7.893916383180759 -2.0872565348646273
14.341429492780692 -0.18126262170485902
15.590557690430728 -0.47451567139953904
2.0529438133999833 -1.0589351565413871
17.382936160108983 -0.6556212320048733
15.105367711773983 -0.6197466656204441
17.48585822046683 -0.3574002878103773
7.291291932261545 -0.8567615698709228
16.158712105917655 -0.037740603114996135
12.09017568318597 -0.7705225775328334
7.002286223680063 -1.5280060844245047
6.039746371082798 1.9755002073643524
5.951741933191476 0.25709744837081067
12.146169839145793 -0.39014014695873095
16.07257055059215 -0.575219155927821
13.01184884694414 1.7788473774306262
16.3997427319664 1.5513957775815523
7.302468330264451 2.6698006613099894
1.917698763711999 -0.8137815576445506
1.1935345974944058 0.0641065419721251
6.376274435117848 0.5230625902214965
2.2756532017665405 -0.2958658919713983
18.9218655195586 1.0616655384140767
7.025519175074141 -1.0674962805243087
4.3064481662996155 0.26107080948521844
4.0392777962509525 -0.491167221946834
8.93634722463187 -1.4331264908411885
8.866400070027765 -0.6705433851403134
9.079574647029887 -1.697267856616599
19.837264445017333 0.9835283413403781
10.018115936561871 -1.4534697547388264
7.031059492934956 -2.7195784776507916
10.678664291913943 -0.6693338381927453
14.948278943647898 0.5496615779329672
7.710007987696961 0.31508446691291236
12.149223974066375 0.5721623456775875
9.434702614558065 -1.187348439057668
18.538171637079266 0.3138875768203413
1.9255764950714125 0.48272630664938837
13.745695337550737 -0.022668030369240193
2.1127855240805236 -1.1033819452360027
5.1822935922222815 -1.2670422346123724
5.854776191992468 -0.9605322888578041
5.326068986740648 -1.4949383777633272
17.4609854712667 -0.35421155643176805
7.711245806887947 -0.5803697789680404
12.981514454241994 0.33679560934977953
4.678195192551014 0.2233834634398196
10.093264204481134 -3.6819979487534127
15.972096063317581 -0.5659220229102977
18.983813626747835 -0.44672255931050375
12.954995033699097 0.7369725529991868
2.549595106845733 -1.0783611800665391
2.0911602743509823 -0.48706342790171375
11.115889738258629 0.19201874459807552
19.796546536721824 -0.8573755956248285
3.548008177286036 -0.9881347042711677
5.850251430626592 -0.5323709610702869
2.966409421484815 -0.6353759168155159
18.610111422758578 0.02986842775651722
3.2898534568460316 -1.1015179620549156
3.91690927642232 -0.5753676897382001
1.7960169390959067 1.4909487460835587
12.43509340717023 3.037224333552132
17.903441987070416 1.1259477173153447
18.119435641743454 -0.9420504664851568
5.701463103825767 -1.2984857862346337
12.372866719388604 0.4995949984502348
12.319913790661465 -2.8758027228805783
1.549806007652041 0.8588883189802434
12.826196980792245 -0.4298410356493844
5.19494181557852 -2.043059903052813
10.342216816668865 -0.7954873285919379
15.14310677809404 -0.4202113324027155
11.493104459164742 3.319236739452042
12.475132897625928 -0.23851687165862145
7.281995981665468 -1.3905195457131572
14.921485085102299 0.2492138521666503
6.040748645741863 1.6449704269460388
15.03177825832999 -0.898354307838927
1.970197701972892 0.20583199653302192
4.179914817135989 -0.6188591116254659
8.564654480788972 -1.5565245279728341
6.66245199744673 -2.2224871624789917
10.455621817611789 -2.7968393027148317
0.9920201828695294 -2.976353860602364
0.5600753601378132 -0.7291611136966387
4.522501949470819 -0.8529545668916908
1.4873204107212656 -1.0220750406342376
11.18666285692426 -1.8646601670271465
9.61979997608876 -1.2102701502592956
3.765740151185254 2.2030264499730765
9.808390373390374 3.573755052318242
0.6879015932528193 -1.4985563935345145
8.083186363024298 -1.987362939573455
15.28348989725954 -1.0251017879298767
18.6782075077293 -0.9133535432965199
7.465093488519523 -2.144466878062074
2.91023505593796 -0.5573481629972606
18.510243929608436 -0.41741396321224905
3.315490493701266 -1.0397258956291657
11.009235948930742 -0.6864264703523337
3.1230395104016786 -0.06525522021123353
13.705763025982835 -0.528465533018631
5.498656564566384 -1.4533188282603653
19.35531976701619 -1.6408681610230302
5.367268892665779 -0.28161344899668167
4.338117913766387 -0.15815770516471458
8.195753526074046 2.747154251234367
11.747152288193735 -2.6961580925802506
12.776705068875177 -0.3225036813853976
13.507734746036247 -2.2059414996728757
1.7177024293910979 -2.7345859788870768
4.513316736399584 -0.7538095081045595
5.538391963797639 -1.2395989724842287
4.935331470321788 -3.5727549245141996
19.440640746474383 -1.0215534804458934
11.66513755235781 3.176877149340551
11.812128151375116 -0.8465138901188558
19.912951717829397 -1.4838801034658837
17.33287974459631 -0.9178481371203902
0.5951207292577211 -2.447505135339587
1.8101072759049521 -1.703863075092309
17.925774136918804 -0.7693579385748125
5.623047489628654 -1.1839374985279691
6.207484989818918 -1.366333556697601
17.31657272021372 1.6047590685055317
18.02562661451543 -0.6080575457458096
19.12724956956904 -1.1163455263746378
2.0706451995919046 -0.10512461681356226
11.881999786180284 1.354538579869898
9.796159311562484 -1.2458986935168257
3.835995090746083 -1.065881211349755
17.38021992273301 -0.5954255745015786
17.424976822390114 -1.2901022732650615
3.1360121888458643 -1.132285365301823
8.162997411375953 -2.0363531241792443
17.351749622754475 -0.4094564987996954
5.93642318738579 0.23036128672817727
10.220600942719729 0.8004528644151963
8.63554316855304 -1.3650570845565708
1.2017797866111182 -0.9756700475607649
16.895694146492012 -0.6715684184117396
7.449042726025394 -2.455897916621988
17.754082313962915 -0.7345820013771811
5.785754593027567 -1.5028240056600988
6.586786743480967 -1.3267793709502864
15.899733688515829 -0.8759408442137713
7.096664936667171 -1.503905928264617
13.604086951832715 -0.022914740318759223
9.296331683229662 -1.5522861231962286
10.426319743936057 -0.24118720056039067
8.117497149507606 -1.696917973143978
9.289590937538549 0.3104901322269225
3.929889513131974 -0.9809833056419994
16.182936581961187 -0.9619947328621908
6.341461606131819 -6.113248873225555
5.5995317118223875 -1.2643605326152485
1.7192500371748323 -1.0428510317389532
16.449397965069206 -0.9337363413130791
17.936265329476228 -1.2605545069953799
1.2385705930957327 -1.6746558082188365
9.000060319061577 -1.4268588571135834
6.309303460328386 2.598843591393243
8.510003111696223 -1.4318495368748838
14.936125372790578 -0.2570232168924018
15.117822653529952 -0.7872079221000619
13.779040579716153 0.9177267502646367
6.90133703649495 -4.178445353211796
9.477811354965864 2.078974453152206
7.282875696779235 -1.3103001310952431
19.410144502915877 -1.0052823420738473
17.782181449349306 1.5081291352931314
13.350078150018044 1.547842733745564
5.501778727166656 0.02136187907763485
12.281571546457366 1.0170925409644986
9.999356116279278 -1.2297172492870192
5.959861997666759 2.2584633846061237
19.564632214317424 -0.21745270723566892
19.97293783643373 -0.6898132014607801
18.500223346823677 1.1547654738512716
3.87867171488805 0.303973631616393
4.342912936399847 -1.0812505442689253
4.312736911885817 1.4623605605177157
2.980093726663259 -1.103974713275187
18.241681467414207 -1.1523516546133132
15.38030653867857 -0.15672449588051593
1.650693387204492 0.39355547459723955
4.7066628539436515 -0.9579769863315974
12.924247683538422 2.3351845787007126
2.7098865009529876 -3.760002765313465
7.550343252870314 -1.2802562899531271
13.218390374149006 -2.7670738248381195
9.221405261875095 -0.5187482789201071
8.710809519078676 -1.2559857938488435
14.230960362906906 -0.3208690319004094
8.520872319875888 -1.776632168518264
10.962966694152607 0.9639107867033441
13.393613209776234 1.907282264804179
14.357848238974292 2.6418658368948464
8.95825461038336 -1.5088489585544647
2.34989175294008 -0.6477205969672805
13.121972227171105 1.9933119561993682
15.476144424619484 1.6829824836077096
7.084339946580118 -0.4974822728284749
10.842157960411017 3.1707541914607527
17.628615974514815 0.5702484230011553
5.540414388180322 -0.196192432852149
1.8024704611718758 -1.518601900860905
8.718549171257822 -0.38417394574013547
18.200941947704315 -0.12705013681143842
0.3414897212124804 -0.6674685812251914
5.856924061897119 -3.050350699870065
8.121406558736535 0.6053650915741781
18.099191571897503 -0.7728539727835647
18.972694538745007 1.1693814016083262
2.983490459189615 -1.0282310990936396
9.667824305317547 2.08604294367967
2.943821969674612 -0.9463138129152036
13.656085888098627 -2.7425481870046684
14.377764187104386 0.845994130348184
19.911841147772016 -0.6666368585563965
17.256500345680536 -0.8754494212824253
12.243968095915594 2.9089960216919994
15.981278980926856 -0.4081411873771768
8.922734606752844 0.2064721765809049
4.873737030186932 0.7896447382328485
12.406618591221251 2.250603119470633
2.512613742770462 -1.4690472638789744
10.266281010012131 0.4340295354310661
8.90908178138887 -0.9608963378008291
12.918006696449659 -0.1449440476999697
17.094340423434907 -1.0502763028324333
15.223124850688773 0.31806539072628454
13.855987007504856 1.772388993982445
18.233488816144565 2.205004152142107
17.10506257065382 0.030278701981845815
16.539086770849615 0.9960475156175701
5.66887435095737 -1.3356360232688345
3.389724566661923 -0.5971388790101253
1.5035925763409415 -0.8102804446415681
2.7436879438943107 -0.5612734416658446
8.440370194664846 -1.3704864087233892
19.517915280011444 -0.31209429423612617
8.438532276753062 -1.709281936427045
13.236373600514149 1.5537147528579862
9.599120569227079 -0.779843087776034
7.927788348589069 -1.6883009283096702
2.797874334190224 -1.0497156178168803
17.34036482892902 1.0668917562644749
18.96463239399654 -0.3610017065612579
3.8797427879149913 -0.751385028231045
19.001794445648407 0.3305341331080183
16.75483981051207 -1.0267355135749576
18.393643898756135 -0.3791013402044079
17.741168241864596 -0.4306874731057066
8.110081977498504 -1.5993335173187562
11.047021751914071 -0.7735339805966049
15.696483848175204 -0.3919556615738119
9.187828670540291 -1.2470587766305796
4.03425319430734 -0.8447539962395851
14.239389934946749 -0.039690231685419616
12.823093099573581 1.5962212089701955
6.368462147714113 -1.3674430035987393
3.120037855938646 2.164650865739535
19.0314671299208 -0.5981070282260582
1.394956333834096 1.445964865757436
12.959104691785853 0.5887652166947633
2.1181774865305667 -0.01996290162426994
18.800252581796343 -3.0074046972603283
14.65751495574882 -0.6424162165795936
8.51522462729298 -1.063625851365288
10.412793153046135 -0.9907294275311165
4.366126689921901 -0.7627718168878188
9.922494260281375 -1.0493962227948574
19.143227178290925 0.14961224501679615
15.1598531773042 -4.187590493044137
2.931562830464558 -2.1287270696238467
3.245883861326061 -0.13047491327672764
2.49932066843657 -3.717943023985716
17.7795860162742 -1.941834501971153
12.987690711306815 2.4204192377536007
9.447081087974542 -1.1131965729384776
1.636784593906991 -0.628355333424861
11.680081854695313 -3.846612206336283
17.41844286000513 0.16378415285213405
17.18432595619313 -0.863710006156787
16.9292151727837 -0.7578509626902995
12.160883034623398 -0.4460054137919828
0.08592276157414648 -1.0616332644210251
1.2363730085206326 -1.0221441421228905
5.1338222659441985 -1.074055051624372
1.2746535680115745 -1.8641725471888928
15.022084353951763 2.205115268984131
8.78361357018322 -1.627441328410786
7.6533075842819205 -2.0381340406453385
5.366666994776299 -3.8019821942456664
9.650729775547338 -1.1932587954207308
2.3360039582957315 -1.2249860437550781
17.052151885931536 -0.47592264119179817
19.570994793686406 -0.9470602767304735
19.538825624270924 -1.1901151182855936
0.6926413069001737 1.0672498411258164
14.375649367927974 -0.064787631791931
