6.10154162530215 -0.7313631143143055
2.836765925157336 -1.3218983635455563
1.4266758817389498 -2.1694031942425567
4.32180432489306 -1.0818574418819324
3.7681942941061415 -2.791347397969342
1.0997809704794121 -1.4856753441441215
7.527949955066476 -1.2044676609053488
19.573019131389387 -1.7532897594344714
7.38577891463097 0.022288000392936977
3.3635154323050562 -0.28698777755088223
7.657182226315365 0.21061444623434963
16.40399507245229 -1.0846512975141127
14.656643835847895 1.4356527654133542
7.815217257645321 0.49866896849306364
11.318115450346701 -0.7042750181513102
6.49945726000201 -1.448736263516407
4.838870634419941 -3.7285949629833777
15.359806018789504 -0.4751328798422594
9.627358671724226 -2.764863217234542
5.550245349165726 -0.7887084722487062
2.900422775870787 1.1707278678946746
18.46639611029063 -4.919677668704919
12.174864377870724 -0.6022280344068578
6.5138314308264835 0.06780387563498376
0.010878265662729092 0.7606581879977005
14.810883000338492 -4.184992324450056
10.824437769022209 -0.16346409194745282
16.874289044433617 -0.9058405532896807
2.7071833898117785 0.9101959885167621
6.661498078680206 -0.7821630177134115
19.31182526626247 -1.355747379173761
19.498945907236255 -1.8524872878749519
3.9511134994927484 -0.7675706298918679
9.50156738047471 -0.5251673686337613
17.282919449500817 -0.9691248685916395
15.27893365675965 -0.5152484874020011
19.771349939728893 0.8007690064330767
17.745423334592843 -4.15604532383299
6.1993982979206885 0.9679617860869509
12.449338450865366 -1.2553810220053359
5.810774203374053 0.21531258899061187
12.897923291751155 -1.16098668315919
5.274238541265256 -0.6879422018716227
19.61226564705047 -1.5561171534926248
4.676687778116128 0.03552283617531811
17.977622532107034 -1.22832217137937
2.342575015243937 -1.6531023009011332
10.957405491445849 -1.0184318438532982
1.393075604683527 0.032935662786256203
4.054546430093299 -1.2582458543709507
1.8118171987869314 -1.626717528963902
0.44717014381892983 -2.137221837162502
5.739545660609241 -0.5824869716566552
10.790872241301303 -0.13047864162900208
3.242390615958563 -1.0882184697324293
8.872082548640543 -0.6075173376201529
11.681967919843188 1.8511831707581352
6.213619740859857 -1.0737686105603448
3.9121082680354182 -0.62592261408834
10.34595831464316 -2.5671181871427566
18.141825443805896 -1.1224302753838309
17.802206933206953 -5.148278752962904
5.164071096745908 -0.7290892459868294
16.5812941588304 -0.45363087102230365
14.998644578192579 -0.20815607801210012
0.7243812912191131 -2.1284427822892886
6.643109983662133 -0.6826068743310076
0.5976136207945206 -0.9657491114121278
19.99896369314529 -0.5059186469944539
14.214635122239416 -2.0327763415508833
16.19631368748623 -1.1217381946292373
16.146239548823424 -4.621434777462953
3.044858518719794 0.1732778370974463
12.914271687606059 -1.0874638511918322
3.0999855172083324 -1.086750563390742
16.676036321089185 -1.149047845300392
19.620180910078176 -0.16612000161605914
4.849946130500184 -0.9031023025390383
9.617822333333903 -0.23462932994236635
14.917252313831861 -0.24620924212919806
12.392432235919411 0.7049585559933382
18.8177883710713 -1.6863851977456399
1.3591339136352887 0.87136054673505
11.285577674277626 -0.9663896159788179
12.136549537366635 -0.27881889755234746
9.615631850477396 -0.41549691406922
10.216487539843591 -0.26223573867193406
12.416285845538823 -3.9307047318556063
1.2315731601823636 0.08630565652489207
14.151892774541393 -2.1348854833379685
1.9256369156276911 -1.3488973573009833
17.679888800091494 -1.402446169400757
0.20705627870054855 3.070658719136098
17.04023236411491 -0.7376072366901247
0.34898534649932955 -1.546665625480853
17.62234698675808 -1.08729019591679
3.9488769201911036 0.9692029625583003
1.2854215871019812 -2.0426540360864927
1.1177763343473544 2.825644442316571
15.688333409998577 -1.6702126097153789
1.1920355932648266 -0.5801607333466952
3.321379622815502 -0.5148363799115414
10.634990807123092 -0.6944119227062036
6.352810941025622 -1.0012713767764385
2.857704082614393 -0.6259375468679735
2.688422427084681 2.642278442505719
4.587689826353527 0.23253016941119498
9.017546744135062 -1.007427820189819
19.595071928346343 -4.375825382700132
6.4155741598203875 -0.9151608526331252
4.617924987815287 -0.7235399243478452
7.00620988017636 -1.9719760779889184
1.7980042750621574 -0.28284891086558817
17.88629304321789 0.2935009541596628
11.818181462980348 0.8388367413407357
2.7546265304067834 -1.6481754281042513
9.956989899930047 -0.6546746922672558
19.91908440314369 -1.1424893978975932
11.84952778079093 -0.6269680669646608
15.174521658492216 0.6620872764412349
13.82156692142444 -0.3363409800258633
3.0626533563457308 -0.06042922778076005
16.289639628227004 -1.89892497155366
3.5802166387244574 -1.507779994155145
7.4801116056374415 -0.7560638555168507
12.82118203771948 -0.3162034849867862
6.235773133185524 -0.7098933071688631
12.535287919375973 0.6057307499742169
10.69422581273726 -1.8115709103834827
10.008450862046033 -0.8094879379755658
15.47751767115458 -1.2143813206984186
6.959165530973974 -1.0966727265183591
8.096572079943611 -0.8453606923102923
10.643334815726808 -0.47571417526705695
13.410394759171462 -0.7173984485953054
7.91244240451698 -1.0076159932600037
6.4500363862615 1.1117795252090876
6.610971770455488 -0.249547887062496
19.90944296331289 -1.8663341404267408
18.43965837649489 -0.9994715844349024
3.9955206312380946 -0.6745735386114076
8.202725089116656 -0.8509404933695319
3.1317469912424403 -1.8407705036039603
3.029946019728356 -1.2524036576740678
9.386767230512097 -2.774110707814674
6.428171408861003 0.0696958764351965
2.024851693754485 -1.3130884604211988
6.381821912820006 -0.8229109778998805
2.717468339835393 -2.3175392423957426
2.9696165439645714 -1.1514148881932245
10.49974271456394 1.4956026015031194
9.44835612449244 -4.245208458532951
17.481554953285308 0.20540713211053668
17.350335551232188 -1.0090724073093666
14.712459450988456 -0.28530162017080424
6.217650904282469 0.8462373585912291
6.10639869072565 -0.5874534162233616
12.821128020003938 -1.0380202094287656
12.155855328605643 -4.4483699120641775
10.177931575896457 -0.7795750095873004
18.725956757491993 -0.3384973634563048
1.4949774348113523 -1.963795703706902
15.710160671249144 -0.9579376235218621
7.57832439148657 -0.5943841150580267
0.8882175163302588 -1.309696639035371
7.112435204878807 -0.7660091923863226
19.94242070475465 -4.286451662448089
4.077619630031405 -1.1718575987010367
19.95125969221867 -0.48211475803041887
6.753701052394048 -3.313134866438468
10.669881702412486 -0.4394118639962922
8.050791690363168 -0.7681220807931748
18.878900216033518 -1.8482132792579071
4.386661877363831 -0.36906577377632166
11.553745052685974 -0.5849080849138366
18.510940514255346 -3.4610388135527814
13.468173291335845 -1.3204242471430059
7.858757431650563 -0.6872172192262799
14.078055220642845 1.0583287554517469
2.063601830085927 -1.1202242099877189
14.132054838349944 1.9759825371932815
12.906241894104191 -3.7451333730575374
4.4080453472857695 -0.21111534076476607
12.93091628843202 -2.899333240111948
12.715600515850786 -0.5982158272165841
15.116297438341261 -0.3996866668924901
12.468118639018835 -0.8204028741822421
0.29517525535873756 -1.557163502129272
14.854671072416577 -0.19035138498854123
6.310526789683356 -2.086804770047082
1.5976316365352092 -1.6005862009291334
12.62438455530436 -0.7913222033486098
6.699403009193799 -0.10876593282397437
9.885659418590635 -3.704896204897077
5.884528770766364 0.4057029843602666
4.043851770611198 -0.7377023412655068
6.127387091248752 -0.7782046636688366
17.48531248564047 -0.6811402020358568
12.698860204956254 -0.36745043698492497
12.12250770639204 -0.8122456728581582
3.923159117527527 0.3442978366911134
10.932132346591814 0.8246707083203465
17.501351545414952 -2.5789778429792993
10.017188804891951 -0.1826596674631493
3.588684683958248 -1.0519556607843075
18.999304584478036 -1.1843874090759743
4.128063290734449 0.006399321362193712
4.4494683801425365 -0.7496607055176453
5.3914350036720435 -1.842630251284823
17.306996727657637 -0.8974511488179745
13.787917397715612 -0.23872184013849637
17.119742035792743 -0.8043408932448289
4.583365846888757 0.14390752350403357
16.369777919411618 -0.9674845385165715
14.748907787430769 -0.15546625666284902
9.171997768516867 -0.278162708967198
8.88574909517599 -1.0449875494930627
15.572204192845284 -0.9801532437731477
3.9343942351525962 -0.8517213099577963
15.14020978061497 2.444168032724759
6.021535642215175 -1.0234107882573034
11.634475192174431 -0.3827940814132788
9.579408101783836 -0.4643289270716002
16.45496430752996 -0.5353483408233091
11.071451013035823 -0.9197483218667413
11.326244482676394 -0.4518413621217999
18.987008981698143 -1.5085431158086042
12.855218735343323 -0.5945923001914272
14.300642173935044 0.11715794570335289
8.063994813416675 -0.7805538347623473
6.924500983147068 -0.4035022885335356
18.904052849952272 -1.0917014498471531
16.038928606080415 0.09507817644744807
1.1748562511599328 -1.7662513142795893
14.827426682014407 -1.685749520675477
13.872634122743246 0.11888942898144345
15.2106405855659 -0.45734438185867093
4.528076123974879 -0.5807027255108035
11.266599112709532 -1.9817656405347055
0.014325358797278698 -1.5194088933958616
8.383690566359435 -0.611493162341528
9.978480353620084 -0.7608941777107198
18.393484432363973 -0.8040183096536765
13.211627923259426 -0.9867609579073338
6.878679105790932 -0.9930100105325533
4.091843120957905 -1.231933445901392
17.082194451339294 -1.1091846182246987
1.4126884529887622 -1.6251241242266796
3.3076701663100816 -1.1535252950686807
15.656229232561978 -0.6856990842987946
17.958188873400527 -1.0688765251180297
19.723661304532158 -1.536203582780762
2.7301206075179505 -1.249933379705024
12.502570506147398 -0.8911289042551066
14.435983510377843 -0.48904640370246233
3.2064404768225905 -0.6556202732131106
8.692146344948643 -0.8237887758522697
10.257438771943827 -0.4749469148681966
8.190752583079316 -2.060276885532636
2.810957156877597 -0.03190475090049669
10.333613305489664 -0.10916142755677408
14.102356244492979 -2.7553365373169627
6.278243817840804 -0.12650959633289297
13.028827427458051 -0.26221913383228834
8.318984911744487 0.04495600385959781
15.568793771672306 1.3494661397231564
13.313086846943932 -0.9124180290095326
13.63159648735731 2.2040310656030306
14.371810666681021 -1.7962496753806785
3.789665774810146 -0.00448494273773057
7.622249787667698 -0.6683773199231513
0.11773016025139733 -1.0845505803899254
15.578069561360058 -0.850398339802438
15.251989938659479 -1.7812007367916716
18.203581597047943 -1.206611102572392
6.854353029541239 -2.798728848642479
10.306806811306899 0.911501388811621
19.130236023798354 -1.5006549624910481
11.970222567141894 -0.8311498407604003
15.864922477971458 2.8974679384384796
6.67643735602625 0.10521665275528747
2.646163703519963 1.2527634057830621
0.4148036704639769 -0.327152330558075
4.64843366699514 -0.9606609415391978
5.138499443025106 -0.4276943106246191
11.34035570005218 -0.7258924525091542
12.072119885773807 -0.08940588739886987
10.388878508524396 0.14888638371072987
19.64897713639665 -2.117493282766748
17.831851291321808 -1.2870700337349559
2.8577501389532403 -2.9620802754383044
2.237205679617993 -1.2920398835473887
5.791054469571514 -1.125159018591473
15.557165192778193 -3.8549589966026234
6.058032797932176 -2.15753814097164
4.581082043031434 1.7003195197941383
13.080959900765288 -1.2949300397842323
19.888209261116664 -2.046747251077337
16.366550427095962 -3.057641370744851
0.5220118461141029 -2.312611789004499
11.130720375254239 -3.021718837530244
17.597197746131023 -0.9252797506576431
7.150518141202251 -1.322524973552824
15.519587632205075 -0.6009664229813768
14.186492577008348 -2.4168288563439013
5.228348058094718 -1.1160156243150436
0.8662282048403248 -3.2071490810007095
5.7710798372132714 -0.9155049292871341
18.920415079108626 -1.7098038741452466
13.558062688213028 -3.1742426216756883
4.7253076458832926 -3.1755635361798893
2.6230956309579634 -1.593809109952585
18.435289869649548 -1.4663274042579044
5.733172734019932 -0.2903637997152668
9.656762231610656 -4.080547409904633
9.870214824940255 -0.5183696610067025
11.745052328770656 -3.2270717708996774
15.978910527161592 -0.7180246802976795
19.1278561232514 -4.819361088773363
0.6530846194676868 -0.15383367854867916
16.115701154204224 -0.9443635812963403
18.13482578141852 -1.0083836845172778
11.943447319565788 -1.3528223633375664
14.150976247120873 -0.7058059187727019
2.918830427650686 -2.882339220254305
12.608252539565166 -0.1391277223958566
3.995631853368126 -4.234314272844096
17.03449604479696 -4.1090730837930325
8.393664203788454 -1.4449430512177808
8.948965160663635 -0.3598352309439099
9.121908162992053 -2.1823076319193655
8.578474858325398 -0.7310802138776724
12.188805174894862 -1.451458110619524
12.259817677416466 -0.9523700388517378
1.9910808874648627 -2.9769125537290524
3.507589617705624 -0.769177456976276
6.5021130952802455 -0.9566470746344797
18.731348976871043 -1.4522245483941856
17.025084583915948 -4.143923600242129
17.84164105861312 -0.5995073355568548
19.177231935577513 -3.089358615942876
14.429577023569509 1.806556716013544
5.134820314051335 -6.438605352646453
8.590850415059155 0.2736422976925623
13.092947901852042 -1.5268708522268506
4.763850491821418 1.7476339936551848
17.437239078853363 -3.121270047973944
18.380604999788247 -0.5450092550852296
9.469694571150221 -4.012765933209184
10.744570370780503 0.9870496481115061
0.5981690347153847 -4.2783115022943665
16.110071691999373 3.1527968025377597
3.3243342380102314 -1.253060687221519
13.500079402012378 1.9817534398064016
0.19675923459128575 -5.339911006761
0.9187475884080273 0.8120401571170338
1.922119492816895 -1.6053422723959343
17.384779041630903 0.65606639051752
10.221170069567446 -3.3642467238853833
3.532696995291986 -0.7157650828854318
13.177539662617 -0.9054506777829538
7.420745270513864 -0.6782002433065288
10.030567888785571 -0.8800470983861138
5.176225989768497 -0.4915985052394187
15.492004108876767 -0.8333651493142856
16.78410181106454 1.2655455118071797
12.58090473436176 0.10147657934830029
14.161929013197947 2.190820332529794
12.799412791740686 0.19686374752444383
19.19949834763163 1.3913111732164523
2.483611823964752 -1.0754844888220274
15.606707587575007 2.6796851219096114
8.660366257913596 -1.1246567580517555
14.034692382644463 -2.7723338374565065
10.551005875996156 -4.480963071549879
13.71659582684457 -2.839843431610461
4.915145556918355 -2.7051038407241723
9.645969425727277 -0.6589812187251884
8.700374661080128 -0.5551786021604332
7.044496128580766 -0.5950977337270374
12.542956807556422 -4.49562419918856
12.099316893481076 -0.366778005351325
10.149725044326178 -5.852129364867188
10.744850514829574 -0.28724066974692286
19.345944060457725 -2.794689135553098
4.528450004225623 -1.0009355104101791
9.879289607585706 -1.6405666841490185
8.917093430875948 -1.4853403849911035
8.874625967178714 -2.8276262628142788
7.440183252054239 -4.585494214930831
17.097363879269327 -1.2908899279612773
14.746202188396088 -4.043263868487284
14.118727559997478 -4.245661390653564
13.995604072346577 -4.075804048200101
16.810811833423294 -0.922108644049324
5.54315192317054 -0.8981540741914374
9.875461482793874 -0.5694044596108061
16.713646381912337 -0.7290123335425114
15.245648299792288 -0.4648161457905558
17.981400460429192 -1.3646647154420457
5.136498297557876 -0.10930774101966986
8.04303506801133 -1.7476063569957445
7.4235245761129525 -0.8007122405323683
12.509202202049442 -0.41362374362318227
16.700680769138568 -0.9692805858699721
3.656890498907389 -1.475725540686216
12.33072534385687 -2.3968763429016864
7.891204312912807 -0.8615112466021172
19.442194996136507 -3.3265964726728403
4.709920582624708 0.053303615271668284
2.414131333351107 -1.4737474237396981
19.473872546232005 0.7605273612347085
1.208582329837762 -1.6663995834358687
7.4901699282156695 -1.2593756891865522
3.8295135504661335 -0.8789231310956562
3.502223496194915 -0.4423772286309147
5.830212615291326 -0.729610447080188
3.2484138508459086 -1.2598113031430345
13.730250962365044 -0.8324236327580006
18.55719461141345 -4.6193688591108915
0.5584522536769987 -2.2287575044860146
12.67410623566626 -1.1341707870141597
5.803639995909034 -0.4071763015685736
1.2078982047219928 -1.8423678430490449
6.966107606812046 -0.7080392337066509
0.29203793929736566 -1.575137226458397
0.6901648915697907 -1.37760788613146
12.117553779570168 -0.8796700944495122
11.965041793318491 -2.3505918053830324
3.279807744053924 -3.0720070211974155
13.196464408428199 -2.2715734506395884
17.20687433202658 0.04329605913464436
5.306581922090606 -0.39774382612945314
1.2528421558807779 -2.0098707732751797
18.862075799974484 -1.5373189791182242
13.61290460261655 -0.2650950014193311
14.037386570439176 -0.24146813934009465
8.61685770662776 -0.4687777958994441
1.6036373278461755 -1.6651369358499828
19.920024949672424 -1.6185485690014438
13.397943297863161 -4.39313045833503
0.3494587580461266 -2.285054648059323
5.125333908448623 2.3737558931650398
16.224798432963954 0.06224686951349989
9.76042714783087 -0.46573469394723704
0.5827288071930786 -1.1631550898749756
18.779281060613716 -1.365088883913682
8.4889340516514 1.388868762352906
6.1583706400903555 2.5876310228156374
11.16295721662949 -0.5218457579750582
9.392440675677637 -3.799018156167404
18.306109418849235 0.8202601593743463
19.587081538570924 -1.6005604901899926
19.32345083458013 -1.517023119220434
13.884548181954846 -0.07273372184490769
19.067050813731708 -1.4257153094851394
1.8685195698859052 -1.039777963835027
13.756602574745697 0.4172546489370677
6.268572624500012 -2.740883187184379
18.43593376862742 -0.2529906909889823
6.989908758846951 -2.819440882505362
13.956937028441372 1.1466559162560492
17.573637624422044 -0.9440296816681679
3.2961527658957657 1.013832918171992
10.79471674364777 -0.05111583762404254
9.058929328172006 1.2040828057463437
0.2454891797413789 -1.7311992459680146
0.5355557192407704 -1.8646903403837003
14.960856359028913 -0.3658056647500353
3.9565137304618005 1.4259504610879858
14.933043192746895 -0.9088062268800629
11.743858188597306 -0.4067903139309184
0.16759712173617447 -1.5855805495800643
12.137842751247792 -0.8013715911671901
8.67847233728665 -0.7425817526903435
7.522275013731726 -0.9636232414026948
14.033357762179696 -0.4001249270286856
17.804862121217372 -0.814359572856368
19.815674401586158 -2.771984869609938
6.157428907842149 -2.9937923737637835
4.8290700025597335 -0.8242952113441258
3.422078410234755 -0.3853615747438239
16.493210912179283 -4.198987366203052
4.661390121185366 -0.3324109869475233
12.535124479814518 -1.0391688343297627
10.08739049144033 -0.1864672210423505
8.002164157036589 -0.9914841819140505
3.799155303197892 -1.4612408676470356
9.684780020437392 -2.8529699511428124
12.359260345502673 0.6833440892934455
7.874125080568903 -1.2781647331500117
16.35961644169266 -0.10843044048891735
14.92260903381323 -0.19074396348126535
15.74871115071639 0.0966229444083935
7.557639593493623 -0.9347054448058634
2.420207362007279 2.3185005930029465
1.3674693395088064 -1.9621768194840463
1.628066042074833 -0.38231679526038753
19.422624486766022 -1.5856494620211907
16.54914850195652 1.2205801144964552
19.375772006499425 -1.6102389565710946
4.612110061524244 2.15854624729773
5.944147406765458 -0.20384806097180053
0.21532192858373406 -0.6260509721214643
6.066625368313831 -0.8337117005380109
5.992563300339501 1.1790129653686914
2.5001977185726143 -1.4399981153156212
6.830267764031865 -0.48705614719282103
12.792238988478308 -4.53125482248174
1.7465406188520411 -1.2095852651463574
8.759816339537096 -0.5772286262159362
5.052428904403359 -0.24069894530789895
0.6025964354965749 -3.4309448773050018
5.254195926308737 1.4548435685521224
13.047806057994235 -1.0174549791213445
16.10011759046629 -0.6296181195308013
0.1551652106538918 -2.351367359328182
13.364399209830939 0.3135884612999833
16.29098666555379 -0.16748026481114503
5.131113687034444 -0.7025068823103336
10.648750526032579 -0.65572426705043
0.7255015858879048 -2.5068678712286467
17.62813823799925 -1.0978550237802762
3.75023140243836 -0.23387861901658125
10.957814829492953 -1.1791697076356282
15.815854798781782 -0.7568098875880047
8.470634639662707 0.21106838137010436
12.789325284576623 1.3648072339443391
17.93538496235187 -1.264260805414705
10.307973959740247 0.09024171227796007
3.2796826448415577 2.2498433143525514
2.1206478718525266 2.5056636881503995
1.176708992610008 -1.1883958634597502
17.255351208076238 -0.6170169322999529
7.612917231656882 -0.5043240648129224
2.942619025436935 -0.9724029614272379
0.48809476790419737 -1.7981193609279924
9.875165742910355 -0.47513306555115536
5.310855649525947 -0.799230119810901
2.0409365552756804 -1.3833155623510518
7.429228355428499 -1.1083140998781096
13.509967810870783 0.20583695896168253
2.437297032823211 -1.3182470873809715
7.911351270852031 -0.9029693245296961
11.482240741364182 -0.7494239196195279
18.701147468888315 -1.5795129595719513
8.078794176244937 -0.6278194403043329
1.1338076189951178 -1.5121156404290368
18.136411928090162 -5.279294291813177
10.80453551842525 -0.5378580781128387
15.784415225820176 -0.49802214338339557
15.814667304101663 -3.403588058624723
7.015494597834016 -1.9213930573994114
19.572561614641746 -0.12340334700327824
18.325528007973425 -1.2794878782409904
18.53830439424804 -1.0235306118432
0.9094699193575022 -1.6670952186779409
5.5128916926729605 0.09019134701763348
14.061860313298096 -0.1071242015509198
5.3469547172655485 -0.10755609516121432
16.522509972644094 0.07551504435647696
3.7000992633057077 -1.0665685132999014
19.462805193596882 -1.7096016324178651
7.733099458181195 -0.9699650513772106
4.736177635621095 -0.7122906903290255
5.757826381437162 -2.040870794710627
9.010153683348134 -0.4324904837524404
2.138153832100089 -1.544478656174592
6.776471833302613 -0.2528779119528345
11.890429989294244 -3.9788166173159247
15.751756520081628 -0.564050290573207
1.2301545492822465 -1.6989882084392034
10.291671037520546 -0.6314580084303645
2.1542244308674197 -1.1910035154586986
2.5787306713423206 -1.2285417412457629
16.30161176870365 -0.0030707469702253506
17.590881429132104 -1.4257433266730766
12.440718010853233 -1.2204446804575773
8.440631906910154 -0.7270165789083223
16.501038822561853 0.05495474451132874
18.78111747411987 -1.4223426227080844
11.844947322951036 -3.972098446137058
2.138062843759998 -1.3791465549827222
16.93086371563777 -0.7466594859033062
8.42926187662671 -2.9749203528445936
0.8108677374720877 0.6722325530132337
4.458210902434763 -0.8804084046564263
15.336172479054175 -0.7888407070217223
15.5282195983663 0.11647850808851788
10.985978771533292 -0.8081132116795277
13.97710102228555 -0.4406806273138198
12.729834966782356 -1.174371434507615
13.53932831340332 0.18481102875804767
13.079895624954082 0.48395926882114515
4.394053732841151 -0.6381179277878918
4.704401677449179 -0.862559022667734
1.5290484468624919 -1.5479154240724042
15.928889597401314 -0.3289598337148874
7.505825905455297 -0.44612039037724593
2.332989046727572 0.9599035897878235
3.1287875761794317 2.4685493089223063
14.290520109249199 -0.22338311494222904
16.67659936178236 -1.0729100576034687
0.01709086715953101 -2.4523722716845917
4.914169427195955 -0.5818183750821093
1.102482964744996 0.7082139665835763
16.58922937447602 -0.7310008626458792
5.683372798712794 -1.3633270538342304
14.725403111804727 -0.3881305307919674
10.544952065309051 1.2913617818850136
19.323195513847576 -1.0849593116132528
18.666695926806774 -1.0427582894739535
13.331914326679305 -0.28406165232195113
17.501983331175396 -0.8387811864253838
17.95677045274888 -1.2183336497938646
15.581917282060607 -0.8727332907955083
5.307270132027093 0.01562984426732028
8.503790452691838 -0.9697445605111159
11.844186979535303 1.6408715268595524
0.42675701811419875 -2.2716684980328368
18.266415222910364 3.2793729741774356
17.84548637719063 -3.4626198524020144
0.006700363796189657 -1.2807557176153872
15.625582032508966 -0.5220732581626903
10.901017597290004 -0.6988678795389719
6.607117457743334 -0.6812479641674859
9.121022311097656 -0.5937867728740853
2.0041010941386097 -0.7054953620943567
17.45299362668017 -0.5677978551084583
7.013455833233008 -0.7675064525007357
12.954201185856492 1.5074183359390878
15.481502801797877 -1.1156640959273487
1.771074404212042 -0.1701837621470212
12.415552111431646 -1.5494944836911482
19.935702973475678 -1.4685536515747712
18.101083014476043 -1.1738158393067515
5.834527817702745 -0.5591257207283379
2.3847459950021777 -2.1929746660629195
1.523149537476449 2.6307218329105972
5.755246808467416 -0.44531036890848963
5.801356769611304 -0.5262763646958014
4.093860364750375 -0.8701275458106177
8.671739730409433 0.7066913986280756
7.700144410280706 -0.9108730133814705
19.465220703060336 0.030255348790545082
19.058813097977886 -1.2140814961291306
11.997497024688595 -0.9370580288976689
15.835133318669829 -0.5853863514763162
16.663119231829647 0.13471304107687931
13.5434198087192 -3.3876575475528132
15.869753690948315 1.1771953594257496
15.36528901641336 -0.45019672809358247
13.284070727293118 1.8950032557294265
16.704053283477617 -0.6144236774970544
17.782136173168855 -0.42589832750850576
3.7585279173532293 -0.5457043126319501
10.241361752704414 0.6395602643534547
16.64866860089088 -0.3747369659077629
19.534156042711338 -0.6530383499068817
3.0410839510703966 -0.8858300197904438
10.939949827397246 0.02194247343967952
5.9177770424543175 -0.31469530822154096
16.52177188217832 -0.5605615304290692
5.759973795601416 -1.2272139974540206
17.71159897365718 0.7322627718795017
12.716619989778996 -0.5062104685548341
6.974339371581947 0.20244526192723564
5.099923327299963 -0.2224170391670496
3.0702875546279733 2.2335647745904352
1.7851189941655679 -1.3681586532280434
1.5889563633908346 -1.719566298974588
3.2302515314445417 -2.8753868862135943
4.078707123408946 2.4441403530135033
15.607241508748828 -3.367593285951674
6.1432599101570995 0.3372531380167625
0.8642867455457303 -1.541438937012968
17.388387475721046 -0.33440680742955825
1.7087376216278969 -1.9760304946505702
6.246857428201313 0.9599777755667971
9.27550177716295 -0.7184787303860996
5.424257316992608 0.8864142397348239
14.215099049086703 -3.6126647277641157
8.564762897882877 -0.2555337930093363
14.693646736953202 -0.272038411330417
3.1958042725061837 -0.6065964525354598
17.309044361744792 -0.7949013399653099
10.270286793995663 1.0438602051307813
4.6168800333488935 -1.5418219093721752
13.828228146812158 0.6109374984343242
16.121462145441527 -1.2115984985617525
2.256679477652017 2.5020400823497275
14.695301352066899 -4.105718799062225
13.541982118309937 -0.19687109269502628
14.622247213800968 -1.2592797769098398
14.084819083290627 -0.17207505791421984
8.573629779046332 -0.684480040947963
8.99038743888167 0.08450795039551312
18.033662109216415 -1.402291874001201
9.727305227090488 1.5554083188355978
9.946793928504205 -0.607236061653671
18.114659122288906 -0.6716663018663314
16.09397216649009 -3.1901001434240714
7.819419543602912 0.577168438879533
7.839251993303271 -3.030768426269724
7.324422242899715 0.8968154171403676
17.37006118920857 0.2201441788764745
3.586809093267762 0.019639102791731075
14.81810449421963 -0.5220004738270827
0.04080275248525117 -1.5845668638849848
18.031810905471154 -0.40427295688613324
6.293324676251346 0.41272774946736523
4.296921610112169 1.5485334074674586
3.8013225996948448 1.2204645863248416
0.9761370546457148 -1.4447325556469561
2.337540589942685 -0.4291957953067335
8.76885684444703 -0.4892190824102545
12.227695122521336 -0.15097865925834703
9.520368731874703 0.3205180018147285
11.00089826301608 -0.4574272308453966
15.062226374888269 0.8151312174862225
6.355767142719723 0.9113731082192533
16.37183008146155 0.5046399606567875
11.432730076356137 1.5705665898648036
7.31714357875117 -0.3791556206696737
9.80743679250594 -0.3922307535415807
7.308509646150728 -0.15504718588530414
6.633569514895338 -1.0316363319021533
12.821094788886208 -0.5786415624925384
2.103722326673922 -0.47511612159859223
0.6171510533637499 0.054521194048869584
16.244562229981742 0.3606907699611516
4.202003783934821 -0.5221559880848332
14.682126459423385 -0.4186504707044551
3.4006470788655947 -0.3307728735806789
17.528627980242483 3.243775746216915
19.312831315168452 0.6784483713575465
1.9391691175197119 -0.35099121314831405
8.170642539979674 1.3530298653895931
19.37747884518162 -1.4912070338962549
2.400619317577887 0.024572139130675685
6.488681750603949 -0.2028375225725279
18.744428902034546 3.542231087404796
3.777547221788046 -0.4526239580347901
1.7166234954403374 -0.2887969936503099
12.513368315232952 -0.5694474818942264
7.939889376131515 -0.2534033311244683
1.1796153364481259 -0.7077906492778134
0.43663000449288225 -1.4540583668368776
0.5456843294534036 -1.297290871314403
19.78160364595821 -0.17936594172454098
7.533309994182565 -1.0254244421150864
6.627259936249747 0.603911345266318
0.2851257779552682 -1.7347420429726743
3.6327891106993824 0.16097474968683684
19.96287522901653 -1.7125031337538454
2.4403381860610036 -1.1336195596690133
19.149268901086284 -1.2869632357170517
0.9460149695568997 0.23765525038201898
17.952339725082194 -0.4523102313432837
11.748866224104216 0.5944516444702189
1.306655810428259 -0.03808042752610517
2.5435569836267953 -1.0816497898437503
1.7446277269527384 -0.2696132359248542
12.962813550918968 -0.14420743422472554
6.999058213310633 1.2945139562352295
11.366268632938777 -0.47657823631427854
7.731805782728473 -1.2837658659460236
13.840231473106478 1.0946577026732245
19.85866577743506 3.1010131679941697
11.086861860667971 0.2481672466470929
0.7758359026642623 0.7194667057728831
7.5063441169914675 -0.013170926144327303
1.7902249683580542 0.7039517250999517
7.3497221872153755 -3.0232716878639962
16.9459078198913 2.8719790703185897
12.016506478075515 0.22329113589396127
0.7261082532972084 -1.0294562894198025
15.424553697665491 -0.8598354374448797
14.709100286302286 0.13754323164907706
8.689036227859251 -0.4414094434605873
2.1347042492433874 -0.3111124354485677
11.735655759887651 -1.5760254854439213
4.498136891760544 -0.18927639405515156
11.907745288664628 -0.7117391314957288
1.8199277235189495 -1.579022539232006
3.6446909473423728 -0.9156278322424025
10.879470882648862 -0.8829330638587689
4.884358622303342 -0.6154664028956653
10.456191776159116 -0.6467394162969883
11.14797291350097 -0.5864158452612154
18.197208789902326 -0.8397468346981831
10.520651829456009 -0.9801425143545209
9.557859803951649 0.48665375345094913
12.690825224061753 0.8588527062711979
9.71376266169907 -0.02333266993805265
0.02856961821238857 -1.7361542972812523
19.106597424684626 -1.5620119390887437
14.02097512629541 -0.35682819048544495
2.8276894438187385 0.3299494206198865
8.532466330973516 -0.10824362461249587
4.994178113617514 -0.6678986722435248
16.12414528328028 -0.8503157765182984
0.3931905147776299 0.4654186095122111
0.14353639302670554 0.2643436977864494
14.683755627037948 0.18839216029919104
7.885787203746407 -0.34718092761619124
16.208687482362645 -0.6747104640934305
19.76458964576663 -1.552291061753541
3.22139531987291 2.166542257782874
16.978768317338076 -0.6946986476053756
10.264414038702009 -0.05906014620095412
3.6215271649381906 -1.113000226139637
18.61210891230037 0.2768163888427424
19.69744019212933 -1.5566343953713628
14.122718569742911 0.1646181027357575
14.606772449052443 -0.5987580005593737
1.811008926580366 2.701709133807304
5.259485092053369 -0.31936773580457267
11.415319955511668 -0.6533688686331954
15.029858628856566 2.373533282987921
12.807100661223446 -1.2481087817591587
16.920924346825366 -0.3275693796491747
7.247492272022747 0.787017599228156
14.264044248931986 0.9853112337973013
18.694061441130806 -1.497504919788082
10.436969939697773 0.7543271154932925
6.458797257013979 0.18300729877414368
17.59715234139244 -0.6866012062233515
5.55123108245707 0.6967253152790425
13.222609607248229 0.6388984247260103
14.793005882446993 -0.08564573715821824
13.83339684512881 1.0791851644059163
11.64308955466369 0.04865242527259567
12.474535441245623 -0.2090917868662509
1.0829186080950477 0.8224986389685339
12.739848526251878 -0.2603304612678292
2.1146520624233047 -0.7252448682635251
14.553242406491696 0.810017886635722
12.864070440141754 -0.36954988931878074
4.047759888860322 -0.2589803189699496
9.111528712118966 -0.8758293675363027
1.2823585436297897 0.3540373701672941
13.67577554035566 2.19984992240886
7.540396442103751 -0.3727270795468018
15.25296479936163 0.34569745151100434
5.929886678122796 -0.7053229337375321
16.648615184056116 -0.07331579569448086
3.389046871491805 0.2844801337484998
6.952279150948274 -0.6700688778018856
7.819084706046322 -1.1005930081977944
9.319606089309904 0.5358749822028067
5.739896814364851 -3.023496783974088
15.703841846804371 0.2560325113072599
14.237687343082296 2.453429689416725
16.271223260659713 -0.7838766850611197
18.74955091749712 -0.061723005818995466
14.342216659797291 -0.5959598464699069
7.776447808829415 -0.9965697758330471
6.301882863196658 -2.1661929213389772
12.539450392710274 -0.27644984313976334
8.524689983061124 1.1626977832229852
4.32508496639585 -0.5900618876512649
6.0202690600283955 0.6891079148438998
16.77560317892185 0.2313950977211615
11.202503291936269 -0.4002489090053599
12.333750726301615 0.18722247534591752
13.189388409103453 -0.8786588541571156
4.749680447748629 -0.5033322971201211
3.893553245626703 1.2039816302693225
9.714447253880186 -0.6096955334179934
17.954391671618655 -0.37837578137725597
7.129666928759582 -0.6207658640678022
9.73754269555779 -0.009727705537647492
3.5557285215543715 -0.8673006265477062
12.329435618365576 1.3774349898755547
2.4674907034459945 2.008744330313721
14.753442216179067 -0.28407140502799383
9.167228627761771 -0.6162649249998892
3.873005468914865 0.19828195650428443
4.1581634609974465 -0.7991264300732384
14.595945482894518 0.21484251889097852
7.3121787114300485 -0.7703813951289611
18.626245655916115 -0.1236614800145912
3.758725280486874 -0.7674455772125652
14.723693522189238 -0.6002524720470608
10.439962087325455 -0.3745676765838167
19.352926943340048 -1.6722195556458819
7.718285975779873 -0.8892157969762197
13.75189382340281 -0.5036427155219649
5.210339225798546 -0.02005394367719334
17.34121220751153 -0.5652069411986903
11.356425288000944 0.12643137913091665
19.110440518833695 -1.571826755036534
0.3154381949689208 -1.3503792130157808
11.933003493859252 -1.5201027859062122
6.227856789846844 -0.684405862128791
9.396497314961115 -0.8796565851896266
2.6920447077328293 -0.9711280921917083
14.17346783112326 -2.5612107318605917
5.940745351679399 -0.161143867303099
5.765757091137085 -0.7048077557922822
0.3180239071495631 -1.2873656680238375
11.255853356267975 -0.24600233847664524
9.204897413543817 -0.6813119224414307
6.403418906394176 0.17825252895256458
17.920288020918225 -0.8905140819953059
12.022779666548487 -0.5544460811817005
13.29859218151204 -0.17947466558020633
3.824502460205605 -3.507794561902755
8.156979672074272 -0.3308750822060641
14.528694702881753 -0.5043841557435954
2.431125670667586 -1.4546915320395744
1.4305386553640693 -2.14983907914287
18.155202967662337 -0.7560576855904628
12.077579679995296 -0.5962416236830761
7.97935402684073 -1.03182166856199
0.42446342642805096 -3.504920229986165
3.3537502205119787 0.07097064353548638
15.545435229885433 -0.5038379026909087
9.255460307874158 -0.20220763973447964
1.941761355571664 0.7011859533024978
1.1929753641078071 -1.6141309601371376
11.695902084560846 -0.9592059284512988
8.39694342995609 -0.17140820602298618
0.0019083256155301154 -3.5810577721681187
3.573099779832854 -0.5958750248109158
17.310053427319154 -0.9890090914453519
4.805394612189715 -0.5219263899497376
5.877420520806548 -2.0429889659800993
0.4663014323795185 -1.5161674960343272
2.236376660695805 -1.5674711776773897
2.5780770041222016 0.927792296245489
14.185295540486177 -1.9640532270258273
10.902269972540342 -0.8993508020455238
10.074485739713461 -0.6611838096037178
14.184927455569213 -0.28354465467979634
11.804025456151866 -0.7306263694213798
12.037805833988 -0.944307595049565
14.835073721094062 -2.2332189957504562
16.07642161340136 0.9151500510128144
11.865378164847828 -0.7175837411041895
12.06556310609441 0.6350465086941641
7.404167664274213 -3.5694021535701252
12.687505482357546 -0.8549706120058302
3.6673881270412414 -1.4900538870011117
8.690096336339597 -0.1771160337655405
5.523636325229992 -3.347923693016478
17.13215009707807 -0.4308612220548042
19.02007565989554 -1.5950497981821556
12.450912893604457 0.5844105472381689
17.067310183201673 -2.1739162989631566
19.486860578536927 -1.4359375342851464
19.494509538850366 -1.9942573976896638
14.295248817953468 -0.5547206698038736
18.451695593493977 -1.346669081052905
10.155202948503405 -0.384481455377753
5.280398609595981 -0.7434889586344785
2.390585192577715 -0.9463453490979684
10.367261372462828 -2.3917510433006535
16.26006129767436 -0.6371814177653009
9.975844984252701 -0.4790871581779851
18.09887391020382 -1.4775602862470771
1.6089225601385984 -2.3575835757746
12.982285486645262 -0.8391195238611554
1.9883244650696361 -1.8902946120664763
3.1471215332254583 -1.0496600001879126
9.680376037086932 -2.459717341054621
11.63333756010265 -0.724566524167324
3.184742455050104 -3.6280498778298913
2.1522814470090483 -3.1451599877123795
12.399834545825739 -1.591240304169372
19.935903649950724 -1.6631560977693045
11.286891006441376 -1.0408157093452564
1.4967202132039708 2.7041545703207897
3.9293503559839325 -3.1575242745024084
4.99020873551923 0.9557421827341902
10.780070175680972 -3.9946804486403926
4.7319306680977675 2.102309441305488
12.070637724537505 -1.4013270048312632
9.450401540019298 -0.09770352213693623
8.75882968073427 -2.8831408508394603
3.960302010745266 -0.3598453330037095
10.976848172777832 -2.9180479949703475
7.3463167510700895 -1.1457664374961047
10.87063402640833 -2.3049329488067767
13.608514946753745 -0.3620323328160439
11.02114960826402 0.06173240391115997
11.856887635297863 -0.6806614679542572
18.518262428585803 -1.2539882151235242
17.827529651469327 -0.9309252987934997
11.687962668857093 -0.911260900031142
0.4094540888795648 -1.6564903708111742
8.330082848470939 -0.7518228400372886
10.519353831447258 -0.4480551274942017
18.089218999255124 3.2612384861057317
9.011159228794357 0.1729032727777787
4.041842768040067 -0.27982599657567925
16.331632164561416 2.849990371619841
15.797576653186422 0.1214176860801551
7.472349567956933 -1.1797887894333956
5.715752089074884 -0.6647197718266549
12.926795630534457 -0.6830470920802058
17.893332866745713 -1.3827182832698999
13.747095068305375 0.3887826722468684
19.925536259624238 -1.711236091239123
8.542031868476228 0.44890372009463897
12.54346037529511 -1.1762752833270735
14.272598024092643 2.2039981801665673
4.000641028997287 -0.5598563519528601
5.1162893708213835 -0.10070372525864602
13.156538662787751 -2.084717444512107
14.756897588370972 -4.176437320219318
5.987715839024853 0.8168962011842099
5.975556996422993 -0.7771336139502923
14.567776560461091 0.0430373652799205
6.905896042921643 -3.0105499448014417
10.99136467438668 -0.07891513589609186
13.536273337160312 -0.6654803140176947
13.463446886466924 -1.974033274541902
7.683668495094948 -1.2789458940999336
0.5848894425079274 -2.897863787921485
19.00364629276594 -1.378240057637259
6.588485248122075 -3.3889446620925185
2.1164337555158443 -0.9913918417721274
6.390045138935151 -4.487795690414229
6.944314059797754 0.0219600098439733
2.8588222521984417 -3.551638424299385
4.868974615612339 -0.1838841898468337
1.48293194492646 -2.393295606972391
13.411665503055463 -1.3386758003812007
9.871576820600458 -5.472732554782129
19.707910266294604 -1.0683685287471072
12.877456108403582 -1.355323665707501
2.1589134604936526 0.3040583390604965
12.791898057297159 -5.383961558526175
11.862808249448737 -1.759866258040189
11.452108671890436 -4.001379798081572
6.551332188846425 -1.1088419945219852
19.95564249040026 -1.9356780563023717
11.92982509594237 -1.6901628841565732
6.994640030740932 -0.1995976446581177
13.033418145513785 0.7920817646450151
9.73320415707124 -3.88115290969497
11.368262317162294 -0.09031880966383819
18.062874125174385 -1.1727957267398985
15.164570947805469 0.3086072846404203
13.22223515984542 -1.4903869896149344
5.559914954031673 -0.8004426449639298
7.452782475200024 -1.204250733694597
4.988610103506295 -0.6861742529623734
11.622599348590736 -0.7144091424159467
8.111454135853114 -3.211468664758475
3.8927732179268113 -0.6280621253108878
16.69715793561368 -1.057147183393397
12.577175693601276 -4.32927653621025
9.690371235781514 -0.25129871341219223
18.571837508365014 -4.032132729655585
3.3701301006365143 -1.3902309607716357
17.643297116905792 -1.3804502190545291
4.177434993652044 1.3943429642691878
10.879194995575238 -1.1681798228942506
4.69703867298904 1.032022537210256
17.87752364671921 -1.3139076245688386
17.089570311875125 0.32241532246741494
1.4385727867889875 -1.5513376775424699
19.11387248982622 -0.9681715566598135
2.7870665384279416 -1.0277997447546234
19.648693562789912 -0.23146267848254334
2.619742251870128 -1.3211026187216475
1.9029657577265775 0.034354053845186756
8.880444294075428 -2.0488374059011023
12.395329702150732 -0.23227935541238198
9.232866662493855 -2.04483754093767
3.080054950087874 0.6835854175327335
7.709310817078536 -2.611510321268129
17.150403295586177 -0.10801334823425605
4.100988977001003 -3.2531211131510167
15.706775078464362 0.8089735071097057
5.560163098422863 -2.3134409022761306
11.918313718810124 -0.9031542573887894
2.1258579186356967 -3.1850741681781822
11.38630071013523 -0.7428956222489705
9.063410268436119 -3.836278808853559
0.49529600418263536 -1.03865151788104
17.885667291217565 -4.158062656848503
19.128244763462483 -1.399694026892318
1.705952189254105 -1.691485160599662
13.819902880811053 -0.7375958115239682
18.272465278720603 -1.1771200018977366
15.802106020212136 -4.265009931615387
5.512542723944042 -3.0680343718008696
8.0826628500905 -3.0230755706795587
15.671600815532768 -1.878578449722115
7.06925944961582 1.1025976613266129
16.619376006729315 -1.1211972961084327
4.770568716418782 2.1904294175581174
5.738162266094116 -0.6972138174492738
6.03076096921401 -0.4782256251638819
17.25691779599088 -2.166873671344566
17.140065142234093 -4.157135264540759
15.373349992596193 -1.1435116007843267
6.463213428499253 -0.3874451695683184
10.343434167897872 -1.1276116457163756
8.795351300485958 -0.5956190614529121
12.195287212137181 -1.2972413195279562
16.388719426281817 -0.6098599559991467
11.351029367834311 -0.472412105864057
0.3415317308404005 -2.1433328749301532
9.626748072622089 -0.6823821357968209
5.8681725659498625 -2.757748765967848
2.266297969017876 -1.3374033436255985
18.10915964477798 -1.4597365251504266
11.68930494449238 -0.8797636367122166
6.82163974049679 -1.0866887708687594
10.469824709214437 -0.5966495596283065
12.131420160096079 -0.6977070626780351
12.259806724896146 -0.9399692118019463
16.288731698146705 -1.1940489267300092
11.743802645375137 -1.087041219981966
10.008134368192348 -0.5489701228442546
10.739533505468962 -4.332599648448628
14.010171362100442 -0.5537073387698425
0.5868294875655553 -2.0302045962053428
19.592860554992875 -3.7227684052985404
8.778574468035128 -0.68216768842966
3.3908448381105276 -0.9108949991223853
10.818874539415374 -1.1300153249426517
0.9970419169208071 -1.640511710809786
11.715624774279798 -1.4449720917269435
5.536482120200976 -4.602390924888159
13.005916491982877 -1.0154798773165368
15.84719377729754 0.01749506659584722
13.573119365862105 -3.4329992195902235
16.97871585277612 -0.9347787366354317
7.811601934869905 -3.3431220387348493
7.859119734087152 -0.9982557694947433
0.8868369765718772 -1.5831938351164752
13.2542728605956 -1.0505937663816673
5.192208727249797 -3.0225750498483475
6.312495240040251 -0.20079225388909225
13.490798498808548 -1.2199869441260145
2.3583409894670595 -0.1994301404676721
14.259717921912216 -1.888830730557025
9.592061525092044 -0.920879165397956
2.8562216377806644 -1.149773046112726
9.874851327381839 -2.5998596862782613
9.433949985245201 -0.24033995233775965
3.5286689167928422 -1.0096902365632783
13.423573467472083 -0.5909844781785129
12.939362664980752 -1.7832478231526974
18.216975575540562 -1.0638879588465175
8.237095090507138 -1.1409720425706211
5.3639372468629825 -1.032743737319643
13.974598755766703 -3.6848138317439583
9.055263240138252 -4.873883933169713
4.641538763975601 -0.6681068734593477
17.948091600009274 -1.3691626812823932
15.29147235352391 -0.38340977042577346
12.52880754608943 -1.2181830958039581
15.350969515154999 -0.5337347770575569
1.714040279774995 -1.575667394953295
19.068931777081815 -1.54559735106177
15.454460872782263 -3.843864990336807
15.328791787249948 -0.4591904975983913
12.208227934106377 -2.209630072917677
15.105937464888061 -0.5955916541335572
9.292431397425743 -2.433150284565416
12.429439240352284 -0.7543649914209339
14.027309956539046 -3.2822749640332125
7.452152115583375 -1.8182312432084278
6.697327917233645 -3.5364338967211553
10.55871623260309 -0.5642900637269102
11.298405343246687 -1.0539349453564748
16.50518528998715 -0.615154551769126
19.054134016930522 -1.7900578347233136
13.455519852831166 -1.729272234318348
14.884215870450412 -2.9135111344658218
19.790712912736844 -1.7189544635799563
14.284603808591582 -0.7967255487342189
2.502866357554614 -0.906071123583561
16.90839699448335 -0.902168562267269
16.23246882114762 -3.8695809052359658
18.69906825231826 -1.1761420700510663
8.935070308437231 -4.967546482773106
13.193369383993202 -1.039889794781444
12.004623145093008 -1.0538455886729698
5.123752916430279 -0.5357618030729602
4.009236747514652 1.0923966466774933
15.489312931498349 -0.03331470949302762
19.3485418579767 -3.8785686429870623
15.975664343286578 -2.930741844157262
11.933039322239544 -1.7786412359177801
10.918478173193632 -0.9824262683763
5.757076836434766 -0.9195450629627572
17.013478693728345 -1.2763472904725888
5.319667880420604 -0.7467222185779715
2.7696230522349596 -1.075015237369767
12.424978649551727 -1.1607573019500905
19.937844539664543 -3.875573847696057
4.514911215253505 -1.0758392066474072
15.260545295999222 -0.6543748812195747
17.288355289684255 -2.847845207549055
19.247809523497178 -3.9680842551300293
2.493502005781947 -1.265959947690092
6.495465531845238 -0.7806668524337885
17.989734687560755 -0.9901219344549923
5.683487288171396 -1.0273339098579293
1.7683047968990468 -4.381006096750559
11.765663382715283 -1.8897158742095026
10.815424744366691 -0.10467571546622821
0.18438727678497616 -1.928877347624313
3.4160478788546573 -1.0919076633942983
10.808174741261757 -2.9488861415976366
9.92013019206365 -4.435643593216314
1.9669234033142429 -4.015476712047435
18.327892613806387 -1.4222350790046063
12.492807671071665 -1.1144304357152668
19.280817656559393 -1.115303075874945
11.801359699808229 -0.6893930387899189
8.511407169990212 -0.821562183955058
3.895011023012649 -3.2740875493559973
6.72082997439394 -0.36906705831599923
1.3175985135183166 -2.229630225831102
14.135969269861041 -0.5822598016945019
1.2511742516437563 -2.3476579292452446
8.773268896415011 -0.5872744701800409
3.1396281224861493 -1.3071751930831041
18.995356975605237 -1.710696736976247
12.775915106087695 -4.372155471352349
16.170763474531952 -0.8363139722929017
19.687396088602195 -1.8058231022008335
16.552024406791485 -0.6264851894189402
17.7185626376339 -2.327973235147287
15.409219913692397 -0.24814562252445982
8.467539231814508 -2.8221390451457653
0.7323571016298922 -0.5290093263852587
5.968293936764086 -1.2053313795002676
2.2605187140469756 -1.260912078271889
7.3592127265652385 -1.2091138186374444
14.047828022980834 -0.8001620497910714
2.230943424414759 -3.079616794892585
11.686498394083943 -0.5612725469917828
1.6916375044239063 -2.2768651127366577
3.801685917960551 0.40334887334913744
8.593448451648634 -0.9151638316901156
5.730835496018948 -0.1802012633321811
16.23277383261941 -2.759448778771154
2.0253992955280253 -1.018306001995583
4.760506298483646 -1.5706175542609877
0.16878584102480523 -1.6297728273130823
6.6861604904331795 -0.3828824332843718
9.808053750156834 -0.6603111381199119
14.302939595162075 -1.7432594566408128
10.694493508135519 -0.5932933968923054
14.031869759335157 -1.7290713278713687
17.655310860011756 -1.141424668015776
4.81182957301931 -1.029609751150344
9.649405708768443 -0.22733465795241897
13.388791054822526 -0.6841824506278248
16.09992896577963 -0.5888012001587803
2.18969260221365 -2.0602082254789384
2.465686402175409 1.954012115185636
7.674979926751342 -1.0868983628061704
13.092131307816391 -0.9262590733393918
10.565404461647686 -0.8067686039355334
19.35511112622564 -0.4601975513457624
2.6602431916685654 0.2595303049677844
16.666454261279217 -0.8144271412565791
17.235311019520925 -0.8307968488987035
1.0378288014678587 -0.9453592089625171
5.837636801178015 -0.8732842255161312
11.677950659311481 -0.902946099208622
19.258029491521228 -1.6009224234811297
9.635189747527129 -0.5529570825341801
10.749086706775522 -1.3575513834033224
11.399599584200478 -0.36463766527621067
1.1255376543249467 -3.8977418059855684
6.032403502666446 -3.0719020054158217
10.509334922829096 -3.559956637034292
13.415121881958092 -0.32641545132110683
15.660663587181752 -0.7480674855758664
17.555391341318863 0.49247256069004647
10.489998072891852 -3.0656741910284047
13.712499129920413 -0.5323103389353397
8.3211276690912 -3.645002592408933
10.050933954911075 -0.35230580971123804
15.1261986431617 -1.1419732600597603
4.718891621174079 -0.4619854522783323
5.002497924853919 -1.4792268688794001
10.635933505763886 -1.059870926816999
13.78068350701468 0.9551028595000689
12.991065881813538 -0.3382979173420172
10.566443092863334 -0.5094663040631104
0.4010661568883186 -2.0024030672771898
5.7049679552830375 -0.9060159326434403
1.1112705014272573 -1.562156216429815
5.0686199902285995 -0.6003830889982447
0.18311285777330377 -1.6272892645973642
3.0799170102680806 -0.9101924629024494
12.316584996083987 -0.8328576247193578
1.3614611399347112 -1.855374292893166
6.795231733984416 -0.5293253901672916
3.3087472622233927 -1.3279974466163518
11.125017483549176 -0.8813857275569537
7.527827696216045 -1.064357354214831
19.930822597280176 -1.96294110575093
1.7032597033859234 -1.5814186422889513
13.604898398865616 -0.8261821074769843
15.214953205973323 -1.6973008405881058
5.382697783372734 -0.19409176139244233
13.727087908399223 -0.9354153578117608
8.032463481654574 -0.5709057743093946
5.506646650399021 -0.6443028728393169
11.526889955408183 -0.6430048396932865
19.51031562174557 -1.4011880569542445
16.76867185524229 -1.099805514624797
12.894105779602274 -0.2724838896137317
14.765791884238146 -0.23051444585960634
0.6636585206042328 -1.4987365329543227
14.654297138194469 -0.4477476679668591
19.33832464978546 -2.1303173242369007
3.258855989987252 -0.7190115308437661
1.4401297465911802 -1.0375887606941412
0.8279185709803994 -1.4779909165164418
0.88969069615608 -1.5667075681297709
10.993415359652534 -0.4521742701219881
12.245314602483752 -1.5014091354242396
6.338467633419617 0.07321100489044405
8.500854406702963 -0.7004500166905063
18.27749173262371 -1.231813831522195
15.990886838375063 -0.00032685832755833047
15.997120944483935 -0.24840749775221532
16.605283411910307 -3.723687936920697
7.641521957868755 -0.3120478968159892
12.778735947672617 -0.6445200549430474
6.160042931719394 -3.0170696976774307
5.805407327676562 -0.5975463067715047
11.968854142069727 -1.9069957753042328
9.957969097329558 -0.3826584487312573
4.974789809133318 -0.8696513670231919
4.402036191702802 -1.2824951770006994
0.7452573334627762 -1.965623328285609
1.083763783732985 -3.5225221088009335
9.909517793073737 -0.945333017959389
17.528468833664384 -4.727519904341323
2.227071067831969 -1.76600573507218
7.411924405057998 -3.7035997228210022
11.871329702878189 -1.5335071497265074
17.46315207099197 -0.9884983009807903
4.446695973490472 -1.2032223407567362
17.075098534754076 -4.180181577800361
1.2956496597176559 -1.7436065694734502
13.667420044209587 -0.7601590395442389
14.185287503096323 -0.5189904911779534
13.227439807920607 -1.3146638307248086
3.765387884415448 -0.6836812213250345
4.5897028504718325 -0.866575009544531
12.289956068073156 0.1939522514736038
8.071396760967989 -0.5687790839709204
8.615044688695706 -0.583782565144926
5.020450534186003 -0.9373286484747871
16.447224507168766 -0.1537147425097353
8.401425206302177 -2.299623751489958
9.759277609511992 -0.5450230647685549
4.069659304736591 -1.3163164651818686
15.901843925438598 2.548855746678975
19.632439565338824 -1.8801440195087593
17.692544144848238 0.07975668948235036
3.5858063342605817 -0.7276743422861204
7.605274709399725 -0.8327151547815665
4.12103018192782 -1.753306047726641
19.392188456275914 -1.467167908785987
9.25651616166102 -3.3344050350599312
12.592382362153792 0.06895826914157373
1.0230396207994361 -1.6643943323041632
12.182832073964624 -0.4806100893770193
17.02331959801745 -0.12193652004300852
17.456181239725293 0.5175522201374836
3.789581293032062 -1.2455952551757061
5.740270399994175 2.5245161870537642
7.216808018056737 -0.904149139246723
19.718714819955515 -0.7898336768587871
8.719148085903795 -1.0178510217324788
14.672714190568632 0.19707585015590973
10.201887258516264 -0.1998968908026183
10.591323139659197 0.5833772441851343
2.1512809978254626 -2.3770040041869036
2.2812040294111 -0.7139448174279301
9.72178653018261 -2.748568953687373
2.2180524568876163 -1.2822378140063175
6.134138596471571 -2.7772619738187605
10.911253054836056 0.03228780271726252
12.943142732053632 -0.39194585484490374
0.07659150311423485 0.44766429038443445
5.502570424564602 -1.0460854285004666
1.22732304610493 0.572048808995859
19.325056076062594 -2.4623897933055856
16.91480066611832 0.7610084379378844
10.504658558070881 -2.724063120879881
1.1749291197970744 -1.3056967413724938
14.132103650355237 -0.868279696684073
15.610610904480666 -0.21582075606317266
10.138602994598472 -0.6885124599242542
9.957115399157093 -0.5820390460946238
14.466587354101074 -0.22624366863024065
2.809976757601409 2.1107057626456878
9.86220345641442 -0.8865516685789998
15.895309511384749 0.12559952233677749
6.3200199593279205 -2.973360803888519
1.3243159681949754 -1.546150986265959
17.53010676873202 -3.448596011405944
6.231125511236408 -0.45904669542017096
6.287076443621571 -0.8282090294030999
12.231612666549838 -1.5836694738617156
11.233062051677463 -0.7094052684079086
1.912550803724091 -1.032627533080206
11.851235376718444 0.16674092225533826
11.649316544412496 -0.07838826546654862
8.603221359816223 -0.5598802940972465
9.491590249399126 -0.8093682886332738
14.67614145609567 -0.2270060075278264
14.195084987234353 0.04402507960269733
9.942764282544562 0.41215811816650544
8.672687086489432 -0.18003766102895877
14.485391223779963 -0.5329682375325101
1.101253684754554 -1.4671254733386065
13.77426796158007 -4.096779568772774
15.20943267725694 1.0300786449885813
7.06275253422018 -0.18877984902861739
2.767852241936139 -1.2059259177967738
19.510600135046506 -1.7564069717003425
2.7128147794808544 1.1568305503192577
7.662660643076397 -0.5155923725322267
8.982067666365761 1.0515397254111365
13.798142426473978 -0.4325322997428107
3.4846839505517493 1.497631927452747
4.0869207896788105 -0.607029042621974
16.443943330880252 2.8963341509384195
5.502043487337772 -0.8133155380732876
9.856736366574433 -0.7774259959294552
15.626169502181463 -0.7171606460915889
19.84950252138563 -0.9118217120254619
4.051430248922765 -0.6120796520776821
11.473431716584424 -0.439568684373303
7.841955400443165 -1.1023302683056837
9.276153890041464 -0.1364272564606071
7.049422133083277 -0.7465359584471475
9.471974952017582 -0.7023762716329821
15.119243870523704 -0.38885516774676
0.7496190235022103 -2.2215299735889764
13.513158511074094 -1.6602591492028926
15.131676032148935 0.9087536969220416
1.6385072186056948 -1.424252159645758
9.55621695671181 1.0197170637215562
15.97376817365807 -0.7555492815382157
9.887670676768119 1.0006136335640163
11.267417583935803 -0.6343501068897748
14.457778497636523 0.20692147773878547
5.118781377339962 0.8519843541850266
4.013417759970143 0.07977220760841569
2.072836919197402 -1.3409114639499318
7.24050996930046 0.9749926992402322
5.317962294921085 -1.2836544346427825
10.76308636880123 2.1836140871371965
1.3991340124320566 -1.4290100589476706
17.64441588720858 3.3502718004683683
16.377474767331545 -1.2569016409387603
2.9802309441610735 0.4463541034927372
4.293060956989346 -0.6260317212066302
1.1801717431898078 -0.3525908354815246
1.9103999057963523 -1.6531272077616233
17.627059374109308 -0.5542477060675004
10.495950790541576 -0.6437801416365848
0.01607155682837877 -1.0864020512764725
15.071604468323256 -0.6455477240189841
12.033379227783998 0.025444689253939556
19.091905555430586 -1.8729904161199604
8.974109044249843 -0.2418350033136932
5.104683326837941 1.27940430520996
19.174870144227967 -0.6890371215472817
1.281743491747553 -1.4782620928865435
17.00022483648924 -1.0501662560896683
14.22352974430711 -0.722632295099392
17.172256781185943 -0.055206537723603274
10.031834226250409 -0.4719285309321898
9.234787022637647 -0.07108004072740412
1.2220326949345373 -1.5390357813590165
19.153418318838266 0.022071496447406094
11.74339604092615 -0.9189779536156367
12.57021129837539 1.5734690037763965
3.043566232969979 -0.8788901927444062
1.2057659942451724 2.864583575545283
4.413533552476994 -0.4253219792135775
14.043017470738485 -0.5526205404122638
9.903015395815437 -0.7560502939952016
12.731173664795962 -0.4789950161463724
1.0122342872472287 -1.5581937353488133
14.307306215037288 1.2951441999956015
3.930694376475885 -0.5137648379840496
4.044115593898275 -0.586736354154731
9.574799111752089 -3.4555841199986674
9.697960120236152 -0.39766098499843083
13.114391499357154 -0.7319636597285375
8.13427538978258 -0.7324949722774419
19.16154522724656 -1.8154185154524578
6.944248979709704 0.981612824705122
2.6232000886357767 -1.3623897541130947
11.847378412808135 0.3886706353894882
16.25486418707608 -0.4492683317702694
16.243021740597086 -0.9401855030233887
9.664471737605222 -0.7821463355928868
17.464615142992134 -0.7538321023274821
2.3604388924110724 0.2010599846629465
0.10714956030597378 3.125783750320397
8.938783411706623 -0.786348122061685
17.24303975183163 -0.5084887177100256
11.641139735960596 -0.741060379375502
9.31682171275932 0.8028437222622945
11.925301678143882 -1.4623801012709383
19.168854318514683 -1.2068793999361604
14.213230531842047 -4.533118747348751
8.107031260690754 0.8449079281070995
15.036122065351107 -0.6746544742136295
9.119656107034256 0.08481064660711843
2.0863615617368727 -1.381670737859264
16.152054962872423 2.563578700040341
6.379983126968188 1.8397276907823084
2.753372047594423 0.6564474388078632
5.529550249701435 1.3591657191528173
6.412806309316622 -0.7218365602696873
19.718153948926815 -1.3685149755886996
8.233977554831355 0.2383354604991831
2.9951362420161356 1.0102908389778498
4.935809499567623 2.474426504366917
4.494262427711259 -0.43252826685597645
17.827990654701097 -0.4545904456928501
0.25889353299188395 -2.293530265480995
1.9692882622729893 0.984924029063817
4.472274486837418 2.5230574214401065
8.742120330631202 0.32572752539649374
9.693079272036714 -0.031491610638358716
8.341668079531894 -0.15898012904462885
5.8717488743103035 -0.7839097985144068
5.558913690530318 -0.8017746177219641
1.8535283813790377 -1.8080959682907132
5.042847955846076 -0.5827875628052777
11.992159684549568 -1.0444333799621641
12.080798103581905 1.2856536296957681
6.721370524999245 -0.8006906446054074
16.788233965093273 -0.5601984326117093
4.4897186609044155 -1.0865623607835777
19.87836142387467 -1.64175778409262
16.828537872321185 -1.263692537498572
0.39600828024284207 -1.807504337032928
0.5326750985937001 -1.4633217833496075
17.14707464614547 -1.0124867136140325
5.344221631491719 -1.5671500976614512
2.289008143818339 -1.4321490237708578
0.6734542106533207 -2.227297381305149
0.624695255039531 -1.0520332723440178
11.59735262477579 -1.4736993603897053
9.76076600681537 -0.4071887817533613
9.93101311585734 -4.112744036335779
13.918435641007523 2.101348001409493
18.515412742018185 -6.593646101206477
12.690406614716979 -0.29436558946186864
5.677467770021311 -0.8013736694198956
0.07075075050047505 -0.4067419420146049
11.08529191910654 -1.1047065595826515
9.849190508772883 -0.532532252847898
6.4907142714529 -1.0461123012048676
4.192746076038207 -3.0946909154607236
16.251139268994436 -1.1178378795378552
17.47374277902443 -2.3409289180792117
17.46135883396859 -1.0227683695992973
1.5076909895807336 -3.4492295448239614
19.46636426491646 -1.5785610156010033
19.307653226447787 -1.4116655473916666
14.912179234336058 -0.4641407170527835
12.331562460488424 -0.9527358100021152
6.875096886216838 -1.068476329609756
3.9601493760752375 -0.9259484332864754
2.35894709866355 -1.03407670127479
0.3745243907754053 -1.4193861176851879
3.874311526054418 -0.6217061145043914
11.083623797799177 -0.9437778021661485
10.572100026871174 -0.6769855897957323
11.619223720612636 -0.9067811447082688
12.432610248009105 0.5401576325093014
1.465907675418054 -2.006952692263321
12.244856107086584 -0.9299217741980936
0.965358943655978 -1.9262812231506758
17.357684480134438 -0.9252933002307374
18.16704951423263 -1.5271239488872648
0.022019211704788266 -3.068903548305844
11.94045591134327 -0.5305201803353389
11.535958402038476 -0.6854154599496707
9.880710251040579 0.4569201923193135
10.123689193551925 -0.9527005363176315
14.218335393246235 -0.7857770174263127
14.049164516793546 -0.6205766006388522
9.790360813827343 -0.3216480864130045
9.585604424152761 -0.5102246127555843
2.5333844624531165 -1.3978873071594793
12.734847636980426 -1.1804177013437158
12.809630827656338 -1.4701322126289054
15.990728249493086 0.19547702199012168
11.747048877498965 0.6024858027785439
2.1547022755353873 -1.0829818526781223
15.742290366524134 0.35848636879879986
10.115278476002324 -0.1976434610110507
17.7934280946867 -0.25538444759238665
13.347464358253301 -0.792115362864759
8.743192452805749 0.3216221947983373
6.495339150762707 -0.46845431095655954
5.3151778592143835 -0.6476179714825002
5.742029612086284 -1.0116879144662787
2.3343261507811963 -0.8634458272294844
5.199325892350382 -0.7106291742072501
10.420939407279022 -0.1703147730611817
10.843905328688665 0.37807322702482915
9.56517601045367 0.6371717849380854
3.4074614718071925 -0.624198227944415
7.00147435716274 -0.15894999318299674
12.577213786562664 -0.9556072251882506
5.841605424504733 -0.6833156149450103
7.297219664813798 -0.7550972453021403
15.055534867516506 -0.2308408863634075
6.931292189180902 0.4838112862448889
16.32152012695288 -0.9648406405026392
2.7813666865122393 -0.8294538283340473
13.481173648235059 1.9066530116670564
5.427643940731469 -0.2356860472785754
2.335871812979436 0.0941402782713249
11.122154486541758 -0.9309097052370274
1.0714938489409604 -1.2281370558086409
7.622673133139879 -1.2007673362915436
19.405961779821993 -0.795780163866272
19.968308100894568 -2.2398565866525457
11.134067062413928 0.3911932385330549
7.662013121912512 -3.01576399562095
18.098752061883086 -0.3582277558723841
18.572735936591627 -1.496568245544737
5.989459528440724 -0.6357645916465134
3.16168684289101 -0.7699639839930169
17.13808682604221 2.7618646691772923
9.065673327998944 -0.3881578056421651
8.400420431107868 1.8191261962074432
6.133767876691353 -1.0515399209089857
12.995181551003135 -0.5148743193228873
13.119382232989008 -0.6123529225516895
15.882366774613983 -0.4777315680207499
5.758548302431385 -0.8757420255635769
19.675773205310016 -0.947248664546119
6.815713558292823 -0.24757516087746367
3.876740406042209 -0.17889658059971575
19.350862725353128 -1.5508580342862435
1.1709428257435446 -0.4831581520001222
3.4856718235307107 -1.111403971662323
1.3376638228970734 -1.3013229523066472
16.416057055139444 0.016842671209072797
12.40518036270511 -0.5542757542417309
12.880897262296475 -0.5407896006586551
14.380252663434556 1.8348470083600061
5.464511698305197 -0.6308971694235489
8.322946557087837 -0.18391861587484912
10.765039321638566 -0.8612167989976219
8.864621915809677 1.8533882816565643
3.129975063497695 -0.916585211365052
13.244204421683085 0.7152474499276897
3.230426755051531 -1.1046845555118177
11.4987775884462 0.2867158337421247
13.665521434526827 0.638078116359328
17.512784512682316 -1.4154810426197955
15.315904837620117 -0.16233883004314525
17.530855987133673 0.6044724271027131
12.593998191906785 -0.6018765190339261
0.9001971974949265 -1.8000819341410847
4.92875342996423 0.13419035714064437
16.92076681179027 -0.6375091260075936
7.635493296193581 0.1458313605582173
3.9685657549137874 -1.0959723893799775
11.314420890484502 0.15112684607412705
8.385672679105763 0.06664473049095959
4.934209717350879 -0.42822033956264893
12.508526290332204 1.0366458444955262
6.21797293306277 -3.0148659436511323
17.322041321386507 -0.6457712417546403
8.28060162059849 -0.6398430012994416
3.145533956970603 -0.39583218607636156
14.348950133823344 -0.1791278851856463
9.986346620425245 2.070898414965697
4.877074969787864 1.673155211263697
16.982326855196817 1.1759289819645715
3.6983959325357882 -3.620835395122587
13.829803433472417 -0.45850709136078105
14.381456180445728 -0.7023683234890795
17.146363563021936 -0.6977483133984285
18.97522649204505 -1.1732685212224647
7.064719902333659 -0.7153335161957086
2.520832186797732 -1.2577796641167014
19.92412660149081 -1.616497920218823
1.3011361548057836 -1.390140515624858
8.649386488066385 0.2011767776181482
15.356581111781724 0.14372540485123111
19.32407193367522 -1.6713271998247734
12.558533839541152 -1.1310118563309735
18.277524330816416 0.6746167962115895
4.564806433302658 0.6474191970174831
15.099938302416245 -0.311125768131592
0.3228604700728901 -1.574126365194145
2.387886691382011 2.526989041188471
7.253071844089738 1.885726396877048
16.277045063437395 1.2101312891283544
5.644095679902297 -0.4801363991714984
1.434982997022525 -0.22856556668921618
3.7626816207258638 0.9127094684235046
3.695218638805728 0.08714732176375645
12.484975116404447 1.1763657194504957
9.906213169533201 -0.17013162390867526
3.9160688741747953 0.3798578321371548
7.294408996364534 -0.3582299947670149
13.574959991426347 -0.6156405103610096
9.381861363808135 0.3329359705942659
17.489155166812257 -1.269674352362048
14.57575792619419 0.7947915461560601
19.376995534186186 -1.8442852712725586
16.3808362931703 -1.104691036732244
13.275472306551869 -0.39900775359750806
11.996465319449538 0.640088245051284
3.45396487744841 1.4339164272667826
8.882501765641768 0.9294933078066407
13.540199330005876 -0.5552329430168893
18.419858933311513 -0.731071671565125
0.498321888910474 -0.1967157940032704
15.630734049872935 -0.3647714567828655
7.640154613994622 -0.8698675614929904
11.7436344170004 -1.0774206129362967
10.06142336174364 -0.4813840912359081
12.531765922537959 -1.4241644318400004
1.1538191500707713 -1.341808945919349
7.494327592549884 0.39634522364694524
12.179451238427509 0.23385478682982822
4.990559643359679 0.15592771094617214
12.744184420453402 -4.335114813561726
0.18026293702381102 -1.5768239713302759
2.8163973319297964 -0.8741912373828193
9.533138675360826 0.9083286193715591
7.96691429138339 -0.8000130171949902
4.3554956287796545 -0.13870147020482218
8.77732916110542 0.7782214249886423
3.978258170295238 -0.5371699724499721
9.542250923311475 -0.5973909834759126
7.9723682244333105 -0.10603472464170374
6.6059142775476865 -0.4787873825404305
0.5481874767701689 -1.0993019608275716
10.01169279098308 -0.7976151077029442
7.4945017500734155 -0.43090150740581346
15.238176862298616 0.7523833373490715
15.321467163132922 2.69737481361453
10.926581685426653 1.4762905808631817
4.278705732003422 -1.0866484081410566
11.403377520895459 -0.7826897888842751
9.757408314502095 0.7468955509260093
9.842430403200268 -3.328362324868091
18.958193840790507 -0.34166976273239724
18.25998886243107 -1.2516197050082098
14.766226586245585 -1.9778693866283446
13.15005854968386 -0.44684110766191554
18.161752317560595 -0.9699844372494582
14.412862245221437 2.484908278697411
14.843451264050527 -0.18109333691377563
11.670485883794239 -0.6517639420388102
13.583688678003393 0.3633561127968441
19.697478696376844 0.8435320196460999
1.5197069153195122 -1.9032331335194506
1.4954309311706508 -0.053242460134806366
8.57486315695799 -0.47727460621294093
13.243320737692281 -0.720374249588752
14.214208625856973 -1.2279327279965295
8.677911332713776 -3.4555949630836573
17.285601341659273 -3.1123933237698154
3.999397821231459 -0.3689440162413084
9.402261037076215 -0.4221258426102927
6.509148376614902 -0.8534467746095014
5.126527226658737 -2.7851865236862916
14.27622134713807 -0.5101630595271639
13.76377337466318 1.4840806240309656
13.056852167986873 2.5421176053652763
8.335684236524608 -1.3802212051413387
14.561348854384493 -0.6881730939029566
2.004322111910744 -1.8505702814813751
4.0256527447943755 -0.8466058408245762
13.814494610002855 -0.871800134805155
6.202452471903333 -0.5249632395971838
2.542837420984932 -0.9817146889859767
9.398398817933787 -0.635585261425863
14.309584079229895 -0.3326144240600973
3.745474161385524 0.2253203759640005
0.11797047960656282 -1.9173915024858232
12.26415298604105 -1.2801072522756063
7.311199883250986 -1.3238302511119713
7.012236066917114 -0.09484255635854519
6.209190186662283 -0.12184111436527015
16.64815058025713 1.2741184371628123
8.867329022839536 -3.2184786369263367
16.677332787937303 -0.6980064793888952
6.078671003247906 -2.2916674646696116
17.390371620915033 -2.9635982292700156
9.039845054054812 -0.4576673685616884
11.362645479109883 -0.8441358316247468
19.449487297400445 -2.136989375394163
4.578740410721458 -0.7451757636164459
14.974365594097488 2.4467253166393377
19.435819340938355 -1.7589422501893959
7.08970145298064 -1.1880939533024377
3.752208747581095 -1.2259837536259819
11.615112398834826 -1.53253918031278
9.604567674458767 -0.8240438090773481
3.699043102599278 -1.1250388513416225
11.188463268679255 -0.8063776059864927
12.016926835576946 -1.0376482348866847
7.616868186316073 2.0529243140392697
2.8294012332950054 -1.0630234669170886
4.874519983055385 -0.8673057961290696
2.58316907337252 0.1255685064363548
1.1426616780957626 2.817836704207204
15.11482788780878 -0.49904774326222767
10.943076629463533 -1.0390162431832577
2.2226968193674503 -1.2288245042736994
5.394038944459337 -1.3957435124958075
9.724296115767558 -0.6745792780518616
15.67758003171675 -0.825182382633827
1.252207206404585 -1.399311102644852
4.7037840367502195 0.6076945200915155
1.7454326622438052 2.4298342080509974
12.619022993308983 -0.6149181092230136
5.835167316140385 -0.6756022095020325
1.9613088340437455 -1.4376802687295922
15.738502885945323 -0.8843606977533723
3.2612420727585185 -1.0925379337493357
12.59794086832561 -1.3575158003348555
11.50514384095592 -0.6706816447512366
1.5741598891411273 -1.7352166142657313
12.34814694733104 -1.0197017883526935
15.346316021802311 -0.2998366533967347
16.870101537551438 -1.1149379805129824
9.962294056854207 0.3770352668384644
13.216845657481356 -0.8598887284239163
3.7798624617306835 1.6313027873268637
10.547953234945778 -0.9362250535531255
2.117023015429571 -1.5278941855443235
1.0130361206193603 -6.454915736889755
11.3865355012019 -0.8240105026970458
6.70313697628633 -0.8278206333534053
2.392817823685184 -1.4043789462907863
5.250836986943234 -1.2244120938609302
8.59532316995571 -1.11840541469136
13.718117360975555 -0.5631136818257508
14.773346600828859 1.5100316285542874
12.687081791195382 -0.6537430438592644
17.15692946371108 -0.6242286384983876
0.9594509737689271 -1.7331706135216343
9.664575295731858 0.9937949274038629
11.295078823985177 -4.6371376828022735
18.378206141738737 1.8299558016656963
11.223622563351665 -0.42810010247612096
4.452231123192599 -0.7262841804072505
8.73030882481006 1.9456593049056436
5.549685921049569 1.5641255480087009
5.495177452558741 0.308057007358059
6.46326964987265 1.195204924390045
16.0654841738554 -0.8222100740181533
16.412540914969696 0.9814957000061256
1.9307303404780014 -0.6242562934075804
3.3119715928461404 -0.3572914088009502
11.255522614542295 1.5160916860331
2.894024944061628 0.5602818376771004
10.785762727704919 -0.8960802237504436
18.813402467121332 0.3037048023847448
9.016922799116058 -0.719687978424872
4.837419839412353 -1.0701095820528805
16.373600035216402 -0.279379763014342
0.6679339483219301 -0.27077756376508944
10.100243921718342 -0.6720795361953912
18.056794638741835 2.9829071143228933
0.5400524215767868 -2.8874544304519767
11.491176397909333 -0.5183372584414476
8.950696767960142 -2.9328486255847745
9.206350732890606 0.42754993072294173
12.39646745082107 -0.6254582831069173
18.57188065033222 -1.2609891003643507
14.505875214470958 -0.6432350500152545
1.5997353656974846 2.6019955716549243
2.751829172896413 2.4431457406445554
18.92072469129753 3.330217112055236
14.176127596711122 -0.5511875645790903
5.84353354859534 -0.4986756072913549
0.5016164430171901 3.0470446229542034
6.3316252379769615 1.7826611727510542
7.34094305255877 0.2525666040067551
14.936771204747044 2.2412266385942514
13.983536600066541 0.6699237166441612
6.333044791979405 0.17656441639607126
8.703360228794548 -0.9199376352107842
7.3128865698805 0.6015555161712467
0.869174035809657 -1.1913910935206278
3.5436578627618855 -0.342789348227952
16.530220643680547 -1.262977187310112
2.300019935237103 1.801290007837658
3.854902750247812 -1.087010494359684
11.719802910004569 1.4613676756633565
8.560895550225872 -0.6947321106409377
18.39729762627729 1.8730867830828073
7.897361477746999 -0.6928032382963124
9.073675899479419 -2.9090913007493944
10.541734664198039 0.8820219920882394
3.2013804259874994 -0.39473056148409413
3.3519730433230728 -1.1881916863470081
15.715275828092691 2.600222845431766
18.68084828849752 -1.0522038579868338
4.000189140902169 1.4762192950619561
2.1247547261198765 0.7581678449103876
17.756523107136996 2.832079572516688
10.360416019238905 -1.024445291543733
4.66908653711256 1.5145903538834042
11.453389695564377 -0.31610537824406826
15.511444887474266 -0.42384797245409744
4.123022188058982 -1.3152759394262992
13.190537429269607 0.4624583196886113
4.77390774469986 1.9129152842797825
5.453759499109061 2.493324114642686
17.96736783118591 -0.7057428527960647
10.139135820494285 1.3995717571133104
11.595517104602125 -0.871302655000163
7.12324829272639 -0.48528092841301385
5.245830591561643 -0.4504400104217732
6.009648323929767 -0.5118262532747528
12.500553856092992 -0.7041290302642772
2.1891549952377836 -0.6650205547267064
13.833514797011611 -0.6532869421085457
5.1790558551244255 1.6862190947584486
11.915442266856083 -0.3670927028091905
12.986040250543818 -0.8744490435507741
8.08930326171814 -0.729750132022865
10.582132589980777 1.4470975123390362
2.405309533632309 -0.8644422284057459
8.771512498595749 -0.5537657954121117
19.167366267524276 -0.8295902119645914
3.3949924998494256 -1.2710407275275577
2.25626978618194 -0.9939529248507588
2.002187282016671 -1.1791513552249029
12.827960250724884 -0.7888703363318669
15.141689371892154 -0.4071274777964694
18.124671642270098 -0.8972170324121398
13.201941277296136 -0.604372793367115
9.73206168704588 -0.5805812226830382
15.754772336382711 -0.3130219669864992
3.3146063821777063 2.20046825670937
11.888763249583675 -0.9393704429860287
12.637816747015169 1.6719795491125005
3.2576125261104543 -0.7906154676758745
14.613513643560594 0.9121187058644232
10.476164154602417 0.6887019353474796
2.278868631670619 0.1092807930411757
13.031569157494742 -2.4999570901370074
19.80185025370008 -1.6255459171685736
11.253012755747905 -0.2657810665655427
14.850599463169479 -0.37601835895818303
9.157691498855657 -0.4835164789714866
13.837033414222947 -0.4195651471047439
0.9487814269582044 -1.0870076284244328
16.7851879761496 -4.115333609101535
16.022320808523293 -2.6518759410804496
4.336906976269396 0.07677508655612048
0.04417439376317689 -2.7337400666791924
8.004253980067945 -1.7805968942333883
17.809386323110633 2.97402334594525
13.039086889487285 -0.5347325591174781
4.399414437491534 -0.22698147256744178
13.496792174892756 -4.069897889441906
17.023827715042703 -0.30497488288464164
3.152197419582785 -1.1811146988478627
2.3106837284495754 -1.32398575220354
15.843351550751018 -0.5903156602785575
4.848608946779656 -0.5792309309071597
6.246800696887945 -0.8205801728826139
10.97718678875458 -0.8559145511309404
9.186040888369169 -1.0516380383965087
3.201932537025839 2.5143969498046466
14.4217866438426 -0.6197030530962598
13.698194002432352 -0.8570670713232063
4.47953826186789 -3.7204828968739414
14.190501575468808 -0.48494384678770686
8.33998395300654 -0.8244820988955814
1.1162179052954166 -1.4011920685425863
4.271590141746739 -0.6711116254694127
5.169350957126804 -0.7769721310064606
16.74582221203501 0.08686598089989865
16.14282398506191 -0.37415926115417575
