2.744101118089616 -0.7820737400003009
17.98472136166641 -0.7870746998607135
14.706361845711491 -1.0434429692164153
19.36891804102865 -0.9043898257612322
13.90294212614141 -1.8322397520787919
17.211519508690426 -0.4437528822802842
2.2502978030632605 -1.2551707182275034
13.983041062814173 -0.9298208583223971
6.762456807005574 -0.4815338607766817
1.0895600235976564 -0.4103114957911609
7.844799414699729 -0.34917904833831176
10.864317894831004 -2.1185183963773153
2.1761001690593997 2.329373945114898
9.174194675662578 -0.0694053514122162
7.785705875021688 -1.187590365149404
0.34256409782823133 -1.456122647839977
10.993498148476931 -3.164008872531125
12.539955878844996 -0.9724118529740491
18.360447652162303 -2.568044888186486
1.6420570554317804 -0.9082065243661162
5.728298369741375 0.5284443145510892
19.15738871073453 -4.819041544501884
10.36374341397391 -0.8424394688694699
5.668733009236482 -0.516679160465258
3.908429621552789 1.2511560369081158
18.477267878757225 -4.059920174610548
9.524987631920272 -0.6393366762624803
12.725076756466802 -1.1902251597950415
4.664256447517376 0.4892147529354462
3.166165902714579 -0.8337618999539809
15.798185133680436 -0.4266889866592627
12.648451859647102 -1.5662640157681502
19.969487484714467 -0.7779108039948763
5.461422780468273 -1.2447101992357221
12.993101350748935 -1.1389657958541233
11.887820524519276 -1.3314585853759333
3.8426468772613576 1.307672289363186
1.7178567929306465 -3.9950552332126765
9.562074154991661 0.39558093175255155
8.109017979608847 -1.317750360406956
5.629784370493945 -0.342588877604853
9.526330945490768 -1.035319014209333
1.5629306180611364 -0.8935743216597767
15.431288531637257 -0.5602878201951735
3.658867782371677 -0.2743000417613724
13.0823251814698 -1.1738008926161645
17.02678817989786 -0.8735665324053057
5.7303623762032645 -1.4634576357676528
1.8148042131069746 0.4150538245589538
18.664800602349754 -0.8708592301365344
17.345159615568335 -0.592453728205977
13.924992728770478 -1.0592537955749535
2.650050614777978 -0.7456437355170519
9.621601175954812 -0.609847130033487
18.702150038327414 -0.6561175443449684
5.062583791274659 -1.2524616885120596
19.081839753848705 1.9825607680290818
1.5558393522772254 -1.0931310048331526
0.37805293010518115 -0.7391678564995481
19.750768114297912 -2.5181787282096537
14.417223470174655 -0.5659935575556455
17.521701366972803 -5.003895698882295
1.147721381527331 -0.9704576694368399
14.93500948342623 -0.1748254560530013
13.433200419800322 -0.5679901672235029
14.530970661573239 -0.9109420397120651
3.4814245192924487 -0.7943718322760677
19.088073678813828 0.43161473535281675
0.2903270943130668 0.7047086768504757
7.60129681784334 -1.822594755757725
10.163320717361918 -2.4997283867502875
18.141897083925244 -4.430426029510718
2.363853717294182 -0.1094188074394004
9.723578108710297 -1.0750745898107361
18.61139851786855 -0.6537088887328978
10.952235097628181 -2.153350929526383
1.108074685848645 0.889433028388636
0.34934911266821633 -1.0059362967008565
7.1826903257458286 -0.911774316948294
12.920258004244024 -0.7826518537354852
14.984305176967935 0.6206713100754044
11.475804550392457 -2.0799023797533076
4.239111024628408 0.865961200768499
6.718905820309124 -1.2704639111391776
11.040200057310942 -0.8327538707660179
6.128907289803111 -1.154976957596921
8.510508600310814 -0.7703835716143298
16.54216115391947 -3.710402742140239
1.8668985079627844 0.4701752843340489
7.13949534357837 -1.8686214873087876
17.899965023956423 -0.48002221352016766
11.045744757785465 -2.2238700968396
10.330643523159674 1.8196434001917146
14.116167460599259 -0.58597770725671
16.76710219292112 -0.2886158348062712
13.129828634673997 -1.1135633880170728
6.172434683721776 0.2540039598055175
15.032334002158995 -0.9602849000345036
9.990970226651662 1.518825590421705
8.510143870237412 -2.322378766377761
19.931967727385103 0.18037586805816325
0.38934054407062646 -0.5210970694105165
6.881695007215009 -1.130299253032104
1.8710145915075493 -1.0894864244757652
0.213897060513825 -0.310422608991637
11.80830112007414 1.9106660092891579
4.320570549935946 -0.08348257778021859
3.8468123535932195 -1.5753925395200672
1.752250917775124 -4.5010248033021005
2.3087030821657186 -1.0054112026609707
0.8328515155054165 -0.8016982502005523
18.861057429588854 -1.747192451187891
0.9185910185338232 0.1148498940541332
1.8920704918167783 1.5494788532095918
14.698665060208604 0.6210686059003837
17.049837534843174 -1.0465090941748871
5.770713325966209 -1.2758888323724995
17.771884997323088 0.004832992608567774
9.85854206500759 -0.7377610977740902
18.842744275733644 1.2952819578841088
11.822190828411227 -0.9873579665638123
1.658932477631787 -0.23781248304462507
8.056997011252461 -2.6059714479024008
17.23694844423786 -1.3189563169769112
3.8721913879160774 -0.9993728433618263
11.5529321546183 -0.8745152993174118
3.0550231264046825 -0.7404795551237146
14.716238951037292 0.4549598429329829
1.9036451770990201 -2.3738774421110254
4.981369012341602 -1.515243213301332
9.383049864459627 -2.423376354333382
2.102335284049228 -1.1955509073736141
4.067084266602691 -1.2402226311894138
8.036129859101743 -0.9725826066107068
10.754973836011013 -1.385027516700782
3.6037402829262666 -1.1678445514816447
10.678415219095832 0.7146514886758184
4.6543101412161905 -0.7247469191909729
14.292103547099543 -0.8323876734944405
16.12725679290688 -0.1803372574774768
0.31528057067524395 -0.7586994593871889
4.044419153958245 -1.287522262749391
16.535540854695533 -1.2404369529434764
18.083731263132314 -0.8103217150134593
18.105214019403004 -2.551566023142142
5.57952686629332 -0.5267025983618788
17.8360461257929 -0.5577470811838654
2.7145943741121252 -0.8434192482205821
15.210107304599552 -1.2893996438207467
18.416753282063908 -0.6742684517595467
15.821125161536461 1.3034897526752776
12.137077378856134 -4.038802770891128
1.054899706151159 1.5022052858104553
12.854611822257093 -1.2215821615034672
12.2830082959291 -1.028224950450994
9.01621237038707 0.22408288750388985
3.4409379625903957 -0.6466423685167556
9.792031771439229 -1.0332623634036042
14.127881132560123 -4.199869173934626
5.7892126543901945 -1.3017049581067166
0.05183065700155609 1.0832005148753137
15.828029579555146 -0.8220035824268297
10.280973491529664 -2.356581547489209
4.456721570585785 -1.0535188889948637
17.73346009068302 -0.23344339032435424
3.3927174285787576 -0.9896808102914921
2.294981470659419 -4.485246505924743
18.95485645955833 -0.8038793057333242
0.3556062178190347 0.7356536737895032
13.590659750180851 -2.888243934335993
8.25090608581546 -0.9249860611350007
4.259336386287693 -1.2348469898454
10.335242675871704 -2.8340166946387906
1.8304528031299798 -0.600227962990371
9.018366186268969 -0.9075996981570471
4.599489649287635 -3.4960594901629163
9.477265207540274 -1.2924772491273977
4.412803321697611 -1.1595251288624102
18.82072941155013 1.4250030120429162
18.38631054132385 -0.3577157233285774
3.9439582177965464 2.8910299531194408
17.6128928498449 -3.675034567705884
2.4448575181612093 -0.4704514766639532
0.5743030079976948 -3.256207417988889
10.608251101013314 -1.103269987614451
12.25973120711476 -1.1046210282274547
10.027538408215419 -0.9429812348627874
16.673889918851287 -0.29153153389332154
13.086425408132838 -0.7096819410589206
17.98490456169445 -1.666395764704503
17.395528889767753 -0.5214119894191274
10.168427128497854 -1.040615175296344
5.251621208734622 -0.6890261547037506
15.020819615340741 -3.4321434106286275
6.419227089415933 -0.21386191197130403
0.18039322198787705 -0.7868250598839044
2.549210235718634 -0.8552601092600564
15.696404206857704 -0.19158396659788446
11.248144720907575 -0.9921349959163824
9.628593363960766 -0.8345951147407383
3.9571458265612076 -0.0075436967562107285
13.632307386715034 0.49826003517256356
6.673126739184912 -3.0868419289794566
8.543547040697586 -0.7234040170442413
19.056549140318968 -0.6432218241915715
16.166121141401025 -0.2242687413547002
3.0197794070930963 -0.2514891820884208
0.5621900992868398 -0.8595930543178849
17.527314646373682 -1.6360697939177524
13.574977374115477 -0.8904923602089451
12.205391709300862 -0.79201384977764
13.786708913488752 -0.7688776727984229
3.997328463465291 -0.1500548531700926
11.534569137084484 -1.684707234525562
13.074101051635209 -0.6914251620722001
6.485492035576767 -0.9659225250332081
3.6530951164124974 -1.5419897091552826
10.028649936573759 -2.421002888679699
19.735915547540326 -0.782894302535885
7.264347077900136 3.3906286803696077
1.533546021055241 -1.0473067690592337
10.372422508664783 -0.6548370471461282
5.841529882261957 -1.1896812366184963
14.086667928499935 -0.5245749856826343
6.554617818295433 -1.2768354903192307
9.041393329433795 -0.8662634595084192
13.600394467579921 -1.090254248571818
10.729735925354714 -1.1561015505311563
14.200338859143807 -0.11259315998419062
4.234815289319772 -1.2385773473633233
4.497533542872148 -0.8178716633652339
16.646237278160186 -0.022872965613371675
17.049021140712014 0.46456659963621455
16.06978522210964 -0.6861694497805891
8.691277823822945 -1.8829053045113782
13.56082375807992 -0.33624126131971577
12.142125082914983 -1.1694302698722165
1.240314696205875 -0.7211064920992165
1.6257481323567515 -2.6137981530307637
16.5823424349548 -0.24028249221902517
4.905345932630403 -1.1633497897061422
5.169300249356253 -1.4246833484052641
17.47888707979154 0.2635420895938558
10.075710565703057 -1.3140646016396231
2.5383107391099853 -1.0025030141386106
18.742167831320373 -0.8686150597818955
12.003719974261017 -1.4942262580588488
17.14624479454348 -0.5342253036083628
18.4659685254056 -0.7526911070027152
11.855960068940206 -1.3903838271557452
14.286349731635246 -0.606284421597859
15.90037466460281 -0.42900812547296496
18.23325970221251 -0.6426621780916021
9.908218233400207 -0.9202956701294049
11.634975494901578 -1.2483931454964126
0.032563260752333026 -0.48718284386235405
4.211534741643515 -1.437402364990683
7.601705225003081 -0.941425149227776
19.54625453828463 -2.0286464030798546
1.64042663236401 -0.16650245536652555
9.304660758984937 -0.570461021400727
4.260640763905429 -2.4359929295745486
4.787162738260986 -0.6105393543639592
12.120089415542527 -0.6208653626104915
7.363952772224415 -0.5973197853936733
3.34655792074021 2.4573002770704235
10.352264155659938 -1.3538612457547332
4.141081198642947 3.0589392594705385
8.518746758830915 -1.682589367707115
2.418821925920005 -0.3138974614010176
4.308348805915244 -1.0612318145659956
18.372696203691813 0.21916495417471843
10.603412447696874 -2.137606341777304
8.325115884292323 -2.1209463445308927
13.932216055505057 -0.8256786420218273
15.513639789428668 -2.5953971167334755
13.183577222423907 0.5062375094097442
14.255540870816946 -0.7544666557202816
9.070592323991034 -0.9721907501983904
9.073806181321523 3.184091941223138
6.327895945744805 -0.3908313848039663
5.745131272708419 0.6035328558592951
0.591234431214916 0.4866343048267679
19.960863562974538 -0.9974773248160603
2.4501424224819357 -0.6490566474363435
7.716378705962111 -1.2043526566626022
11.497464633546851 -0.7029355703537713
10.431637587753839 -0.3430829542446108
10.82057841462409 -2.604073914369904
12.17341324520048 -1.5361469915584323
12.632946017510164 -2.0624390369320302
17.93163397685224 -0.5937410740359155
0.5347077990029835 -1.2331592407251746
0.742393617157948 -3.7858488107451915
17.212059488712875 -1.9260140076796772
10.350581678704014 0.9784768986093156
9.29504553833727 -1.1238126687534915
12.696829838414068 -1.5857978798076693
5.014782656892561 -2.749806434170093
12.790100562729972 -1.615257236485875
18.564392123097722 -2.9553080290863054
14.345841562963464 -0.5420323305918892
1.3070409445054347 -1.4224669656992879
12.030651440958954 -1.2746279878913063
6.077742651094816 -1.9814233361276974
19.986192073644048 -1.1459485777167684
7.146911254951778 -4.131964204782603
1.476872124044614 -1.013772530850707
11.718114933855494 -1.8950759981761123
0.771845352075694 -3.3480785617517608
12.965648408827677 -2.391438517118486
17.237056895693204 -0.9453503717721025
12.572637884390069 -1.4651728264014077
4.009190676976257 -0.4260069169847832
13.096814462744437 -3.793565503874152
6.298844957976889 -1.1477934682711872
18.244166884740437 -3.1911448345399527
12.467228648899903 -1.083886921891308
19.931892201622535 -4.822091833060518
1.2497230179874153 0.5950901751313817
11.082933177101326 -1.936243164483383
15.236556253735737 -0.3494521070753897
6.18576372274322 -1.542553780100025
10.6598479453122 -1.703779595195229
13.168530487204988 -1.8584728761744571
11.835621113525859 -0.669079385612757
6.916743874147368 -4.780896457746747
1.2226630113909327 -3.958370499630318
2.463723766880869 -1.4100807782394211
6.112533456596652 -1.0106263462529916
0.19221572149749175 -2.1272350848588304
4.465724429574249 -1.340502296761825
6.445122805413114 -1.5034596542534269
9.169948494831806 -0.9967429239726798
11.174635651958388 -2.591588671340951
19.798161462395814 -0.6210969034555218
2.202316049410918 -1.0700600388904027
13.397135852605567 -1.1479915847248459
0.950221239342179 -4.064278802608213
17.309018760433542 0.29536360939962386
5.692131767255133 -3.6897888857680923
3.572918072655863 2.7074803764826587
19.145386153648793 -6.545122594746215
8.683695745550684 -0.3853367520969171
8.274677794979201 -1.4127821727155063
10.822686375066535 1.1043747002003694
5.1640583236221715 -3.0793322425421215
18.97032971503472 0.8667793277972042
13.146975804056781 -3.7377236667263642
14.03462785657633 0.6770829299635484
2.903706367488871 -4.5255142772907355
9.86695358073011 3.1349206531874634
18.08228972025864 -0.8891923069498467
2.8083586660118045 2.7229499741070473
18.667566903281212 -5.3472820912747645
3.972939120384856 0.9607260734050174
17.351968035528277 -0.6287517517537986
2.861383951845542 1.942305872791296
16.788018444964145 -3.046032419258381
19.965004592635953 -0.6267577789650159
10.250975454935805 -1.314565594920644
4.101003807391179 -0.9489904683340509
4.548537653767491 -1.711472936029309
2.2659013858762136 -0.6977443449975521
10.525298555235052 -2.184896156291909
4.631882066723534 2.531957578483947
12.941695660577517 -0.15235721587567508
5.100847452971491 3.2777597998609855
13.515398865192894 -0.04869382706664856
5.405707197022762 1.8004687380948077
18.68784720116136 -0.42967967637252796
8.314987505721115 3.2690577158434784
3.40904084533686 -1.464475426718069
4.035730651794057 -2.513395651457878
12.572832796427534 -4.165972918118691
2.8705435970631 -2.8882826829261288
14.232732431869207 -2.208455911696965
4.892376201638533 -1.5102528393917167
5.064447696243511 -1.215719925064398
3.9271375129381605 -0.8751968725249525
14.400322130383863 -4.260410024749815
10.84291442258628 -0.8175233195636025
6.253336775193689 -6.304589747067802
8.976818599485522 -0.7409514744417065
6.629441305917501 -3.765767611966635
19.741050034443592 -0.9881035524981878
2.180902596612272 -2.01816122899855
2.5758098892420307 -1.5739646937316143
17.39648867728669 -2.5286795584992965
9.184319666460603 -4.764847000573028
10.875225683979192 -2.2559210940421868
19.05748630813797 -3.9269819195826376
17.41014536323457 -4.034992930574417
17.824692599893392 -3.9184190406297237
12.53609802916547 -1.2220055210926586
1.0503044666115384 -1.0736559765803533
5.9770689657517275 -1.2317073107166903
13.397431927011798 -0.8769537041910601
12.184311199821671 -1.1546354442675433
11.993778920838372 -1.6438485322995842
3.6881111046818353 -0.3830705843014029
0.6655158440895005 -1.7611066463107239
3.6045982215099346 -1.0460537203229066
10.89928725287184 -1.0077681305776005
12.235945354692724 -1.3123308346901585
17.45989323886742 -1.2456648316622205
1.3902083587153793 -2.9606562535045873
4.022939888191825 -1.1138258239436996
5.090027294210953 -3.7960705533948147
3.7564415235405595 -0.25967636069061534
17.486886411966506 -0.8060413519754793
3.6182684974034958 1.3736129694161436
16.630577700279044 -0.5509737925297153
1.9166645492595376 -1.3601377377595145
19.61242476547726 -0.7446398976842642
0.6779388911439078 -0.5745968312527889
2.243855806576592 -0.8953959847844108
17.96629722007027 -0.9324015233134058
10.40095494748692 -1.6055139675492218
0.5187621410359773 -4.514997583023085
13.604733530836928 -1.2525387956697611
9.265234294874347 -1.0328730196500853
3.646628710766039 -0.5379038358666196
15.821631756467333 -0.7650922807707659
3.462478546745755 -0.9455938451903768
16.59891150655056 -0.30841441849599716
17.349050132603043 -0.31669631897770545
9.20391804573117 -0.9578250568271692
0.9381640792973338 -2.9513362960703535
12.488785324757728 -2.207780117803593
4.777610971403112 -2.0868481993168335
19.882895470891306 1.4121183746510855
2.773503983878289 -0.6058051184393108
15.149779750791232 -0.935128663341878
13.027555175908466 -1.3114304700494832
12.109769968007354 -0.7841988897329947
12.301299575366775 -0.8234243727840979
5.40051920080591 -1.0507080420076402
17.148543319251914 -0.58862942681669
15.79489428310214 -0.4975850174716958
16.040777806442733 -4.100763321886759
12.505335992043804 -1.7149280244376293
14.149438266273545 2.1121574153039218
17.40708926528208 0.5458237139771824
6.209483131403347 -1.1580330124608376
18.179940982379065 -0.0015609047258141173
14.346260611200071 -0.6759141182122066
12.914329838463372 0.8285092905874348
16.121544761349856 2.4409010487704608
8.426044108501657 -0.9930077975066226
14.022524435672228 -3.478719072959355
3.844893593914661 1.8548302099462524
15.104192286605857 -0.5862987774576472
14.757921135201812 -0.6184839269432733
12.836290115488572 -0.5729513370960158
14.610750776423025 -0.6224532209673939
18.653267000548805 -0.20419092979620587
15.070689001252623 0.3704474847519034
15.104917490632369 -2.5011909036955666
0.23841842738735008 1.1701901330490874
15.645271582678335 -2.5909694256075486
19.092606806098072 1.5824693219822936
14.087812945645725 -0.6682493212063255
5.655103350855533 0.4168709368099045
10.011815231376502 -0.5338250231612379
12.808371046460426 0.6484817933960607
15.8583828704566 -0.5239523601242781
15.568129753025433 -0.672003945389845
12.155400463605467 -1.1421288134900036
8.120943111677256 0.503462911129159
10.121741945756945 -2.169840586858667
10.486285331496676 -0.6744710262511026
16.484787941211422 -0.3009415429070504
9.705859360302702 -0.819933988251335
4.495135696086076 -1.3601868082971242
3.171235238363397 -1.1170030167602452
11.684412048242283 -1.1286986046171117
15.713511869452558 -0.22864286509483506
7.195314585193852 -3.8814940653965415
13.943945695555405 -2.6529563667377944
0.6822976790728261 -0.9050952558277816
0.8022828556094058 -0.5138596883537541
0.18461471051368505 -4.138642314305864
2.2448535400731737 -0.5719009626684212
9.405208554163432 -0.9714818912422944
8.709662546031014 -0.6685727111746784
3.742577171584272 -1.1538531667569467
17.7242764450101 -1.1567320796435332
18.0851764746767 -2.6296916318229058
14.805673266013313 0.539529220349868
2.5671831694296077 -1.2429294265258939
16.426001928473458 0.19092001126287045
13.34800564006972 -0.6007894943053057
16.422654161612414 0.29115370437842203
3.2908255063902376 -1.119887387258543
9.731583995873756 1.2010383084076461
15.475775952848664 -0.8947723998140472
0.4819049862211457 0.0871687711894835
14.668410105492848 -0.6557124542689348
4.131455064586387 2.444036221217038
14.27172790388402 -0.7730396902065374
12.437222537157295 1.6777482771688528
4.506205520212418 -0.46335775659777223
0.0897129572138093 0.6418076595811768
2.1733998265077825 -0.9836929082117932
10.31044826780753 0.6839649065989015
17.68120405875042 -0.7629648708398721
4.079743425612151 -0.7970163039918621
14.68558833927539 -4.251436381850372
18.430360938287734 -0.19374601493846735
5.0742932225924795 -1.2182034179146237
3.0239438368966534 -0.490462338668837
5.7584747436285095 -4.156484512378575
10.345782370909715 0.8371733459277992
9.89943623737583 -1.2015859991446114
13.132719514825999 -0.8709200769542021
11.118687475292807 -2.4331392451644507
14.0833719093306 -0.003057035210857359
15.916543021451888 0.034509623829214034
1.2124418892767135 -0.9526110198722681
7.183854163756243 -1.0644091003068308
11.95886383563306 -1.9619369120942944
13.087258946286953 -1.1311685560816254
1.6049219240785584 -0.46317474052301777
4.7668091118072144 -1.7549072759047377
11.711874153541393 -1.5012473098756314
8.205330925759636 -0.4910392215879039
18.5912694552698 1.5495465632834107
12.638299403915573 -1.3874478998262305
10.066377670675077 -0.41189710829737014
10.956586333130263 1.4937864924738637
10.064160955988063 1.3716909051501929
18.64612370842779 0.12012104424319785
15.448747350592066 -0.19669173606087234
4.801783863913708 -1.014000484060903
19.073018894672238 -0.45102221832008316
15.833017501211492 -0.5786117972057729
6.632946893302411 -1.0446926272478567
1.0876131906290456 -1.0145743831395795
17.743331715713246 -0.5741122184918794
2.545677018814345 -1.1275407677651121
13.651030183185668 -0.22633897009734033
18.041020247159647 -0.5978872785214807
3.942545130126202 -1.1050983873719693
7.902861368817118 -1.1901306723612513
12.267598252808964 -1.6087373465293582
4.796800530748123 -1.1189161529837002
17.142727106884408 -0.4655572881191167
17.383685942059568 -5.110126400671713
7.970606342841271 -1.0241954891026979
13.4667445527806 -0.6631665705599564
3.23061641884214 -3.148709521714988
19.029187200472933 -1.750667266040098
1.2404706314745368 0.9393723145225195
13.718790136488066 -0.9497306055654821
16.189164740509575 -0.16286191442054168
16.320410974846997 -0.5514532286533456
4.928123431358415 -0.3258719254553951
12.760428203163162 -0.6570382620446347
4.092721748491774 -0.3153525122741928
18.364647331978972 0.8731679053995657
19.06476804902327 -0.6647068599198536
13.783739089059551 -1.0332743029410965
3.4475324413466573 -1.1624221927496283
1.0001226207477585 -0.7871577364643718
17.101268620913395 -1.9039982187802698
5.859935628910975 -1.04642625614413
17.289633257580636 -0.7450868085757646
4.8318200884331945 -0.7647768475390231
15.634470159745158 -3.797241813030877
13.002173348831134 -0.8624662452315439
16.51568532052053 -0.5827449609568621
6.8588223114521325 -1.0667904309980432
18.255043285465774 -0.42968567815595154
18.277716618443147 -0.582692633039421
17.202141192234187 0.481056590341168
10.784151037449424 -2.376204180801945
8.250418536080202 -1.2829763980758613
4.45353405688432 -1.3084207831755188
18.193144604940702 0.794266989975884
13.786965875012577 -0.9649929427687222
15.639443577008649 -3.779865429564
17.68639230520404 -0.6362680449670554
13.772339686770339 -0.7479890011637228
16.306502614681815 -2.7573150374578073
3.503121382440823 0.8708841116119839
0.11153156431714882 -0.9132635787311666
10.53532912084965 -2.1437881694296963
16.125603553956847 0.22537517750652752
6.985511630520247 -1.1758839285975637
11.434495509347919 -1.2713754283790188
9.193699578577585 -1.0663256025990295
13.58165579256267 -0.2614455547047487
14.741537330971122 0.3511748911990809
0.9891751807747692 -0.6899036624200241
0.36241799035859745 -0.9615825687848908
17.563880556102895 -0.439176969001773
14.474300447337173 -0.24757963081710682
4.886280475198195 -0.9673292649810779
4.592245816791497 0.571102550348896
11.70628557773096 1.7688188153952544
12.433626978126513 -0.8568973857383202
11.518180033082857 -1.7349706945204688
9.609415192053293 -3.3787895384618114
1.4431925076646321 -0.8625048026935949
3.7038168274696144 0.8325767752991704
13.219336462997996 -0.9160502745329125
19.641194720179623 -1.320507767376275
11.849039215643366 -1.229861415723309
14.979826977708182 1.0358801702217524
17.527648789903306 0.10066704608448716
16.3593229012904 -0.09706710611818878
11.999364359450857 -0.7721998285558147
14.692713666735612 -0.38708340969325233
13.087443087425028 -1.1703471381507087
10.498130547080745 -2.212219109903273
4.53996711177036 -0.24343624280489884
3.7535411733115778 -1.3775887632698742
18.299716422129833 1.6329001063816662
12.803623769560922 -1.5984122108135437
10.729179818957025 2.518998937672758
4.33207522072213 -3.3449793785182216
17.41201078558513 -0.11443460043771662
13.031666058097253 -0.8257884037587093
7.459912428883512 -1.0883547753450926
3.4746059753076604 -0.7832525402624358
5.2238699014266 -1.2365323473055223
19.488395405166102 -0.14848905246826008
16.500363881793817 0.10628081739185705
3.31786754749491 -0.9578458088000962
19.62261317050408 2.006156864665158
9.62697521662282 -2.420101238298396
1.3392337697893644 0.23382997151044338
6.602566372210304 -1.5047469874291526
16.630482041081493 -0.21130754803460564
13.798285858850194 -0.8917913856858107
3.0037578517911574 -0.6672565223292196
15.467164136734647 -1.137957084557207
9.614574471008794 1.3039096990419259
3.3473354720955193 -0.5831763227506561
3.0837351947636082 -0.641127371918606
19.82376605161807 -0.8359251483209644
10.560723661385968 0.10684340950550301
3.63994747028919 -1.1090321072232248
1.6892634318050936 1.0741450052410964
16.03560133807311 -0.29476586103223745
8.613231286625792 -1.09380036093925
13.032863390435805 -0.8615942881182397
19.161902436429116 1.229915804046152
19.659897083115336 -3.5638514775011476
2.9647789539274294 2.275222815918357
12.764827818584166 -0.8891176263780476
2.0185746934326545 2.57791587381635
14.135291719864362 -0.5313280911138739
18.29339117757596 0.6557291835973241
0.5223500580173033 -0.6754786258708814
12.040158669934248 0.07066577481004992
15.523809737001994 -0.08458758655515622
19.55286601314182 0.8232022235341492
19.42412674081542 -0.42412522519846085
10.591599288841678 -0.4676149324643115
4.167608287155088 -0.45925294555304397
14.039342182008292 -0.5537568477268955
0.15486265986526965 -1.286740522854877
3.5216656388599477 1.9992529246815245
10.82952644737229 -1.0981571315310166
7.230904576988306 -0.2630436712984125
3.155761748895337 -0.4765774103205957
10.38741170789749 1.3033516976896864
18.045894487425077 -0.3529631570711292
16.900418911127097 -0.6205781032447591
13.485748885319284 -1.795146947276586
12.993823808791358 1.999198175128319
3.1070944615605285 -3.1660283856462397
6.425806963001719 -0.2788069302284959
16.77317960178649 -0.4564052214316166
17.98876181392702 0.5892024769957621
16.101591424319896 -0.7850922244570281
9.623950372194365 0.41001878366266614
4.661787292526854 -1.4996143710638183
8.013834993275097 0.19193935126480055
0.06548875706001961 -3.6355381374139673
6.228754297360991 -0.8828220653340169
12.33914716431156 -0.9898502862984611
0.17992688571133242 -0.46403635432693935
14.351780025487 -0.5060510233373304
13.662363751337384 0.6618268171200702
17.955195495592736 -1.2861205896362518
16.168861531617324 0.6122050271230004
9.668049892421012 -2.655938120840218
10.365051547914215 1.4584785527199562
18.628024565428326 -4.001688932885937
12.342846861642691 -0.66969773570237
9.46540506454072 -1.965524327632778
12.491369606556685 -0.7756854691716999
4.62982639677 -1.2939678310615828
8.028020266134009 -0.6404677379155802
11.82151463290002 -1.7488383016483313
15.09093989103346 1.2695906492668623
6.041374381555819 -1.2234478839932235
17.636367437767575 0.3557098250279076
4.3816531673057675 -2.80796549697697
9.569005966352522 0.07261604553362229
15.528191024593626 -2.8122575984354206
10.537777169524615 0.4596986775653061
0.9355902801586594 1.5006924326430975
2.293802072621252 -0.2853579150496498
11.393037216985075 -1.5059926103382963
16.349467445239284 -0.2950024618465852
19.099505417022577 0.9935753896089943
7.1531639630004245 -0.13028436720653933
9.369530477629679 0.726830717613099
6.905071397618929 0.34509918330549205
17.249904542209347 -0.4085389584820538
0.8612177002698295 -0.04081052277909296
5.498918780621932 -1.0545426661452506
11.446356151363362 -0.7665845290026918
9.878482636821284 -0.24947354572878433
8.518561702198655 -0.9298804492050382
19.56861579845029 1.6500672719277085
9.559295821890323 0.36168257430896494
0.6481066513540019 1.6933926378121467
17.21470783154743 1.3918167862065223
4.892405764758437 -0.9236954026030304
6.882651890428414 -0.9811393546381295
6.06779099563795 -0.5610413156188672
1.9987609705333864 -1.1645270168190203
10.750893200569418 -1.1506438120334104
0.5276243393423272 -0.030011690142807558
1.8186603513292516 0.6765194207452394
19.572416399663023 1.4801011559341248
1.2046105229172341 -0.6106934293461419
11.787152196149192 -1.241190515839616
0.9722075696904665 -0.4519334871936721
10.36544894418259 2.66162235044998
3.3716433872165745 1.3940525471266758
0.7676211534658952 0.03456576828912594
12.478923511346018 0.7477979085405988
15.18993795742004 -0.5434403685013087
1.8693106937928574 0.016280081532858818
4.680746429935803 -0.6912876299539755
11.60463241582367 2.698546729314091
0.8873850311763004 -0.5779325199906054
0.8119385782226697 0.11628849969848182
10.554971576973184 -1.0185168402822844
6.177699498592142 -0.7145763580869162
19.656037890080672 0.20037437381873016
17.077803345810302 -0.2826511328789242
17.59723043099198 -0.20127826344297364
1.1194502666522903 0.8296564816950243
2.9643396706226643 -1.1241199393569865
8.469759552701788 -0.015442224593485883
15.910818343706024 -0.5066444760387404
2.8861775373669443 -0.15315339975934955
15.273345325228883 -0.6447609854072724
18.5275324382784 -0.45235394930565154
15.744649661390817 -0.4203055638161217
2.2826162198397912 0.6453521430375354
18.59619142913715 0.7765070032347038
13.663046344652395 0.2866761105668718
1.495419565723247 0.3825569174883588
18.683902702710686 -0.45679864354083494
0.8953589960800571 0.12081493468727306
12.487184441678991 -0.4398848661952909
11.827612100164389 0.911374902326129
9.031502101808506 -0.8713160577073974
2.314057667123039 -1.265010358783895
18.50768969193339 1.3056402055562635
10.338365020235543 1.910168090215497
11.561331129592643 -0.37458530435815235
3.6575843385842837 0.9181750883419884
6.767107606278687 -0.5061922905936727
3.7252028426356265 0.5867968623230839
15.12543224547042 -2.80181503377811
9.396944942807371 2.825623822778864
12.538028899241088 -0.18313743794914517
18.872521083868826 0.3053552112810221
10.325500934416226 -2.2800415215851597
15.073025406093446 0.20076080190002651
5.57984486040597 -1.0230029891577388
1.1294933600148205 0.08858177270917283
4.082996311805067 -2.155529418707199
2.6091291506693497 -0.44705233306023984
9.588396695980848 -0.8138111681140183
17.429454173349676 -0.5755151418297295
19.47957502689578 -0.6447130648482133
6.338079795801611 -1.310077156109016
1.2805421462395281 -0.8779002086937018
6.934921479517994 -1.088146865646972
8.11107504244562 -1.0690714362182518
16.689152132681716 0.07464405233291935
5.271321928562759 -1.463312376340922
10.57915585340908 -0.1306601555788771
16.04065899298198 0.7949625086486611
8.649061669174932 -0.627982730602554
15.426094384332933 -0.6221893892392092
13.530546184929374 -1.1383516827280493
11.892486997716237 -0.9940736610248756
2.7612448915696306 0.049256131507847994
6.798741208976251 -0.741482373601652
1.2013673555653412 -0.9120149030376288
11.740707696490198 -1.5214066607662802
3.019847184157381 0.964555197532606
2.4395275119926945 0.949512127258584
15.391538598427154 0.3094528201005035
5.855026351483058 -0.7424177832607958
13.071686449211724 -0.917799063540598
15.897146597227568 -0.43749872892818065
10.399512401146668 1.2843448768549923
14.285003398231499 -0.4934776557056221
9.412377797865199 -0.524058074454733
18.87343211455889 -0.69283904406453
2.1242165426081785 1.4139947452596788
15.669822603184624 -0.5137033337861967
14.171699398599975 -0.09439332381355536
11.183416899827222 -1.5812989488686535
10.585227406008423 1.6362283047531543
2.997424027299533 -0.5504643023891761
8.227082395633994 -1.0987980138652857
6.877041896694463 3.360677227349604
9.020949551579195 -1.1398900952465223
16.64370094989478 0.22111949564224567
9.960164031799255 0.30999857971675376
18.873577564464313 1.4300782847488747
12.947403469816711 -1.3284043883793881
12.657779230800797 0.27102929684750365
6.2726153767315775 -0.36840253143724977
15.993414035080828 -0.13416267880025035
7.299911975469563 0.04135799808888531
15.623186494010062 0.6022800622979603
13.782812731502466 -0.3786911677750175
18.43313100245335 1.2759374518622042
11.67594494701307 -0.467354208249712
11.49867891747788 -0.813541020961469
4.043601336933092 0.9195851347788597
11.669181260768783 -0.7917669184153443
19.494541003771733 -0.17878443277198217
18.378795396300703 1.1380475149808176
11.430385521853871 -0.9516876452689115
1.8595259767456829 -0.5001843141107355
4.250248777761755 -1.5582330950045236
2.7204621364858834 0.5899191058732056
4.214452784819338 3.0729290943564322
5.336638358085415 -0.8138499163765904
16.897718295213092 0.5430902910380189
2.4648590152181376 -0.8476663098155199
17.71446666586562 0.5911367295240104
3.044896761933609 -0.06779974988385522
3.5815963602271808 -0.9243199539799086
3.1068291811637074 -1.2027447733516898
10.459624842293563 -0.08590516041810693
13.580674167186517 -2.6042647624141044
17.322441477568482 0.5867046717600486
6.4131426620786485 3.5255328746206596
12.633646010190754 -1.0699915235720645
1.064180535360627 1.1628113378384741
11.118861812722361 -1.551433887072475
3.39129727067625 -1.1804178395751108
17.650972016956324 -1.7862390118685174
11.293714700918045 -0.9436082237117801
12.036173155636211 0.5051563968146037
1.0878315069439468 -0.6583644394351669
8.007353945210046 0.053063771107774584
0.016008533040739792 1.51659564771347
9.022116253597252 -0.8452907929511101
12.829157412987978 -0.1469575762273983
10.344665161083924 -1.3095909833663402
1.579351496404173 -0.7841211546715636
7.025457475649616 0.3580493421371933
5.299884613802149 -1.3376673557629746
19.101540028154243 1.0120856666425313
3.9449864113357997 -0.8881259160453097
8.737044757329754 -0.5954558656439727
19.593507424030566 -0.6056128397968662
17.992097603776944 1.4401300638869117
8.251735282770865 0.8507836438483649
12.268358455996788 -1.0461009393454475
5.131210813533034 -1.2858394813212308
3.371432088411139 -0.10002487050005342
0.1016165707603721 -0.829352039856875
15.23083053715548 0.25738565874175934
3.6054348067715125 -1.0108172647002196
0.79261603234243 1.1869647808273731
19.88596339285646 -0.7186076630517904
11.139842333891915 -1.6435565777745165
8.196512068986436 -0.8949147154519927
13.56212134817413 -1.1450912428060809
3.752716937209184 -1.0806213905595983
11.230690135835188 -1.3390791031393654
4.213748360749499 -0.26081656625246086
16.047207285616317 -0.07823109929437737
11.498064464298407 -0.4830818137805056
13.46277004205252 -1.1632610981743403
17.378566993132836 -0.2124994161429149
5.295406738950462 -1.7068997665651393
3.1594423800554434 -0.7243184173158121
4.10944859008682 -1.6959895520549404
19.11536838787372 -0.38863134741802174
5.375700896372278 -2.1292337811620414
4.610519979426016 -0.4682037944695127
2.192192666171734 -0.9012221710979823
17.628903098626903 -0.12894756043257374
10.0504098733374 -0.605663575782386
4.851522786345273 -1.41719279215384
6.064312630774874 -0.3989053451736927
15.482439041761799 -0.289386667042487
10.368579083326766 -0.783684338918101
12.494555053701848 -0.5211454223481158
10.927748817238095 -3.015345346360135
5.904035419497791 -0.8179381774990884
11.57812003775518 -1.3034515761845165
17.548151297999077 -0.7903719765775755
14.755597784924777 -1.0401391080633167
17.169967471854186 0.21625609100216364
10.320920605377271 -0.8063657933319965
3.575746140770824 -1.1900671887883723
5.333249560071787 -4.105659745720571
2.2660218293304055 -0.21233526609863795
12.96130224065093 -0.8472038087270692
6.8625185138849485 -0.8903112954781853
3.7427852172189353 0.546572724331402
16.795791787583088 -0.5250817016398532
7.376681379677628 -1.3254289800908485
6.454428475858419 -0.8020546928007138
4.787736856174957 -3.9929227410608688
0.27512464271341913 -0.6144047348771183
12.902741237348305 -1.1923671683389967
1.5754008641377115 -0.7989908767410725
17.387866245320026 -1.8040815074077623
16.868826434222864 -0.3133647866208216
17.24175888866455 -0.7976430940333074
4.582353842374089 0.49124971856557603
7.7976845962390735 -1.777292516825114
6.299199366528427 -1.3230730028562103
6.2064145395398285 -1.2029824378695608
12.195836277599966 -0.91743853494939
9.11591075768083 -0.9320960420445206
8.722531667553502 -1.069323972427735
7.256893341172398 -2.0570754343180444
2.0953328757006684 2.0252360308131983
9.393548179728011 -0.8552065643483628
14.23952045519419 0.38862719207683616
13.181972653365474 -3.182856226555556
10.068075989868095 -1.0497041343252855
17.39642935084998 -1.2765836254049665
6.741126852035886 -0.7857824708140464
12.541511466681149 -2.7811972777248446
16.40723438959583 0.09206049814083758
12.970104088340813 -1.3538336392593586
14.523731742275956 0.3963319610860852
7.5128799263500765 -2.9744691794017393
15.864622777526488 -0.4207343372723066
11.348110083690825 -2.216289491442409
11.24565121224641 -1.4734262624618177
13.495469491922583 -1.0743760824035613
7.886658822549886 -0.891006127653817
1.2777286345600882 -0.9767573909606564
18.985043289437645 -0.3198596251814992
0.35146568995093364 -2.4128059038983967
13.361663366699025 -0.7921663717178412
6.95187485011943 -0.9989308797840396
11.446046172186225 -1.9795623081977403
14.132099567150354 -1.2181308556721608
10.244156266361076 -1.2365480232768518
16.36742995444458 -0.8083937995383422
18.778663827597672 -0.6045998752273353
19.634277061885616 -2.374879195672211
8.566621938585813 -1.0460757952355522
9.09768565804342 -4.032983663561459
10.23681040225405 -3.2619243939957654
6.288207020703667 -1.5915668083407781
15.5429519566703 -0.5798489612277727
6.260780672458302 -1.403758954567575
10.032505180009084 1.4624431064491707
12.63228135947738 -2.2886945779130565
7.516684009691316 0.1878031641658584
14.755640852532252 -3.7253934831086153
12.33466646975503 1.6231691880734234
6.327907793836884 -1.525026456737744
7.650852752764529 -0.7946840655881985
17.035933891683836 -2.636637002317013
1.4210177920220268 -0.5393445133997947
18.84411830797993 -2.857888449693494
2.296849606915586 -1.196755843054458
0.68802904955082 -2.5671504920459656
11.730444670914828 -0.9820904697051969
10.970637757529314 -0.38175354369877024
9.579391621056192 -0.801426234511763
14.574188974872412 -0.5636950110863682
14.923676054395049 -0.37115293193139076
7.723139275975163 -1.2662192769028424
16.368786547926028 -0.390398552545998
4.353764556516264 -1.3042889981710035
7.941418088515827 -0.9743696473357166
10.591707257829864 2.5245476284444655
8.527188393728892 -0.5238592138679148
1.7794308238837813 -0.5253696482688505
9.17135800721767 3.0226725709312285
16.52944239827162 0.3040510127019894
2.267168861850527 -1.2390742939271817
2.2692305096077567 -0.8649590813270995
10.574636513613699 -1.194533310969948
11.60971645548797 -1.8853343575629753
14.890735379700606 0.29012335550879986
15.216413252572075 -0.6412681530333773
9.441550403439816 -0.10839675773511058
8.685856689493647 -1.1816487384066172
5.391498732045989 3.3406483719154525
0.7872785269536198 -0.6671008858259505
3.6874868466609487 -0.37884137047656835
5.68805446092559 -1.868510799425492
18.39845741523638 -4.06898079196396
8.533919503874811 0.14381497707641056
2.2624361125794903 -0.9332729709580923
13.995454242187142 -0.25856803120287747
14.803186078475617 -2.7196775160929576
10.262243732159732 -0.5200158492707707
10.870079851803368 -1.3981182131974546
6.981678281710146 -1.7002412123110275
2.1798540375949558 -1.3181115079933141
8.180117392964359 -3.873783956309691
14.744324755663389 -0.5757619111691484
13.04915016811618 -3.007578535373682
18.79778535159327 -0.2504404143547821
8.573747131470679 -4.797664293360659
6.378230361502119 -0.42630581366505593
8.929030365190984 -4.062026443352408
3.022696203674861 -0.4398771850603604
13.739636985964992 -1.3397514521405771
9.405980169399985 -1.246736916203399
7.598144750608912 -5.863285249521616
17.934590421253322 0.13320649442368535
8.628985979454109 -1.2656213069951086
2.6392447481075 0.26319762162507165
11.319574196695456 -5.070119417979956
3.3157796228944814 -2.4646021484123146
15.21616535542139 -3.7938928569062336
1.6613041134782454 -1.174829598456659
13.908999405346016 -1.0065556178970083
4.099661858588049 -2.1789904940868934
5.281781030585514 -0.7439752616623186
16.206857492922104 0.7728968108115736
14.081573040177986 -3.552062406243995
10.915041317782839 -0.5256010552606247
13.743513839677801 -0.9041567432691601
16.529769785930668 0.42098628826364176
8.683239277404486 -1.3227260131075413
1.6004712784467368 -0.931680260552342
2.118973503319368 -1.2922132267548267
1.1437058725347076 -0.9133906257978015
8.592777098175127 -1.0358347746191565
15.04100207745454 -3.0027488591620206
0.37260304487445006 -0.7258482355235618
11.702843450194798 -1.6155125191651774
15.102586823818745 -4.116810814229151
7.376040081896397 -0.8826206684686974
2.6987175821129514 -4.004004310001993
17.534037402564433 -1.1526933339861647
11.179267045235065 -2.1014042419975567
8.434938934770432 0.5184583889526603
4.672307362026237 -1.788589146157461
7.429843847170791 0.23555853622228506
12.13485839304242 -1.5565466730041893
0.9899761614506739 1.5885995512874227
17.38829820585934 -0.49298832650463803
17.73741405947557 0.21205586830974918
18.904119288645113 -0.46555965709245045
0.8492400448718624 0.80648704315748
18.025495964903303 -0.6861970634530236
1.968139413967753 0.2635710644392454
0.40290026770331033 -2.0170799068829703
11.334724115303958 -0.8560156122258453
0.9447577171491547 -1.96225519802282
4.220182351003759 0.28454568510597333
17.11650921111603 -2.3470243148585945
18.763734895916198 0.9680381555655648
12.435003048454668 -2.3974843098915386
0.9938774335279338 1.8771764536668307
15.80178089487916 -2.1845794988928895
8.548760297158722 -1.0985187382093127
9.77997758678187 -3.5404527032101383
7.706198720711678 -1.216771030709529
13.4235376950808 -3.5628371968434616
18.66673581275574 0.2519132911931875
1.8865914458174546 -3.984636267314273
14.949433605498037 -0.5450482543174966
17.081891053728224 -0.6316266661536962
10.629584988176003 -1.5836512482640617
14.42758818229417 -0.5822560002897813
19.288241911568303 -4.138505062581306
13.34993042863756 -2.598445147735233
15.835609867413522 -2.791403130142678
8.076016296171568 -2.3260747666614883
11.186127738045684 0.7260321487102472
11.043266678024485 -2.029722106524104
12.978126106383773 1.8444935849851614
2.2212250513048923 -0.8703065471305712
3.75831359095924 -0.554931569016482
7.638418715984225 -3.0249575626368137
1.1053553448337214 -4.034024638981749
9.51021279055982 -2.402587759255939
4.166331823638743 -0.665996460463567
3.95967023975838 -1.9821009350459515
5.053003300054119 -1.2319459605634284
7.259802212426833 -1.4224625096830505
13.569989482961217 -0.744754432310763
9.0071671864693 -0.8802330538348891
13.660218901680983 -1.1942004785213762
4.773609366779408 -1.552184793416817
14.5150007069333 -2.455466984958081
17.830784107732825 -0.6330458977402657
11.573485695280667 -1.9356925112155972
7.879302447241478 -1.2339717818125389
1.9786077933455064 -1.2086205447708245
7.196977150531314 -1.038393724651042
10.091260449257328 -0.7962322276331812
9.260132825869427 -0.9606148114682508
9.91479265111861 -2.6296919984304052
6.9864994346119556 -1.3267401572002577
6.67758024933072 -1.0477773284889316
13.456901092042129 -3.929656364981488
11.03952298771101 -1.5256993618295902
14.826309546468444 -0.8142545860621775
4.047657555432493 -3.938670812388217
4.732988146747267 -1.328784985908612
19.4031411003512 -0.5648215677763931
4.801647237829234 -1.7180444844576999
16.427359086686526 -0.5565089912065265
4.960544640097479 -1.7690555319279857
7.078840504475831 -5.064342257960452
9.898077476298504 -1.1834691688482377
16.15014268025744 0.17951839107492268
19.522438380163162 -3.5927760959543638
12.747181292242296 -1.1946517324496542
14.242134440175214 -3.046871032329626
3.5318074121621352 -1.1753714971227431
16.631104374479953 -0.4804807783324751
9.948001207015706 -1.3175323739161315
13.382527727785865 -2.4756255655963644
4.6014374896694274 -0.6214909390873455
9.708298401809666 -1.372648131150708
1.3617033667783196 0.012654450278569086
8.202522724568686 -1.7115499217481602
3.914083422587184 -1.7996966154301146
18.47861212936076 -0.6084612235258627
19.258111639984616 -2.5016644412121387
6.798037563649305 -0.9359141941303872
19.202232529354227 -0.5977579288842043
11.154013120407564 -1.2461766024224723
6.73744668549421 -1.59459080681372
15.125870545405048 -0.379503954455435
3.3621797890527056 -1.307345736877852
0.4279743057581567 -1.1258310542168994
19.185251221244695 -3.7405730488172804
9.368122806095586 -5.004762809702878
1.0655132007312067 -0.7543471252601586
11.857356776723748 -1.7161196164514179
12.985399140863121 -0.8035560132978952
8.443172741985538 -1.248457323584258
12.023484764958818 -1.2516183673483057
17.539770174912118 -0.4993210696335619
13.533764549851966 -1.1322147163790737
0.6816213145867027 -3.790011561261906
12.557194725793195 -0.962759923630603
1.911207678234562 -2.8165421852704258
11.228768218682395 -1.6767128066781383
19.297483318206385 -2.3503035638441117
10.168503454700359 -0.9372766972453964
1.24787545571484 -3.336242820662796
19.686315584344644 -1.8202326401645779
12.598090163250427 -3.1610311421646466
7.494515222733278 -1.0151911743702908
6.218889743013355 -1.4150880411046585
13.704337121281114 -0.7148929610820729
11.278775060289085 -2.2287206975080167
8.00992463900638 -1.5534239743066416
4.718017824564693 -2.4196486884280475
14.923814538888811 -0.646591991337553
10.415694120131146 -1.8517716785217955
19.233599346716804 -0.31610592753866
12.790442503529807 -1.165698623555337
1.3803903307028402 -3.7516225805451966
15.4654178014225 -0.40902414409306115
8.808161502332789 -5.243617330341022
9.934497665548431 -1.2791899549099581
8.021146119092364 -1.24310690520551
2.024243890583403 -0.7054159586189361
6.769381432646091 0.28592823275181556
15.420658846509106 0.14912135120730638
3.4090967163395334 -4.02846943042697
5.23348944015959 -2.6114516590010353
3.3992746380543513 -2.4503725806312406
5.839611573489357 -1.4340170889844486
1.402706135937746 -1.0368822618706648
10.804462716962334 -2.2653654965644496
1.3498651168716906 -0.9716234647492208
18.72190393502 -0.5198660842210583
8.517923714375124 -1.2085943091711462
3.7273979437881914 -4.1374098501018315
19.51228577649471 -0.9833230456332612
11.110075554471175 -1.781746232586304
5.926527137868967 -2.9612100941220776
2.9924963085927776 -4.122267265659517
18.227746361527053 -0.5484311402585712
3.0677705207981063 -0.8008444120224899
14.962884451630073 -0.37916656254915354
0.7356195314333263 -1.1598927026088277
3.60235403691744 -4.695775917853478
2.347455350937275 -2.629915098109878
9.782242726040819 -0.5852862710103091
14.669745729503168 -0.7740954211314279
18.845573853144646 -0.6431445803612975
18.595280157943456 -2.8643298283940277
11.979196381892354 -4.1848488218975035
5.252674662269207 -4.519050060177956
12.61468121043999 -1.4422357217059778
8.85799147114874 -1.1285042067798043
17.336690169597553 0.07259739323798561
9.305853013499853 -0.8735115164379182
4.1423037579107165 -1.384027280379032
12.058335906181608 -2.4889370274296665
4.379451968853942 -0.7590133904391716
14.292491064351552 -1.1128404639885938
10.990466861695717 -1.5821148788290436
13.707435521001747 -1.3119367465600775
5.036598589337099 -1.2373596390081185
17.8522637128588 -0.9393216009610396
11.921659365633857 -1.795023536053233
15.347427715623299 -4.075478728293119
12.026431632747238 -1.342902835637835
14.031064209845594 -0.9116746827975005
13.707673941753729 -0.7208736370171196
7.493654211658177 -3.1836447420786174
14.228404022462332 -0.26275907472278515
16.982645813718545 -2.581046220737968
0.12476072818471681 0.39442806669543623
0.5793409009350148 -1.2594296752281586
18.110044783336317 -0.5161684901313512
1.9987290685264214 -1.3123732501172982
10.4364525207362 -1.7224264378360916
10.988561233495556 -2.748912081363163
9.666268885166676 -0.7601477412371859
14.665290975462513 -1.1131235074862929
4.0406207532281515 0.05143309202620755
3.846446136903507 -1.4427243377807377
4.387806370781917 -0.3789090846829638
5.937761224858389 -2.592659151765371
18.676876344183718 -0.2615871140957279
18.01648679439344 -1.2786979503445306
16.333148379981417 -0.3294356756977994
4.308000780181878 -0.7418432643765609
5.262241979090817 -1.3639934689676019
8.630776510174659 -1.6415468927211567
7.571800813222459 -1.0428426889368947
8.561715529373169 -1.5626163832039541
12.779794819810315 -1.292500761743101
19.85023966045071 -1.0588419112533187
7.357117098883721 -0.8845885166424788
10.851209701013124 -1.3561267478325931
13.369467344947203 -0.7587970867832746
15.87863979312438 -0.9788885007147468
8.009350575246296 0.8154206508743499
2.932938177664469 -1.1730165780024613
10.126804671442965 -1.2780385584254907
6.221334565655308 -1.2878517656945887
0.12909747736355454 0.9245339449038475
2.60490574685121 0.07439379219838772
12.885492017842322 -1.0855166469110218
13.883910973448966 -0.7311112923107165
19.274196213828223 0.32303697693554845
1.780440623087786 -0.9278911011197685
7.6958707710466845 -1.266773116799808
13.774215100918779 -1.0141320907425724
5.484681728270993 -1.2714100617682618
3.4015662217789675 -2.2271419123448637
9.812508729868963 -0.6748649489500423
4.679585867652221 -4.339457417337373
13.54658799432989 -2.714066690878675
16.204515596750266 -3.2921161192539343
11.890342890461543 -0.8520281346541306
11.415935911451792 -1.6673031753077712
2.306910061315295 1.7212222047721875
18.010951291621534 -2.877013897753467
11.164053538502607 -1.3523720507564951
13.52626491166549 -3.3368404460645036
7.879664162470848 -0.8637698024085111
9.554796400623323 -2.2773140651918244
1.713600086073614 -0.7266657759393511
18.593212690783734 -1.1537679163550665
4.961805366416854 -1.6131576147068927
17.699079586384343 1.0376701366104555
11.767689469411398 -0.787371705377661
7.7406217241053294 -1.0134272370176547
14.622394463123584 -0.8307768354690382
1.3704774568342712 -1.037840672900119
16.929458014464107 -0.48233278086691495
1.5819836001361671 -0.850113332171349
16.356011919319585 -0.32817850447555486
19.346566514273317 -0.4561822606360019
9.893381469917562 -0.8435119808527652
16.03265485890095 -0.7361307240252727
3.913961978718358 -0.8176653882036384
17.757453578003915 -1.0341096962586327
6.919692718030775 -1.202560909920758
2.819775534884092 -1.1257831946689938
13.556881524565298 -1.2009877253159158
17.513084634303016 -0.5023918435262268
10.448517186722258 -1.530356050550543
8.520168487182847 -2.08370520518411
3.773970508562479 -0.40498033734702676
10.199264128211935 -1.608565345639875
5.028463167870094 -1.0342670647085792
2.145348990884007 -0.8138515972331997
8.614481102998232 -1.005956140161542
16.267133041941435 -0.23631034358674843
11.528220272267466 -1.7413678028345958
11.940071098178212 -0.6646211894718649
12.603826440401109 -0.8750981634448538
16.90879647760231 -0.37447611340185505
11.71531748514046 -1.270536922095334
9.354218712166716 -3.409010815101465
19.916878010057353 -0.510994417840232
18.96401978529725 0.06983918732038152
17.018864384168975 -0.4040414210124559
16.66442759615216 -0.4768498299224872
8.542272968921383 -0.9175471283997169
6.350239500820286 -1.543608301129044
5.502176401976245 -0.5338886815634711
4.540382002331289 -1.298055447770836
13.942622168464393 -0.8277404316422785
16.233486475018744 0.16786829799107186
15.01693721410222 -0.05226536570761435
2.517054889110625 -3.5390596903495664
5.804148065455598 -0.682217877341599
10.521578028687689 -1.140614504133285
13.840612294224648 -2.684474256233957
2.7370534050852435 -0.7305787799698985
2.6527565389035184 -2.635140415615288
7.48115968662204 -0.8976746328066301
0.6540110013427642 -0.9489000256450957
18.8447508358151 -0.9286767653089929
15.324222346812602 -0.7841493660573626
6.106080902573034 -4.246644361896869
3.967044060525999 -1.889674556334365
18.981777800024766 -4.626794837457521
16.777731339484916 -0.8446089891812851
12.650478417617029 -3.3340267465983144
4.998267326286518 -1.7841528167809244
13.31918574502212 -1.0150423432271383
19.098702418921423 -0.9221892921050934
0.8877759040756492 -4.084091356201801
16.433939448339 -0.6162197460991311
10.604902210793298 -1.5278641138291016
11.27112978637975 -1.432663283830777
9.38695441201876 -1.1647107404722048
0.1297727185412152 -0.6949321758998748
0.23880532295720064 -0.9448613305188395
12.779189702066999 -0.16220329527063498
5.052463222077433 -1.0309229434529572
4.959916632838915 -1.2205180091187358
0.4249866458241143 -1.0343898219349372
16.34932540795511 0.1554322134873142
18.840248306247304 -2.166156982837726
5.739404365670957 -1.2443976045398069
18.420957403174235 -0.9650908772951606
8.052207132094216 3.144717483332196
12.99905403273335 -1.4130989150349713
0.8165532159724289 1.4247155664159266
19.935513176241557 -0.6518098750842668
3.7723897641132575 -1.0540424536010713
16.796509245988375 -1.5787126957031996
15.315809081592894 -0.543642693411903
15.761882030118192 -3.097913194596747
12.827835165263904 -0.20657260621855067
16.346307006271058 -0.5794094289320344
10.608339397654827 -0.8719697446066892
18.37274599770435 0.8143108472236302
2.276550303245396 1.7458910197477489
18.479259450384077 -0.8754419441208432
15.42932767646741 2.356915614705109
3.034902749029079 -1.0260361260649875
19.158460104261845 0.6696997107821585
3.6555233828418014 -1.4811252497788212
15.417137981466011 0.3190587970933338
8.821196957012976 -0.6475858855546501
12.138874834294672 -0.0020614411143182187
14.642791805965647 -1.2196710586644235
19.76765653383437 -0.20728124751013235
18.51464196267675 -2.5693138689589605
17.951798867114093 -0.5822914820757454
14.801664134166726 -2.4889592269129133
10.599747038946566 -0.4527859364066438
11.478290700896435 -0.9575499930256242
2.951901177251075 1.0540256034696571
0.5079693098847569 -1.1520835389075967
3.3488301920224854 0.7087625014273327
7.76830989028741 -3.6865226605296306
2.6103131021990977 1.9566004524218632
19.22177168241129 -2.6646462012379675
18.110968796321867 -0.15421944346231625
10.230261630212572 -1.8173674763108745
14.674209832665435 -0.1090053478708011
6.195415175616644 -1.2192291922865295
6.192387026121355 -1.1961046448023527
12.52114033849023 -0.8520870008530328
9.319412135670502 0.9926105073764995
4.126146001840852 -1.8361436028762226
16.93148610344675 0.44921095913215486
14.315299507598347 -2.6051855261733143
17.266156837186657 -0.4904162059985851
4.14955728429995 -3.299283212325182
3.9613743563174735 -0.5818715770027781
2.5650850299900725 -0.8755226545123698
5.853112360975672 -1.6632860909217926
7.665469725380213 -1.1911120487011815
18.63727292823604 -0.22796800550594884
12.163550499398458 -0.29894143009886603
11.228013582344849 -0.6347460787167768
5.047633462610901 -1.1837088971291774
4.281757462627712 -1.6829528397262965
12.58431043729743 -0.8604112392398688
13.60289576819645 -0.37611516481362656
10.92768011853038 -0.13792918360154335
6.6831992111510825 -0.7985860578911395
11.46619296995651 -1.3561639570159925
17.276047436097482 -0.4340565503358392
17.36967293111706 -3.978224947397386
1.2049407767312328 2.0221640097147167
5.445386847976968 -0.6854158786074822
18.323109543686524 -0.6368685275288997
13.581336465532864 -1.148510938102962
5.470355828368848 0.5546799815064255
4.856847261710406 -1.0085312746159547
12.108415041240377 0.406749036797963
11.434048988522102 -1.229392045540075
7.582372014466749 0.5280844242742615
0.6971319141081475 -0.7291879906763414
9.300778282894075 2.9845943898365204
1.4278561907557201 -0.9793713661434407
4.64179000446149 -1.6461594486876956
11.51558781260763 -1.5989100656560233
18.71367736038512 0.4284548660550949
0.6306686057585509 -0.73809116051139
9.604453298224735 -0.7422915083489835
3.1264049263828593 -1.2104058525655153
7.171306547947552 -0.8481035716081632
3.400721058295713 -0.9716767946665797
4.6714603693467485 -1.549369697525327
12.363781061996432 -1.0412556524912144
14.080528947890727 -1.0443162279076803
8.411118369086314 -1.4695975732695783
0.3013866525687864 1.854132342124363
17.975931166255975 -0.32505492064066827
12.676514572420961 0.48784851852098066
12.175096333837471 -1.2340208319192076
13.107365855675534 0.5839372444284958
8.026393901880368 -1.1196192778128942
14.997707615546116 0.21681743866328726
7.23174591474879 0.09917824371969579
3.199142947702833 -0.18072414829821318
17.770786501947086 -0.5936090293578115
10.76324683484202 0.54651860127615
19.430790096613837 -1.2443725305422189
19.119743127248455 2.180496140991635
17.92159888304633 -0.2716020053968849
10.766997510441843 2.721214383148538
9.754812937695304 -2.703886502980463
3.2054154391791974 0.07982744449583017
0.9140378613187635 -0.6954814694631591
0.6944032385980642 0.289544632973602
17.12313029279341 -0.6889431334609989
17.18101520273822 0.30472792380184793
6.971742813779738 -1.086586263296386
18.200073108955745 0.1464913072138977
10.9154781576588 -1.870326979738485
11.8568311869122 -0.4957954984065338
10.688822760407724 -2.6273895078190153
6.584746422930539 -0.8941634449672016
9.255230325010144 0.5265696429229729
19.006289423355025 0.7141251308176394
17.499472234307596 -0.41622793380932405
12.188038461052543 -1.3855161200510082
10.604057582689038 -1.760735038025113
19.23411184426772 1.1926339795659773
7.2011518565652395 -0.9587633517915155
7.465580001421012 -0.793048207003691
17.206599034566906 -0.47366307013004105
1.5261341356465494 1.127029369354741
7.780575930026012 -1.261673340713424
19.316635737384697 1.933452632358312
19.429771899317505 -0.4438649591386938
10.405009176264372 1.6689173521886713
1.6264079556486906 -0.6730218035597748
11.040920371678238 -1.5337063828634507
4.9288812282736085 -1.5310043681947771
10.902342961533838 -1.0896345278909854
16.762331955958288 -0.493388755035795
0.8317019804861414 2.1073205804241066
0.8261981198593887 -0.6369555277350346
0.7294631774626563 -0.70245663199514
15.68879345502069 -3.18866762319157
6.453773183045564 -1.0756089741347852
10.620339272619027 -1.282157004905894
4.423001799863715 -1.2323444089518654
11.515278102373422 -2.0807359294902703
10.520289968920023 0.5409517619830141
17.98690272237281 -0.6827010625939827
12.913967363547073 -0.01954277096117346
14.258633648326729 -0.4032343970152602
11.350312544626496 -1.7948945601334187
4.36349611488405 -1.7070753104527774
15.14426798758662 -0.2666533536828945
2.2765039491171684 0.10662640423848087
10.624919512502547 1.9737044068718497
4.465750749727982 -1.4506482228658195
16.11570778955875 -0.04371651330883854
8.516075628998236 -1.0600319731305297
11.551618774778387 0.16646630747442415
5.550239028475457 -1.6690813264439543
16.5018718220352 -0.104851910691936
16.411322387173822 -4.284413033120688
10.783691223829429 0.3232552583642313
10.84295823784871 -1.894325111475107
8.248837484631654 -0.6088445856039273
17.63349739948466 -0.6448586715323802
8.245337990312084 3.0871266002115654
13.34549858138297 1.5361447345605186
3.787295078922805 0.28132597448930347
10.417931297514164 0.8072573879352906
3.209060276648496 -0.7573638974506833
16.843724879416616 -0.10958921713794222
8.173231162262358 -0.4338349778907732
5.271689351360775 0.4620430160186407
14.365096478705397 2.2426487213499215
1.6237277200988565 -0.7026165670321574
18.22193946848422 0.6152317264941988
11.920889027255187 -1.9475959371741625
4.551214224091661 0.6899673457387774
13.902363005380082 2.198341177938559
9.07858827809687 -0.2825889690993041
8.58267754962506 -0.6425243685905343
6.4843190650738896 -0.7780938486794372
2.085399052403738 -0.9364590222636484
1.5941421239132427 -0.9330122333103765
16.725491105451017 -0.7113293984008104
1.6253953461992094 -0.8295541206276096
8.007927928358695 -1.2441039745341824
17.05346476137265 1.2154255583827294
3.13951053129215 -0.8564984898592394
14.785908993291923 -0.2511172865204374
19.481174120666353 -0.9586923741839745
15.573254172226976 -0.5611770537305032
10.55470965841463 -2.3891919155114167
15.695613824138666 -0.6085531193266549
17.029408586439153 -0.32103257151450487
12.552520745963246 -1.283760913053255
18.588933664556077 -1.2483004401233861
17.467168286801687 -0.7796482304483714
13.914607881122219 -1.0976029998383376
18.679132126737468 0.2263582572572853
4.258007784587531 -2.070895789053351
6.5962888813892 -1.039743222949682
13.395019314560956 -3.76263449847628
4.237890457611938 3.038387089470801
12.673938708067885 -6.156063054590422
11.425850836996686 -0.9223092718646907
1.828586759313104 -0.8712068044810665
0.6943514744704907 0.6708196167828391
5.503009387677566 -1.5267414089155553
6.122423327186093 -1.1942145315339814
1.8500867844252458 -1.1325063539147586
13.159498757314864 -2.1668380703054386
10.318388699143902 -2.420693314632335
7.286392246649673 -3.1243543758600913
13.045351689168681 -1.1391743185441507
7.091795674996033 -4.262144376855163
14.850888870617817 -0.6200112597068597
15.410293348757689 -0.5173156571778785
11.651287006424027 -1.3767837819095594
9.356353028796807 -0.9464721357771058
2.1404166292117073 -1.1643422490684536
19.54013516463129 -0.785596626653721
18.751276308207142 -0.36378866304104945
17.149455763255396 -0.26379896624367344
0.3712142393828771 -0.72204870130232
6.433291642695843 -1.313442090285781
6.900675341037199 -1.119707102467859
7.455372753717893 -1.2954615722486762
14.334284091177443 0.33562435492296416
15.60297525797507 -0.8769595048165743
9.274957379677078 -0.9543316794541093
15.50352398108669 -0.7898283618717724
13.489116096502858 -0.931370102164942
11.23753342153745 -2.156845973797373
6.388584216725541 -3.9650990637968744
10.348331696038896 -0.7538374737948054
8.411447999582657 -1.0725015701108465
11.007755627051976 -0.07699744164712383
4.4301141494759175 -1.7658731617445205
10.446905511882841 -1.802162183904328
10.832377455673463 -1.6185998220869855
7.191943438219721 -0.92897253103638
5.6223944725471044 -1.2262622851943457
17.80537150975858 -0.7233921981842296
9.174527181431252 -1.0723718694351303
7.926496342305586 -1.4333424135402992
17.6809425397805 0.6587299858923512
13.679750090972995 0.2884715350545945
18.536531087586845 -0.34106113822971473
18.177645293280552 0.8848409746445126
8.684553542409605 -0.6821408823862443
19.496377755768712 1.2113666932550307
10.59525850905659 -1.38664790390166
9.063239077878789 -0.2866942996974606
3.9635754381958925 -0.6947623002295696
1.854479816705037 -0.7829819224933318
0.9452153561316621 -1.1280744584963185
19.19846449172759 -0.28509736168967376
1.273753345025067 -0.9603020681104961
9.15954003789954 -0.6143911135066055
11.692589873017994 -0.2624464052715098
11.190164751456924 0.007544143947554677
0.16124372343800009 -0.5519957712954556
5.561660556960539 -0.6276726439306562
9.803064913949472 -0.9265953957063331
2.421572326922915 -0.8466497447956394
3.609814065861 -1.0089727968974682
13.346127896477002 -0.6177761411506063
8.287266070295253 -0.12599259476207547
11.430243170417523 -1.751608319533845
19.625048626999888 -0.34634883284009166
2.3534679824709266 2.6061180034566975
3.673692386377597 -0.4500478397867301
2.0284946563799604 0.07720538877635502
6.595448057588123 -1.2747774854576002
18.29208507970053 -0.04279537469444799
2.447457865520836 -1.2044747304211019
18.80064499959501 0.557682004764614
11.199575546824205 -2.3578598289798878
12.245974646502932 -0.06280237242581133
15.408292765149557 -2.8174008632333285
19.571105847822796 1.1749726721658191
12.648420113266505 -1.4546115496379866
2.9761006252054276 -0.7062236631048909
19.767927538521096 -0.4727677633931382
9.090090394519855 2.727953625154076
5.976626604064699 -1.0540622393085979
14.597846411685266 1.426863362496572
1.5597387391887076 -1.069414597533299
11.117440785023254 -1.1351427086081982
10.953848859548934 -1.230749821986656
13.699502387143381 -0.5855186481275045
1.6370114732387797 -0.9481013008302861
18.386002910549355 0.3197160137706157
4.889165864826518 -0.7731351610925219
1.908189959418735 -0.4443128185965818
14.630486272303587 -0.6561889243077124
0.13943026945468528 0.06697239179422765
18.854755798177234 -0.649814795056927
18.439300485009106 -0.016074251305705743
17.706835764444893 0.6227814146994652
10.54077271406762 -0.9662817291260175
10.904754793172707 -1.1519315750905612
3.611779264294639 2.727642378513317
2.1664513243525865 -0.7960801059707882
6.365692875444593 -0.8063882153081242
6.225774926359605 -1.3238882893767017
15.258012474015153 1.523477914698113
19.30242689771481 -0.4798728686948025
16.031545915595444 0.682641106490782
18.630564950917492 -0.6799207227986542
12.294586358230957 -0.13212236789337845
16.138347591643935 0.6347415480298099
10.722515514892578 -2.4047270530412
14.561472767145643 -0.09060021479647153
2.8127421355752884 1.8955519691863705
10.509757412676999 -1.0533211450091098
15.883598213897082 -0.6634612574983212
4.321854346151255 -0.17746123477809259
14.51576589531081 -0.3798969465796988
7.505849224901103 -0.414110210553443
19.094047958335455 -0.7615408460655639
11.503581863194587 -0.4724615434765373
7.582047841386053 -0.571314799936014
2.200752108395983 -0.6479131826145799
16.613569994743358 0.9954349786643519
13.965996511351497 -2.6659384679682288
15.429718783695334 -0.21260551938014796
4.759812920581965 -1.1819749522707979
0.6318642435434979 -0.4489585802652981
12.697559694956837 -0.7504372453398317
17.450171031481702 1.7848415377265867
10.665103323626889 1.0216610190478075
4.483335797993508 2.4385187924938556
9.980710612189721 -3.6282104278311613
11.373157987207097 -1.2771281583901168
10.731714735121665 -1.756586868680022
14.63985081721912 -0.36217215622949817
16.064819481365173 -0.27639671442262037
3.512593305324475 -0.9716322782484842
18.208197657249627 -0.5770557791475247
15.817542217026567 -0.4907256296703999
17.890835903867828 -0.2681996080398726
8.34268001291816 -0.4962204869789884
15.974318558857913 0.216830584638943
13.407642001844513 -1.2101320519855892
8.978026305194014 -1.1063860704438044
3.4306928918538695 1.79265531504855
5.718578268803005 0.025593864870738496
12.922528363844876 -0.8008917757700316
16.64653079730807 -0.30520066150275915
10.730408078961931 1.5719906041011995
14.095631027230828 1.5518054845347755
3.7450781778643987 2.3993080554074093
2.95082572574829 -0.6471141879890104
0.9570543046753467 0.23025184755707107
5.788726288889557 0.2900580878003156
2.66124182877502 -0.22807761814231822
17.296998530653823 1.213123590846688
8.401528244135198 -0.7353137449608087
4.103183630436013 0.035395929098777104
4.957413501209038 -0.902693535523221
10.999607318802319 -1.3725727007743969
9.716767489113074 -0.24595672238796737
11.581222891565078 -1.8281820842006604
18.315600022694518 1.1023312720769358
12.19860640598561 -1.7142313272030223
10.645440496465639 -2.2545215667762593
11.730866016972248 -0.8866921131781984
14.169919246094294 0.39499092255033813
7.214664442486706 0.4847502374689078
11.536616332864604 0.26990557903152473
11.211301327619918 -1.2621522906961993
17.972458277910842 0.4259874766692941
1.1304251763351252 0.6207720288362579
13.963740295422463 -0.41904098342443424
3.686684523087584 -1.082889226613023
7.016939479621936 -1.3277829497747042
7.256030576180388 -0.9576426428528059
7.447679077450088 -1.464243478030121
17.85527934223824 -0.2555248879702607
8.406143370167335 -0.2273356471162623
12.800183752494885 -0.12662980298182008
4.5845771670324105 -0.1460635480782105
15.464784364901224 -4.040637264229888
16.528494855479998 -0.29197933561896955
19.471915306899636 -0.3603761085978176
12.194590143304735 0.31114851130489557
4.153174503796308 -1.1943623266408236
2.701395411926065 -0.3802035647026438
10.900811415330466 0.17725151538477266
0.8099644120657491 -0.6517017580774386
5.133324810402725 -1.3715282503014092
6.6855628959746 -0.6425710694771092
3.962110462127947 -0.7383837792207276
18.442043934665985 0.13657126250717483
5.052832870634949 -1.4828870361077948
4.93140338350335 -0.9563257148370252
19.56344784885989 1.6168524706499838
8.129677540074757 3.325632702486813
16.209232922568017 1.2696413332369996
19.332013943093244 -0.8978530486848295
7.554504914242426 -1.2424242378683439
11.88631063057576 0.1398266609169792
16.508990444623393 -3.045331092476465
0.1969980589431336 1.0276246476649984
13.731676527199177 -0.9351642283841121
8.051137182742025 -1.9129005998447073
11.552257591500425 -0.9484097648092575
15.582071127193883 -0.31280152235173253
6.766632186412813 3.5341523619746478
13.083963955103133 -0.7088372747135863
9.043857579130432 -0.9251854274084824
14.527531989188544 0.15589693620104106
3.9265858749642786 1.353124345010941
16.12728508837264 -0.7374909152348934
1.5618545586790742 0.33075216577122535
5.314121904664842 -1.0824746553054083
10.718394468234733 -1.3240457376230395
9.612413623447157 -1.7577369826950295
14.593968052325478 -3.2164943281969394
5.1013411423182005 -3.040149749036306
1.4180552663442048 -0.552914462332355
5.895401874107802 -1.1496058946603231
2.7709908483012144 -0.8519704234612556
14.043356988458187 -2.3127768602231815
11.438555930044311 -1.3357638672495142
0.7457395026783553 2.1855343503329814
4.8689816151168 3.4315906315141356
2.6633253691133865 -1.3709811889413681
10.831874439537842 -1.7718067107472906
16.52433309210666 -0.7885052481016364
19.82047883148046 -0.8160477269101851
10.306864158207846 -1.6411572819723146
3.77028300943706 -0.6026799422857492
18.98805698275216 -0.3716820746648936
4.989200689703343 -1.4095053990753432
12.124150787166013 -0.9778710880136113
3.2976953646962466 -0.09099751842726846
14.563778988474862 -0.7932596509832195
7.5601163609969975 -1.3993795056185947
1.4514465448837597 -1.4210263171705784
5.8980539827009135 -0.528385390264745
4.812451431492389 -0.5854429422911713
4.455501477577427 2.5101363705351276
15.741971185694943 -3.017164280281937
13.527139192613742 -0.811954587940536
16.556382983221287 -2.1438098009825173
5.658167639391537 -3.0042594331399246
5.757757633145118 -1.0759332382326894
7.315506526404931 -1.2289190848636808
9.841827911120127 -3.195692353868006
0.7004757262462222 -0.8446486942297289
7.139821820499416 3.4251345810722476
13.234771606490897 -1.2813121420456317
1.8122063672765676 -1.2923603497391885
18.53273446501389 -0.8487891384320713
3.8615061061481972 -2.2380989271369574
4.203025645938802 -1.7484967398480582
18.88562281523747 -0.7003361508504473
7.327803566557794 -1.1718518200639074
8.141289595237758 -1.219154150595831
14.916195154546003 1.7112073615410313
18.757696399368694 -0.5258840278623995
0.5407638828030846 -0.9673351624021922
2.1233396523626227 0.017774314806045594
10.016881249489286 1.528014659224956
11.666964882606717 -1.41654115681946
5.5765589130043045 -1.4840385167548855
18.12075624786387 -0.5148447942337069
19.147857200287735 -1.25910776658777
4.943763428894709 -1.4905179659708407
11.01513484465465 -1.9226052679827268
17.812091754499324 -0.2916134120986531
5.740690149297005 -0.001142296771894917
9.053908608984903 1.1554473735203405
10.50663306225334 -1.064501706223756
2.4393176042245797 -0.8383378586246382
17.71555779354673 -0.5402703105502477
10.771259396594472 -2.0920945770779946
18.68713294156367 -0.6668046541405102
7.908133735331369 -1.3958940336315528
8.39069968391219 -1.0707029332771785
16.897026589641413 -0.6078314650138715
9.023540902849382 -1.0558181528191164
13.828385489257343 -0.42990086998581817
11.607128989202268 -1.709239210795021
10.79614654507267 -0.16001882871458786
10.416149453678027 -1.3252130469182446
8.789696861563543 0.6692936385349686
5.563688838312197 -1.4113825838094909
17.331927401584036 -0.7272810391785252
15.006856120125807 -6.3772821654781815
7.408309090848294 -1.2298192529358338
3.053431472950728 -0.855925042735367
17.608404575653843 -0.7711179503796078
19.59411816078042 -1.2056320653431523
3.4134755212736527 -1.4381469859319953
11.066073739443532 -1.400436244482526
2.814828572455888 2.4618786279386384
10.462157290604532 -1.1111150623868966
15.178834506875805 -0.21606965129817082
16.060645011251967 -0.6335112221922613
12.738410471953351 0.48494381798365227
12.76291603748038 -4.267134851730721
6.540951967604012 2.1936275444156124
8.938357825133227 -0.8697214848896329
0.6490213636575572 -0.8306856095054918
15.535093749365002 1.6516988266540962
11.452043458938274 1.1605771092721737
5.612971831043282 -0.249164424776775
11.014699366145232 0.8086153989971425
11.85116965333798 -1.4494015021553626
2.910839881208861 2.153309924437329
19.716420703508216 -0.10723112609678846
0.7721462722753935 -0.48864564768483715
16.75262354220504 1.3133657767949194
3.5799831501041095 0.20139700538527364
6.043134487136391 -1.3712003400126116
2.347358680536211 1.425697529519716
4.7211086215831894 -1.4055227745736942
19.74141458815576 -1.0814655877881205
15.453857079174414 -0.05130018234137038
0.9815051826361907 0.5325210013809117
6.211705208942014 -1.2068020235130714
9.747554896063734 2.4269241905373056
8.150197155769593 -3.863924932231008
9.213460147966787 -0.8484980397386847
17.05966604193268 -2.6811108726817157
9.914247312703775 -0.16688595693929464
10.4213704473727 -0.9429131934954043
14.734770503629019 -0.5115139599115672
11.012965074643777 -1.6682631011327023
9.567133154160315 1.276506898204
10.97115698108035 1.602061136558417
10.85621751869397 2.3663422917129258
11.145643353637983 -1.503210841054084
3.291085771636252 -0.6101026889047699
10.528444960976643 1.8450550482180115
13.128126056252864 1.4738978204502309
7.720465092410315 -0.30509134076159583
6.347687851753103 3.3257164717540695
16.69996959369501 0.7295755037410925
5.9249088544020765 -0.41229842792888444
3.903562188217128 -1.4727458647173008
9.153149543090823 0.03546006593643909
18.250542857206643 -0.010853274841171948
1.0803752678285854 -0.4559427096351596
10.028155373385445 -2.6349729057665154
7.218545732938942 0.7887830803336571
19.068510881947354 -0.720691489873097
17.19346657991479 1.3320060365574413
4.599496763823899 -1.296493057111355
6.725267264547511 2.2260225350411527
4.422170027713164 -1.16657981067748
17.386810114491446 -2.575386898071248
13.32743327535283 0.5022981543533741
0.6668941272622891 -0.4644836079829896
18.381863525545533 -0.7866559063277082
8.105330022756526 3.2123671330844945
16.30835225715388 -0.1249881667919238
8.539700875446535 0.5640807877684733
3.9477285805826323 0.5398847318810873
9.26063784479296 2.49978534166388
4.698880086217068 -1.6938448112197892
9.643202872138641 0.7421971474414929
10.217903851258548 -0.6249985068513831
13.421447787781931 -0.6381478805816915
18.467093935595802 -0.9665333304274882
14.685400292706657 0.2965254728118522
11.618760742317958 1.381444812663346
15.016681897799618 2.303980254256514
16.940306858043733 0.18705878984474006
14.955965744037789 1.1197003123766927
7.573926493221909 -1.2795744749025446
4.421112593761643 -0.876648370503504
2.498836463372217 -0.6621601532011665
3.605487756455945 -0.592601766096314
10.297052668631373 -0.999512493875388
19.803375806979297 -0.19944008206467895
10.820478641227824 -1.5270305041231975
11.321140651576025 1.1864214442346124
10.77279621687504 -0.7123739687596964
10.161915869976877 -1.224778481176071
4.387986973544739 -1.2302280526367821
15.685320041029083 1.2450819154726047
19.328194798051054 -0.27547563937496206
5.162904636126539 -1.184402701035268
18.398514086223006 0.45071323679266695
18.07536002201894 -0.9166303577531488
18.811711138379966 -0.31346614260688077
18.268535394790643 -0.36763247381715236
10.24872194686715 -1.1732167733209777
12.297470398244656 -1.0824983892687134
16.035110041893013 -0.1739574094394188
11.019667813540591 -1.2379955902440551
5.483121972532648 -1.2921936161758214
14.364913939215624 -0.2691783098868148
10.77471220121999 1.41164335950965
8.273261403978177 -1.171406558182463
0.069785026263812 2.2220957591870825
19.7289976900279 -0.5007593098142703
19.212594095629065 1.5617718387052462
12.413046312415874 0.1447368344401881
2.0516455380362753 0.10293602999533791
2.816234136739147 -2.797344139516576
15.447491303142128 -0.586690477094024
9.908951785295752 -0.6291594489747829
11.925768656124642 -1.2326487813333917
5.655131522665739 -1.1263485609649373
11.500332267869446 -1.1860343434891065
18.804030779264522 0.21707361950870832
0.8604900997420226 -4.032346312323561
6.158808532748954 -2.4954568660300667
3.542540490730439 -0.19071243008607627
7.8685281296702545 -3.8333965312786953
0.38853372641470785 -1.8387266977196066
9.691090416999673 2.5203897188221163
11.11401128430235 -1.1492629359308748
2.3867486689151645 -0.4815957276243277
17.187627291392488 -3.9290940718790988
17.05714904532632 0.3413910790803742
18.289382300573784 -0.772999026913152
17.87286835088432 -0.6359623125587612
13.020660270279402 -0.8707482990922555
1.3840239946291484 -0.8576699689917047
2.5332248457539275 -0.8828657688398206
6.736897998834337 -1.2118093336612306
3.7317884875783256 -1.6528118792987232
12.05815648019784 1.8947241799081584
11.104747681086293 -1.5781203819081664
10.371225856582779 -1.583657752634681
10.56366397760661 -3.3755999094381757
11.444383858362821 -1.3177958778903462
4.142492865672881 -1.334118074769882
17.59643022325927 -0.33486497197438275
0.7214929694211534 -0.7596770486842035
1.003002223861808 -0.9720440315390262
19.04890395590699 1.1643093333632288
14.521519471013082 -0.26189641593491036
