8.566288335801092 -1.2538440629384096
0.3148191732368065 -1.2475802848494544
0.9433173596313057 -1.0560279758916733
12.155462804698407 -1.2231726616589889
19.839147217070668 -4.115783766242633
3.571390169626467 -0.33807191905998385
19.883952685674924 -0.9081482190850932
11.151299545809273 -1.4039282966205666
11.451534153373867 -0.6817950669817661
7.001825026988777 0.4857890096456058
13.81611301636629 -0.6735297951780119
2.843507806290181 -0.4236773670272585
16.72992428189742 1.5640490323928717
3.3004466431780473 0.5514233841558879
10.375399981408387 -1.2062252480266065
11.329294660356005 -1.7607935947888174
2.9204384659152622 -1.7523427668117946
19.815704472792696 -0.6377766045978808
16.357588537460597 -1.418119483368712
13.811833399114255 -1.1718216229531184
18.31919443501967 1.0298853698144823
5.817674928946628 -1.5600171410648886
15.996427852127285 -0.8134336567456056
12.74679369526121 -0.6852836172194828
11.506230245601849 2.7871577233666787
3.496707786038947 -0.8858481313778619
7.066516365510672 -0.3794128567636062
2.989796998070756 -0.5668356124143269
13.714320691232263 0.10151598398458728
19.20982396254058 -1.435878070858818
14.037648900464719 -0.7653985882272075
14.872239890211718 -1.2221705720687057
6.922878474908529 -0.6829513100376969
16.962940604155246 -1.3901735472113834
3.489491021890527 -0.5459882852374762
5.3166909348548606 -0.5090496942699334
11.42564614602982 2.757359232061128
5.161982187443464 -0.9595803234885467
9.469298310343262 2.2451673155595744
5.7741175072987545 -0.6550354587464777
8.432471213551718 -0.6945440816189369
7.922425378384118 -1.5307811067942765
4.932040091069858 0.02060747354284001
1.3596392283964869 -0.6048778748634173
5.321588215752239 0.47250405530672834
1.9660555417193024 -0.5036515179591333
18.520598176567223 -1.28910902045796
2.2820095232987616 -0.8074280157116818
19.684082528554473 1.3745454811911197
0.9516559623222305 -0.9614472004184716
7.035083877625923 -0.5130528455483446
13.902542057886 -1.1326431094491864
3.5545839082011588 -0.27259017767156773
6.65961499226341 -0.08161698798018101
6.64239858440583 -0.31330140499324227
17.799649091274418 -1.6349091255316985
16.04648443787047 2.900093799775441
0.04620696559706684 -1.0243631908091826
8.341329585636748 -1.3627886061058558
17.89421219709296 -2.1562038870097697
18.21390469571817 -0.5563961985397989
7.2718983028802535 -1.7383831290213922
9.504860333498572 -1.3548321624388864
6.629510739965947 0.06940730056431824
12.371472773872394 -1.042303652722941
15.721046794091812 -1.5429304501127326
3.675224512929065 0.28594779214985727
7.610615697914828 0.1953984164168111
16.693495122529022 0.6321660799154407
3.3793708955322983 -4.404743853975265
17.791060677966954 -2.0101413926105303
5.824260172131416 -3.9521153132741675
16.829357805187247 0.16744597958109536
8.085995260224234 -1.667526477959969
7.630303569440649 -0.8378092434461433
9.196191532649687 -1.8593967698351352
13.332887722009959 3.0338835310852503
13.344484745755475 -1.242620345589199
18.586248821630658 0.01363042385766007
10.984005358535807 -1.025762432048207
7.639656310949785 0.9979615426846677
14.465929948121277 -1.3086759431116552
12.58191038779049 2.6918106080730753
2.5880578870579543 -0.5980596571492407
15.18647897395045 0.03300891445845876
9.075435678660178 -1.2619438204662552
5.059208982308863 0.44457018753423194
15.563216244445371 -2.77279392937437
19.397449257011942 1.4119670196293732
4.867487886657631 -1.8510649191285737
2.1943531693944704 -0.37299294700453967
16.3248733260423 -1.458352229026274
15.50471365273234 2.7839378664206955
18.617213776180364 -0.6809031973601745
3.8046072809348357 -0.3026213686560602
2.4173738899383572 -0.4705822713940577
1.5476051824090513 0.7372615369805834
19.88758077186675 -1.1677602047335804
0.4591113989597351 0.889401633938025
14.764070464076038 -1.4157587342098397
16.551128685170617 0.7943650886537125
10.145571304452554 -0.9085276183032472
18.852417296482084 -0.96369872721118
17.23118194876039 -1.2359506602174093
4.01068449288774 0.40899649506456864
15.990643712949657 2.9455867242721006
9.760175826988844 2.5931887722094813
4.049136131392015 -0.5442453844958292
6.42507242009303 -3.721056558631232
19.273374825233407 -1.040327825313373
7.2914411450231515 -0.646795637583775
16.360906175456687 -2.2807242234643534
16.804457242611058 0.37279436310535724
15.965837392866709 -0.22365445526379235
7.533082249555505 0.3633711743089258
8.857777185095179 -1.7853781407604585
16.206843036600663 -0.8931308748319169
6.931060901876457 -0.1686408349216464
12.933894854637442 -1.098521587198571
18.782773762799337 1.826405567735233
10.02951602382774 -1.180977783368421
14.89353835624937 -0.05209062491773564
14.739017715458624 -1.4180063951501605
1.2507777517998886 -0.9243610883805214
2.7531770504645494 0.13219793774418634
5.42425932694161 0.0037230559120131953
8.310723305897081 -1.1349695318425188
7.09035797318992 0.22623319478249843
5.7050443850225 -3.3904615740310287
4.509309026648072 -0.5965055110278663
16.937577523187585 -1.5147578050603048
16.331966197635484 -0.9528852172515831
17.520609475741583 -1.4748349191786232
11.304554596056729 -1.2786570520577303
19.84226387520572 -0.856970068249157
17.50512447611845 -1.1429102419109578
0.2034025495127974 0.7627427721610555
19.5908562454813 -0.47743979261793734
13.762280962332596 -1.121125943796942
16.420357849566425 -0.8364849543249052
7.40015275312564 -0.9970519471518544
16.728101588200243 -1.2209235806421581
1.6457656230400026 -1.6862289414734488
12.182221543243875 -1.2412127930642454
1.2726855539757995 -4.1253825320904856
15.905778785476093 -0.5160179494507781
2.595814468273279 -0.37656432155434066
16.91483539960315 -1.1838633637608085
15.465907211031372 -3.3322547773760554
6.640915497756362 -0.3061496842694933
11.1389929931475 -0.038819153543010826
2.099487961416195 -2.120074289925664
2.534594436627873 0.05157748322802557
0.592164946342106 -0.5403209845561197
17.02148099931531 -1.0230326496476174
14.783985649860988 -0.19379305125497434
10.060406569307906 -1.4245675543431335
19.649678972018688 -0.7152947801286701
3.129856910933241 -1.6690373335102078
3.829056884914022 -0.6609239366375631
18.344243546618685 0.6608888183535655
13.494011547721053 -1.081606606035175
11.787363623846673 -1.645107848979288
6.27829950580731 -0.5359516647340072
12.707284355723099 -0.9539275427423698
12.837234705445699 -1.2703155869830536
5.579209695549884 -1.7752760948249617
17.579848745935173 -1.1789094862763403
18.0753181927284 0.6900990982162204
3.937557624837235 -4.5054342266581076
5.994689268504277 0.07373259910650543
6.312416196927638 -0.19113077496896155
17.637928629290336 -1.7800410952669472
0.008271385870183084 -0.4660949224133902
10.596777158508301 -1.2242562029754993
3.939819428346754 -1.3120642476603461
3.4989434660783525 -0.986745718584907
4.647861942381574 -0.11655448914245424
7.882629306705293 -0.20745681931270882
0.9718332835723393 -0.6579162742513861
19.725819583652385 1.9312342960475366
11.93750091296113 -2.658019941712214
18.30802427265945 -0.5574605646532935
11.74369124776665 -1.7673017917323626
19.061330286390636 -1.0416215136983222
19.715064024987043 -0.6190624063181487
0.8997169461240915 -0.7145085032853767
4.1470282655230335 -0.3238114263969057
15.6160089986733 -1.116018477504838
16.342377573858542 -2.3148913045915616
5.248645629105839 -0.2899452787015725
0.43781132639176024 -0.6898267242974581
11.489033807762546 -0.5461378864314175
12.909964397627745 -3.298744201502568
6.903463379430507 0.8637238830662722
6.7968447281121955 -0.6297254567502796
15.162843326106664 -1.256382588700906
17.5527364961507 -0.8527696146709148
7.933917204288426 -0.7498928546029306
18.53250833080529 -0.7871257436885033
14.057568100809968 -0.49116426002628905
16.602618857777713 1.0198940044214826
0.28614930120245463 -1.3891711133755704
6.117461034572147 -0.4991719978974155
13.828185935225138 -1.1901096167052398
17.57812892282659 -0.8270337955043688
7.494082882677407 1.654530519901525
11.598175243266247 -1.3688936118987018
15.947767247023199 -2.5027171097275227
0.29590090970271604 -0.6001585808877786
9.317105002653165 -1.2575209665922136
1.6565968127848025 -0.6249953700071907
8.121437786157735 0.2584812497162154
1.1198377192645401 -0.29905029341848927
9.942617738451121 -1.064566777598754
11.307043957696136 -0.5286113865018452
4.482247965704565 -0.6063510720859575
11.41112503769542 -1.4602828827354994
13.404526621135155 -1.2772973038294593
7.5156370921632805 1.7806280408189419
18.579591732351258 -1.215614783245068
2.290822547907764 -0.03884102414434788
5.695550027587919 0.226532271942826
7.644171638263203 -0.44599876982516873
18.911911201997086 -0.8772053672617947
2.149137637580653 -0.11551738567158279
17.702022962301584 -0.5720230290453131
18.605522162006423 -0.9608456872516182
5.4269674754159825 0.8500764177240272
9.388416691668501 -1.2831554093119664
4.130832480846665 0.15326078780153574
16.56633300270604 -0.9147374824246034
4.650365369767132 0.43627288434406297
8.503410739977474 -1.419662807370982
16.13227474507533 -1.767326709766705
18.284395318835752 -0.2200402239279068
1.8391005063064054 -0.8271848777425608
0.2921040408857199 -0.05865476778775124
0.5114648602391259 -4.314074364878923
12.887795492240095 -0.8961531931125969
7.0217040432000735 -0.6742486380952891
3.491777090620977 -0.7530847449775865
12.975638496598314 -1.0570896919333168
8.755861956088602 -1.8619599587207525
17.762822302463228 -1.1914007438996808
0.8585248828050782 -0.9512403623346827
7.928009802464024 -1.3708717954831424
6.235646592265648 -0.5809321194821453
17.069527561144756 -1.516688336640349
3.654442006141792 -0.43331586594114163
18.705951510802578 -0.4275662350374616
1.567586156812397 -0.5417712645110743
7.979764054737391 -0.9758221021403723
3.3598688587615433 -0.604021276408163
18.13080178573043 -1.1092935370308838
1.3377383190749668 -0.6806362487451244
19.300076875195007 -0.8668287607971494
15.732070804077539 -1.2277819420356901
14.627388031896324 -1.7171280231172605
12.809367481954702 -0.3029706685455418
5.379425162209321 -0.06201437695904484
2.2402041163042266 -3.762352174730536
19.602149463459106 -0.49854319970858174
4.94915841389002 0.15706474990208222
12.556388575440696 -0.7412363161148179
17.007225683262746 1.3525966415291406
7.324870885495926 -1.1173595620690429
19.416536947837567 0.7551610478681539
11.964187614050157 -1.5471245928219208
12.145304105275388 -0.3162799855627942
3.141792885656465 -0.29348932438890946
7.282735841025852 0.39770263933093636
2.352343737327457 -0.39929268293732867
12.646290225752697 -1.6265332190964363
17.957625542681754 -0.6647469494806448
1.2636505057269347 -3.964867630418443
6.198008467903299 1.2146822485184587
15.439262501744706 -0.6632029268697678
1.106083181261138 -0.8159588532096651
2.47945625234678 1.5539874984887003
12.545613394210338 -0.6536499725504665
12.332318439718525 2.8556739066318033
2.0385298656301627 -0.20877168659727827
11.448952472089312 -1.3122272049060193
1.40605438070804 -0.32051898176408594
14.556316372996381 -1.1029343766007031
4.369294187922651 -0.08552718370645433
1.3912856744607693 1.2839539355146348
2.2891091503703467 -1.2504004447290644
8.05738936842587 -1.4274903872351532
18.639187686648757 -3.7146965298963615
9.27674166567122 -1.7023696369517685
0.68830662960615 -0.9056162146855742
14.119773545049409 -1.5206707687846541
16.26537693411854 -2.3586748320529733
16.57831960421784 1.1845447172867762
1.3739319246333879 -4.161438638192985
17.479236787318055 -1.6046167600114398
0.6032270516110082 -2.476709640351032
19.290720046236455 -1.3505413814237737
12.28260165267549 -3.0498689400874173
18.10034569841462 -0.5915084610075905
1.8993088405122616 -0.8697593663988872
5.255665986477064 -0.43093948245816
11.59275794622607 -1.4192086476671175
0.5215228452984748 -1.0540993668288907
4.463397801454873 -1.0077049762142363
17.3812022743113 -1.4695867851191997
17.947278877360777 -2.220675236731201
11.803764904812953 -1.640831838127224
16.507070526057856 -3.4847182655507933
7.768239718086506 -1.6079019226375992
9.541295040313393 -1.5335611555117357
19.742132996775457 -0.17194245649890721
11.881213576740913 -3.1654283723959056
11.073720473980833 -1.2683629993429812
13.644396969928803 -2.835306007972679
4.56624166513484 -0.4816970212856454
9.51955274204813 -5.908913634994227
16.423450425183017 2.405886171854785
8.454703275008338 -1.6999802034113616
19.124042042501774 -0.6305644741696828
5.088821355726705 -0.5464668362514582
4.57393849476349 -0.5944334189134399
0.6561324897975394 -4.2655354431133645
16.630940732185362 -0.13497240869280475
7.687365255537177 -2.2872434737982204
15.344973124620054 -3.3195181321022647
13.623952268041977 -2.145734411799188
16.439817757013287 -0.20951942693422085
3.673101341097494 -4.153899743412815
17.957289107634846 -1.5723842256465068
13.131666724764777 -1.6559353877379666
5.838992930968166 -0.7165175432342845
18.65347430489334 -3.668688661140447
5.35001517319528 -0.30719645051411826
19.655080867678734 -1.0701382580323424
1.5304106161732027 -0.41690606807396635
9.107117674531459 -2.6551479830938503
0.3856648220840253 0.23730738106702043
19.45489896339591 -4.343642429123154
15.244663183074392 1.0635348591845615
10.86847748587335 -3.901039749196155
2.0112726723723138 0.5475413539015395
19.463836999850404 -1.5272287565441514
15.711906334802654 0.6519564751796969
4.660271820907735 -1.2102984536945864
9.800717297798762 0.04054183987558249
3.7994346511012993 -3.9246139458255684
5.6187232728344805 1.3553608149388976
3.148759956958189 -2.234916388566011
13.095619870208717 3.3026203851727707
17.992782481372593 -1.7176504461270343
10.37424095576505 0.4062194810056841
17.867594234771524 -5.116647451714121
12.17810233635744 2.7390672012291915
9.388688487381524 -1.4157025067971951
11.600342452783229 -0.09694282407305299
8.802076034878633 -2.109237886156282
0.48412358994744953 -0.038142355301454066
5.438361291451875 -0.6196671187364818
6.583503322106935 -0.49284415974751455
7.499742649995593 -1.4021616268865182
18.790990666107646 0.23724661993754395
2.464613794267389 -0.38068436476833045
17.492044987993953 1.51687533274772
16.26304159075789 0.07491054382506329
12.457184496631035 0.13582591319883952
16.302756335796115 0.038178919263933415
10.982736552915918 1.516034888889972
0.7862375390669254 -0.32141824170380895
11.16042697022163 0.22805936614349578
8.050845267989104 -1.6759298100648727
15.767450217045319 -1.7391255840797786
18.02259817696967 -4.016543341918734
3.3777481614476748 -4.402058077855919
0.9054919795122797 -4.084192542484759
15.993897980326306 -1.117697558072799
10.313784313277706 -1.3797561177985738
5.971114583022867 -0.255252602717401
6.525083994001357 -3.840511654160366
7.1480006954548365 -0.47063987528705825
7.360319472920074 -2.327124418782109
7.4539234127822525 -0.6108012095283695
17.228257718480528 -3.8406004716280044
15.597466743399426 -1.3539941685782022
11.82752115323924 -1.944234222795093
13.695725480300696 -2.0520031339857794
0.4325218354651603 -3.5221405767552634
6.691919318719255 -4.354762445764998
9.118006628559968 -1.5139009521609688
15.430278608749314 -2.457321104620137
4.420938904271236 -3.586404989952632
12.955140687142997 -3.6135697585530093
4.822482546691189 -0.624564805901431
17.988947788616564 -1.502658105681924
16.404354112631015 -0.9544555789943413
8.302333307932312 -1.8791971540695576
2.0811119224276156 -0.6780675769686985
6.292996445948635 -0.6339312085664102
0.5123135363314962 -0.4681987939220931
17.076408855176 -2.418568768218391
13.534544179944294 -1.2104427931051205
6.07508643149951 0.15201133499562045
4.0466183245886125 -0.4959655174643025
0.6866239023002735 -0.8409240713012005
9.382897473815088 -2.2002911966292373
11.64705313892145 -1.2849077762909693
1.3667754026693104 -1.556954432340434
3.5925435677504205 0.9711801786885216
10.635280452495458 -1.302179531011473
10.934015553716565 2.511662869293625
8.979624808483614 -1.7876396098376204
3.8630017343700014 -0.7105809846366731
14.134760797617727 -1.2663820217436144
4.969080945073875 0.675836927950382
10.697096443758982 -1.2787650330622493
12.146504946992389 -1.2554470327716465
5.857543821949024 -0.6268510333907097
5.166475169848296 -4.161876795571339
18.568071843985056 -1.4085695748497364
2.8461121340835978 -0.5400900487740954
19.386292523064235 0.1969860697892381
9.43499317851446 -1.3709512728393034
2.7127296752771213 0.0448644035370408
3.647072733276005 -0.3266277928362176
1.2363894744484003 -0.5598705105473181
18.16754804540264 -0.7944629776736534
5.430647888137737 -1.6245840165692427
18.93659337721603 -3.8216501406702994
15.911491828547256 -1.817915619688923
3.5668811009282777 0.8200320309478707
19.454092653947693 0.04695494593818836
14.55541360393568 -1.2955383073949476
3.421170655785942 -0.4218832642041831
10.108850261309286 -1.3041212609357549
11.737719158793151 -1.1523749490235278
18.915015794530337 -0.31228005820150645
8.397611536733379 -1.3529382363603888
0.6706866185618682 -0.24603169112583734
6.629409255942453 -3.8449376296078377
13.644696062412958 -1.125444921706544
5.963662608234681 1.4119075859389556
5.103490397090286 0.22513950355509638
12.89858754088868 -1.1324737162741347
6.76005480427839 0.04941896511297113
16.579243538710635 -0.7010341020784814
18.268787406047732 0.8270106261359134
0.5080561243063283 0.7366680365339776
5.907571871745276 0.03714356529867843
8.105508063215938 -1.5513992476654317
17.62955341395491 1.073234934162791
7.188432137959986 -1.0912490928885694
16.464878759711077 -0.6583175228692817
0.6598644964603977 0.01813649006195822
15.689287693409817 -0.6710678809725775
4.063595350008944 0.8377364566084697
10.78106933718904 -0.6094080190963601
1.4703955717727106 -4.05552336742969
0.38516181883368367 0.17584533408038683
0.784838535079347 -3.941560981129893
9.458391317800618 0.43779697462936484
1.6324890006023276 -0.5968945185561391
15.835573770265833 1.3011313883871072
5.4474686761847835 -0.04939852259384311
10.258191472438595 2.6539422794361065
9.94048911889895 -1.55048432722939
10.19565152341926 -1.5214761134712396
16.989739354731068 -0.8614986622351538
18.89856930092452 0.7152450678668797
1.6449573177500698 -4.1559354695302195
2.6180195586573802 0.16878872429222724
1.9722873973468822 -0.4933428927401774
0.2519563897664252 -0.8338338509659438
17.045456779202595 -1.1556133181772952
16.61064568942976 -1.3447712943103498
15.669647850937885 -0.8775973088456183
19.279371480430783 -0.590064728970277
1.9845857929662691 -0.9637561295774407
15.178393982889922 -1.3204113560383808
10.134756045615875 -1.4713177252017067
14.436610537234069 0.3626424192768994
6.793307364327474 -1.242894764736093
19.61236862771637 -0.030818246660291558
19.73648850558139 -0.7309926790802851
5.834708968608258 -0.3680906396187266
19.546913013826195 -0.783385268805955
5.494350318526145 -0.7925608805272616
3.8148594557687936 -1.1633164722112954
7.667092151917074 1.3420303544890138
7.2234479589221845 -0.9976840803332452
9.887980915918975 -0.9463967188075976
14.778834187298063 -1.08678614839296
4.250131399411841 0.3020248591918572
17.197809196416205 -1.4931868339099454
12.477703886036949 3.004019154065251
15.498011001388845 -1.5168917600927088
15.226807216798443 0.4465901429241729
3.1712625059036927 -0.427821929510175
16.7717184240033 1.7188834719184625
2.9764143538545453 -0.43680764320344584
19.865321020240174 1.0557648281574064
0.34580027399275404 -0.2775708904060395
15.931372434002505 0.3385331696479711
16.471565956490043 -1.0892203764454647
15.56485496231204 0.5569338142749606
12.272857179743404 -1.2404358940142215
8.59111130648158 -1.1528128379115405
7.589200897714838 -2.0623946091275256
0.5332477194495184 -0.5268410778733194
7.7757134909858525 -0.6690588856906645
17.00726564359402 -0.44152230191256225
2.5824034863460503 -1.1131611903642962
15.849247836144578 2.7468015015429157
5.771495273846956 -0.6535137562221889
18.704540661780833 -0.592668299439064
18.096251741193417 -1.4502755793671844
18.15539679252886 -0.2018897986510269
7.55057074137748 -0.4234104652689899
5.682853588380383 -0.21712965409288418
14.3072075825772 -1.0167095967781195
6.787113192008791 -1.1487436434103955
3.9094006333932287 -0.377842106916975
2.058910393976265 0.43956251330892926
10.664352086891004 -1.8488687172716252
2.588863615037382 -0.41970521451645654
13.195389300533243 -0.8506507927116168
6.993253263855895 0.6331823868294347
4.234987516504012 -0.36156719013762906
7.7495855605022115 -0.16904402289802467
8.677750164971986 1.7621982344807319
8.809377054999407 1.7998886610393252
13.434655027646748 -0.9176326673758926
2.74989884973805 0.37357596120798614
7.088655572820173 -0.6518562538035445
5.049411933089154 -0.22925565632556738
8.369999845241903 -1.2998572678669675
6.394710034299036 0.05504739121864983
8.869891181486933 -1.2256238139109987
3.6964747652061214 -0.29275111515658586
16.3680883833343 -1.0559816738016163
12.474250426911548 -0.6155884503020856
6.59408406552673 -0.38138188118903477
11.918194657196917 -1.2157083598762222
16.32033423119698 -0.8755282306576916
4.691852411582213 -0.24298432388547261
18.063153511284565 0.12552449773902802
5.749080383344412 -0.48683428814248014
7.3109045071126655 -2.3029592852521885
16.70214026410013 -1.3238967675135926
1.5535751924968748 -0.7565084674588612
1.7372575860204615 -2.9531226334638188
16.735455967852424 -2.2779087690508364
10.155514063994456 2.5064369157575177
7.350484075448266 -1.0652000064915401
13.994657037166558 -0.9537810395629217
7.667428736745704 -0.9662790117545412
13.28500421682865 -0.9032563050339676
4.852220022843453 0.4684640522176484
0.29177663892154393 -0.4969981590334536
10.058181373039295 -1.3123678438279394
12.622053663891554 -1.218385707200121
7.720959386629823 -1.10355964035979
12.73004683245075 -1.1353779053538573
9.129615885024378 -1.3854271302576096
15.764664412777666 -2.1862058709044283
9.768703502951267 -1.3420421966486564
12.172685961882564 -1.4554548047499178
19.62629439078728 -0.24578238494593585
15.71047341276687 -2.746556246217032
19.687634512282944 -0.5930735406176572
8.880232577588055 -1.595079048234829
14.4003338441958 -1.0253029132182239
1.0736889289097538 -0.4170296809119905
8.327145694683608 -1.316249691478531
9.640286922969993 -0.8304829828813217
10.806195519987474 -1.5196681262857
19.494771285810952 -0.5983892196049807
13.933796155644252 -1.1074472938418893
9.893920717441562 -1.0577320158944405
18.60860835608191 -0.4379932280147827
15.49157656519691 -2.7412577963227465
9.628828410632504 -1.6336772465037752
0.4153624421477806 -0.6194104295871313
17.766525173748104 -2.06037352655501
11.775166973426503 2.6792440660646943
11.655603288790314 -1.3529640911003238
8.636075996230428 -1.590032699773284
1.4544654295980735 -0.1304191578046901
12.724200812342277 -1.0961205252209902
15.560432207465245 -1.0430105160924994
7.263952020441349 -1.0166675491528128
18.15445967401654 -0.4410780443136442
18.208195352699615 -0.01596479591663496
7.147974549706412 -0.7584606277605347
10.159678492447068 -1.4714677656459076
6.301486737899514 -0.7293011381194348
7.66348627610407 -0.38585003220896685
19.734057892635917 0.04326279128763787
18.518593259862385 1.077892496303075
14.217336916829304 2.8263949519595752
10.61468692719707 -1.124488598033028
1.9318320781757468 -0.4328265442720106
1.4951039481944173 -1.3184699609375388
7.085901918068479 -0.8368889170555596
11.845549533552015 2.6693939221242613
7.770616715333719 -1.5367725232531437
1.0318157628523692 -1.8212501836922177
15.32240916423533 -1.1207225640153795
5.94342118533361 0.8281243332921511
4.025179951217543 0.7724018727649504
12.999236834324481 -0.9914352565641291
4.604213527354959 0.47584594231945077
18.26379124594406 -0.6322282961613708
17.839403798612974 -0.5907971720992315
12.056560805208862 -1.5110915971946064
11.851495494758913 -0.9822031354139789
7.565758443582702 -1.2172838432097957
5.69465595920104 0.8657973315624928
17.586832621604632 -1.6884175160084651
9.260238199690932 0.8727772966708561
6.711672831958142 -1.469420627645315
7.6494156103259865 -0.3352413926738357
1.9250927114154273 -0.7290790046416455
14.869717914141887 -1.1549038910425684
3.6378607871742825 0.2955239884501698
14.86330061036379 -1.173205091754783
5.311287154854429 1.06679980765968
13.658937613343774 -0.08062339861917686
9.952544906024272 -1.3347926397427576
5.3385743562064825 1.1655490302745484
10.2691465927835 -1.6863312408883608
13.825970863899679 -0.44094127046628045
3.635074970943971 -4.219960073352013
14.79275423837035 -0.8962902722480537
17.21716774836895 -0.656678360430354
2.9480311044033978 -0.2560091251073459
1.3632188227958053 -2.1642144317639924
16.86505975552502 2.2468617930395376
18.791984996126818 0.20960051201111898
18.9445780981852 0.29186425148959466
13.870453386837905 -1.1911718900618458
6.679677541613268 0.9860828844518732
11.744817004526668 -1.345086548798359
3.3943108076058373 1.1805130499575684
16.824191822146247 -0.7579477946143193
0.9984123014379042 -0.7027845183368522
1.8033879479614678 -0.6862820311902957
2.0629235389471092 0.3388097410079205
11.518708109268747 -1.7075965365812888
16.810278765652594 1.4096591405556418
19.32084360562015 -0.5647912985426051
9.810129875126384 0.5439763511830249
17.35163569468112 -1.0678290333365499
14.909649661070693 0.47400477274257674
0.6886103014963206 -0.17641034376064518
3.0764364643682827 0.6284751495433242
1.5197374806683657 0.32577537236395676
15.367085006864341 0.44509276527331537
4.224731608780124 -0.20275377982811443
3.551704583189558 0.23731337276465017
19.89291185902654 -0.23332843088289673
6.997552823197591 -0.03470501241216821
5.127884136743729 -0.7484922298770236
7.108524366948074 1.2834254189653103
13.77874057362355 -1.0605100486251366
13.115635018848486 -0.761963239110155
18.846495394277305 -0.3848668848204136
8.674550853565517 1.682463003846239
2.913827804855043 -0.4122934209930019
6.5057066811646225 -0.3610079946271353
17.628936089183302 -3.6138337726326735
14.03280821034036 2.8007860639682574
1.7466805706839412 -3.001947867645263
3.1234603655029414 0.9801190431093149
3.7203922403237284 -0.29597659918617597
17.715713517219896 0.7607885310502791
18.807433985026822 -1.2954095717733463
12.047642047537494 -0.5701054245957033
17.200131964719354 -1.1663880579509631
9.263569688058334 1.9844766901242548
3.643602384257421 -3.8528976618689774
13.970980218450292 -0.5788016718696218
15.27942250546194 -1.1482607214300118
11.09309026884673 -1.0024618061845383
18.273993640970193 -0.5792966599062301
8.918692607167445 -0.1685826967946406
1.178953959078749 -1.7212966984826312
3.9154489727319364 1.2172485742210841
18.759300372381553 -1.40427952395474
11.486164489108173 2.997470919981807
14.268389340009312 -3.556511088069886
4.309766717054687 0.6532793219631573
9.86735228710864 -1.4811746009916629
5.6932198388679565 -0.06905611964182042
10.005669745680779 -1.3536554266959857
11.256592206513126 -0.9408046602101542
13.190514430215831 -1.383768896968733
16.849798542942157 2.569168300449924
16.50066039402481 -0.9216295846057286
1.3119558798251143 0.18639431707496992
1.2819883309826667 -2.8834327233949106
1.0144284257932195 0.1560459436367586
11.81391050223312 -1.4336999493828055
7.2513663383446225 0.3191371477524121
0.24534187759398285 0.0864060640326817
13.819703691883548 -0.28333643271475695
2.6854601969417993 -0.5193715168195452
2.0417189151027566 -0.4846032582967583
13.377603545020664 -0.12479345277374237
18.97231307657496 0.6715240260437148
12.114344253765077 -0.1043088530185467
16.07903650819189 1.259829779303889
0.6109928152318759 -0.20008198677377526
16.651021655179957 0.3368117647397249
5.648845145634129 -0.3763736024440441
15.657045525411961 0.21530007380934213
12.720015435794858 -0.9353040063926586
4.585963609571678 0.1571384141530024
19.784740408206492 1.635847250780955
11.009117437184972 -0.44030222614331205
3.3191321064229182 1.2404407307865013
4.208774847662611 1.1803164026914188
18.67603878486675 0.06989522340616997
8.5773486158977 -1.110702727593381
10.89129839699079 -0.7134483731963536
16.47451013814843 -0.9879424947441989
19.019546176177457 -1.1464136383998071
15.471833165417705 0.348103495182792
19.108998957487803 1.4649407734062851
11.23630371795287 2.930318370058855
9.445203171193596 -1.8745237624497146
18.004233143008147 -1.0968063298435484
8.028585331596194 0.08676427595019243
0.7063760435933449 1.6896789661088076
17.754945296040194 1.3976305716197837
16.361361348537393 0.7158660389662779
0.35272010949850147 0.33602351768932753
14.278129552077752 -0.7996691671874022
14.624648311208883 -0.32584859915193887
19.588221974008142 -0.2096114479953018
17.152776772693596 2.5253210719650037
15.959352303095445 -0.5510304031213085
16.421258311809627 0.17444008125142943
10.723932907847184 -1.0533058579193506
10.472710157526523 -0.8165371265184287
15.071030077327464 0.3156362597346919
16.647934164256522 -0.6753074019738429
14.733575479957244 -0.9549513090249819
18.51738273585038 -0.20612989597215803
16.464688270959293 -1.2849495045322732
10.060885273322327 -0.2123390571084909
10.02103475097048 -1.588442452204146
16.84490111748119 0.20460827034095141
10.972630042087692 -1.6076765834792492
0.7768879157487206 -0.12176977848780567
16.573345026128372 -0.7489458970546374
17.35903492466631 0.8957287189232964
16.24140552054021 0.82290888283485
11.233417871158299 0.13648921331423614
0.03130694101615816 1.3784152294362646
0.770261708850127 -0.12159853674546718
15.620602315189059 0.3051534925075198
0.44081004413881764 0.06740025231716086
15.97617275967257 1.104491187748745
7.216300648989628 -0.5163094921129465
8.516374939130811 -1.9805384185375279
6.29850472807584 1.5342843418571392
1.4212847942131566 1.6901114283069525
8.077612976187472 0.410923341842588
14.380059673574188 2.7000296188290758
11.539868192635483 -0.6505785992630634
18.789835818360743 1.1147223852714938
15.07089125180641 -1.2714864325974768
9.775154502226284 0.44450627747983773
3.660963956267122 -0.19783856674873
8.088935525685082 0.30324571791462873
7.869553355321714 -1.0861911711228263
15.196672052636782 0.04981813247724452
19.1525678427697 -0.3269948505732836
0.8838336192701758 0.08485998325897309
8.763695298476415 -1.8285666642600888
16.988749081791788 -0.43943122943698154
0.7931748923892248 -0.843570082237308
7.811677570227697 -0.9611646481213937
6.834102605889343 -0.6317279700063076
13.64027132068312 -0.9928087138300856
6.374570088517449 -0.5269132704467921
15.623787255833506 -1.162712177152085
14.228304708919726 -1.08249307360889
15.000074766304504 -0.9100274246060027
2.7813633776025477 -0.613488638658853
9.722153249822455 -0.7597550605807085
12.339681327594102 0.054051450749845326
18.734239241779758 0.7444687515040977
8.516416216109484 -1.342716394938944
17.531995251254134 -0.5860830745385109
9.906618800405866 -1.2745489409333417
17.946116248638358 -0.36328221863310795
10.707062956233994 -0.9030800472793693
4.992387532843454 0.0020198601135668027
3.4552256637114773 -0.41835939284963897
16.61858406246335 1.3291362390256336
0.45192706504903823 0.402763675665015
17.79766075444378 -0.028083838045244707
16.273096461802247 -0.176680721319715
6.6952798333496615 -0.9261357804263227
1.3689379319311066 -0.5540495019554127
8.210411340619448 1.4983155777916572
17.574160392403826 -0.8297435763102626
17.537451105800645 0.2702136146555538
12.07806005709451 -1.3195387428856937
5.157959828721718 0.6335990793388067
1.4308484142519249 -0.49308191105913457
12.73687011013871 2.9447241385124356
5.981808786724438 -0.6756500842522785
19.356364427415258 0.8311541561822897
0.8962317359707755 -0.18005540853902213
11.283065554276568 -1.1514208542762192
9.401187675160086 2.430831869072047
8.250192382225872 -1.4011690406446375
4.754410405039415 0.24412141503842796
9.016523173514994 0.8086593735937525
7.939195921180772 -0.22898429105801055
5.017144240304595 -0.27357168587385844
4.788600297153982 1.6317083263566199
11.977636393842072 -0.934699701103819
17.18490743032258 -0.7397556494124121
15.059591234093633 -0.22840064098621848
12.5379758896195 -0.6342839166207124
3.9133761393511097 0.3961227490835022
8.199078711986973 2.1804527520987773
2.608000991276726 -0.02300380180433461
15.42649590791731 0.21644792238879323
11.863765671008373 2.7481185734382003
2.98158303899317 0.29961000063802984
8.463650140901242 -0.06097243685844167
1.5172798534713943 1.514266871305843
7.786387418282551 -0.6632567569381063
4.560560272205208 0.8289841651957457
19.002843188532367 -0.8605516369160537
10.008966825174376 2.7022769690354274
12.4079551368633 2.8957360198789037
19.13475882546015 -0.06330751511573218
18.825097811032748 1.7354907660130414
10.59387337147217 -1.275411782030173
9.023288958911333 -1.0674959506337385
16.52902909860418 -0.2017342304672944
4.707665899976448 0.08883705918860413
19.25316805013362 -0.8133195398262754
14.394184804638696 0.39771499620923884
15.395310000441729 -1.3457120006420944
15.340766299407838 -0.46686868004826193
16.657110694284082 1.1117154840396168
2.783243584524272 -0.4559521326541329
2.8153008249367124 -0.1776987037768409
1.8935527602846496 -0.6047349417937808
16.309396807958148 -1.1101536852072404
16.930870475844888 -2.538492128450011
5.320747715468901 -0.0035371258895015947
6.802593101799332 0.47993692905325797
2.313531959136247 -0.2669547915993894
9.6322886882996 -0.3728140564281754
2.0747762330878525 -0.23679104923684938
3.0501820883514346 -0.11496230558908792
3.907382055943201 -0.05467831462029466
19.314031105041376 -0.7089980001103338
2.804200749886345 -0.26118721431782227
16.24781803349907 1.3867206466581856
15.93385745939887 -1.2799964389483556
14.875683726642864 0.4632864969280461
3.9616276659516094 0.18536527138895456
1.120867152339427 2.3893018824104906
9.578325953103692 -1.892941611772227
5.336024709456462 1.1383200189100264
8.54966001570422 1.862023019054138
17.41600461986437 -1.1001591949984473
15.21153843272856 -1.2573557568542528
12.010926205084344 -0.3573115409532308
14.713232757238435 -1.3426441891371692
11.014457794461972 2.885039758045531
7.089483981501461 -0.32361481610372383
1.2921494957139705 0.009759849555231438
6.7437749220419185 -0.6919818135130112
8.206735030754391 -1.3646318531816595
10.88799972361922 -1.225415895296534
3.0989613368588125 -0.3312494312501295
10.54064126043005 -1.2775483549328501
15.876723351618597 -1.0597165813742317
12.538831624421602 -0.8578558703728081
16.92900733505547 0.8481157249782506
4.596945493898357 -0.1591426796607739
1.9057596689428034 -0.5635760987838117
12.792944635389828 -0.986424940337597
9.790671484452615 -2.014144488793948
8.605216029003902 -1.3455425857478192
19.468598480119354 -0.752227988668662
0.7897304658907979 -0.4894838786219686
15.657993058803326 -1.714669210394312
18.328831508437155 -0.5468416713125117
8.721986264510978 -1.2568611957958955
7.542723804633854 -0.273834801271039
1.981692565483455 -0.06436474736754161
16.04950159862965 -1.1864049846308558
12.481190058383062 -0.9260773469949868
18.043823784582795 -0.754771791571005
11.373101122234898 -1.1272280543048852
6.292505727310766 -0.0706891038279887
7.050615548471843 -3.2895673711090367
0.06474378941628434 -0.291065486073153
2.782228634484436 -0.576192902800653
14.524870062784915 -1.298907838948128
17.550861902936894 -1.26652930534376
6.807749790638515 0.005492703504001269
11.978915516867918 -1.1132659042862845
19.310828261655676 -0.7999127804387036
3.8896567422866983 -0.8880238168725656
14.53341649133228 -0.17048519203151485
4.930020296897611 -0.4739171466557104
9.138192042835072 -0.5112414794196143
6.87958233054481 1.0328470182828364
5.126168625818799 -0.22338867973769094
2.841353383093699 -0.5851477897390627
9.86238231995931 -0.719980765156954
3.2911870655855924 -0.8783191105720219
1.8158762574189447 -0.3561750867497253
1.202451986527469 -0.6701517688456338
2.1014876846572226 -0.3047462310427901
15.926447120160091 -2.1990651564256276
4.33369696888559 -0.210440221644241
12.500677007124013 -1.3904575647804365
18.17987035123212 1.1459038728216973
11.887941707001318 -1.6104100354553526
14.475137533214458 -1.0327769841631014
16.13414094410631 -0.9635893493448937
9.876066913042843 -1.2908180656395611
1.2166947123421716 -0.8673562765907077
0.6984845104673073 -0.6494350008684397
0.6801205339421319 -3.420246184665781
7.221232597133267 0.7602482957420803
2.95683018383901 -0.6948711172722547
10.614456006350322 0.15332973889728146
9.508789183244149 -2.029872666194252
0.4820624024788747 -0.7215457098286803
7.993063713801602 -1.8101113026253837
8.759337205538246 -0.4543853945422235
3.2031301117208364 -4.987372858601928
19.532865352666914 0.25060743184240986
6.596369064359295 -0.8288612267550001
9.744231767636817 -0.7509919588045014
19.510160930472505 -2.2396596702735927
13.59646498459858 -0.7580361243923861
4.870128964863082 -1.105786777713455
17.761961232891885 -0.9318314103439214
6.6418517641293775 -0.8425749783362468
4.992783021176374 0.4008696926990076
8.881098829512778 -1.435453892639002
17.237641707579964 -0.6540026133368738
6.2199775474617685 -2.9630795156528906
18.95081041355611 -0.4398983197255271
17.306232853257974 -1.3979750555905865
16.54281908939217 -1.3691170249040765
3.794295021038595 -1.32388716285678
17.35297473672116 -0.9269639591744088
6.125121884100194 -0.9745273942007993
9.500832091646332 -1.8656405663722577
6.281290465916787 -2.977240552011357
18.652206006269363 -1.1496008270389757
7.559290495134615 -1.9801935552919603
0.40380205927042745 -4.141222049158433
1.3569750094615896 -4.004378692562563
3.1237832024522696 -0.3517092549098772
8.583806736435134 -2.020734877887833
8.766701613817435 1.6785574826302605
1.9856071731150038 -1.4096307161319237
1.7832001863021942 0.7522347936868559
14.958474060543573 -2.9307180857266015
14.963324178048776 2.732870163481831
6.017289474219826 -0.7652538392742643
8.245958511996808 -0.6164141201532926
0.8631943529481741 -3.880302813804528
16.43705452861469 -0.6224977955312683
11.37299951177983 -1.7733770805767861
16.32626214030417 -1.1950795494107846
5.485738021665636 -3.8097536481640635
11.67969437728814 -1.1070046856202853
4.796153904678662 -0.03798704781605032
18.30024092048899 -1.168164473762207
16.897888172763704 -0.5174478930844458
18.55109026048791 -0.696366335618021
0.7346952391921282 -0.7707097895635031
10.44943327990852 -1.6838354723485072
7.277954619638219 -0.40794782296362325
17.16015501199374 -1.3503947473745466
12.26267336637501 3.007712728478106
12.373009080182003 -0.8362260438505027
14.732443384308963 -0.7740495050539455
7.913643005021413 1.2072894792334299
2.2690362532134714 0.15296955019537783
19.486138954346448 -0.9055005963523577
10.01263071310295 -1.4712653175173311
17.49349843986398 -0.9367411746626872
9.406416042302805 -1.5173614170455376
13.642559021250328 -0.5294867223338866
11.435690652617096 -1.471871036381746
19.421629740239688 0.4700867062835368
2.428908459189611 -0.5813199018504932
14.413232911447368 3.102211148975087
3.456766930217334 -0.3332718464739549
0.22723038605908885 -0.5784109033314412
4.883744705576251 -1.5600232504401446
3.8602319535230465 -0.9041649330268745
13.132925799419628 -0.5296435907236687
13.618859012366991 -1.1793379178027241
3.5698467787101036 0.31544653653495236
7.554701908021515 -1.7026727231467595
7.030446806763292 -0.2974839408111268
17.40896734117908 -0.9195896926828763
3.232243132650507 -4.6427086139844125
7.23663095467157 -1.2464887618656841
0.383621860951153 -1.579502537650377
16.197483966278917 -0.6847906085251058
5.50406037408729 -1.6733076440633812
10.823615964549296 -0.9956850135652272
7.107596343309031 -4.1994514532098535
14.741556049638586 -0.619539661469299
4.1287384622026 -4.843407988404359
0.1955901667867459 -0.3747215876620022
9.822341917779232 -2.863901383458845
3.184657111559518 -0.7814160527319635
9.279918648983344 -5.940340420511006
2.383628584753519 0.40043103155937976
2.212174790259048 -4.421948943039427
1.7310341979129034 0.7040667642144408
10.053828184599844 -4.6827488027392805
8.185357134165175 -1.2770513597757773
15.46946814776105 -2.6342217150532363
2.3947041938107194 -0.8086882237154479
18.068387937405358 -1.784041831668615
11.579334423020725 -1.687040738103141
15.169759400685157 -0.5302672658186407
10.552107605172218 -0.928725135687614
12.125148461386628 -3.2341852661336827
2.9434077420246405 0.27111924883862226
17.684147015759798 -0.8179441556279906
10.573099214562479 2.6742411474015886
19.12969653505601 -1.4885133972951563
13.041582811189699 -1.2610434746790418
19.59783882940198 -0.8097648700577523
6.662300839647819 -0.29442020735993313
18.723236201886145 -1.0488550440132922
17.45316842830772 -1.805105875233515
4.158806900006669 -0.15679978320456656
2.0578562212232474 -0.46957429766700054
8.355092218079005 -2.050186645342122
16.958838943227523 0.10375677350411532
2.7986474566540687 -1.0413069694025467
4.466073448482967 -0.7410634515465513
9.881250852444332 -1.5626405135572186
8.826931071441084 0.3781117339921105
9.065503695423189 -2.4528423128916153
1.6996285002010052 0.7281710897929138
12.190600118682257 -1.7716689622696804
12.138258612351034 2.946853261541346
6.260755825304169 -0.7120023411241065
1.279649209335887 0.2625062072021071
5.088040098242356 -0.2646807137720967
14.782729554010247 -0.3759105609933943
16.671398756080066 -1.668180411394192
9.349296287956262 2.1037490315788037
14.390366764633102 -1.633875030958099
16.784959474656336 0.09328482185234922
1.7563770187220509 -3.8646089366510723
0.6876869668543049 0.1680153324248056
3.1239002639968954 -4.119183682599701
3.6804829865804587 0.7520299201869746
5.1895268613002745 -0.8644079964639986
4.945465327016052 0.8039497412796978
17.48104556970967 -2.8273633235465097
0.6425216574719097 -0.8015483522004556
14.777150076401139 -3.683263229463479
12.17538166872079 -1.1140829243468555
4.704503711760463 -3.4773070034888462
6.180272878338147 0.8406806897539776
13.246142801793075 -3.413508323613391
15.022340336831023 -0.8439142220963607
9.533801384679553 -1.424943303339293
1.7653502020018155 -0.6330428974021607
17.673479558099444 -0.840376805622774
13.561151362962812 -3.4818108695295167
10.917189787618458 -1.3819078801772762
12.602409998181543 -1.4269664876599724
14.484538558918182 -1.414577124663465
13.811664896368477 -0.51443400280909
10.971584342334218 -1.6548289753315808
14.302382440075931 2.8139830431188493
8.502176343204313 -1.2876659823170034
0.9128586796115267 -0.15144336898519528
18.975276170480043 -1.5317818304240864
6.662475024224451 -1.2328896589168181
10.023096884560395 -1.63262385146638
4.196535166655689 -0.09252914008235931
10.247932776424426 -1.9092457835220311
11.78155923743935 -1.2661560018094304
1.689914947080013 -0.7954006805267758
16.701697565671665 -0.9213524616286403
6.91850648031731 -0.35382084312549567
14.645200322808057 -1.1742745267459136
16.55977918713489 -0.9395512276596815
1.0996351492132175 -3.8938277608165097
9.58511462967878 -1.6488940103699683
15.040006679194681 -1.261877781321905
19.57003198656453 -0.7738581072524388
17.52486170670754 -1.1454958989271102
15.57659582934549 -1.1841268448820794
18.644690155242035 -1.0322094263071648
5.493230165590741 -0.6742126208938608
9.785978926748104 -1.7355419044403746
11.712960552537483 -1.5524674134548362
16.345673412974122 -0.9183089049067286
13.01155246236022 -3.5198209644580385
17.69057364575879 -1.1427406750946323
17.036738113196545 -1.8533628003165095
7.590635486933117 -1.6881101257532443
15.78351846299105 -1.2592223088314423
9.329824349625806 -1.852096081041016
6.058933440894102 -0.7879274058434783
7.035929186435279 -0.8344868969872666
8.820761940277679 -1.7478466944836173
8.572375071963775 -2.632191655677513
8.50065115587244 -1.942781019000038
10.00078055483595 -1.2658785884081245
13.84129740060304 -1.481174299249607
4.197778085444661 -0.4728362774172391
7.159685734706236 -1.8168692813686294
15.92187162345901 -1.2428467456761954
7.658027891946073 -1.1846022034077872
8.556777847303398 -1.7758504658220358
18.074918707912772 -1.9381037953306253
19.7365697480969 -0.48635971068174
18.392835736532675 -1.6927646992847611
13.165281750767816 -0.2746429593995768
11.69602197072948 -1.4726976025594714
3.974355596189851 -0.537708817487722
7.558189782945102 -0.864412336499583
6.363216901265251 -3.5714080488635784
19.096552561079882 -0.23292127081386016
15.95910225234677 -1.6459121544250135
13.258531795647198 -1.0152597706856499
12.2966967479124 -1.527344353956806
18.306310673426662 -0.7572286623082752
4.323063458325661 -0.5475344404882078
19.277080816516367 -1.0739500047326132
6.124203767206318 -3.6862841257505767
6.5378193517631455 -4.142423877656315
6.0618018013968165 -0.3107120450093275
7.763667964553535 -1.3030691248323683
16.946103231941184 -0.856039461006196
4.63698286014024 -0.5409342809641884
5.569973151096923 -0.5437334629488423
7.1326972366154004 -0.893626433022454
1.479202733483757 -0.4985782101243671
4.269259359853432 -3.276996080568503
19.654950102516015 -0.5986432117619132
6.227393294209168 -2.6307618389406184
4.399151953748851 -0.38075023251246665
5.952102070912027 -2.9087357312066264
18.633200670426707 -0.8210110815113685
3.947120105456358 -3.3775178416886766
16.53289222795883 -2.238321603126028
5.185226909816761 -3.1779395515310496
14.77352132944036 -1.1358186769765692
8.601645696062956 -1.6032198987416328
16.893226745152838 -0.9396745171840689
10.640558370579344 -1.6616188853833016
13.018204318331334 -1.4067781130395693
2.8006972067645672 -3.383646376208423
9.911669836511557 -1.5998921334513951
3.0120495747437523 -4.107746095146285
18.60359548263011 -0.4691925812031611
2.5095505764201516 -0.5251627112464194
10.21465365295008 -1.7651521121255478
17.946891222281494 -0.7502268184569614
8.30418935243662 -2.4514330761332737
6.479913225181971 -0.8143472342035224
9.618668059389844 -2.010335519931596
4.928065491157331 -0.1018681361790967
15.15258553538543 2.982838083765358
9.514215222499308 -1.0046703260141219
13.366181825888619 -3.488771671833211
1.166585401480475 -2.9870506361366136
17.063584962046235 -1.5884515126575993
18.800852157834235 -0.8564959721380018
17.73703869957016 -1.6241742979921021
8.811568243812854 -1.513874611625233
8.948591303708884 -1.3871612161364173
8.492559796752863 -1.4715671242434494
18.565515480573367 -0.7378504550074723
7.45187944611767 -1.7848148605164817
17.233507439662247 -1.3092679809488332
6.78946710372145 -0.8350087261227284
5.6742562835968196 -1.3321023736680926
2.287419176000591 -1.8865267751343961
8.53561100853744 -1.4598046196023176
12.752638327473887 -1.1265243858440086
18.542450642736377 -0.6922610472893838
18.792224012126635 -1.2491500565598002
7.110975429222988 -2.447814691302851
6.57996031012763 -3.5675281563284846
4.928025992759322 0.08164782806146215
14.685151227482091 -1.2877547130112104
12.699135376995404 -1.3527080222356385
9.358568482227406 -2.2148240565459396
8.197150630545808 -1.6110470689195637
2.9803380900073946 -2.3541191698936177
11.245446044761831 -1.396315191288518
19.250434151607383 -0.646060418036869
14.982688358054425 -1.089620368602486
18.690971290590582 -1.1648321638927635
19.562029815659827 -0.8729357466057689
3.851583998869902 -0.8661268857990019
3.872912914459625 -0.15485942311838355
18.267331961838213 -1.3442695392748236
16.973304286485327 -0.8566508224201242
3.455842568607326 -1.5395430824437955
6.54673454629684 -0.0029683490544356057
15.247117685755978 -1.2756614634744612
9.795448069894382 -1.6478409950187682
3.1194816053727816 -1.6904116059684178
3.0016158124520262 -0.46355622914748584
9.24244051236282 -1.4346866945711418
16.958531231627 -0.9676025058516904
6.102724530053171 -1.3709173733762057
9.129496367247317 -0.9663255255397456
2.8830038494866446 -4.068174285784036
16.84627131840739 0.3982468310525619
4.539727239630602 -0.692979970130886
5.684354498007827 -0.5099507607439597
19.816935456421483 -1.0195501343109354
7.5491985740596705 -1.2689601880468733
0.33390149177331574 -4.126802866743616
11.084272598445043 -1.2243136026576569
6.923895653358395 -1.1727221092038176
8.294093757936462 -0.25024295517088097
4.440021461835852 -0.7117257866047375
19.1594755554179 -0.3856845535016141
0.4829564772270554 -2.5643915624365574
6.667514153121537 0.07435527589344759
1.4535539759768712 -2.201005749417654
6.276079670369966 -0.6126859751298223
4.4121505112127 -0.15867321820979194
16.83170217409159 -1.028943971775399
14.499581233848225 -1.3459809423337021
14.419514684623497 -1.0608394903972793
14.569621952865957 -1.3517365252271192
4.390385013226612 -0.34360399433626254
18.717130119465082 -1.2516001033072341
19.30087792877519 -0.28965399183110163
18.01632217233521 -1.2556847797713304
19.129364103774577 -0.4761745573746865
7.392519521184742 -1.4440947600892409
8.272807149718638 1.3633345439142561
17.156430840656473 -1.1626379370943958
18.05258667138162 -0.781158116954759
0.43845313154267757 -0.801990625649719
16.787037257935626 0.69344664675691
9.068486949140107 -0.4564493541493546
4.02892148316551 -0.44436913542072254
2.2262900524183156 -0.5478001787322948
5.331358666062334 0.3890000405777083
16.183356424212302 -1.3318176693795698
18.028409553626194 -0.8297832575737676
5.6273924408974585 -0.5168722622585669
11.751577580070643 -1.228162248668216
11.146041543785143 -2.135475754093173
3.7544054791097605 -0.020127534674466804
6.389059408111464 -3.7131832531812923
2.6626963193245166 -1.3040291398776669
14.099371055439384 -3.042991739636286
10.515392061145103 -1.0469938291536944
2.9476403516426655 -0.46796178422294904
4.821067827301684 0.8099180115287983
9.226619790945241 -2.268239112513088
17.230478902676598 -1.1196338555682768
3.0332226511257825 -1.733626560491308
11.09342939721994 -1.2564092328356369
12.31230223857581 -1.4907776125263803
3.916046943856466 -0.1829972705986714
1.6237442571344123 -2.244568242800198
1.389077236225414 -0.7476846447150073
7.441111996456806 0.018246589742926932
9.051730206153067 -1.2087071396346583
17.056321231650756 -1.4100594483421314
14.754594968282017 -1.307114669025186
9.775004899321829 -1.328558129600024
7.535909780339618 -0.9999369856711036
7.40173414575259 -0.8154791636720087
6.690910701380849 -0.7151587052755154
5.24933114814988 -0.34897039729830975
17.69607875899385 -0.9666552755173087
13.13283953369855 -1.338431318955557
8.960830965585126 -1.3515040558181348
19.318274114740557 -1.0733739218893066
13.500700458940836 -0.9681712326700465
19.384779962861902 -1.0484384389532353
17.804027716312927 -1.7056923791545555
5.533949389280835 -0.4335292668156385
5.6499069761557195 -0.5406670963943749
13.154510396515331 -1.469195561855606
19.527977316398545 -0.4686074703224053
11.755564597490823 -1.6630777269276722
19.460658657094598 -0.29440111608876607
6.6508337147433085 -0.5552811572362805
10.343068963292959 -1.2297317299351602
13.891959045162379 -0.7799042853983118
9.851639117189594 -1.5652863571377744
4.228532453227497 0.26198786628112153
14.899030494759508 -1.1133959444461587
9.863229382269896 -1.645991400957303
19.305531995054903 -0.5419032655046825
7.885271137622236 -1.752749550107607
19.390632426554404 -0.4582539091905897
4.842950567696905 0.6221100980684694
3.129925048313916 -0.34360474113929496
5.823637322298601 -0.531440203117363
6.764371388612708 -0.29824483054476275
7.771174227114431 -1.0862790429697888
13.167957514615738 -0.7261207421733783
11.326068598716203 -1.2369072626827478
0.5512288928672178 -0.5284235541699095
14.058344433633968 -1.0197997547374102
7.090249946705015 -0.1954109976233827
1.4804722588088497 -2.6241654065904347
19.878422468401073 -0.4797903038338989
0.051003871976176646 -0.8562284032433347
14.6620442344035 -1.2190688519950261
6.653851179508535 -0.5614770199252123
14.542789403798778 -1.3102274929525726
9.184055378742602 -1.244706286243889
13.684427777856202 -1.184386506969501
7.067346422406132 -1.183359172930506
11.740146253477748 -1.409481003660284
9.00690020081688 -2.62415992697352
8.428297522673962 -1.9884111001917637
7.062422369206282 -3.4281845900073207
8.381938842343715 -1.9904433660147072
2.2768533764022565 -2.0267600481458636
8.534914424285645 -1.952576503186898
0.16662070119950972 -0.6277251060484944
1.3474998583352211 -1.0009678838680107
6.869907695094354 -1.297858239298453
8.639593953126658 -1.4269077456177657
2.306620678824629 -0.5815702520354834
15.526447412919902 -0.9460714893066575
14.15383301598403 -1.2784920579338777
4.76549340756217 -0.21985096335747562
10.33131177487471 -1.4758206321036202
4.981794748309889 -0.07517599881849467
19.492764156004878 -0.3734438811246196
6.966265221057687 -0.4229713669887433
17.77062131187237 -1.3063053595337382
8.11947981017411 -0.7526392624614147
16.77539892196284 -2.0948475933265627
4.902913628155988 0.458475676387443
1.3832761052331228 -0.9521451388899151
7.820143077083127 1.1346790350615885
7.039349488162443 -1.4427785673829783
1.7767744083553492 0.12865955421079364
5.838366518874778 -0.602295992381254
6.669687626427461 -0.2707557526631319
3.072252294535076 -3.907013980775346
15.133573804003015 -0.807625785022264
9.395057272025584 -2.2297343228837274
16.66214296301137 0.07125246345467041
8.195223650786112 -1.2634392970370474
11.60829567514874 -1.156359123218233
9.624252183436381 -1.1403965013162902
6.8489297217271226 0.18215395037389095
1.175388783914699 -1.1547775345773281
19.892550889093606 0.8575890240072565
2.377008405505482 -1.2381176579973294
11.386635258294092 -0.2171315947561634
7.102569687170269 -1.1833271532899092
17.78051126147408 -0.03541480311853805
7.225042493349692 -0.5721933712968786
19.29998194100197 0.4237143201073098
17.026725987609222 -2.16430572026765
0.18037364619532487 0.28085646918220425
10.426972063048474 -1.621007234015779
1.854545586807873 -0.3428155105542978
0.1737309713091162 -3.601630083493321
17.375945207493046 0.31548504672673006
10.741164210974178 -1.1878170150639975
17.0807742969481 1.2270476543070545
0.5651743063967768 -1.149039791684726
16.629348197551984 1.1751515277457372
5.121067745285028 -1.3344143091492129
1.155522190171913 2.3983788047050503
19.100564725702935 -1.456867209207793
15.189846305203542 -0.7042441190033092
1.7794599959290547 -3.954088018612616
8.613402665362775 -0.96159713962192
19.833491575194955 -0.94555329604208
16.90465198439005 -1.0435940527764351
14.851755717399895 -1.1189115167491044
8.753195585834703 2.0579847972361365
3.602227756238257 -0.5710776184496039
3.1943222032072622 0.34583451275053023
11.518639018277844 -1.371037142259084
6.185001019694741 -0.674446877958892
3.5279324629574846 -1.3578129791926234
4.446875517253518 0.07992830791384715
16.437606479196326 -1.0186740730174444
7.687927980513995 -1.031079859064817
12.725639404770126 -1.1133040503515788
5.4844054941180564 0.4158515617084802
6.025228113161764 -0.42665982705323735
2.4036511598992503 -0.022484083182117386
6.937207617575097 -0.6339450277704348
17.076082561297508 -1.0875495943704296
10.183837772521908 -0.947419816350085
15.90360373320138 0.04384981965517441
7.946522102758034 -0.4723320110507729
8.082586401639489 -0.2629232782740447
2.1300550621037564 -0.5675645396031336
2.2723313558160876 -0.3628416477100048
14.47554097634468 -3.5201379668766153
1.9208528668238931 1.846843731396045
18.49486894194317 -0.36180812057771505
6.385647718221312 -0.33767075406316466
9.968542678910636 -1.5864147445454322
19.330793603919695 0.9587790698706802
4.812872601107261 -0.04202671565648376
11.70551883371341 -0.49765573896866033
11.14567563581376 -1.0742528709123065
14.477643208983798 2.7035031523987874
4.981897535332402 -0.11940136752927592
10.566834834854925 0.26263755867661787
12.003106923029923 -1.334432348156499
3.696606529892012 -0.7262112941202958
5.344651606583758 -0.48833194206942526
7.982116550741177 0.09212092264795876
7.394830258520868 -0.9848053530730838
5.805411238165573 -0.1472782908868144
3.074051190236172 -0.7283453034678671
9.33309545399412 -0.6294142108942213
7.298198279475284 -0.4638616156697934
16.176991586928473 -1.0345180007175407
17.537673738035206 -0.814773053955406
12.372943935290435 -1.1795037441826888
17.113240580676113 -2.004593776096269
6.686183502876355 0.3431685618047297
5.75908087290778 -0.558519044908787
8.662117718852803 -0.3075230041206869
2.588140790106227 -0.43083115348706197
10.908610113245095 0.2981971775784936
11.127235374227492 -1.1259394967307192
15.678802798946911 2.6088163476852326
18.50357852018922 1.6888877821763217
9.742071611257003 -0.2645390945042525
3.0283128655221665 -0.30308462069334147
11.5149820925001 -0.3914221881335246
5.929158397001507 -0.8622133277740449
9.985588197528843 0.16334208706530076
4.4098293639373445 -0.22714311398954154
0.2822752722493212 0.7879054305804589
14.822070539743878 -1.3918862835462973
15.34002062946574 2.6961594495961685
4.997710076685934 -0.19391123853714232
0.8643440885386083 -0.10859079294329496
13.965455806826451 -1.2463105609944332
10.391074901391192 -0.023419910781043232
14.852481578519667 -1.1332048296899295
9.973466986783098 -0.11339294157527388
6.621697293982953 -0.7562562683331481
4.190222907437746 0.10321920139996175
13.746660334980879 -1.1162961124181
9.49969456902109 -0.5736656879820827
19.7762412279292 0.062241530784975414
12.614517641029984 -0.23208235692207402
5.744345544848799 -0.48283627127803613
1.1323022397799096 -0.29933570524430625
5.218200878040624 -0.368092554528287
9.706884720562229 -1.1145018230037693
16.730929958745687 -1.2723680477319161
1.5582647018337894 1.2067073447386099
6.515520180136306 -0.631010881721437
16.942058154431624 2.076175006605279
1.4282245802984233 -0.7981173485447687
11.538098779070433 0.16754284981336093
4.517328965140863 -0.2333492920363667
13.606183757139052 0.059252353448909445
9.767804873868995 -1.8683067705766567
15.739534955846777 -0.833768823934554
0.042161513384247465 -0.8846370784774547
8.125816088824855 -0.8430187830475345
6.610447741441881 -0.8157930181723207
12.454498136799568 0.03753949505938498
0.034001882925450026 -0.16567880046220024
7.607822265022886 -0.9319291822734677
2.4885468660208616 -1.9682523251838804
7.807791431508347 -0.7639716606365178
17.987252441053144 -1.2258113413887726
5.2308819643956355 -0.08252265438578041
8.197493055020649 -1.118080906821021
13.454452286890552 -0.334767896161036
13.306529331904311 -1.1559500503700102
8.500923960196486 -0.5630207578782189
16.210721082194947 -0.7784322154937011
1.447306034340837 -0.38574180347344494
19.381016609854296 -0.9772140638424958
18.9236283305103 -0.6236322558002035
17.794321453964873 1.7499210960880742
9.109765579782385 1.517810683306483
19.030722095437323 -0.9248795956873119
19.833042214458217 0.0604552305977935
18.242838182502766 -1.2337696925199448
10.541643481808068 -0.02348618267074553
3.4177102308949983 -0.5764413820313953
14.356362337433064 -0.9474056126692513
11.04630516232708 -3.867804649260564
8.768061824591555 0.9296810748922572
9.486276652726636 -1.9202533267605222
8.607503544166187 -0.6017370066419373
5.597879291444442 -0.37911140306547925
8.153670047216776 0.8271410792474769
1.3288219713806915 2.476102942376572
19.913066921072904 2.012883380077216
0.5703882359641633 0.3883305527690211
8.03936278260112 -0.9682634547782483
14.861139324755296 -0.8556952459659297
16.20317315326847 1.0404164664717994
7.8297649105954195 0.5782164287204803
19.806177743112496 0.7491489325203509
8.19589399115813 -1.2546128586154914
16.881157554643398 0.8367618645057939
16.372473490221513 -1.3458495672610038
0.34476872951726567 0.8629591246694206
18.95262996896908 0.828095505561392
10.564760968562103 -0.004425086486942002
2.0704633020996277 0.5604237844861274
9.860769901268391 -0.713630601564179
12.655528798790236 -1.2753135861563691
9.585273017554593 -1.3063096076564904
19.91744671986442 -1.1491801029224165
6.266921568188941 -0.5157195509430023
8.596562919120002 -1.8483616187696157
8.46738725564824 -0.03351719380557033
17.248896601466917 -1.4080742225218468
8.193997941925558 -0.8354119687417872
17.296348193688694 -1.3415170840216444
4.847380002141324 -0.24526331874519403
10.263093127322776 -1.6340588211914426
8.382258373813608 -1.2507388544288958
4.739458199893676 -0.2896763582763769
3.7269591288979793 -0.528119651190405
11.170760672783821 -1.776283760999892
7.888467269823451 -0.9221057204102111
16.87090556223608 -1.4279904723827834
10.222692070057336 -0.1477967882000194
9.270503514328155 -1.883686012806752
6.542896244588495 -0.02084674250746548
11.935026912959538 -3.1245572836041773
11.771102623011458 0.13577746551563658
10.008343694789962 -3.6398244712389354
6.008398928728345 -0.1764830064531164
18.225383830993774 -1.4045318295887592
17.56825976204733 0.39166807034383433
7.760247240472723 -1.5398949624188336
13.843646036848865 -1.088382040369868
17.701755794818236 -1.1623894457886284
15.472306597831784 -1.4052007257666894
11.657988710999385 -1.631566514807656
18.953093734803566 -1.5352626986491962
2.009619449516755 -0.5232083739510559
2.7626186887562003 -0.76727101263138
2.1386653290448394 -0.43998245919030876
13.705198072741117 -0.7687409075426428
1.288057474563284 -0.706885525013082
5.073851604538602 -0.4917441060458149
16.163992544987426 -1.0955139697461016
18.088993552239547 -1.4959745315526067
19.62595904756657 -0.53465190230338
14.202806986038858 -0.8641608931786343
2.5954616668128505 -0.3319391743848861
18.71979899084273 -0.8233844362322141
16.091068266674455 -0.8272427347846681
0.8304577400014533 -0.788767073403714
4.787781748083079 0.9168865080242163
18.754482028519913 -1.259185572200997
0.7632681354806148 -0.6317294088844578
10.71425249004944 -1.4208147362990156
0.9595502815993895 -0.6615881695344189
2.2927209969081015 -1.336778041322416
7.551594251280184 -1.2121217171040333
10.29941685361198 -1.273866251468514
14.122641057834654 -1.0950564639651112
7.802450021892999 -0.3808727184372859
7.3104766668462435 -1.229824761926475
7.88691482100969 -1.084799089502465
19.546448174013282 -0.5955584968392494
8.115086974228591 -0.9748574320534025
13.23386866937589 -1.1138833272903668
10.764580355179538 -1.294591101917213
8.101523407190651 -1.5364033608663097
18.25812830418749 -1.4728260153143733
14.983708071586832 -0.26743821729796047
8.584695903150617 0.6282442585670119
1.173048804232831 -0.5793649228578799
18.91710606384989 1.69518721132872
4.770910130937374 0.08196282249074407
0.06442949194162473 0.3099602204508113
17.773472887139672 -1.069053208837225
15.557435239610914 0.5133759225388129
8.118841243763514 -1.06154753329483
6.970837692769752 -0.575285297986137
19.338101351780566 -0.9998956412744542
3.891496117975006 0.858551275227306
8.882965172173662 -1.253956882688268
5.13473161752493 0.3932455626560858
13.336419347423465 3.2236892322529735
10.181558049088327 0.027965455827054148
17.638160624306703 -0.7549739972549552
13.401267334033921 -0.5646275036843907
0.031812975156165116 -0.7464519112036812
8.5613923715055 -1.1714157793515012
5.764061963439513 -0.1674384550006289
8.502471476130117 -0.7597550579037652
3.035132547505403 0.5536093479108034
1.7448240473025711 -0.39388562596578014
1.4895337496529868 -0.7203577057656155
8.362524193224761 1.097422541539762
19.525497487039154 0.02760533152987358
17.5810002634386 -0.49640506722850936
18.855312989934998 -0.8481245101536886
14.410062075182301 -0.9253844906991046
1.6311471438585883 -0.850632906302489
13.680653780725011 -0.20568007191908064
12.864120452629876 -1.1303769125055607
9.757815200780344 2.624197190638563
17.69005828011807 -2.0364977038440197
16.739518248747313 0.8078655672648061
4.277404007153216 -0.27077549038866056
7.530187154085419 -0.570195923661561
0.4460528008833383 -0.4205249999825414
10.619206618875989 0.21419732034866978
3.077978700414039 0.16814193112632064
6.624994643751728 1.637493400154512
17.69663497015267 -1.159955310181587
16.284406262506703 -0.8299769944361574
18.256923124107185 -0.8776111677615092
17.36013300488331 -0.7940523815938967
8.99448776985366 -1.223421096135884
9.7478966510229 -0.2381821584676542
19.28339009180396 -0.0850305632699622
1.6668720640765022 0.43600864750891205
16.918964207771644 -0.6075361299390546
17.361041926391625 0.4957403996659716
15.501367835602114 -1.3326529973073842
16.896414052383257 -0.5052750690549992
9.6629333684669 -0.9380570648041804
10.421633340292441 -1.0122401150552893
17.782297423765677 -1.187229500116907
12.909562683449407 0.1121834485641947
4.854907282714669 -0.1137850842121668
11.246127487922267 -0.8078148056578899
18.813989529641077 -1.254604402118117
13.451384597444473 3.2452172563734827
4.40616034962361 -0.20010857623000897
5.241104311379614 0.8345937700221517
7.784700587932261 -0.8756873225308839
8.606456945268894 -0.5269613547628319
10.329363465201812 -0.7311597365087289
13.031695123204855 -1.374573133149387
8.467275605481053 -0.7635909874703293
7.758860783571716 -0.3363674510450948
12.515311822725671 -1.0403697342414053
8.570014410910913 -1.4188519746235886
2.696115601271919 0.8845445508265553
15.57057764066281 -0.8764208368072787
13.387526668336571 -0.5990194968089398
12.193001078259368 -1.1689514996864099
18.4661898963688 -0.047837319313408504
14.072311599929867 -0.6898513466051728
1.8601257858988172 -0.30300251290689484
7.831543601462824 1.7879116524004064
14.83902240083751 -1.2277735489489838
15.16547006141773 -1.1411649089397036
6.971863952486459 -0.6317143157601876
11.364056272829126 3.0402203066273152
4.020962974988303 0.37613601194207746
10.683691175333779 0.05403945357669078
15.484673677145368 0.6648913696570116
16.855726772727344 1.4396856824603201
5.546210742132409 -1.5628951579070367
10.226921779317362 -0.9581363880529478
7.166328631221347 -0.9394377766070017
19.27074199473989 -0.6498519880021614
14.756989985663695 -0.9439971460327257
2.649961608863774 0.09353403089066928
7.742749341426635 -0.9544946939034126
1.497777499622867 -0.4493300696790411
1.1377669836026492 -0.3643896361191844
12.252700334484109 -0.7559607776736372
3.734480908875779 0.03945427108082001
4.07387653623637 -0.2885523993944921
18.119821403117037 -0.7699700462558996
3.7900457790292386 1.6401313075485155
9.304537773562739 2.1728419135648553
9.398121349351001 -0.7577706113893009
6.2904790131107085 -0.6271700353614922
0.4437003756060494 0.8596639864185708
6.3514320496116285 1.3656024145990306
16.903488097184695 1.5523660592280983
19.312697928204805 0.25610163451902085
13.585609313640127 -0.43071788074427547
14.251540147904246 0.33234420248881863
11.893690585066969 -0.34853055514894427
5.502130324746432 1.1211156083596086
18.400547805524532 -0.26886392506906387
16.01952022293442 -0.10538800254936077
18.92572197331745 -0.01283678642446328
18.42695350139121 -0.9727415980887575
13.479057781198756 -0.8541158581392116
7.960847611921879 -1.3472817557952752
0.3993607730650074 1.6057410445509173
9.524582408539523 -1.3861007415013373
8.140123778878785 -1.27622820624078
10.070494643114154 -1.0468004954240964
13.46721171613687 0.19928116060415896
18.979456159767597 0.5272188678105224
3.3621770568065332 1.4535011369134412
12.625768405497427 -1.0224332178529985
9.532358505273042 0.11705651280904474
17.725365883053804 -0.30193496512850315
16.795026850305725 -0.8761907299041896
7.729789709696714 -0.6672487379711995
13.731816881788136 -1.2543933693648102
15.667759578957067 -1.2136136884873545
10.759814509153662 -1.7133597075334674
18.22616394041272 -0.5473788605673788
2.358840871771609 0.955376361973087
3.921793091093632 -0.018986341775036983
3.7341685304585095 0.5056278772188186
8.836131838925308 -2.4269232122191786
0.9809757355960631 -0.5004478664602354
17.493407188623348 -0.5268655998454138
11.47888415355335 0.17512220635019898
3.0870143313874565 0.27598038668133057
10.46539759279984 -0.9378558676314994
8.67173510602492 1.0280701576840436
19.925632134137146 -0.1534445534567308
8.719707908875755 -1.1275960159187195
10.015370610517985 -0.7577743439043924
8.977946594340606 -1.3496620673934578
7.106091902011321 0.7283494534740522
4.131956587198648 -0.6229958760715338
1.5438438591305046 -0.26936003019967514
0.4474832468193807 1.606456388039528
7.32114344095517 0.2616927947674202
18.948851948003412 1.8320105283224817
12.293528370175048 -1.1710698223772873
16.03717604628373 -0.9636842202275981
7.853409610441304 0.4682497448314514
9.001007467459228 -1.9376435758205404
17.620845452851565 0.6462688376287813
5.096933233698024 -0.30417223372133767
11.851436709415925 -1.595837832466007
15.887909319468445 -0.8134065119610345
16.08992645262936 -0.7410460385382129
9.434123330321325 2.2439994870406426
10.696856717958024 -1.0234875906990757
12.35759910458921 -1.1060620858914114
14.426637374682489 -0.5811284208142875
11.986825155015383 2.7758135372616333
13.617198348949215 -1.1374757159048252
9.76379837289457 2.295319750556022
19.41358919112524 -0.34485843095498947
17.40848154227705 -1.0758111155053949
13.43910424195024 -3.8235114962521997
9.50039402470866 -2.0297028430663415
1.416150181645828 -1.535458180909479
16.707058592255528 -0.5132957548662349
8.778020770877552 -1.1754240244394778
0.3969174846453367 -1.1408053059274457
1.3032662897019978 -4.245064517930237
15.350081619223785 -1.038116791478166
15.2381276659685 0.8208583614959895
7.885285794124883 0.5927873003096398
12.828903415137514 -2.289209704951798
12.314790273620384 -1.4951975546885263
17.940066217667567 -1.2916272355569753
13.087585166295685 -1.327442444556275
8.501139014888837 -1.7454832286116844
8.706881327261161 -1.416762839892758
18.758538891935757 -0.3999780261934913
11.531132292144829 -1.21044932623079
15.512738756493688 -1.0539812567621354
14.169642758935103 -0.4102789836790898
17.260571536348984 -1.6067453537540552
19.979004254160206 -0.7071938221603871
6.859304413484752 -1.1295770270219856
11.494395443285839 -0.5613756892814334
0.14853633457414123 -0.3688554657602528
16.681279065748384 1.8383769414170021
8.68438162832418 -2.6177483621391966
1.957634741124394 -0.5952773396750185
18.5738624091809 -3.2264484291708238
6.460294156005572 -1.4122822440906142
7.8127520517351225 -0.7176668868154445
19.388788794875158 -0.7176689377316559
3.2753924928946967 -0.8178319687630183
12.388287658130881 -1.4299183578328183
11.292210858511481 0.24499472419644888
11.038566197676234 -1.4256159722641193
19.813888760480058 -1.0462187306478015
17.898924229421667 -1.2409296014462259
8.638329641900079 -1.6991955115217008
19.276014339179962 -0.8437204844443182
17.41036225276891 -1.5137162105940158
15.864585613243786 -1.3266434897548092
8.581566050560014 -2.004759544267011
6.465042340854018 1.2694371964460525
9.68597642104089 -1.9014359525057833
10.40695500247711 -1.3738842930821829
14.237928129563786 -0.4304787493447875
15.688605662383225 2.4996719128936378
19.281613186691597 -0.47691510542036525
1.2065374595649057 -0.7737531040802081
3.0702568378786794 -0.39725140459811864
6.420815097226084 -0.913870309196031
17.264802951511083 -1.1507251156846545
3.965206269483533 -0.39102974146633596
1.172368220043944 -0.37901824794679206
14.035603026382727 -0.461832020380104
8.373712009473367 1.5185553830989786
16.464107734678198 -0.9011794031021607
8.617448350303059 -1.3541226780259468
4.189244238255043 -0.2757674970624231
12.3696101287837 -1.7476210448418996
8.306755862339719 -1.1687358593386494
10.219737361614458 -1.784271651734654
15.688392527325835 -1.3287967842172799
9.812247428509657 -1.444386426477767
7.138217162819973 -0.9685301962696335
7.537844511625088 -0.30523427068810827
9.938955509546256 -1.667760851516001
1.4261301198290548 1.1836715814442467
17.89302065509195 -0.9847696086680171
12.951263258849117 2.746765193399817
1.8345226843865583 -0.858668838430253
9.490308829781203 -1.4062296556215905
8.183351266880571 -2.6540224607542755
19.15704535867306 -0.8741708993430228
0.2641409648570663 -1.1895571328995869
11.984050030573867 -1.457181387584921
2.753228743477107 -0.6892964665666519
8.469891605743237 -2.021176670912596
17.37002535760859 -0.9379377833332642
16.12949652709734 1.985683084695571
18.401296281809834 -1.1628566938519684
3.4313913331242416 0.8503812064476903
9.78467902997654 -1.5755783704178796
8.622864215005263 2.110223426974899
6.013820558175697 -4.293691026452204
11.903713982137544 1.631205046150772
2.5199012917686945 -0.04703632969779808
5.545614357888655 -0.20088988624784437
6.305153410066433 1.407182506961996
6.340177830154583 1.555153603594735
9.870851443382856 0.08260045451353012
10.426197246583202 0.039633353217081065
3.8006215153360308 -0.395921198812086
12.735608037201281 3.177268328428575
5.134439915195183 1.1098958923347015
8.711640130146186 2.1528440298587883
5.232967934084672 0.9619539567211592
0.9250778141517868 1.0382789280644886
18.770227823007264 -1.1197470545428474
2.4214966953278974 1.2541170113281197
19.58742079870803 -0.9665508993535069
0.7380631291686865 -1.0474044685695791
8.982821792519127 -1.1734980328072144
16.253859854741574 0.08286358997627746
15.88626369151554 -1.1232614639125231
14.261420491510783 0.8266938731518559
2.4778483322366873 -1.6594306076152734
5.895378614476638 0.03864914511301307
4.082077820921145 -1.1101385461024145
2.531317024752606 1.1181251121328155
12.407325502183747 -1.0544491713031041
16.84528523611065 -0.6406002460742749
4.814752177037966 -0.33279479390996525
14.930925894215761 2.959755889595402
8.68890262486737 1.5726487477597002
8.399126917362196 2.057618421015
17.214663764583165 -0.8869159467221003
18.6927625176027 0.20582661525933807
11.54447089059472 2.996766753868841
15.187486972379505 0.704454548615006
1.7368350344900003 1.1161866608713362
15.356579662534621 2.892611533054986
1.7566007983979701 1.5180356661884205
4.171499865145398 0.9188225893257055
4.543860397802234 -0.6045627479023719
16.172892651325782 1.0318064103368538
4.902517197555049 0.7053064777483229
4.211102718385776 0.45488436489765965
10.557149627398013 -1.5381166452247739
10.704507550772314 0.5571473055421868
12.277467462539235 -1.2116674356985757
12.856841300471261 0.3372972552196562
15.084216394289047 -1.2343412310931143
11.981128060312763 1.628194659130707
2.977650155461076 -0.25788138701357616
1.2942530908978336 -1.3180862050106092
7.725286732103886 0.5570131094197461
7.568304749613423 1.759515525829886
12.221177403363182 -1.25860968169542
9.156734183925263 2.377562223175062
18.367226786037634 -0.778079622342013
16.497778199541887 1.2133575358699702
18.510285575693754 1.1363362981065752
14.647963643462516 0.8317165897825854
2.592005475343184 -0.5636327707621083
14.80147892107558 0.675951114654179
4.003069454198033 0.09799207724180584
19.38811093501631 -0.5814395469559136
0.383826796443288 -0.8366904191909217
18.149776139150777 0.02439577521609501
9.69860449379895 0.23261124875193434
14.588523297080066 0.5432346674499993
16.251531444276235 -0.7863001400550428
19.68343493317768 0.7394820431369549
0.7781463349150157 -0.8186030420171475
6.70818863217925 -0.30543826450656614
19.097914239777293 0.23381762353887847
5.697290464511034 -0.40509358012140817
17.25675144604843 -1.1433072249897256
1.0856876477129507 1.8064860108860068
18.043084817235837 -0.7654843923461043
14.710487484667084 0.6497719275077969
4.0618696226781426 0.039943937831413374
19.953452655633395 -0.8131173900398845
3.188351493770719 0.21628484598512668
14.630439711584579 2.8147740757107957
6.976682530961008 0.016783262676997476
6.199217912618015 0.02415894259045198
14.396253943417406 -0.08793291654848893
18.351400606726358 -1.3415304601613387
8.924728229270492 -0.7175978646423682
1.0439869546692673 -0.5084297503697571
0.24460151809479141 -0.7860581666257545
0.2627054678883694 -0.6493342406128034
15.655497807887603 -0.713586747167022
18.679625090491793 -0.9905398128610794
10.705807165389741 -1.2162876447423998
7.717340039245209 -0.3800964158969361
8.257097919064968 1.4598161605655713
0.9568118636838403 -0.6994517107999049
7.596834372670839 1.7437951171457873
4.323434005942267 -0.2643496416032318
7.0335913174674705 0.1487050909738959
2.924297711247741 0.7047720185126062
19.831000390532697 1.7128007260285434
9.5928307371753 -2.0937976170082946
4.233141556282433 -0.36336262526888985
2.2041978197932717 -0.08324997032820788
16.724008803873073 -0.8465849905614513
12.214698690612082 -1.1696159005781284
9.803725068577359 -1.05748803374079
4.9346711682113 0.5985861718169206
15.334707627086095 -3.3318993223756745
1.16190750261889 -3.1697402436931776
7.050433759520194 0.5587540446754069
1.7683518797185012 -1.0009757833971196
16.942983231520923 -2.398469501637546
13.743923384713723 0.5733349168544324
18.176102525579623 -0.8589412171439552
17.625023435623945 -0.5351995825406679
15.784282958043754 -3.0000955414771306
4.804017856774606 0.5790590297022192
19.59683474452041 -1.3414570781488713
7.402710237146397 -0.753229189225415
3.7137538237654404 -0.5330198687788178
4.9465458257340655 -0.09554452013451417
16.78199993225695 -1.1409221150331152
13.750894496623573 -1.0276333140663754
7.045122073123142 -0.9000693371409377
1.20892031038157 2.4446852272766817
1.484823829747869 -0.7474711034483219
5.546486557317155 -0.49466718905360085
3.0008488777701503 -2.3702898558355248
18.074389429589864 -1.273812471104343
16.13089067202106 -1.2241350792970271
2.709695289126751 -0.4894563012473964
6.983069530046428 -0.7006814614292397
9.644086693370186 -1.3750953186524997
12.35646063997897 -1.0846417374828135
18.260161702525473 -1.1176300386654279
