17.828081770566197 -1.2596180136602004
0.10098710211689876 -1.6020886322491354
17.496736390986232 -1.7191776698536898
2.4243457257550367 -0.5732114664373391
16.904656109309187 -2.98022963224743
12.338978746859567 -0.6179323873191271
12.120637323525616 -0.6672957081305924
3.680621175804798 -0.7737143103833707
15.811750892766481 -0.9934228735878899
1.7590464696153205 1.6439189714623152
17.916732878666956 -0.7002601692768015
11.116830933362309 -0.43696521314527953
10.668965285028928 1.5846167913401936
1.8840732313205995 0.4777795664934582
19.94352212580115 -0.7069457784248497
5.706534818000815 -0.8251816945877998
16.966479365788825 -3.8195112786859533
9.38061187037816 -0.6904251987112717
9.181897568586546 -0.9755420470594477
4.8594503221313765 -0.6406127851506053
0.2663704351499341 2.696248728902886
13.77279493938207 -3.447834317087086
0.27895872351821105 -0.3646728792158065
15.137646828382287 -0.7596500979051864
0.24640060933316668 0.8321860425070516
19.527393172636728 -1.3920103384106943
13.664122690039223 -0.876913697260288
16.182245163291693 -1.694398353241215
15.079453917701043 2.60286628114654
16.830477815978035 -1.9028965573256957
0.40567379464488795 -0.5315079822841584
6.515932375797893 -1.2089140831664529
17.479390559147813 -1.331717211765208
9.125133857027237 -0.9332024793491116
15.0557688801777 -1.3591918732133175
16.689140791872266 -1.487097045361073
0.35597364985364366 0.9638199456855533
6.3195298996976135 -1.7379462722463637
1.5036086536976578 0.8805584230347813
18.60637905573172 -1.4298497617408557
13.143851124035468 -0.6921412479180933
0.7125463572038286 -0.9502412544208311
11.27685829169209 -0.33838695269200103
9.028966287766291 -0.43743677046188556
5.755249941077404 0.4252753349694474
9.168319438517958 -0.44218012690427966
11.512503395607535 -0.7482151315893054
17.68742605971532 -1.6085493218614457
1.9851623109303145 2.1087031135304053
14.504247028137042 -1.396652612624766
14.638763936272033 -0.9662649853758334
4.034598303121498 -0.6093485521427557
10.245271170706355 -0.4563445375374172
11.794123484225079 -0.3150959803704526
11.978511455537443 -0.28126307484440954
11.035872455458366 -0.7628990747789959
10.144763251996025 1.3590839215793056
15.161661702997268 -1.7285644480754765
18.990621723757524 -1.0291522068508585
2.6854705332024498 -1.509140430434686
4.0647020467114325 -0.2526149401223889
4.785591776223536 -1.2607484944945448
19.424174786640737 -0.8021049543055286
5.825418127591522 0.516855001923168
18.626788505350298 -0.6330510266948421
12.498989149510248 -1.1434708157248044
6.410714854401716 -0.23854921158819856
9.721130082500698 -0.22809716176869682
1.6625975852645598 2.0175080523518956
5.415414247657527 -3.440995345398362
16.03096848589039 -1.8655568983057589
3.8780578686012355 -3.5671373788185425
12.517358746395889 0.0122899497609225
3.419269041975398 -1.0790112415007846
16.276534396570803 -1.2726807679599912
3.2060771823921637 -0.8720907927185954
19.705157071627028 0.4868875318038369
4.450146585914084 -0.722309764093009
14.67336400658171 -0.16937404794811167
19.005723507968426 -0.7034452399703665
1.7483648171884116 1.5675463268001009
6.402319017672983 -1.182122661428863
0.1685329474542346 1.4763764346364618
14.35091364114724 -1.3046532664844814
8.829747091568988 0.43983234975057206
19.529746795029332 -0.9031879229547833
5.063134321403009 0.5654649212143837
17.466320625985365 -2.6142176880014025
19.14228373374913 3.062879771616332
14.914089352952173 -3.133281136269717
7.842645073187834 -0.1076584133301936
10.104853211475412 -1.0566869628151698
16.783732176610126 -0.18414839415859482
6.965863756778328 -0.9120435522974989
13.305167324390112 -1.1059188547184353
11.837253980449328 -0.5361041749031551
15.651048572096045 -0.22947032868491335
15.862072269308861 -1.741041573550184
9.504098833286317 0.9898035835168165
9.06654081305126 -1.0710064713095049
15.09559769214413 2.7634117018497175
14.72315469228421 -0.7833808705003645
8.819557198007265 -0.7005905359813522
8.134162390247106 -1.024656436963108
4.626071945589886 0.32224224139218893
8.213279875504789 1.6548931696076785
14.724583126608414 0.08088016769113987
16.84796876696695 -1.7450420642944835
3.2928022470609135 -3.5868314716989658
11.126879638251165 -0.6108677108600874
17.549896920475085 -1.3183665198525176
13.396918731947514 -1.369153553627056
8.412770585347864 0.546347530871855
15.764972048854073 -0.7478258085310593
7.908805918033393 0.034953863452490054
1.761223794183056 -0.6596253848652672
2.1995345396993238 -0.2157014078067958
11.18125798975327 -0.12162268285350783
3.5797675930860793 -0.6798084595312961
11.12661293461156 1.8247022803609736
18.7877294250079 -0.8478283850457361
8.155952704855187 0.527125992170146
8.731596190498996 -1.0916251553974663
15.28356910844976 -1.5908946203123453
3.726741778633087 0.5167926144651954
10.999945887592432 -0.2432385676497046
15.816147042242271 -1.135970692502384
6.038280886827118 0.40760249116476804
9.071094790674314 -2.373832611909768
17.927666736256533 -1.4860553969764718
10.351101148941776 -1.0213098353454781
3.748890907464047 -0.3664282884474777
11.579627347822115 -0.9216713824927021
2.950553396314209 -0.7311959646672305
11.43544653345972 -0.6332869289751166
7.830353149238629 -1.0010394709159764
12.449345228591776 0.3237250437403125
7.0212501869695885 -0.9023428711951633
3.5971619371272054 -0.5866303785062186
2.322680033192033 -0.15068253976594548
18.34356915805544 -1.3019958279098454
7.768158694465673 -1.2662819151189821
16.190457537716643 -3.925104191438491
2.5747001314802977 -0.5649900704857344
19.60673465703484 -3.3269298973703925
15.604801990844217 -0.514027124047701
10.730957509477708 -0.47270753832764745
7.119170285953758 -1.1138265613248164
12.638848801190306 -3.865774703215789
12.136730280614616 -0.3371667305826491
1.2578201996361624 2.08015446600061
18.035007996405295 -3.8648275452974357
3.907858936857145 0.45743069593615876
9.131008573056324 -0.5997188893550927
6.455650744318112 -0.9280530462130986
11.822998443883323 0.18578651039914174
0.5215833857846921 -0.7526955083921607
9.686952894750307 -0.7521758462827329
16.56898401951441 -3.7541061242353693
17.210403870217714 -1.5837476648576243
8.598565942566179 0.6118063669053555
3.3374190619749675 -0.6122014006655311
5.668114943648964 -0.8011312960984279
16.132351446264035 -1.417480264174689
0.28214404217942224 -0.5806363874880321
4.185520088929609 -0.6545014023529019
14.532622755816547 -3.1906565444012154
8.394495551124406 -0.8931104574423652
7.378691898266819 0.7186442218737772
6.528165220056279 -2.8486256349380987
6.725436520327132 0.1858043243687263
12.874171560548106 -0.7369093158004661
12.513477476561643 -0.8990607835296208
8.423228872631316 -0.5570564261945459
19.955866303441194 -0.637419104164223
15.454826617099247 -3.639649817632361
1.0262692252133137 -1.2740730669821914
12.170321173867059 -0.49396512776204277
9.420339077736427 0.01853173971121229
9.123739362491364 -0.48200852071097433
11.955271160174686 2.045328389170616
1.7002525792972787 -2.4653025033929965
5.04783541393498 -0.33769108546762694
13.248038208510772 -1.5505803786946546
10.931866581970322 -0.712119038977761
9.475445481592832 -0.7757296758279292
9.577168606772183 -0.5677962476913331
13.299397301288574 -1.0311233076606248
3.9254718976290657 -0.3932482164731627
13.657050017340614 -1.4604037251578612
15.371987648217036 -1.3400834409940936
10.113950274726244 -0.6041101143410307
11.663439695800182 0.0595734026546548
18.86824881672391 -1.9947380463731224
3.5681156316349467 0.8428997980682463
16.309506059094907 -1.3485852191705547
6.7456230441995775 -0.9942452089784924
5.260449432108255 -0.5088180242864604
14.61384966175484 -0.834630114851185
7.684171353027743 -0.9546766650113332
16.77180313057559 -0.9861790053513004
12.648049108278459 1.6930868005076165
3.2604132337118585 -1.3538030775573247
15.620181741621446 -1.2767448424518897
4.731795363256786 -0.4914409968341658
4.798515431795174 -0.33367441418988447
0.38704366932666995 -0.015690870239322703
3.114006956189797 -0.7545672951618998
15.878123417005577 -2.154956746152434
9.580404924567029 -0.7064785852543027
19.42083141414892 -0.8674285975173708
11.005343540603846 -0.48517246724873053
7.622047995495738 0.13384513892656688
6.903306444472067 -0.5589174346091176
18.16314229166955 -1.216936076988372
10.397907835033882 0.1853554386877953
17.897164984718337 -1.4828165970799918
4.224458959475404 -0.8639477471052174
4.865572238900753 -0.5057652374373166
9.447690987563503 1.333846882572116
10.326307910935833 -0.7885656494092043
4.692404727380887 0.2528377970366122
7.008283895236527 0.0863184449138088
14.536448737338334 -0.8719222792318908
8.025108288985933 -0.7878331264063343
5.535663055145864 -0.08198412962214832
2.654005262136521 -0.14505484326432716
7.993038774138755 -0.8320047361561874
5.7311540271955534 0.05625290080611486
19.403695242513418 -0.8514826281226608
6.255312034045526 0.05029391450369634
5.702150318626318 -0.7880150369001039
6.400084631712195 -0.10671126545616977
19.974532334122422 -0.8835406786254992
15.754796453214249 -2.3369903757218546
19.596558351964063 -0.2686404437107034
16.814111485028167 -1.8653659215403209
4.922668048304515 -0.02439797763217693
1.9115096995068823 -3.57316282770065
19.61853297764439 -0.5564160078883521
18.48916184554844 -1.366687360035478
17.392933121313746 -1.5616941275084673
3.076246414619253 -0.6246780495513133
2.3454555566627935 -0.6560754401810072
9.527681176307851 -0.8900932839350677
14.477851244950083 -1.4686825701396362
19.415077677928203 -0.9428219984836751
16.838709922587654 -1.4919474463395095
10.732337085456798 -1.0349422078359538
14.448330115653182 -1.3341785960059698
5.1363630723790665 -0.36511824315031083
8.703785600556431 -0.3559229484726917
17.414051051364893 -1.2350442234783958
15.865707696200854 -1.575921410443554
8.593333400868653 -0.7032920204537285
10.771495294570157 -0.493566466083123
9.726620006702465 -0.7771068898213644
6.83879153863684 -1.2253465019560954
0.27017531126704913 -3.067287260670558
6.560017164669203 0.6056386991121188
13.051441873501583 -0.8768610471287341
9.762171369446367 -1.4934386298810958
7.112567271617438 -0.8600395981378908
9.33778699104867 -0.4084724454721752
15.40085397254605 -0.8485735351459511
12.363107710682192 1.3944236299433912
0.5138995789396906 -1.0137377008867245
8.811513261982498 0.7891913815761984
5.359218988843553 -0.7151913015666789
4.97493615300213 1.1359784905505648
10.317999810460448 -0.47911688310524964
1.1534187797803725 2.054254777767857
11.14451446738049 -0.4892964210441769
0.08654004186973241 -3.159652369043553
4.574930918585826 -0.32569418104112496
11.735555262887889 -1.3549692022426414
2.393235313843109 0.8140836484585646
16.319675539432225 -0.5282514800814915
13.751185238813486 -1.3603972428388527
5.010047785466797 1.6263094318807072
13.63807943646867 -0.44589607434143363
0.4544881442121939 1.0884084663601519
6.9980447527301415 -0.5623588234061173
3.2915327184266374 -0.847557020495111
7.193907101347184 -0.6712116351693955
3.5390106927829663 -0.5245176877259925
11.343468924571326 -0.4312292089665485
7.125526087044747 1.119031070596091
3.1339419205163703 -1.2357797570469382
19.705127223245498 -0.985568908941212
0.4487073436863761 -3.602400913967313
1.3579605141215387 -0.8113682363998455
14.214950399846694 -1.4850151014902433
9.682989359612415 -1.067789651859939
14.799859196215952 -1.855858983054798
11.553704503386736 1.6109289622066423
1.9158489028997672 -3.5628144497381986
12.368117497610639 -0.9886267825923467
19.664643551102312 -4.048769742202859
15.642089121202487 -1.6877634865222177
19.775012173769056 -2.0564718906583566
3.9798213854763738 -0.23486392273169393
18.283602541116178 -1.650587372565093
16.255381315547076 -1.5135049621593086
3.415402224828415 -0.7122695488040707
14.65366997668562 -1.4774714866314602
9.446719214478563 -3.134320514245048
11.783691217252066 -0.9637297027765132
13.735912928971013 -3.905884170790732
5.66467547715995 -0.8038221391947612
4.38369673558549 -4.696175329508548
2.022208958878044 -0.9795300428726486
1.4584456280141143 -0.9233709361445415
4.586461128422825 -0.10574871488399878
0.5376794718585715 -2.047810716860766
3.044831885050017 -0.7794259142218287
19.546486917279402 -2.4850265087453836
16.777292899043044 -1.5835100913423088
16.796811176912605 -5.697101107041892
15.1198632336591 0.1065604314438978
3.0127369034979297 -0.9010892539897577
6.592953412704928 -0.6710688806077462
18.689176313972226 -1.4883810573156475
18.35217733282864 -1.5359554799504824
0.8307945490703074 -3.4730887618681408
14.840018858657134 -0.439169192398018
8.097457504512729 -2.5275829478608953
2.6211344400265824 -1.533539070318022
1.8930367672752764 -2.9594528689886324
14.958673234888415 -0.49045429396308915
0.7573287258464099 -3.381790636167681
11.20743405331608 -0.7331636893968614
0.8794888703375536 -3.2255136723788587
19.508458695668345 -1.12090477603734
0.2294429703827066 -3.5597418566688495
15.208692742890346 -1.2819987690953412
15.220128113571795 -1.78959460520488
8.024568680271482 -0.31722340991584563
4.870289539767993 -3.0770757622374165
2.2272073921973465 0.25452190310857925
2.0938463224921513 -3.638227239156558
13.554917711899819 0.843002046068841
12.214789208605987 -3.8318772651095516
0.13558072574291605 -0.12527279965205215
4.327743508195054 -1.643769504156012
13.62098009317043 2.1306787124269024
14.85894740861697 -3.5352652313790016
15.562063297284471 2.4608949582377315
9.421162813640917 -1.392022482808303
11.052188503275646 1.0227465524132189
14.125620778698911 -2.4894829735435455
9.864757970427975 1.3232305316522965
14.97320083983739 -1.8220454416116516
14.703626678290467 1.8971386478125736
9.265147121628793 -3.9824333376016705
0.5942341009736429 1.319726431107747
19.843167245952444 -0.7803534322171679
0.3644688982465362 2.519895309441128
7.959150105270174 -2.3915714662152765
4.937279410457066 -0.016574283391403863
18.604956122322626 -1.4665418322315558
15.25205099890441 -1.1526636950642086
2.9505947936678165 -0.9637765287015998
10.024816908657298 0.8993325909885718
10.632500959423297 -0.48873084605228057
11.509476575402376 1.6802267459064728
11.06002140512364 0.43370819132126787
13.874811470533265 2.0737253958028043
12.403359593364106 0.00426766604867064
16.96491893984324 1.8547383099732087
7.58306116594195 -0.7098578258945807
14.424487078646155 2.358000969093418
3.704578104605322 -1.143980484329915
15.316925931288644 -2.232631255578472
3.4324078795700848 -4.009400689945292
5.43705914580344 -3.452526113613387
14.355607073027604 -2.0576877578107715
5.156600976334483 -0.4873785829144671
1.3493641858469743 -0.7226967108080963
13.576614722494256 -0.986330773415963
5.379357337986633 -2.8211406675069677
14.009861902642518 -0.8869850285360459
7.168261493276324 -2.049304824594008
16.984866321396133 -1.4330526436167417
4.1159608440415285 -4.274065985944559
8.46594831382792 -1.1107718394488388
3.7268831676450147 -3.238020669724631
1.7891881421774687 -2.9667018831570626
13.809925941048277 -2.007466140732981
14.344139830802899 -4.182655867545121
1.7417534735931632 -0.9196541503181811
17.146279705721522 -2.714191973695936
9.479687153179004 -2.1786919975347994
1.0221569853743437 -1.836519297473082
19.95588550317321 -1.2188474479279519
10.547317116227251 -0.8625868074893603
4.057599776355712 -0.3706175858092024
3.8779677002589 -1.1090777749184528
14.559849254394706 -1.3948080671228233
17.77347882526656 -1.3992305140633159
8.537130557393233 -0.5064295035473579
17.17308544467927 -2.01509685585166
4.158773747120015 -0.6547936982691049
5.843567155862459 0.4794232398731229
16.23721756453348 -1.6384170480303848
13.593290356731428 -1.343225129284915
5.756770735199615 -0.9752063804557143
1.809220147614681 -0.5519732162408665
12.225276426281253 -3.716522299847611
11.99731426453943 0.6924373276481567
2.133807572210203 -0.5885204193291302
0.8685846827887745 1.3745576287714403
2.7986092404712273 -0.7501937767596298
18.376478257019635 -1.5624090420327044
6.965294820724323 -1.3456530537313411
5.431706312365712 -0.002261308063895781
1.6881094648967592 -0.5520237955243099
2.6965896535788527 -0.5903663909318
18.31642872753782 -1.4616996510041038
5.521030920604693 -3.341939347905519
13.588704129983693 -1.3752853025949792
15.00196885521228 -1.5137094586415236
0.25714610201115423 -0.22957969525219366
19.599867794495797 -0.8278300225899939
6.408187882071242 -0.278421003603775
12.638697040629898 -0.7866395555255029
8.647880125059672 -0.3842427735988625
6.728446206441834 -0.8296439907314903
14.459327827562795 -3.3066665034952343
0.6857484542573036 -3.5827306210957377
16.93043228565329 -2.7801585541252956
16.19671454157824 -0.24174671669007458
1.9886626492458097 0.05330565333659967
4.547355872320997 -0.43409619973466557
14.73023828244082 -1.433658714877427
0.45832993955025997 -0.7839811387286921
18.604672313603004 -0.6653693237815993
4.434558941431345 -0.28721489179092397
19.06431375849619 -0.9796380745910543
6.903788857318526 -0.6668719759244154
5.690756636947885 -2.6568899729864497
3.612081340534929 -0.6166207383332851
16.9338590202751 -0.32404881651349293
8.148812967943956 -0.05634878704809097
4.054721346819444 -0.7650342604187801
8.417019116959295 -0.0871567472147045
1.6048063265517878 -0.3085656528107676
5.5120960928651765 1.097399335708442
16.081294330423145 -0.37969076725230566
7.757020070262033 0.0667642782737942
1.8598234528102986 -1.0221156805141747
15.462723446007304 2.8652438195818877
0.18126078572080323 -1.1449870542975877
17.451557921239672 -0.5563431990825507
4.719674613508569 -0.003226722176320078
15.870686452974594 -0.45553172370478107
19.113980057841648 0.03947734045685693
10.901615142290758 0.21507130887450718
17.221023777836923 -3.071388703444688
2.697009175466783 0.13833254656966848
11.065541691706079 -1.4210532850320607
16.02429221425913 2.490660612218961
9.933423011873042 -0.5217447827863942
12.534124999060088 1.0049967921290623
12.87607969463465 -0.8119083823783823
0.16369860627851357 -0.009844498639973921
1.33720965066789 -0.7487134638376075
4.735512178989607 -1.037518990637838
5.370253623103021 -0.5907998867018067
8.972864428328474 0.6645481808581898
2.922095223483503 -3.670180253192773
3.471401518083051 0.32882201645749887
8.899507480130739 -0.3814217586919941
12.05650871168849 -0.6518002165652692
6.761216418781482 -0.8836364677208552
8.679592929612824 -0.9247716547364074
1.5922225251966677 -0.3576263833708972
6.431891119469777 -0.5827348139494374
0.2732197078049986 -1.5237608171846841
8.208762615586936 -1.1947297471035305
1.709108403711165 -0.564215848609373
13.429575683323048 1.741189143005744
2.09045023137983 -1.0876051047525281
2.8381239933988995 0.0005993147501635182
10.558047049615988 -0.7647889024440819
14.06234178410448 -1.0118398598722802
10.417213361785636 -0.7726154372112969
1.2792467981744182 -1.2721488576592388
10.111296167903149 -3.314329985842748
1.701188982125316 1.3600455859381781
18.587424570898698 -1.3088818443716173
13.9157227609479 -0.5593514125621589
3.328923729348311 -0.4935678885148414
6.763754539299641 -0.32800549781896904
11.328309617089221 -0.9574032966520055
19.86053103824831 0.3550709562290752
12.702084795482438 -1.2331758449284285
14.42744811001743 2.6574428809647195
14.105447628170998 -1.2292772365332245
11.1527244220073 1.3830795198388128
12.880553571005272 -0.9246168298755116
7.889674971809229 0.8294395655480279
7.017619723755733 -0.7350277932984141
5.249649408064718 1.1122479489242652
7.7242884460727455 -1.3951046655872303
13.985380836670501 2.554008015571366
3.2002852955087104 -0.6551231256108323
14.375711835276533 -0.6989587112268193
6.654419504166514 -1.7582021112989024
8.599464437551505 -0.45805877857237665
14.439952082557845 -0.8021146262955593
14.562851008750512 -0.14480696188179648
0.962180817424179 -1.3097422001397079
16.168815381651783 -0.08410537354164853
18.597023166247855 -1.430725221483741
6.195597394732749 -0.5652169327710083
10.450057331315545 -0.8415333399703785
16.114789941252322 -0.4273766044952143
13.636840183690822 -0.8341593544620804
13.873601807778922 -1.0674639356642568
3.2362157012961967 -0.5166079279401312
1.0024161300205245 -1.1116777478876279
13.49710184512845 -1.1013863824732786
1.3278407067040967 0.3662762754687981
7.49358290545651 -1.4831005988896444
11.307643431892414 -0.5014125520598978
0.2895857086695478 -0.5691003711221793
2.1294125079333965 1.3785743748873942
14.811404079829224 -1.259757437677593
9.43358673645714 -0.02867455672418759
1.4854486341186515 1.3677749988903127
1.2304618635693176 1.620289869797771
1.432494001263485 -0.5010696443510891
2.2900535322414677 0.33200065519198
18.302748685464927 -1.3864265006568004
15.208621378394097 -1.3059829158764675
18.00708468096078 -1.2668608870581688
7.034365821829938 0.1227805108209613
18.722011358488515 -1.1968011856043115
11.715658279515582 -0.4669199545630711
6.725903634596271 -1.1023442451424779
12.074768088962918 0.017969387542300222
14.005316959673545 -0.9371494092969346
0.37995543021354994 -0.6058636237613544
2.3069931498264884 -0.16342825301550873
14.734307641298123 -1.2058076213127562
10.783364018809952 0.6926961157099898
15.637593420581569 -1.3179528570662453
6.475987106177014 -1.6332858023926924
8.71593722756678 -0.9324269113896329
13.639311827782533 -1.2928856907547936
12.490621014641796 -1.7633378749290178
16.248292586492692 -2.223210545033727
0.9229657934001136 0.9549894456306278
19.663585079441464 -1.0283331820020574
1.5961982163082478 -0.39281901920376855
17.772703902122178 -1.2998861721766264
1.2708853156663151 -0.5814702423985455
5.9058165498704245 0.14646923328334263
8.768407611950817 -0.5853380428367354
0.30217170859179987 -0.772230627291775
4.781129992442883 -0.9256990304396356
19.843645477983944 -1.0572706737515656
4.020344975830431 -0.7638320320856705
0.28642547374556154 -0.8212631678487691
17.2163992585052 -2.7866250111603446
0.07286316556041575 -0.7808177552314031
4.892957148807404 -0.7122019755685983
5.034055116101104 -0.23838666632346275
17.96897517525904 -2.535896820951378
8.982735698498475 -0.7076724183976443
2.1105306567640576 -0.7684170426791697
2.847336149982887 -0.3668720045350017
8.09795358782444 -0.4852627345973345
18.324235673358224 -1.264810127664914
11.480594315168398 0.025753154139761703
5.973200784491662 -1.234442827279037
7.495591987380751 -0.8315769167000943
3.7522473425304144 -0.5826074982973891
17.309276512234398 -1.1720105009837687
4.907198536597014 -0.2547132795743146
17.35472869159445 -2.6331310663022984
1.0399294190275594 -0.8481340739566171
9.942231923997376 -0.669847730138579
16.37438326022824 -1.9731807191319617
0.7818033589092943 1.1956553964304113
2.9763773855895934 -0.7100574844962494
2.1914271696329535 -0.8339269328233251
5.061364424543354 0.057271490557026405
3.164683416406415 -0.6120780889941609
3.8546914320920465 -0.5132393786420649
18.829355609394707 -1.2998577950590575
2.73008984050452 -0.15039818673926875
10.89360613220329 0.7392859540897162
18.872803294766292 -1.3419850197077252
2.803990328715859 -0.7090445076311143
19.405646943802818 -1.124315729885953
12.77902592791614 -0.579266284651298
3.1477574880297943 -0.12782219712798548
1.1911840268836844 2.33941768769636
18.758544858193677 0.3705372534569399
19.772193494034926 -0.7041213068792201
7.9704902545287055 -0.16974406417631274
3.4290745372800777 -1.3762725543026866
19.147027130448638 -1.2040034312506538
0.6858169947143192 1.2771747083261902
0.6575260359786762 -0.9411137391428267
17.112434502090103 -4.124508899966527
4.113773879829647 -0.43758823184847795
5.04368411870641 0.41047691033829764
1.0418798614102882 0.2033372981142327
2.3748657869702696 -0.5048248955952204
6.4933057914039845 -0.235144359204187
5.764290156564738 -0.6802867091704792
3.1409202918567862 -0.24540123618716964
5.097253950578024 -0.6506335015415672
17.794125048596722 -0.9766266509982863
1.587576700594369 -1.1734417871934928
5.51939127698672 0.17400904678190712
11.002187185558777 -0.7739402817592569
16.549621050476215 2.5199408304238045
10.102227842642048 -3.263977158114739
11.038904227981323 -0.01472987902079436
14.328460366430813 -1.310441551609698
4.461492127783344 -0.6001215435706375
6.285386641705306 -0.19127950824295997
4.5713448091895446 -0.5612936450713797
1.003063813930743 0.5411869979582616
1.564228652126242 2.024411355059592
0.7183619028945436 -0.8731502133199567
18.321025568408757 -0.2045022334262944
6.001494994297899 -1.1650675736159772
13.46667182713719 -0.3847487468304832
3.108252758760718 -3.6306031044523714
19.844413368716594 -0.39720803544978617
2.5691599059272274 -0.1692573918516583
8.88209367189838 -0.3612830444141297
18.30139645359591 -4.043561653138501
12.403231398632508 0.9094521758914829
11.250045577874511 0.6366993490634396
11.100981052915985 0.6960080891489862
4.880635363390285 -0.4448652506377995
4.601844542811626 0.4622492811096597
2.743315732396668 -0.6317331920912739
9.341260255924306 1.102995998554305
3.577390088671352 -0.361246515700743
9.942501987326457 -0.5463821749773634
13.128905073413137 -1.0834379021029317
2.783030599648535 0.12390967802123025
5.447841878143041 -0.7166424315552061
10.685764344313982 1.7008657273276468
6.210632759021945 -0.4701656979796247
15.159394766993422 2.248420718180503
6.284813777181396 -0.7099615447874834
13.202336226065423 1.7279664315691023
5.428175773341613 -0.0894806810355191
19.541992699114918 0.08369562096466156
1.6321203884472149 0.4619203506533635
15.38971653182129 2.759643491582891
12.18646068073164 -0.5290083747335106
7.284062533418933 -0.6241530699350488
5.235693795735801 -0.1994169986998527
11.002204038015723 -0.1363364925549619
1.2604239395278702 -1.2738893399719167
1.9639206973834045 1.0781931923662544
3.1481115660468766 -0.5408639381206534
17.580114561663382 -0.8546873653548087
4.975114169190966 -0.26701749369244265
1.570061443241243 1.5365425515613254
11.328844372614812 -0.4750765445639689
13.136006329049934 -0.8065414094434903
2.7236159556591524 -4.070237819779906
19.40026687841819 0.4715073741638202
12.260924250093408 -1.7406197700238772
11.366131913379949 0.7982443388368605
12.151356779139943 -0.539151672283212
3.819270510135387 1.5962999859040052
12.960596637475337 -1.0899985633257672
12.395919568163409 -0.09657556346671181
7.157772389389623 -1.119917202613997
0.9968100869124115 1.7728358731711686
8.99788564935365 -1.6270160164400065
17.24540854630572 -0.7934662023504636
4.984954719740699 -0.4304108962145389
18.65796005881544 -0.766909494114874
5.0687697325942365 -0.35911229303485437
4.158888508631749 1.153477884112458
15.767940640342765 -3.9076235553268748
8.912461857345134 1.1704675217355454
15.885896484143714 -2.0260643913628584
16.269854587807487 -0.2066213562198303
1.4228760887392506 -1.7169487430251271
2.668495865068896 0.38147709327171175
0.9617078202921905 -0.8668283809717074
11.55706968719877 -0.301651359536693
0.7866595623054757 -0.8699376864540731
18.170172681685326 -0.9523307845016121
7.148195506696964 -1.227752544763951
10.257871719272188 1.3895600480212156
4.233424232034505 -0.3853807911181748
3.7155223725829423 0.04792131050601877
14.67081670791727 -2.483334202382584
3.956439324936042 -0.01739729594039967
4.9247561693355175 -1.011937517644894
3.701465043782406 1.1275579810048861
4.045430647454128 -0.17335108218352308
9.675799640456408 0.3408606005545164
13.355173786125848 -1.1549619881753455
9.85514155493798 -0.5091828208052208
1.042043469771817 2.289164452834843
9.182941438529355 0.6924475817040602
19.368280143394607 2.838617572449733
11.961834660147025 1.2587237688470918
5.9466078819261075 -0.3015310773155039
8.00400968954038 0.6087736678094756
14.37843892269121 -1.0498672327327416
7.7126732371430915 0.5730080256516078
18.95455266678252 -0.5788969103324941
6.910262858350161 -0.046100102108235355
17.178772847522506 3.116880074267315
7.378004298943065 0.3884894944897362
7.979619038417466 1.2960866589730529
9.54527491055368 1.1689528493323897
16.561765051404873 -0.47841726655027417
13.984138117717274 -0.6185865297674686
14.99196634047965 -0.846521898320009
6.469840618712739 -1.0861269818815615
10.884444537283542 -0.5939174911627368
0.8287697404135133 2.4013102852679507
15.525722192755243 2.951105835476149
17.431965029665392 -0.281254202141632
3.996405813628005 -0.9266817496407852
8.838520726914798 -0.7850817655223149
8.933523120605253 -0.18946915596042013
2.591197422938395 2.0095524468634873
12.069628696250875 1.8941355707048007
15.750758956459384 2.850205986953247
1.030766025042654 -0.209576646848908
0.33491102699902986 -0.48073961326852316
15.734925999203167 -0.8621312105556319
4.669992152888283 -0.1062972320850708
10.236928918112136 1.4148200542099516
15.502755891321913 -0.47154882276245114
9.782410195627955 0.44870792651714686
18.800063110344094 -0.770612377155554
15.16127627976197 -0.8935369648067816
17.054305420612884 2.9431926938781907
1.4568329335530459 -0.32293712173786565
1.1586603763638286 -0.45489068177102154
1.8822426846187021 -0.08175434353040961
8.386842545544303 -1.0729755164401122
0.3485593858371586 2.489988489179276
4.692428874259305 -1.0350813706720474
11.738617200032593 0.27719738248372255
5.20087114972349 -0.8567908931901351
4.632846448402215 0.21664722425152322
1.9565813665768803 -0.20297672855724536
18.56557928375196 3.0765298475315324
13.442027448906309 1.9629806837245032
15.49176891647619 2.5710675295584338
4.853136578700837 1.4167351995775512
4.631734929686067 0.21614481683706638
3.7417545990408874 1.5605822551250599
4.277876601603193 -0.058757608953544406
12.1542616024635 1.2701983461086337
14.75341817461237 -0.9366347768647999
3.2196632513350227 -0.905137824104178
11.6523339187478 0.8450240111199193
4.432094544393388 1.6304681146590567
6.796157260672175 0.2193483177609465
19.880255667050875 0.5091769923716429
15.161354386006675 -0.8345918581175426
2.1056448627133353 2.0264519554181755
7.177830519510165 -1.2253808466835836
15.063891699884609 2.3086512871407314
9.07170692577389 -0.3756975240755719
7.342658045167335 0.1576277784997097
19.702617357974514 -1.0156894702919845
8.119759097513466 0.5352079506093191
5.504332877575216 -0.5321792556744621
4.08450491494633 0.014507030037594057
1.7862055862775867 -0.659435361160739
14.388106630171693 -0.05968551688128611
13.710327508763104 -1.3769421447557626
17.91841595866585 -1.306322875994832
16.176681984102398 -1.3584158505605046
1.9724403381189044 -0.43554338023473205
15.883158048689817 -1.3635761690358423
5.767731269274742 -0.8353758756766315
3.6330756073847814 -0.5224998079890824
1.652046327886474 -0.3713679103287479
15.608173566776042 -1.5179068292227076
9.905712879088211 0.18768492807311
15.064509538397468 2.5494819450829413
8.397331717386361 0.6484504755383973
19.29764586293056 -0.915946228127809
1.904147409632015 -0.14497736566359837
19.664105870413803 -0.7771583459235389
0.2728775277266612 -0.31294302068526114
18.200697519621126 -1.1073365602613614
12.17789428217616 -0.48140344144715236
13.986111806958254 -1.2045440451204852
11.156635614426573 1.526759257124344
0.5400889139339892 -0.20061719972572825
11.394915909704217 0.5245657718873993
15.55948751644591 -0.707660434850069
1.4715877312974777 -1.2422181395740517
8.786007477257119 -0.41348436361743457
1.604070650845626 1.4629702840248975
4.798360468162558 -0.3399829238573319
12.74343134832882 -0.05874540539374362
3.226892729807939 -0.6553551543512938
5.738944416545083 0.17554862312016123
8.553558625007792 -0.3663424851809218
0.2437969448392196 1.0430379908024883
18.79721160846503 -1.4097768043019319
8.553047118259194 0.7478777780446046
6.563801686962499 -0.5841876704604456
19.92038117864536 -0.6061752461220526
17.73685449354702 -0.2621480941864396
19.37273309395102 -0.9141307741282843
6.223870384928721 0.17386814260293054
17.80482644800925 2.6990523324667497
10.087655077195187 0.06050119396226005
15.775507495010844 -1.4497827570698743
3.619025670218007 2.1854195537377468
17.382573615278584 -1.0229470141865198
3.4114371917482607 -0.3164868003395621
16.09746363505263 -0.9029115981304885
12.656707108242854 -0.1886949891534517
4.274115780627357 0.38333679509895496
3.650630145235044 2.3155164783303652
7.678652438775511 -0.5875559906093086
4.766407526353765 1.301290122705068
0.7473440715697367 1.049331176707465
3.003339184830361 0.4155632540653019
7.671606089281107 0.1715423493141993
5.361358962478382 1.4198119287839972
14.315880468144695 -0.7828145621053975
19.92481260186835 0.4025174897666022
8.27104913450605 -0.6990958614695423
12.210606005332084 0.7526371453416996
0.14653878474486398 0.9311736398547219
2.1194259209798467 0.08219050385785709
11.934375486363678 1.7405772698941528
1.1034386544261163 -0.731914601220945
14.552579661710519 -0.7365363052629985
14.886348193258812 -0.4628330895010706
8.665744474990946 -0.23732533085296312
8.689654227341098 -0.6346860024537898
12.8908595349739 1.6010343898580082
8.360768120586766 -1.1336801622042705
16.26016800365737 -0.6430475100136381
12.825206326150937 1.4008949599886134
11.607868748077376 -0.5038234934670159
7.244796262092875 -0.1993063480207866
12.220355932208905 -0.6478615366523003
7.520164971003137 -1.3736528847911296
19.892484808228424 -1.652137640638075
12.244723589681676 -0.5077427832147957
2.248993067439416 1.3674243190225785
7.54956114998273 -0.1641880508892713
4.775253030626922 1.0526977656819791
7.874949211179415 -0.4914742531410067
7.058494891932365 -0.2538274665635486
7.21840556459531 -0.036298882660797074
7.831568703853736 -0.7896399542962582
7.5444782584998595 -0.0760869798690207
11.546949706610086 1.341996046404762
7.961669062272279 -1.2220759849176612
13.337716872810539 1.7475482290468451
7.05682465911261 -0.46121344334519354
12.343652527058985 2.0763109632835284
5.613806182160031 -1.211766624356392
0.14491279213685937 -0.09317861415469139
0.9417599539023549 0.8966890206037271
7.654061789360892 -1.2598254955592854
6.89169228805161 -1.036348990974027
6.4795314338511885 0.6108888303200702
6.860744044382773 -1.0492408313970742
17.75272831625079 -0.23997382423251507
13.250853126688709 -0.8382027630179378
4.259821657592175 0.18081259931487317
17.458576454271046 -1.338182589985674
18.901873042526198 -1.1379794738620195
1.143759254777582 -0.7187037969335042
10.682638896164727 -0.4197250664577724
0.8592852749691818 -0.764772421479512
4.039831492124115 -0.48279459387610907
17.324769594091542 -0.9768624442727412
17.11388325907373 2.993542063652871
13.24897784835451 -0.9974951792393679
11.13363466059185 -0.4951611193259981
1.6966138581018686 -0.49415980221292255
7.124324982187779 -1.5636357619458554
19.506635137229537 -0.9224882676417449
9.654886723797294 -0.8222203778475372
8.37652555717682 -0.39825460672025353
15.290179138041692 -2.2309193589916076
5.145256424702305 -0.4034416802068199
18.795078238217656 -1.191140214864647
10.054108384355603 0.006252959121257465
3.8622900458361293 0.4293020496533891
6.629382454825034 -0.9615690034986824
17.76690748276117 -0.8765349596450029
6.142886614868553 -0.7925941042504973
19.09123932217249 -0.6133321091521207
10.691232278197985 -0.213988838164276
8.603265107579837 -1.3786575358580189
6.1856748385435605 -0.43377160874741794
15.445042563472589 -1.5666124236191983
5.021275734050382 -0.45356501588850534
9.354060877247123 -0.8913152920356037
10.656117803548762 -0.19084509412814754
18.221233554334134 -0.7224249042205507
9.295344642605432 -0.7564294570169388
0.9177999627602842 -1.2447326719018716
10.743301397128016 0.40106048239751335
17.030279443154402 -1.5417168150367104
8.230144133213695 0.14615746543099362
4.214477985398501 0.5275890632589594
14.963228476633018 -1.2098858896885913
15.389662931873518 -1.4640786730258186
9.709977832064686 0.22036653795191533
19.308549589598478 -1.495112253227392
7.987214513490408 -0.29490500412861
10.025790832352795 -0.5428141608905783
7.788688746558921 -0.2113721630385348
16.106559942263576 -2.345661562362201
12.041497479810541 -0.4626566634835901
5.007959983240365 -0.4844118733888965
16.321524866710874 2.9411002176532195
6.382299769990553 -1.1944736897657178
2.927606735325256 -0.392812731063082
3.2463814763019156 -0.40296235054361146
19.686127099539107 -0.7778734348140812
14.129722714544073 -1.4092817500535235
9.635481706623546 -0.6035601086408429
13.065860035883487 -1.718834374611479
1.313021313183964 1.8550032359224973
17.384614499465005 -1.637351525833407
14.436086690547672 2.2331889679334824
7.081341565619019 -1.8945342706684085
10.300235179544531 -0.6251092483954821
4.835489139159781 -1.2244987236640514
8.056888297734767 0.15400758252376012
11.09039822714877 -3.8615129316833605
0.11441070879255429 -0.1878439756391614
19.986110946347477 -1.1658616269269413
9.861906118042272 0.1959269778821565
0.5513726097272795 -4.35934042637294
19.500066844870428 -0.5634280742866636
13.671905186791117 -3.658833569098197
6.748575855674219 -0.8469266187181801
0.31978700667746396 -1.197472559974889
5.2607641709156105 0.5152162016308242
1.5355997408012954 -1.0723465377583163
2.3729995077891566 -0.1170481015294441
10.837682787909237 -2.918090870363732
5.714828793658896 -0.5185885867703923
10.110984226122193 -0.9885395970258359
8.887791854776143 -0.9394337782920629
14.666207486762268 -3.556785984471584
5.64960892149486 -0.7117813112102246
2.95788706153402 -1.0826316459125649
4.205874712426727 -0.9594354334104734
10.652966211867003 -2.8528906725199144
10.230709722151362 -0.8388006851750656
7.037439522334184 -2.0039249195351165
14.636738137641126 -2.2036517651252376
12.84180464975764 -1.4364058816565208
11.672867081648151 -0.49044541912307393
5.225801201292981 -1.1987494040275553
1.6115403366896812 1.5654701764688608
9.277513317813794 -3.1033934078076006
15.096854227535523 -0.12755055028636136
18.149688429883792 -2.6009137463934366
18.540460233220365 0.3794754889386883
0.3563071872936058 -1.219041351853921
12.779007151682713 -0.5542314795100752
11.049260730375371 -1.436505626890636
15.830238140238299 -0.4103738855625591
7.452932339872402 -1.6637358936319722
8.27964685782767 -1.1079658307135938
8.795885457600862 -1.3724676492237724
18.34511378833394 -0.7378951368985163
11.632724381818349 -0.3588151896015111
9.410409264589383 -0.8153915829977486
18.115653051179883 -0.5184539736758891
6.926641138961042 -0.9040160268533538
10.699970476322665 -0.5483217884978927
5.276260654822803 -0.8158627911691676
12.95475124643232 -0.6831374898210898
8.60942943900371 -0.8580608919829473
18.766617378072286 0.26937922688952387
16.484094414185662 -1.065884769284742
18.91450928783817 -0.4994797550941537
2.0195251648625554 1.333414308097733
3.3516086821595104 0.3280373045784752
10.631377206782537 -0.6975656488300572
0.7466110020880429 -0.7808568864488072
6.170691494426452 -0.9085642603194736
1.7235769694054717 -0.8667747799160507
15.110879187317169 -0.7223412627193377
4.745528676334045 -0.9913588066535571
12.121025420347442 0.4408922926548193
13.867941155049529 -1.2938922489589906
12.346161835728608 0.7976487705092533
12.556023404642055 -0.742537119411452
9.029172717354768 -0.591530795975503
15.224541621403846 -3.431764790388741
0.5718006293663902 -1.3131740773787401
12.645515344758028 -0.16399523246216532
3.7641414067968886 -0.5900927278456188
5.582865909590121 -0.08318995144969238
3.02515658039238 -0.9628242387289456
13.67768563626299 -0.8975159185325188
5.640372413184512 -0.7026065435330964
6.6762138814682634 -2.919991165791744
2.8095840496535 -0.9856037959349869
13.504222279023484 -3.824811626668005
15.968966843042844 -0.43552389089468824
14.450416644135576 -3.261589641890086
18.365359410278042 -0.8978101361254609
14.079629385771149 -4.123328668504827
18.697142825801688 -0.5495717264249657
11.468249506225778 -3.9223074210192306
7.973525510547809 -0.7037483837776939
3.63657040779714 -2.2089236438148547
18.03396551812958 -1.5641325329614486
17.01511936722844 -5.762646569190203
1.7176946720146067 0.48052384322201613
5.21055212840288 -3.5527020830956126
16.584075801013434 -0.3721967669856342
8.685499297067054 -5.563339373996826
17.115429793917592 -1.2045830925715526
16.176553059970395 -2.281411674437972
18.377406974652605 -1.635485285881311
16.59388899553797 -2.2388576577496617
5.597050007458516 -0.8001704703723772
16.79204817191313 -0.6223566256726252
18.409960096066925 -1.090766076741301
0.4523428595972794 -2.001508917657841
3.4193804225311863 0.35294604012094327
5.577792381070322 -0.6409645963989707
0.44168963270722317 0.6694131689036552
16.84830333348379 -1.8989930169898117
4.63616820746076 -0.7155463100648132
10.656566353859503 -0.7305530706433135
11.957251831410963 -0.279822104409852
9.9062414474482 -0.8831304577764058
11.948630957546868 -0.831841719783309
11.571530886864549 -0.4416223123671336
9.838447980920767 -0.5091292748260045
3.6926974568786535 -1.0278131459088078
14.407900548861766 -0.3825624324342818
0.42250356892514035 -1.3525794845054704
1.0755658593166468 -1.2520326394060088
1.2429891550349765 -0.7636191933252646
1.5245495775994864 1.8739337951100077
8.431353201339093 -1.3916880676982817
15.807051380528888 -0.2683775280457917
2.417848857103538 -3.334148649063893
19.47714541952965 0.3237721943649574
19.16467251655993 -1.3250732327746515
2.4959892737169618 0.198617097019911
15.63549709954735 -1.4074345018397934
16.855868322293812 -0.8788375391404856
12.746981047705884 -1.1988782329734244
1.309903347969348 1.3826653943930982
16.731158466308823 -2.7439381432360253
13.850249618562108 -0.2962354136524722
10.415634389424943 -1.3654120391666678
3.1984278696515953 -0.00074816901425186
16.376870865316278 -2.7088279338169623
0.32202134430397944 -0.08348436402951079
2.929103520037578 -1.111572263276289
2.5480024755607174 0.5914589194495303
2.3644962147192405 -4.69206137098736
10.981217831300263 -0.5082578536288029
19.010096092301897 -4.682659217628106
18.970289133834175 -0.5958055025438
9.561893045898818 -2.321586863489657
4.718489659383342 0.5109752145941253
18.611706424865762 -1.8837287777683485
19.701334721940132 -0.39592255904878726
1.058461311494277 -0.9822584499032148
11.859149193211836 -0.58611586743714
6.167924170313906 -0.9079454390758833
19.255726826185516 -1.8334405026012812
3.666769051814125 -0.7977807609360875
7.470612972963092 -1.3950002334111322
7.568112134109147 -1.4219457970925247
15.219479371359176 -0.7494293047755619
5.078213008427253 -0.7310935251878423
18.942623019982577 0.3841371202272483
18.54340844712777 -1.2486006807166132
5.355003602998402 -0.06622924502209898
17.05532064579413 -1.9628494935733694
2.1633693422173264 -1.0840391612321558
5.675266877744868 -1.2146541638631572
10.333145984682105 -0.433426989891916
7.573099255650783 -1.4695415676426469
1.682352024853238 -0.528589817526367
14.299956726140095 -1.306457183066468
6.326855538950034 -1.0356366609702594
13.991984563576324 -0.914651656461348
4.377215223615786 -0.6732384596879939
6.140971827013833 -0.9542044357402762
11.130446871991452 -1.4121117898459596
1.1266330728267449 -0.8390479115586983
6.809059934287609 -1.021821466043671
10.31279745864912 -0.7475326028974745
7.896734375012131 -1.0050297958585142
6.288389144133276 -1.0823772817387125
8.790776476667709 -0.6958800205779055
19.21266876307548 -1.3481044107004176
4.623462822541181 -1.0304974575086796
4.963848717595689 -0.8603502330943987
4.0219227754033255 -0.5007395635005428
19.58633337026616 -1.8585587444506289
8.443527751537967 -0.8487992830169436
12.675728364039104 -1.0931559344832982
2.805931888640032 -0.9013453569742691
6.91253117654046 -1.049013243749577
2.976950621370235 -0.7821076329951804
0.961561854155968 -1.182188296970571
19.334366526263757 -1.0849931896937894
2.0936460032770863 -0.7082561438103017
7.960925241203498 -1.5698646211512444
2.1749652091797658 -0.6584297827548281
0.012439071739941979 -0.775265008184617
9.736993862135767 -1.0761329325082367
16.47046266591056 -1.6729871672224728
8.065597076356664 -2.564336991927162
7.470871303976253 -1.3647336782056443
0.5032398076210906 -0.9635446446047495
3.0870692485918987 -0.9129020181263856
17.863514761226416 -1.7146839464841237
7.328454381203952 -0.8334804604401759
15.942418630073668 -1.803084918166864
6.872304492046123 0.497536555932523
5.251602938232737 -1.0212800007805258
16.60552899521145 -1.7205538900565602
16.668164848944816 -1.3706675014919893
7.989569081459386 -1.6124879712861215
4.044199777106606 -0.21861064834189842
12.85054386959819 -1.2866432011403388
2.6995577950630767 -0.5435671500196575
8.764718819318743 -1.2215383596721596
7.046648046453635 -1.0216669956588593
17.304966063672232 -1.5144623745965609
12.195797385891531 -0.7368908831404531
8.865305851855881 -1.3482932010691129
7.3396024468751575 -2.694397081769264
13.605247785746302 -0.951246822928907
1.0282032739233946 -1.0404795042197723
5.342432884349959 -0.5774091450782044
16.965107242322354 -1.5525190281507721
16.591563647461395 -1.4561548036913892
18.848524452011226 -1.3235851073746872
8.51019841007386 -0.3328263737881592
10.693832676545831 -2.497895455170487
8.387504065501618 -0.5674094960704565
11.661467974969787 -3.2319163491830856
16.118625375773295 -1.5844728185028996
11.4253433051655 -3.0463958130793145
7.626056907394451 -0.9246596338152592
10.55483587607708 -2.3945918687993104
13.070850715019585 -1.2107023120581606
10.890288833568825 -2.7180980807119686
3.6076507684732224 -0.509102737824588
2.235923673018938 -0.8093462978915152
6.590079280783844 -1.082356638204347
5.272795559269952 -0.7594655562439172
8.241951744080243 -1.412465043010479
10.447766756426805 -2.02529623371047
1.6321857280474106 -0.5933203256258197
14.703501518238905 -2.198138259859246
5.485542534961599 -0.5431499723560956
12.619499958686134 -0.7994850871906823
5.991530330252462 -1.0869416546648736
5.971935683756864 -0.8002830930910917
8.4519881530512 -2.470037386096413
19.524754580412 -1.0901956056418758
6.945894433889459 -1.7457469386259261
14.137703093749119 -1.183561540453778
11.744781498628017 0.9737675140044953
14.784355068057097 -0.8225572601923111
19.18007894901692 -1.8541706160905858
14.271756334822964 -2.2967124556079628
12.662912404703473 -1.1573942831963708
7.682848782306192 -0.8838380430000314
10.79066396495883 -0.8447411518598361
1.8498121868988815 -0.9456430524933943
0.432759171522199 -0.8415967648422542
0.9785879593589702 -0.9958633094618615
7.4670014248057575 -1.101666933848243
4.487239782290138 -1.241057924594945
8.499930217882076 -0.8765976060552517
0.5746746465731365 -1.1081432681937862
12.66596707741151 -3.659080018045708
17.23159729971995 -3.9075345173572087
0.9155570234986032 -0.9783165510603238
3.879174809639361 -0.7349781298904645
6.9404781532947935 -0.9141955344781919
11.524919527110471 -0.6899982684910165
8.972101556577925 -2.8391095463183618
12.554723879241175 -1.2633302390105454
10.831559136413972 -0.3415629639445883
5.802237329782972 -0.8633131968780376
5.22481864749417 -0.5668562316043922
6.121526488383078 -1.166257376864086
2.5920955228931346 -0.840291709612865
13.850568260909148 -2.340044033189035
3.4112131621648016 -0.721998883754402
7.1710399346245435 -0.9471303270631677
4.320432781455475 -0.6677734327740826
10.263507118372578 -0.7750299050438065
10.97736945372405 -0.5864957099707706
19.889739509909315 -1.229902755553464
9.045083632720788 -0.35844507426167005
10.402526373245651 -0.8442107261375956
5.341729084033055 -0.5812915178815568
16.460997344644916 -3.7672476263223347
9.79060393529645 -0.3067094205238319
7.41646396594855 -1.3404018866630192
1.6452273478659278 -0.5888069363413668
16.82901410698073 -3.7865321547387
13.886712643798049 -1.2524583251348944
1.1666436720142412 -1.0150370675575013
6.457953977415544 -0.9778220491674471
9.117462149665432 -2.9852334236899676
12.875403974297974 -0.4608060892537771
12.120671178283132 -1.2663105000249204
8.29917574214591 0.564927043457402
19.806439702502225 -1.1951683082671742
16.205957126871915 -1.4666960311763448
14.838397528306178 -1.698409398870121
2.297041227173634 -1.0152187582594
14.41386520201955 -2.097512475600519
1.366157170306534 -0.6777942976244525
0.9050222982215823 -1.061800031412779
9.45040089952562 0.06640928489705138
19.742412317581238 -1.1881099279016336
5.618875228174137 -0.48550954659601236
19.782490822931873 -3.9974875930968676
5.667877234185054 0.5887863103333872
18.151704503196935 -3.9647386758577317
17.29953858930688 -1.4137213344666557
11.668563396760096 -0.4008772757573867
6.727976668466993 -0.9247708327731308
6.9273600041117245 -1.3294010851111655
3.472930321511956 -0.5405146337668665
6.954028946426321 -1.3342204221803602
15.651121398722914 -1.4799747422472131
11.204797124150394 -0.6386605667253409
5.43389595548991 -0.479878567628278
9.698708147516786 -0.8922121430764417
5.582790897732146 -0.3568053258474652
3.896495189480946 -1.2369107646705446
1.1854639550081656 1.849147411298237
7.100616451172089 -1.0893621569647378
5.980450568869426 -0.6316998160527325
11.412309879598215 -0.5921717400328077
0.6930645037415166 2.494936672162181
7.268648060206986 0.29152725109215305
15.122778062297092 -1.3205522034797872
12.852583498575171 -0.9302209798300384
6.422806111388073 0.1262884442344224
9.11530184257443 -0.9972817685951864
6.246309179875313 -0.6344484849770947
16.118106357228736 -1.451641355741803
0.5805334371760202 -0.6720315683626871
4.142057396500475 -3.184052902279148
6.253441002048441 0.11698076645613745
2.197679061902977 -3.47444884049302
11.878887482723298 -3.661202542664121
18.842587885854122 -2.4123960562371023
18.678275445422 -0.8215959708917496
13.560064816533954 -1.1980198007038716
2.425048766068251 0.3999767763312216
5.895338471218218 -1.0724578294491347
6.575275251543463 -0.8107252553092076
17.15699722829288 -3.8262869901046996
2.5334193275065835 -0.6341746910874273
7.341372580385625 -1.4210782206368977
10.358738852286795 -0.44094048683217807
18.716032477703113 -4.013362301272525
13.028522184757785 -1.073901332370991
10.048410587806462 -0.07015717926560855
18.90036848093759 -1.0276766195673783
9.074670907209404 -0.9066188437173286
7.134402869270409 -1.3593431062630912
19.688652468298017 -0.7875673946500081
18.894910449024913 -1.2749555417281855
17.119169641989348 -1.3162629379489281
17.60094463280482 -1.3463706380782394
15.8451785393257 -1.4350166312342485
6.830064267558441 -0.9026095098387202
7.004404681225766 -1.4252072620453529
19.927724434696167 -0.8157017229632427
13.074917833059663 -1.141326715046627
1.974298835032511 -0.4415050026201913
12.676916958374388 -0.9360848342735631
12.207734034822781 -0.7887612598516215
15.49180517111082 -1.3283423960136143
16.476249996963592 -1.4551900231524018
9.910907781780251 -1.1069135462312687
5.9455525346579865 -0.3508960183303139
6.975053945945908 -1.4669925677641946
5.319339888264651 -0.40034593773176813
16.595505946568906 -1.4179963463424308
0.24024570809100526 -0.7424116858826749
0.7284926278714354 -0.6022611405703805
1.129631326117749 -0.8095409655566908
6.748466462778291 -0.28942555064735553
4.070416332072314 -0.5874371169203667
2.2688970827316095 -0.5991707355037669
6.0284363571109285 -0.398649186476543
4.76825439466577 -1.2433548047010703
5.815688742504476 -0.38550675317130273
5.547037578196796 -0.017910976453318024
11.246866572359888 -0.4565386756267946
16.4145415927152 -1.4354882119601782
13.018562052602963 -0.742620280312202
19.468959112091373 -0.9865950162450788
17.36869402329409 -0.9167126882024212
1.5200569138263975 -0.5764901170023994
8.600640459203673 -0.4544482723249452
3.0555167601654785 -0.48832258799067546
12.322795741706786 -0.41634066460939695
16.38099634730905 -3.1171648327590207
7.972391043102043 -0.7146850770410893
11.63028916852543 -0.6433304280048812
4.616400866358209 -0.5830696487452034
16.53351480367371 -1.3984410060396475
5.2363261097855816 -0.547794089026655
19.358170349059368 -0.8756155847345435
3.941106302677698 -0.6087252452368859
1.4387004402377848 -1.1798434757880647
3.2951576199073833 -0.6803006382970839
4.20795552920898 -3.4484833162250212
2.5612405919597014 -0.6951349278307846
4.037252058348084 -3.5183093173847815
2.503525626254082 -0.699124077340886
17.404024743998402 -3.7564413404248223
2.235521881181306 -0.6528380153230141
9.958126733928864 -0.7029475532624702
17.97066023684763 -1.6318034604595522
3.6557387294192982 -1.2366799561417392
0.26873563189099514 -0.8414559153185838
13.806167309958106 -1.301205749964337
2.310103187501167 -0.3213655846295537
7.228402279967121 -1.4862570835946904
14.697284219069502 -1.183181749591504
4.991284611367018 -1.0951324109395202
14.175931564460386 -1.1922891597355818
5.296547630583301 -0.2589829841821299
14.214390905701435 -0.9379101659386924
10.20952499136628 -0.9528561521336827
14.19145723194883 -0.7295689797771248
12.602264422878461 -1.0057424640675197
5.807205659172178 0.2194011826819211
16.92168886756291 -1.8935174521709983
1.6845986427646225 1.5676578070573983
6.6574415397250135 -1.8236106230717868
3.9682498959353953 0.1293054317294961
18.213280529589905 -1.4640222898186652
11.534478871721522 -0.18679587935038366
9.249818120465894 -1.5637047891245748
19.475583529310022 -0.40705266525784484
6.7479167144546635 -1.4975732719510588
13.808603978287938 -0.3014041224041134
17.4793946132653 -1.2338239520482575
18.998900742486807 -0.6133760871363684
18.019640986349742 -1.2300784704506036
3.764056737515049 1.092322615796666
0.8193309294721193 -1.5113495566867192
8.188019956209393 0.9845038750311856
3.1840187976099408 -1.2552883147709182
3.2922977446897836 1.504779917268572
1.8313904342054543 -1.1785695387803456
11.436832009183057 0.5123288471568255
16.584482512010386 -1.390544747445126
12.370759634568156 0.3439222422792437
16.42216735722125 -2.2823210113647674
0.25424107849493677 -0.17986476974459517
6.537265329449072 -1.4966632916590235
8.038567593059877 -0.30580483628759714
14.515324741098501 -2.2389044333101484
11.339624806643254 0.416083366513343
19.975639127737246 -0.6333653646375379
12.137492846822497 1.85594575225641
17.76860198930976 -1.6622696511827677
12.45773645628752 1.3458173468964707
14.408002320118857 -3.4468077804463206
12.606780162357454 2.1080190164498367
16.42306718985647 -1.9466026103636986
17.242074702537973 -0.6060072065371264
12.862769753755508 -1.4372626471851817
13.791618290134513 -0.6205512679966342
13.510864336252355 -1.3257019069879048
6.445296839189863 -0.8152168370048631
3.86044598991279 -0.5432444314777918
0.575103929650222 0.06871158191374582
15.243656623368162 -1.3711314815678568
3.3942215600434493 0.44530246557597314
3.1802745636966137 -0.7699119722383577
18.490731562128186 -1.42212590887387
13.990702775318333 -3.7254426982705104
7.450998433349327 -0.0008852552804133051
6.784315217027098 -1.14013197394795
19.070788719076592 -1.1625799134595913
3.2942241457313437 -0.6390085110938254
6.192450706467607 0.24352912290978063
15.162654437695382 -1.2129894919495972
5.80764206234297 -0.19575241004404384
16.166702408863262 -1.339025197616667
6.266399244396863 -0.7366551434646471
16.488469851642083 -1.1689617228684965
10.73921834676691 0.4912587372909595
14.063717197439804 -0.8468142272511112
11.249015856968397 -0.04311172978565727
12.79038824920094 -0.9045429217637521
8.104703364045132 -0.15308396900500465
1.4556083288879393 -1.7175593685038613
2.9923952230952806 2.0146937133170497
2.104792246914871 0.2510353556480825
12.785781722106108 -0.6444866175805729
2.8345108815019606 -0.7208013991389687
7.464534146514123 0.8116042383100461
12.420136804330518 -0.6179008872912699
10.775875177990814 0.2565817429489271
19.227338020159532 -0.6526841150888375
19.60232879124374 0.5904964689790915
14.492845682302992 -1.2884480373007303
14.319107569827718 2.0142223113137807
3.1941896810695387 -0.6597229888624467
17.722784304718996 -1.5142157689822577
16.396500806656594 -1.485018811004208
8.954655442116962 -0.21414650543791308
17.935905746158266 -1.3186366776077638
12.909211673452893 -0.799859352371454
17.785790873463355 -1.561546841583209
9.284846548094896 0.15588064070436752
14.103798549767207 -0.8950344176574185
3.989547359031129 -0.359740948560411
4.216252518398647 -0.32746767026048107
2.8791606160916032 -0.6354787612951729
13.090397903942291 -1.214869837846846
3.2474114508373417 1.1542535343381377
17.15238981303425 -1.492808668897288
8.127695906966903 0.10634833974620496
11.232529284999078 -0.4852775863608368
14.216696158135035 2.056811334339406
19.25403395111036 -0.6387762075328115
17.777910648208433 0.12893046436007027
11.640797200991445 1.7248933866713403
19.424848042520015 2.7968705594566776
10.320244200419205 -0.5140807538569137
6.543118899122913 0.588633001398503
2.3857908138771498 -1.1491865043488758
14.70396320659092 2.277457173820422
13.356650173806045 -1.0432192615953373
12.146553914508951 0.46184682036529107
8.695521277982511 -1.0866882640866504
18.146956081602557 0.23623012782460698
14.888274646140282 -1.203169004995986
4.62959685252724 0.22729851138811247
7.366276431912132 -1.5641910716668335
16.53485391923107 2.7101762934727542
4.255171148291048 -0.6366880124064469
16.66832594601411 2.710597308561365
18.639959794474432 -1.3774225668632791
5.806226959697776 0.3344410265720727
3.5081330661885515 -0.5952605354307783
8.69811430340608 0.09747676081790284
1.9615748813535525 0.34936874519776084
3.2447834929932737 1.5667297834351408
15.662971320779786 -1.3206378983417342
6.898446072215946 -0.5593464547156269
16.101677482743405 -1.506874471687813
17.44510241647648 -1.1896870235305765
8.056803917495888 -1.0789350977327776
8.854578737303846 1.0811210578619364
17.847876423598784 -1.3931890235983502
11.606153562818927 1.1973382514680326
13.739032431255465 -1.3204628343220948
14.58663261876217 2.531951337782623
14.78608165626346 -1.3566663735232212
15.89823379945494 2.7854467833858094
6.661970667154175 -1.6222605363570166
0.17060031211036933 -0.3791071444163917
12.260771162533587 -0.7079370794294877
15.642206576631722 -1.1482825398234786
19.48147789398634 -1.0852300209353107
15.286050726779127 2.576838471887086
5.078781029041672 -0.19693410484176596
17.14634615909032 -1.2518524649307687
17.576280877870975 -3.78042154358897
15.51859765768945 -1.1625400338459502
9.230471100476915 -0.8200948650228561
14.155517540799035 -1.1667454381187656
16.951750370570146 -1.2307417569868695
8.339308646272967 0.43468552504984975
3.809768962575327 -0.6573248127897059
9.894106616734797 0.11023104237120894
0.09129710120191128 -0.3416496999936239
7.93752305318171 -0.4937152515568478
10.752418960165913 -0.6251117362616353
6.740324873832463 -0.7635328003598039
10.772284017627761 1.7004879068609045
18.356566416570562 2.4357979529344087
9.455467957658668 -0.7992648652820863
3.3385452960276942 -0.09375277962166936
10.396112130648895 -0.9353217310643668
17.899080519475046 2.8502055801736446
15.303507412252351 -1.40255057165712
1.751810742216174 -0.37989369716918386
10.803875379644344 -3.5741398466094547
18.312176381896467 2.6452950390939765
5.556442683572824 -1.2038093898237199
10.613854985666531 0.08258896234905443
14.514010979862665 -1.078419790295943
18.31485822442123 2.588258279451178
12.565401085469198 2.1196316289849118
12.18186830726364 2.010684537244179
1.5182639821057164 0.10425786034942505
17.187586803595746 -1.2142812174551878
19.311317901125378 -0.46423197380334513
12.04915230631918 1.4737631187108793
0.6619794358905726 2.2725610149233333
8.823439881522706 0.9856811199313039
16.902871376733987 -1.2300253654521078
16.844128857164655 2.9764381333897267
8.729565246235707 -0.9516252216432964
9.01245809212319 1.0160854214756114
7.636205399556326 0.7624974056640892
18.01461921147776 2.844136362332055
0.12695563944280597 -0.12348094464118514
9.632578756970613 0.22627058108405465
4.344123271722667 -0.7656449223911708
19.280012721015712 -0.8031272527921012
15.244294245852059 -1.6119507879621546
15.507045936846454 -1.2500220836824838
2.4680796699610887 -0.7077664747047647
7.374357329383724 0.21842277141826164
9.653377480490843 -0.9393704270295464
15.362994674851178 -1.0910882722093838
9.001712856095887 -0.8867176435174657
15.220190576010443 -1.3201210245286046
6.691609711946784 -1.6183261901717012
16.15532369807433 -1.154864363260681
15.689657104076726 -1.46264902774896
15.051986247988488 -1.305843005429539
7.0930265744956404 -1.5115026125354278
16.827343219411127 -1.3402209441029513
9.551681580196833 -0.9552700146230111
19.79724433449894 2.6514578877544692
3.4933163738156714 -0.9436438015994666
10.306297129077855 -0.28013539822622063
0.37702028831757506 -2.0471731876473744
14.861530819647594 2.522089602500446
6.233987150789959 -2.046452276148637
13.251000501346992 -0.9310360964794098
10.492022725277145 -0.8206620810044681
10.346278547074157 0.5975457277121199
0.698362115058251 -0.9498550621445947
3.1030215610146388 -0.48397412749856356
8.852748378461602 -0.8385271230820367
10.02245579024153 -1.0867763800799672
5.268353306241712 -0.7406844239199342
16.76732906991792 -1.9029222574437101
11.067953100417075 -0.489441878542648
18.08254130001845 -1.594135224794048
9.292316861912434 -0.4724780639189398
0.374303423022048 -0.5589962691811572
11.775228294488072 -0.600046045044137
17.732330170834572 -1.45027028194719
6.373268096927124 -1.0579709402893729
11.18951550947366 -0.7299984329330604
7.379466576985571 -0.8404196038746481
0.6434775473956866 -0.5026496227532461
10.113179460872669 -0.5291357707922617
7.5153213090159205 -0.9346825371608222
1.20285022996286 -0.4258634450306562
11.575309409390446 -0.6081180270857632
0.8658942565543146 0.11981816896912087
11.305858047863698 -0.6433528733365206
9.21322575062128 -0.5310494093067792
4.154441130590204 -0.8670799561551411
9.179705322435446 -0.49430672581420243
6.559285473627255 -1.8935728323517123
1.3967170166530745 -1.1542055112325025
0.45843768304519594 -0.7488954902226233
4.034345493371287 -0.6057050441728484
14.189696883016671 -0.897373666766017
2.4707258659297024 -1.0070798327109647
19.581387336698615 -0.9865989702366945
7.773073870922062 -0.7889763549826941
17.073988481648584 -1.218904777823795
3.732559061716599 -0.6631479965649397
3.671718711501097 -0.8979200497366213
1.5693821678519915 -1.1024260901187886
12.040139562260185 -0.7443931064070577
16.41355125353303 -0.9516674666911633
2.3755747983133517 1.4354933585351302
8.775855126954758 -0.42663537582513533
12.081064627631024 1.9689808248830896
9.168391101161909 -0.3771202981691401
0.6175146238476855 -0.22773588860266167
7.734650870697927 -1.0019485342737813
15.203992345151624 2.7418138323173733
18.596990962218648 -1.2842647296209373
15.129115243556958 -1.0811226792001039
11.155177803662781 -0.6057599865895196
17.198053210475337 -0.36062341592307345
18.949072956626065 -0.9955372313761273
5.878341035720669 0.3682214923888342
17.747657090530094 -0.19062211987224914
14.812555861330168 2.4617838722883087
3.874429831178879 -0.3120400546613245
14.385539930651195 -0.5288801104002951
10.298091362304358 -0.6607599812035814
14.9137250155777 -0.8945947535659423
13.31387612026586 -0.9714795995890639
13.588015361750736 -0.6851311288356492
1.097450811011119 0.14347393113704413
8.38474833226324 -0.33046986104822007
12.614840172965602 -0.8448391343388021
18.543260310328584 2.515455694153411
2.135773156642725 0.14157783470285737
0.40907359890171835 -0.3324805136336175
7.630397044458406 -0.8690747258301945
1.2007454804888396 -0.47570664492974224
15.893135571940004 -1.6617593443004084
6.815280566299254 0.5180170484351952
4.0916112681928745 -0.7874971738699722
9.697042256944895 1.314812264208443
16.16836391710992 -1.9136336370549123
16.11916918008569 2.878037227791694
13.118615633206124 -0.9617783367280603
16.466076155638486 -1.3534381817675132
8.366791846743366 -0.5199344487474366
14.232523596989182 2.0263100405249697
6.887683208949746 -0.4893282819865418
9.43243628323831 1.3140107480806107
8.783194473669502 -0.8186459037752818
1.9330846490311377 -0.2888470808852094
7.871241910815846 -0.9599860465610817
2.506010454913739 0.10761886814945998
19.031415454457964 -0.9621216609248865
19.29666805290027 2.8057555798017684
2.2400183051136726 0.1490024829535273
1.5313286083377373 0.2192229018484988
1.7496672674125935 -0.2742573054260786
8.832877527300873 0.5238445389634896
8.023819321332278 -1.2463222331281094
17.30706321129206 -0.5478035713373947
13.223186754408328 -0.486960999536567
18.563289786340714 -0.9799120045589437
9.447489907154662 -0.88391272110983
14.04610851029964 2.3784906329804296
14.18009882053431 -1.1978773481203013
17.974451900224825 -1.1144881324640656
12.627067641013234 -0.9263467213678788
17.044362944974903 -0.2689654808001966
12.086799425660926 -0.45961468013267254
4.774207034472516 0.288519655978175
16.570182150144465 -1.3302037303027432
9.249026867210272 0.10681017434876727
11.687586604715186 0.01470595822488488
7.332425967480714 -1.437946419267875
13.589020541862167 -0.6877384946586178
12.336354955021157 -0.3872333776530918
0.8308817786082956 -0.6843931306809536
0.04648381586742256 -0.8462284138266658
12.871303858746575 0.3787772766782782
1.0092012891741886 -0.42704035971319815
15.573252756058555 -0.8737098024612502
1.2163802218450797 -0.6497417006819705
17.825104995181515 -0.5353917094587259
19.801679724447535 -0.5133623616690016
7.992356121084402 -0.44745463983371125
19.39044426572049 0.14994207538414447
4.99699661323705 -0.43977110897693683
4.479201879064686 -0.4136608550483122
16.651687107657335 -1.4183253947783712
9.601778139816963 1.3482752954575383
5.732578297887976 -0.11322964091751139
16.817633323845257 2.73891956489653
12.610269609938296 1.6949527717482735
10.747458320310274 1.6772101165523194
13.96577488767375 -3.404214824302954
17.853017832986055 -1.2104169042345891
18.624504933150895 -1.317592345877943
7.179724412401296 -0.9096400777583488
0.8534143073534779 -0.4482378239216382
3.9612877018132657 0.44604823472588634
17.550113481687813 -1.2708079574610611
8.522229982508577 -0.3746952094788105
7.711760789349541 -0.6617142056118372
15.232814154883615 -0.8228532209346314
6.70533355413163 -0.2122033322012547
12.913903069192392 -0.8953278395987343
6.109759147789333 -0.5993830948849938
2.945483633379428 2.2917032270041533
1.5237715316871383 0.8864937095536656
10.24664537600386 0.0995174931752105
17.449724185239017 -1.3823620657261693
11.393774001725937 0.6229277576428365
1.4809826553288996 0.7348912096218888
10.322478346786259 1.707926414977252
19.31985322963707 -0.24659305120634537
11.351257633220369 0.2673346467995306
13.235757425406835 1.660961913245305
5.504908813472358 0.9559854462118332
2.1732622007609512 0.48543834593599056
1.8161399622048784 -0.10489439416372265
14.59924509832704 -0.4887258300607618
1.5135618790844656 -0.10905320606537575
8.093187560543177 -0.8439528278360496
0.9016906762633784 -0.6041692287451723
19.193373575888447 -0.9846489075047903
1.4515323424428803 2.337210993586023
19.566403395032395 -0.8095581728049434
18.11549018509468 -1.277238509578454
18.545389200497308 -1.1356479378434872
13.651734551947635 1.7550418504036411
9.364224711833083 0.7605863572374973
5.556894617259592 1.5050721950692816
1.567841200771156 -0.510610815556075
16.367624806612074 2.6290252804116108
14.22194927195658 -0.013246781571309305
6.070154903004439 -0.958435240240812
14.740272740861224 -0.900486766916263
6.969693947189457 -1.386605888778823
6.49358119281847 -1.1200458051367637
6.226799912709544 -1.169905728969376
3.9043814236927608 -0.2261449049177603
12.503696495685302 0.42308481448559043
6.119434198757069 0.20263451831977525
2.909481091160011 0.4804021603669534
6.180073889915857 -1.184622265607237
8.445302381098188 -0.37834444568146575
0.3906399282754894 -0.3290259833881698
14.55452533410885 2.5051294360145087
3.439744237551418 0.49206920705629814
18.35876322290647 -1.115662726531018
17.4906666609017 2.566532017415455
4.807751966564489 -0.12924023384478467
14.415810113885598 -0.7079352211232325
11.673771692180878 0.0018113532680589517
19.92417607695527 -0.8069055419557437
1.7789401854594815 1.571113428803118
17.981996289059786 -1.5189773597388905
6.606354959622354 -0.4190904418285517
2.026811284394399 2.1262349536731127
9.479179311627732 -0.31602332062752453
11.565965164408599 1.770656016115403
2.090508077867951 -0.5299078836156134
2.5380092215797587 -0.1863936214175729
6.781179115871243 0.20486317736946713
4.636936738243335 -1.0500790231993442
6.104624944480589 0.8556604311518613
15.87713230070176 -1.4619648520155435
5.335832041010721 -0.7050368991221592
19.83169374589963 -0.34224046205543407
17.55836819975244 -0.5689034340499541
0.6492173837984048 0.9406419659766536
18.513256105859714 -0.860089394121013
1.1913353392335122 -0.6375802232328891
18.27280791055618 -0.6128931945137271
0.5881907031149568 1.0701881369830255
3.622714381582505 -0.6164218492658581
1.1785842066160606 1.367753293994656
5.401235825853843 -0.40171141650442294
6.695730681830375 -0.8407474860497948
10.977275421077715 -3.591699924188001
6.545929891778821 -1.562929491067861
11.456461321964365 -3.614533205505175
14.339001678803038 -0.0584161056818069
16.390796885220276 -1.19009182114514
16.854211423523907 -1.8890234326792599
3.6220653777348977 -3.80017704489984
3.2604439961758067 -0.3940751152684709
12.682184097343592 1.2012832261303605
1.3368211411423685 1.9524266575496823
2.2230441479767 -2.8661003309011392
7.342757192425522 -1.3487227104121946
10.040531433014275 -0.9289635531414718
4.9568347599880465 -0.4538068273741245
2.9470223693203415 -0.8676116092945256
0.3404921142079246 -0.8306883069215247
4.930327785778315 -0.2565990946174977
0.38657089650912047 -0.61812098866118
3.970618853725182 -0.5397822186524497
14.594100342120981 -0.5312535934412892
13.173964651727795 -1.4031685253222368
10.377428016635811 -0.7208377480794069
0.5538216117313194 -1.029831693331885
11.971563209620044 -0.024436356327405317
7.774877388713005 -0.7505608759853518
12.17104326998302 1.0682310687405818
9.330711520091015 -1.2350380692195233
12.30770042904085 -0.6691430518325536
0.9701918973783696 -3.871748102957861
6.647664284658522 -1.8335495253709322
14.617900074582629 -0.8407513025652744
8.438550181930152 -0.5821984720631572
18.458639225167147 -1.6013885218546593
5.933234114694266 -0.9424047308205407
14.285170341347492 2.1626707283966584
3.977877239911072 -0.7984700835374592
15.084158131540226 -1.7406984977226794
9.382429688736542 -0.8444409049722016
2.63287997546873 -0.776621992975581
9.902500753422528 -0.8479445593908967
11.6428188578175 -0.9358940396644774
8.745604455867497 -1.0465028342135434
4.68508688256153 -1.0864786256995098
2.1189521320412417 0.9695834596031663
6.6201289166557835 -1.5961276737388261
2.4369383054285083 -0.6152341130667542
16.21428215775021 -0.9414889945817717
18.253124081858278 0.34158456720741726
5.7309334786057855 -0.3764709030689291
13.126018255876156 -1.1212907405123518
12.476996584680993 -0.7112327232616006
1.4654080864024426 -1.248340701919493
7.481605873849391 -1.280510400675575
14.20822954841135 -1.2278262159436129
7.8738395273828194 -0.6183337819586937
15.96562964300236 -0.9119611912498631
1.8779641410463803 1.3584471372179576
3.536372178237529 -0.2988278215535125
19.830214120829645 -0.9878344462040839
12.788668907527926 -0.8240594807029001
2.580252175308018 -3.345726503542164
15.553881635073111 -1.0745858386921576
6.082341814386467 -1.1207937033287836
8.04780348818058 -1.211732483275891
1.0996621890080118 -0.9477811297077929
19.16751139047036 -1.1437301989708117
10.097931879517684 0.043431172185718875
5.842723626732822 -1.2699498867857855
8.991634782607692 1.0500692453385563
7.606029182543851 -1.1250071331315064
0.06670803237901524 1.3432743818538533
17.385600096721948 -1.7523450278209387
19.953846323126413 -0.7672210151544936
6.938905349660717 -1.6592751100212055
9.341203038144343 -0.7689493928806894
17.63976309449609 -1.7017858004287385
4.95320763935935 -0.894662644729031
17.230791102828245 -1.8006044628186932
4.000323333139203 -1.014675107877597
5.546548013308661 -0.6280838489621994
16.09311614557007 0.030294815017981036
9.946426631041177 -0.9042245025261867
13.997090977074231 0.2834183873652182
0.8799865369079892 -0.8152169144099783
14.338638972573902 0.2413834914819499
6.642498771339659 -2.4669740954393027
17.12580956884128 1.537871181056984
7.570319610551963 -0.6149307156361293
14.157176669690445 -1.1304521434626615
19.896327986040593 0.4323235422749079
10.735373842072573 1.1364265974719994
15.159226556393548 2.432810995559571
14.879846405893918 2.4916459963755213
13.848910125788489 -1.1726666153261556
14.236049645620092 0.3050747283148615
15.348802608009198 -0.10276327931113896
13.615685474647844 0.4626823056894436
2.5634926953552424 0.4710390905822447
10.703687617753266 0.8520549439100329
10.04832006164132 -0.7851635803334848
8.54990163039079 1.1633518804443488
13.096392132484695 -1.1456832394710565
16.1973860380761 -1.8111635587561228
18.068744550277923 -1.246773947784874
10.626544546244235 0.5216795755277434
4.3034220750319125 -0.3993469919337417
14.534448988799793 0.6541690275822196
16.089097592355696 -3.833377455540455
8.366439464797622 -0.07955545142105261
12.246581149734931 -3.6808509451993148
10.78884303672891 0.8946335082459929
19.248378421587457 -0.5921967329852185
1.8876385353288723 -0.2247561472351854
16.210445671185543 -1.586880443444001
12.858924340282476 0.6578079079081195
0.6581923404920831 2.034308145232974
11.008215192222826 1.0613735792772174
5.256474825320597 -0.5337070515797764
9.892569301439321 0.8891635731062469
17.377579838212945 -0.26901798041116803
13.51350784346804 1.1661224397777634
12.217273856797 0.46586130525662256
14.531319069685976 0.2132360781902865
5.478452500689168 1.400069684844982
16.47834661350057 -0.2895320700279016
18.189601777765056 -1.5121181661705212
11.960359982357538 1.5021737696227544
2.9594125118489027 0.7521075586093179
5.103874590391879 0.1271752148802711
5.988788920666114 -1.2464501673591675
14.806297046391425 1.715116722496326
2.8469043641399425 -0.620504807879458
13.711828194224825 1.4235603137633779
6.98307986846265 -1.2591452732945867
17.03444656805166 1.5273680298065162
9.157810596082891 -0.42414676072646057
3.4285597064197484 -1.383888591121296
19.96620479385169 2.4998706051296766
14.342432989869694 0.2309957572096328
3.149104214537733 -0.6567391178163258
11.05141863556346 1.0484731326155659
7.30916691879198 -1.1190224355754776
11.805579808797393 1.444645160755274
18.383108974676425 3.136750191439746
13.754960833126669 0.879352151468353
13.85593958892042 -1.2836072998016916
13.259316214244498 1.1380823460002392
6.4656078674278605 -0.08008674304485805
7.134496926420082 -0.9263546984086674
12.494356422018036 -0.8159936806022619
10.527526776019142 0.7986078934303714
15.219134417232363 2.405637728705667
13.717846546006827 1.128045071687964
0.7840576963213477 -0.399011204806584
8.537903772458316 0.9468047156694595
12.440911693331383 -0.7755763989323873
13.001254857479324 -0.732518382872916
18.712546275653587 -0.40502663076958
14.768173110646398 -1.1082427786535114
7.0600262812197085 -1.052950596940401
2.7559707046691995 1.9792203500481613
6.142999342898415 -0.7917083121869622
13.341247920553814 1.119283109164407
6.522507899508594 0.019914396105142805
11.244282696294619 -0.5976618174260566
6.151676889679893 -0.19120409415563072
18.085500578994104 0.14677902590017725
11.007473881281397 -0.1629037922346572
8.513136300374189 -0.11943242865088972
7.509559323850274 0.4383082735285306
11.043487359551056 -0.7234691682774603
11.69069114043598 -0.08676414886507466
8.746104928951086 -0.49259926352335665
10.802772513054876 -0.5425927671624816
9.985114906509818 -0.6584283147123356
16.85281736155811 -0.5574023869234243
8.364547677344905 -0.6748769791989135
0.399219832890677 -0.6666181150152946
13.490031256083267 -0.8252559348874826
1.995043844675267 1.2785825396339268
9.883899747360145 -0.5442350396903082
16.618635100315345 -0.283424292254415
13.642085160056476 -1.1091647820542092
9.628679532547558 -0.3018572820499253
16.594115170809747 -0.32492002882619764
15.699935225309959 2.9692411365315197
6.076441596904023 -1.117183863756674
14.829753219053108 -1.2641017467916222
5.309570204880075 -0.008317317219077854
4.4307307150134285 -0.3863517083052025
1.2360959053927698 -0.6469058937385982
16.082087940104863 -1.0804921244837558
6.346057356216812 -0.15867101063270472
3.1212815452312106 -1.4515887123485773
12.9802809600579 -1.783555734020284
1.4721771400081574 1.8061452357839862
0.11037207072842942 -1.532763073129301
16.744153062689097 -2.1358658329686304
14.525081730727283 0.8116945320563637
7.456586176726516 -1.1470383798925932
1.5676363945518212 -0.2267825346031484
18.131821641708445 -1.7409419098956873
5.918157048580127 -0.057509993067332364
19.964192158607677 -1.6069926001459056
17.31905867353167 -1.2869085184047984
15.064287592448684 -1.3058193133250842
14.205187382588235 -1.2018976148443083
7.143439082902698 -1.141303878273566
2.5160899760989097 -0.4601871685481659
19.293876940288484 -1.0876910650980591
12.175997398355449 2.0955400207404917
13.014470884680486 -1.0418618987405424
15.794362881719723 -1.3667757547592685
13.738270574175383 -2.307057699348272
10.433976585738773 -0.9488180163412191
8.082021268087725 -1.1789175826613802
12.096678731385632 -0.5501771500715513
18.7152222578172 -1.357153539956809
19.760020410149345 -0.7649868593121085
19.80362623560543 -0.5604120065562312
8.5335830157871 -0.6804511404382945
