8.509233394689048 -0.4524231915823919
15.471339534706393 -0.7187302868541606
9.16047388329916 -0.5085201785781047
15.58296061421382 -0.7458149877278715
8.670933929552136 -0.531977669572408
1.352992870648774 -1.3948859094079473
8.918722498999546 -0.5908834773951379
1.9255377955868906 -1.5887005865855055
11.835526635970746 0.2691276185248698
1.8703350268993117 -0.8175664709209278
2.9248522400701753 1.4818970684286692
0.9184292519709573 -1.0793259708039107
16.006441466587642 1.5454751461056506
2.8762618246801512 0.3524955023803021
9.112344128974893 -0.4968652566546359
19.206721223811694 -1.8207232062027896
7.634787454601902 -0.5504546090512326
15.32504790191496 -0.7680774627119503
7.531459307927012 -0.579492211945152
19.81307341177033 -1.4526984362341988
3.298639130975548 1.4724394439637312
15.60383561951911 -1.3289228806727755
17.51990575347575 2.2862816090281908
2.834775143428654 0.3307629188364586
3.0508532150504752 1.3376315137282566
15.665886687390557 -1.4025965950384882
11.712581138451645 0.23742509089303662
15.581005792844776 -1.0875707800249672
17.963409890254418 2.5069749902510705
15.584519287449243 -1.1280818567159678
7.388801877945902 -0.5882208941555711
15.73004788777542 -1.3827735599117512
9.414931689428883 -1.1031491267994402
14.666358034160721 -0.1253310788006806
10.39397108375687 -0.3768327612206116
16.88373489943498 -1.8516398891895363
3.0710744628902025 1.1368780211552072
16.340679947088454 -1.6476729028238069
3.0843115016989064 1.920100709752858
15.554233979522252 -1.1085055844002025
1.8219235092738186 -0.04306956951296234
12.087084916228797 -0.35069179607007867
19.67680519682518 -0.9132583060371048
18.038917410354053 -1.8295013730463603
2.798768554934075 2.0552008146616316
12.053563437153215 -0.3411280815862104
9.239375956801194 -1.2338499902086302
12.164552713865925 -0.42772202976646556
2.906384357728747 -1.1940597439267155
12.514678268006282 -0.23867197821917135
16.34948555369265 1.794919866380456
13.736976178261393 -0.07809491414734765
19.949799268045222 -0.8960413464099405
12.538698061336648 -0.235725146500402
19.709525821095145 -0.9270033490052039
10.570961998644366 -0.6902726372220768
2.776045906089603 2.1723392606972576
12.530754627614327 -0.25616332264923225
9.4264602192457 -1.0995033621806638
12.06820118047273 -0.6407588334111354
17.27413632828168 1.7717197610088236
11.589766422984237 -0.3705239814711953
18.52498253416641 2.4437036441616127
14.717090306043085 -0.04629674834789406
1.1360938611622085 -0.42591455774520254
12.434485555137414 -0.5039915578012383
12.997462187837431 0.5167137070996707
15.719700062179916 -0.5986560263961122
2.9008435916539264 1.3939854436582013
16.35106482186513 -1.654506679219149
8.615991109835498 -1.0318712565249692
11.5557699642675 -0.6992098763437578
7.405284546054951 0.22037581065606315
11.474626106378176 -0.7270580941027524
16.50398378455161 1.8657341580950888
13.626597106531626 -0.1487431095131592
3.125551868327007 1.8246128163241184
14.884442751686942 -0.37097346329989317
3.162167711938902 1.1514894022644113
15.54593555825207 -0.5518890706259061
3.3834986875056603 1.407671576339525
11.323789472310972 -0.8399345114788762
15.890346867554953 -0.48008938818108804
13.273126701686277 -0.17365652016270428
1.9387658543674149 2.5323247675817453
4.801441933998136 -0.6855920109696065
1.2606371678347106 2.8508350490571965
15.532386351619905 -1.2294067618540963
2.89978269282309 1.7111969920771817
15.465885471823569 -1.224332264035411
8.263004444825512 0.22091744780134037
16.001080887221182 -1.5022625128854343
3.0251054494425036 1.2473843365154689
17.08935531833131 -1.8437187593155604
8.570992613942094 -0.7378933361591368
0.12086356966073705 -1.4517100213564478
3.129073893575474 1.3789894405216205
15.864787301556289 -1.4430017575390741
1.3591600711330662 2.597181887434243
16.2941636279152 -1.8094433934118577
4.224464418296487 -0.38081771742199283
18.809513184095998 -1.6369767326773323
7.038844754262258 0.4860742494139867
17.485602357016088 -1.843492782407597
3.8434514850334303 -0.5946300199827259
14.977069062581167 -0.08376919820407848
2.868372310258493 1.8997292109454975
15.845515348658259 -1.2924571546386154
5.354973249136047 -0.8165806287719795
19.492640037211796 -1.5119364253396133
5.0296699847263024 -0.4734520522660423
12.492562701639253 -0.47534444043276913
1.646560277025112 2.533937393574172
4.325297967548408 0.5846716726437908
6.273765267625631 0.8933298505149218
14.290432782953065 -0.13972583350722179
5.256509981115837 -0.4617524187993716
14.672913672202059 -0.00718207231032615
13.185535595351121 0.05398507990398846
4.050477914785353 -0.537420073503315
11.630436908860363 -0.11878575299010732
4.713376344398796 -0.12455961427668251
10.101743709082777 -0.5307379175219045
16.802592051683224 -1.806635008937053
2.8276797440023107 1.7714199988545933
14.653164495954043 -0.031668274584238446
1.7606634846364935 2.593364937769142
2.970474464278684 -1.0333866561036986
8.521234882290086 -1.7419646114710148
3.3328230804889007 -0.9705825800618845
6.422887982556533 -1.0917932424662369
4.331249510489493 -0.742626832573337
5.724907541460032 -1.0436050474298695
16.813911254353233 -1.8012340619239537
10.487715650470902 -0.5482242502697384
14.37090035642415 -0.004977723818622763
2.8255743458515665 2.056751076547561
14.269821941767797 -0.10644925264724443
10.552999534168316 0.0915629276424552
3.341207993935479 -0.9772282399712776
5.732767207207089 -0.34134210420016364
14.566063558060176 0.037045097788747795
10.003637174435262 -0.5800364269901617
2.973418208012516 -1.1351293547895787
8.108803948445718 -1.9098659103378446
3.3673135859811554 -0.8678793644052307
7.408115114267494 0.19911421977242827
3.529985762672622 -0.9710803703923049
10.760343473413752 -0.23023306196239812
13.106313004722525 -0.06647011423802637
2.3421189379926552 -1.0958487599576199
11.924532133246904 -0.5977527475378902
5.402508956119303 -0.3896565201164135
12.968849438760731 -0.16514039242096182
7.5795380397107746 0.26925889649713824
15.81218432773203 -0.8198523400051673
10.240985672240217 -0.4860223294711741
12.468776466110373 -0.21089583615918717
8.60500175463887 -0.933611881866809
12.401480003554612 -0.23031048732521164
1.6778605417293349 2.547031242227336
12.346157408332084 -0.22492679247266395
16.85513950355664 -1.7552424674690918
13.586822131036323 0.20339046030098507
6.246753258940413 -0.27868970146609284
13.393658874361806 -0.09765095302252114
18.7621883328826 -2.8474230060982504
13.460865244732227 0.06451252013796806
14.315849179819615 0.7304019411398494
8.318665732770793 -1.847086271807704
5.669696587054426 -0.3480228921838836
13.119101457028185 -0.0711670535201607
9.590808987017917 -0.8073043877827745
11.586152013887794 -0.29147971693346647
10.26982821828638 -0.3463886162218728
10.614654118196288 -0.6313601376597948
4.974726764508686 -0.8791214387914673
12.509527057150777 0.09193041740922996
4.975232552082801 -0.5857166908834986
11.714244121717739 -0.2704706375969734
1.8658040941718748 -0.46709420221754755
8.94470874978424 -1.4943231170622904
7.317096135023945 0.1854605116673685
8.206700842942181 -1.8746847289528636
6.488278031081395 -0.19317013803516228
11.813555766324754 -0.14878334856322117
5.205256425362028 -0.43158211831955245
9.424164436823883 -1.180736599571977
5.5574555485942705 0.034778370002478506
9.611571083139932 -1.0520714631368067
6.554931455683899 -0.168652295588224
3.1180982335743113 0.5545564756717198
7.191637624867911 0.5992805354869893
7.839986582716163 -1.9637584620520978
4.6330559691518145 -0.4987315826485235
11.87470519860429 -0.25319232456768537
12.915214520977475 -0.008194358654473762
12.331035729030392 -0.22344727315073482
3.910136633924366 -0.837944912843236
14.109959624293648 -0.02109379011840974
5.163653458208902 -0.4175427329665305
11.790563487891013 -0.15737503113366202
9.901381984904486 -0.6827972113023395
14.46700980627161 -0.029783261857156337
8.107159556824854 0.15665927482373487
12.130687775816986 -0.24005350714797852
4.457142198469525 -0.574735217281142
14.289232483796402 -0.14122477104811004
9.768403020063419 -0.9973388705097717
13.31914201895432 0.05533584164292347
14.818199752440735 -0.2874500737837284
13.049077941059105 -0.09406001293241525
7.841298366050855 0.3086166198834147
3.841654183341489 -0.6786742216455794
5.0855684120335445 -0.47750453924202113
4.618965490632563 -0.20186517362783785
5.845596881257217 -0.32986182631274724
14.40764583413951 -0.06839492065491641
8.124772941848775 0.19715998586450956
4.092439740518468 -0.5384158019287242
3.392115141059275 -1.0994578111791946
4.113817690183348 -0.5216678592271213
4.9679825343099555 -0.5258692451340925
4.268003774813654 -0.800917380213341
17.09337100754531 -1.7903597912239617
4.374845370030615 -0.7178512208534626
5.8507358247554695 -0.3541487505417659
14.207378205502733 -0.04929748498226194
5.792721560412617 -0.3023907272558033
14.516908992687117 0.07495539386402843
5.98157036076826 -0.33385385022798336
4.220086911577797 -0.8324311701132401
3.1105033978026935 -1.138932542426182
11.578860661519595 -0.3456823622002903
4.026802272367926 -0.8274242931409598
3.280247018547394 -0.9503771158840311
10.407774557876936 -0.5064318785565403
14.52809708081467 0.07796601748959224
8.209068256732571 -1.8664443538894933
3.2997619925598087 -0.9783294866377079
4.8959084024078665 -0.5173639973429435
12.508041511551006 -0.3090601800929046
5.48585176718456 -0.29379044564297346
12.392085941941106 -0.36506464901053626
13.730489853727788 0.24202398393740301
12.326745767821915 -0.39626267705484786
4.241419094506806 -0.7402092679098562
14.283984619558344 -0.19753270269574463
3.710044752480147 -1.3567925817381745
13.88122285425761 -0.1069512767554028
5.163382850530824 -0.42289237103315774
12.351328496764612 -0.28366079722879156
3.4624581864295907 -0.9904273853758244
14.146642074802298 -0.10995094541082767
13.872456266773868 0.014859732625095441
12.696850858787945 -0.15365093417889422
4.247045600144056 -0.7468040894406396
11.999957686946587 -0.662696918881114
9.231424587114283 -1.314453647624789
14.807956377725713 -0.03149291422950854
3.8006320313398887 -0.8900312243167113
11.738242924930226 -0.7350589138141885
11.616814106918177 -0.282828636995909
15.415358391186869 -0.4665440624231387
4.086858397308645 -0.7689644314264354
15.374836760992999 -0.4799813118097204
5.632220036223829 -1.1745384611399508
4.704574852988548 -0.125962918022422
15.981006044071444 -1.3614953820537599
2.988339382792336 -1.0478089992174073
13.27697820861712 0.0920634354617141
4.236704202311653 -0.41199315313692625
11.912609996510984 -0.23666239519596588
9.213205937718952 -1.3834010376424637
11.266136378579729 -0.3768836196654403
8.285623437222032 -1.8857157302198786
4.720228625780035 0.05470391006952409
3.7302023044935386 -0.6970831229476475
14.050419946706567 -0.11416832608881039
14.925723474306501 -0.07069332883550648
2.6708012169453617 -1.1219098421886833
15.031078490998999 -0.21094881213883107
2.769670866464971 -1.1155541520961108
6.828554052870748 -2.2373932775569148
2.9189380008190624 -1.1446571054303818
11.58230089959977 -0.3235127764541397
4.760215742377769 0.046110101715010204
4.232306236347133 -0.449456385607189
13.757477842268532 -3.0278197182246482
16.010691668916465 -1.6052943623344642
13.072637045021999 -2.5357555404401118
15.55542870462281 -0.9732824885307456
15.913961306753926 -2.6408081193491793
15.007329608206733 -0.8784282456203318
14.708341172109009 -2.705917512854915
5.6393049418723775 0.8196011413454756
14.736138148475238 -2.713386935745838
13.546095908290784 -0.4250744534856134
16.835891894571212 -2.471025339348974
15.161885679381147 -0.7939937616758268
18.76306254942366 -2.226420413912124
5.495736701895396 0.7093294367825831
19.979510724123173 -1.7951183973342393
15.243206308438948 -0.780932444684599
0.28844882773005587 -1.677141682831331
14.756306343563741 -0.6591197969225489
18.22836564198648 -4.535149549994509
17.2942841993311 -1.9370470821128405
18.21868502944795 -4.504930121287749
15.510874807686736 -0.924711032985619
17.6498664679771 -4.612988696767172
18.33414162637756 -1.870405812795266
14.751180431435547 -1.032829400811467
11.079004285961508 0.2681141242230384
17.64955229842951 -4.413593987185193
18.10116709012889 -1.903417454549194
15.668880619659268 -1.7390518358669846
13.736468469526915 -0.4216039355565792
19.06204321815545 -4.4762266411004425
5.1827435126706884 0.6114046198118678
0.12202686450680739 -1.7069785678597225
15.118913987104637 -0.3267881418455543
19.877501600913085 -1.6958325187365215
1.3694196554312463 -1.5231922097483568
15.916955803226392 -2.6033804449785665
1.7800744194763942 -0.7773413207761414
19.295824708079248 -1.979180324330099
14.97120494823811 -0.8398094335304599
15.197150837665932 -2.562648646184927
15.007476040109134 -0.19554277745232615
16.08584335544465 -2.5643111583429583
18.7275734651325 -1.9867194252679719
14.443377827625511 -2.636076930159762
1.3189144668831962 -1.5075265176937018
14.99143395242777 -2.643192504456287
15.06352320959038 -0.4248426969285869
14.179611128157763 -2.707497955378043
7.119641861988287 0.76857462361137
14.964814923270241 -2.6295533992481093
7.249883321833114 0.8387077568394353
14.078382245063178 -2.756440124750589
18.860526573246627 1.7774509084474273
12.720255569410073 -2.552522347448441
19.016663212842367 2.2196083711613332
13.088435815911492 -2.5662499009473883
18.70766546817559 2.087893049860897
12.31570961127858 -2.5556883354280884
19.115049996885833 2.219776051194366
12.287055839522038 -2.585078046108456
19.701465122330045 1.8489514557873774
9.501796303034487 -0.8902610931406275
19.62593300046628 1.9293550663223895
12.513349443178843 -2.657173426866505
19.11054085970982 1.2965097676761048
10.317672875942662 -0.7752024703095219
18.9028093810313 1.9539269407751003
10.311186076397545 -0.5809466219598209
18.912209142844095 1.9563352846758437
8.394851461741965 -1.8231366937406308
19.71245760764656 1.7074450437565978
16.79374185562673 -1.807319469198325
19.62886023457896 1.9861718021571617
13.998749089496034 -0.0879896308802654
19.32121888268563 2.0094371351436706
13.784898496742025 -0.018099781766949097
19.369895082509803 2.0152312101785324
4.592466241652353 0.17434327323510984
19.869814721793603 1.9023671279874304
4.521916829403968 0.2574147894166637
19.12535838248873 1.0764162515384126
12.825616585029499 -0.12854034404457623
19.43967244508288 1.9880021774209182
11.843452583966895 -0.607827169231151
0.01667168694736995 -1.5588439663150158
6.6966483870081 -2.0632071197999116
4.135224945593421 -1.0369794863947845
6.5496689951683065 -2.1360961443713573
4.358533419657229 -0.899336086550211
11.696137889701628 -0.35343244123464485
0.5761981758577042 -1.3409705287316684
6.648744360458327 -2.2761624127907583
18.855260718199947 -1.7583740276580841
6.164233097614246 -2.4169349902611934
14.415587119606043 -0.3842047618746075
10.368244412107872 -0.7689476585426994
11.886576027232719 -0.9296846765363213
6.36030000514605 -2.3818926399774205
9.739258057011824 -1.6865547064038422
6.43771099622649 -2.1039139292008264
6.957397845246205 -2.9332189259820742
5.783287187789941 -2.5206416220100936
13.663864924066408 -0.5520693245159208
7.641607354827151 -2.0881816696426716
19.083145353937446 -1.947250833071748
5.670044114908202 -2.563058513288331
17.61689031707 -2.0241433471576165
11.989290668454986 -0.35349580557295934
11.797371891637397 -0.9686374932945748
11.880008181651375 -0.3622032099880879
13.842561214544611 -0.5105520829635968
12.0130142744657 -0.34595942110168676
19.66685345954902 -1.6851093193524354
12.427548226270337 -0.29708215028032625
1.106862090520764 -1.1333580798196619
12.411604696821646 -0.305258808216196
0.7301493777602417 -1.8658790332910815
11.27674443249833 -0.8673033849870464
0.7020355326817471 -1.7964814400378386
11.009265578181513 -0.9264983093047148
1.1629574335269863 -1.2159973750327608
11.905442318156002 -0.5275968862820298
1.1857952560828195 -1.1978306025037762
13.39739694865225 -0.14383423616930913
0.6838617365546407 -1.8333354037748504
11.123710974644773 -0.8535356944030257
1.068409151985807 -1.2256779611951718
12.66938359949174 -0.40936089658723107
1.1020952243687414 -1.2362470724357388
14.324593043889184 -0.2676437673294263
4.046639532861525 -1.1034125579214047
12.410167585449004 -0.499438330836418
1.369828159552854 -1.7775393335770169
15.527230710591008 -0.6489330741950896
4.961403145958114 -0.739103076276845
14.736558095067547 -0.09460280639779452
3.3310870875364635 -1.2031554615947793
15.272226961125101 -0.736159553093236
9.454537171156064 -0.3483581794469227
14.83904797567009 -0.8136410379830726
4.021492485302893 -1.1117526454169835
14.6549251836563 -0.7645106256321871
3.631882932064497 1.3569634074591603
1.724997121408715 -0.9898452282753426
9.252834466495397 -0.0959781818405733
1.2402627675858269 -1.5351659998485419
8.733645624912224 -0.032433517208171364
1.6766547635639864 -0.5939998634152069
9.516287563944024 -0.18939603324441506
4.588052514896334 -0.7667649743745633
2.086143110651415 0.11074070295661344
1.6259047363166663 -1.6145910064256066
9.335069924987739 -0.09184681007250708
1.8516031743603367 -0.8274307218768875
3.0233310634143766 2.1456975620052634
19.956747209904776 -1.493386887363288
3.8822182746512333 1.785939747408414
0.7592052231126516 -1.1208007748970084
4.357758776976577 1.929552999958791
1.6123504192468852 -0.7752264908024857
3.8014956492864744 1.7321658099804296
17.535340648252056 -1.9727676205120628
3.4006381907606293 1.9757499442018431
19.123569136920814 -1.8599913055715063
1.9958490114044567 2.666064877167934
0.492329767427768 -1.252174895451128
1.8528823129676406 -0.06374718779743901
1.6007264267936856 -0.7752314273450667
18.99876084311355 2.552943298166187
16.713013020053424 -1.940342272735558
1.2089415377327577 -0.48787680857295873
2.0076293607069045 -1.5655698167140937
2.6538715350749915 0.5054851289555338
1.7476904672820317 -0.7502185735579681
2.3598076797036636 0.2929393199611781
0.725528754715905 -1.1381143090367187
0.43600586142729364 -0.8336882199250002
18.53256827933443 -1.8184056722118875
18.383841207967453 -1.5051889079546634
1.8511433585042287 -1.6243181060069767
4.29165599779017 1.5637981586458742
3.649993772830481 -1.0813961113649448
0.474116476302357 -0.9955813994245333
1.5071567278314113 -1.5242639433984673
18.347677992462838 -1.4547196839529581
7.064109595197068 -0.004463423365202501
17.75677065499422 -1.6137074519604024
4.863841693138491 -0.6647043009437613
17.361162253894168 -1.416387914141686
1.9215400102688542 -1.6031109418220504
18.73269637496374 -1.4714922939771362
18.968228765034976 -1.9042141317714658
18.449118102679293 -1.2519490299656866
2.014016315943276 -1.570036146463241
1.0160373865947505 -0.7689074906178491
4.5868389847887885 -0.7706667512072929
18.727970334968195 -1.473039308478543
2.0868642870569087 -1.5477742226304534
17.883270970108384 -1.5341122519988477
1.3293818522769234 -1.5385496974471897
0.6292018911461228 -0.7837936525809527
6.349204558668694 -0.33505328061340334
1.1735937036127813 -0.49852894490010496
2.774938494971353 -1.3615398295253216
17.28843203920904 -1.4106340769382613
1.769840291088654 -1.6620614989445324
0.5805620012912838 -0.7885428673644664
1.6256395690295997 -1.7135408961703833
0.8021346409752521 -0.6794634903797769
6.607609890117662 -0.21433888712410354
4.19621495047717 1.5329614429385543
3.023402259952648 -1.2774468695134562
16.920229114733477 2.0822564032052595
2.325961551220372 -1.502792870761398
2.5289706194306207 2.539272646554715
1.6391414130505373 -1.689420218430919
2.5538850085076032 2.480587522239838
8.953626479699944 -0.031054548062023055
19.853458240152083 -1.1665559279683562
5.891768792110283 -0.557428511946655
18.31786611535412 -1.3134617739980783
6.821714741867345 -0.12151401511462465
3.740118560650688 1.3663987314891166
1.9886697081648146 -1.5767094677085285
3.826929695349633 1.4676761572127817
8.913816773261447 -0.04015347549881303
18.99691299362189 -1.331321282764041
6.584708924575696 -0.2563401944660595
17.67189758519115 -1.4312355763588587
6.830735402659611 -0.1174212337621818
18.193161658706018 -1.5038895551257425
5.625050790787779 -0.43234973187968984
18.6247487491151 -1.4869795030707593
6.219049949315079 -0.5211561581625643
18.851095570306924 -1.0717717328866139
6.144415357248651 -0.537984661217357
18.314863675606336 -1.476413677806831
6.396291760345325 -0.36074055513862646
18.69178573692819 -1.4077560667676647
6.439635058907793 -0.3420806144555213
19.01750312692347 -1.3347861426214545
6.352218112997005 -0.43822572491687106
18.90665469422941 -1.186160146364813
6.373983937706658 -0.3670454363688854
18.88629895987658 -1.2258391980576764
5.638603199378412 -0.4302305070976541
16.524662946426954 -1.310811492703969
5.8503393264399755 -0.4172258678314843
18.091601676524387 -1.4487036764380834
5.917728758814103 -0.40359634973146624
17.89262979314977 -1.525222924645883
4.570300871154913 -0.791047374210157
18.460990869214832 -1.4074908708826575
4.527209917734599 -0.8057520840112754
17.651966094221493 -1.406554418748963
4.991739857859712 -0.6172862024173515
16.519166358751946 -1.3220137348945151
3.1585576902794763 1.906819024678173
16.522140391490296 -1.3208772561679707
6.207148377252284 -0.5726571783009274
18.107073966093523 -1.6481763320987224
6.4207053294047585 -0.38298207018457875
16.516283643259772 -1.3391179070125583
4.001767068119754 -1.0239145616107606
16.52151984639039 -1.2946990548967965
9.918463828052701 0.005914015649032739
18.710547447063895 -1.3931151858441302
6.37005688233283 -0.41778994821278315
17.874765375893578 -1.4309059872992769
6.332565496725973 -0.4314832316374152
18.140938131215268 -1.6299321916999696
8.981200522728264 -0.05951390089579396
18.030353862123963 -1.5747451693289156
4.468644125074242 -0.8376509042522489
17.943268259811177 -1.583516761958917
8.7938446423844 -0.039929226196324066
17.807658648569348 -2.2934281916886823
8.821950884351034 -0.03219915119400707
0.22402180221812565 -1.5414166814328785
9.91472103571587 0.0011709364205883255
17.844711544083392 -2.2996052034527623
9.331149665200499 -0.04810475181024207
1.046439357622273 -1.8818851424921414
6.840634808278802 -0.338462501557653
9.088665077702538 -0.3626034218547528
6.904792283265853 -0.3388289243314876
18.413972414287738 -1.284516802736325
6.110147212085603 -0.6027690812484046
5.339815388771726 -0.6625546114079501
10.184793472637075 -0.10570226179895333
10.887219821734847 0.11472150147919685
9.853426333799671 -0.004322186585135751
0.6549041040015147 -1.9745740160185563
8.945205596670283 -0.03646263101371876
19.417285454629017 -1.8179664014910004
10.192466170377923 0.03359361534501741
2.314577883141997 0.2590818373193256
8.974575066462021 -0.030539195051939402
4.5589737024849235 -0.8814569554196203
11.108902149681345 0.25884801957218023
10.625859256462537 0.020189980512011638
10.09680211107445 -0.12566600203102535
9.343204579558677 -0.19840731301679138
6.668882157849253 -0.3383929583581423
3.203055809669185 1.8919431408154919
9.817009590875996 -0.015669821973044146
10.31660153168525 -0.11492233675166498
9.841617708008323 -0.01258400434850157
0.3357710103922466 -0.8795620207347621
13.539677693626224 0.6596968901377577
3.5316893488924457 1.289634563499448
13.554285140009938 0.6636260705341702
5.1506955823758975 -0.6940847006748454
10.729711814059154 0.1286141489764181
17.087317395668375 -2.3183578697032603
10.184349628546716 0.0261386856558931
17.20991168823676 -1.2803213194070013
9.847061998172991 0.009398337194342285
16.426961699605428 -2.0543379256718395
10.337656674939556 -0.057216972050553
19.200854960450286 -1.1698706051391374
2.8332109788076267 2.289557156008602
16.93203279294883 -1.474878709180417
12.762859577609124 0.49152210900285054
2.289265074058323 -1.6563385424857888
10.71810022716651 0.12310463413024952
2.304050705287423 -1.6162278538808306
10.078541887079927 -0.14494967642572842
2.3406469108677657 -1.6264063381024725
11.940630239354029 0.3632344315299503
0.8434802504745852 -1.940830984251414
2.861262614846735 0.6863771273545078
0.8056398940213358 -1.952977750722889
0.4232152056498321 2.8734919519403537
0.9761141936048509 -1.898645158126129
10.637822285952753 0.10441489974931256
4.047214065869844 1.7875536214379004
10.63682039576001 0.10250634048086382
14.577841581187801 1.0076644672983024
1.8665034007049937 -0.09005659424223522
9.253439975949439 -0.20868023384412526
4.048245850702909 1.4384791807007888
4.743709266650705 -0.82215677621324
4.61279049553115 1.6975852402438774
5.831894107586831 -0.6809450512590943
4.3138282992445145 1.5951693651523708
7.429648399645976 -0.4507474120983122
19.846195877460794 2.750396272855344
5.6586226532766215 -0.6718737493415293
11.959612293102055 0.34845702827668024
2.682232095299812 2.431556106560048
3.9306367817251737 1.469957399228388
8.947752914146786 -0.41944085075926196
4.49322162174793 1.6426895569536963
9.532221685120694 -0.40127358512188094
4.207256145787386 1.487858638933664
6.7923567706553385 -0.40458771675967065
4.04598732933376 1.8019826642741628
6.441141681773443 -0.48964470007597405
10.742584278934848 0.12625670169202907
3.436604672086682 -1.267382100777783
19.86348959407678 -1.0834379907761813
8.242435127621329 -0.026385565564754437
3.02274637071596 0.7725036775681068
8.236041601493962 -0.07983462398224296
3.9269428687747467 1.4789149698901096
8.417007202659674 -0.0888516367768987
3.394050554698047 1.6632659913074497
6.46884560875667 -0.4747369919921739
2.8290252572745906 2.3250120222326887
4.8538930910991365 -0.7867990216059115
19.568497133481593 -1.1958987547587063
8.457236411146015 -0.07994268082324803
19.012624576758427 -1.2832275548904253
2.4193234087436326 -1.6438728110700698
19.688433101917852 -1.1272443648848525
6.925198287448776 -0.45077318356598484
19.966275488278047 -1.0585646162671372
8.403972542460368 -0.08754665091094097
0.41601028145228874 -0.9082817313400933
2.6270088905327347 -1.569749707787337
19.182911342534677 -1.2676936634950997
2.101375992804016 -1.7448652273458498
0.10196422637740776 -1.0840487603857238
5.92434540629377 -0.7407439032027954
19.245351248093748 -1.2307487158882804
5.072101171289515 -0.77768757850015
19.160059304751965 -1.2417133027074954
7.294314752153272 -0.6982686169782236
2.12798349163149 0.11288828046826573
6.872294687370817 -0.7703608385347266
0.8410941581768797 -0.8241124588348714
6.495498712935968 -0.6671498575117687
0.2941424352026751 -1.0610612659731988
7.9626251244009225 -0.438079762090392
0.7799651843137697 -0.8102603523425788
7.939300246263912 -0.4545978173013858
19.30842623895982 -1.2097891093175714
6.471532538519009 -0.6451934912219708
1.1398316909952255 -0.6964638528251099
9.273504990674805 -0.8723601156030837
4.183589246519216 1.0868513162307598
9.099243275540413 -0.8025637425170906
19.97618506759099 -1.1805073308898206
8.540257154722351 -0.6162541904473194
1.6156937425718843 -0.3855519289859133
8.475730250712681 -0.593829788904308
1.4461380469456022 -0.4629271635758971
12.521398525459606 0.2658810730730989
5.807564493093807 0.8939974468392243
10.745319821610092 -0.07917449095453225
5.096018257994926 0.8311279156409441
9.255201041857111 -0.874547297632745
5.129958538800757 0.8267081075960647
9.448374188576036 -0.8319907220211108
3.4363945715847657 0.849681432024815
12.714656988629438 0.33102126118860914
19.966871260802346 -1.1717693015590789
9.868078011071423 -0.5522215229584554
1.8759670197420661 -0.23952866401856437
13.59295000664729 0.5608392277189586
6.488804975140889 0.9787876951816915
15.55519399941172 1.3269853798630507
5.010218500410808 0.8526225373741275
13.644984237202625 0.5171490516529387
5.6359088217193145 0.8370872045151758
15.484191289253939 1.2948639005290918
5.748753602632395 0.8668238697259959
13.502792413972568 0.4558016069199615
2.6619571866863563 0.32585628649708037
14.383295316978305 0.7917427110678515
2.8231959182869906 0.44377086968446605
13.795332738382111 0.5507665402915335
5.556830013054712 0.7867740732243622
13.980600607521161 0.6191672444320472
3.4889079396816567 0.8125549474930083
12.960609305453486 0.24077254527707556
18.403516275177257 -1.6059032662270813
12.82894637288719 0.20536491599338913
0.4029920091228528 -1.07785671924174
14.023196846204156 0.6408230021159778
2.1502178210426033 -0.09238137164543983
13.009031535855708 0.2598882129303328
3.5659757457536223 0.8583594855401127
13.84161795002455 0.4756059214464788
0.5972757519904313 -0.9392172506238239
14.688200082258891 0.8221098309073542
16.393229013903646 -0.26776267309957746
15.661512340463137 1.2800011621199194
16.332476288385703 0.06037785343446421
13.158172611302469 0.17969469550996797
18.936835141629473 -1.4691363620815685
15.411475019445984 1.045599842860536
0.79112705131221 -0.8865286054652678
15.910355470311538 1.2717772742572777
0.3130814876836469 -1.1110111309379633
15.151014419013894 0.9496684235107394
16.31841893928579 -0.18646347757940435
15.908253895059174 1.2761703661329356
19.71974901953507 -1.343730461951657
16.179825646106284 1.3667861825990941
16.929253641951497 -1.58031926044201
15.670431126573664 0.985344872236848
16.558885722388993 -1.3872431193114443
15.613021933492856 0.9677095161044482
16.91622047578555 -1.5540734946116959
15.619579674344177 0.9122853279245994
19.849249254892985 -1.2790463786468538
15.554768288380735 0.9108455833134269
16.335769993724902 0.035228820055007146
15.756915902884673 0.9613454213572008
5.44384653669394 0.6280705076954796
15.69555780901444 0.9195656403596499
3.893992850969022 0.9277887623243771
15.811158040905113 0.9661124766229823
4.619833928642575 0.7185049636260378
15.425658756343093 0.6901435166742274
16.97183597241774 -1.590013109822225
15.801483538720301 0.964741945357199
19.63818403996172 -1.349952434915912
15.017026959318814 0.3648450104297148
4.500520963352061 0.8473210870122042
13.751909119349266 0.054717422625925057
16.985334760053288 -1.5250401465827235
13.965558553880324 0.10406665068425648
16.244900808343083 -0.1430070769851322
13.560813977860676 0.007391903129329358
18.938474077646138 -1.477163959700309
13.072235946093384 -0.17342364429736062
6.74453850505538 0.7266766623931871
13.272280318009248 -0.11237320647192256
4.224832127917451 0.9346430347460384
13.515907283417388 -0.014292949326171117
4.3461666495836555 0.9040093600154128
13.058226855256251 -0.1862489552015142
5.0046703654903215 0.47816399675370436
15.608800251269807 0.5439329245096806
4.98446193105226 0.48984041473216067
14.239154549752614 0.05984141405055389
16.54510256270537 -1.3965981828253227
12.982280900744927 -0.21658985531705055
4.948979914748616 0.4924358668228538
12.95199893538347 -0.24744103709064627
5.9214506743127675 0.6690506613225946
15.245395302347974 0.31532711059242624
6.276352544688815 0.6247178220731296
15.376388629897106 0.48252952503392305
2.715943388963847 0.34341122973940214
15.401300000121882 0.28599009342259724
2.8114677347772057 0.4068820672033369
15.517601629025961 0.4405800218305698
16.905224184715188 -1.6247639815590182
14.257588385117494 0.049341989134960254
6.726884335198698 0.7154795161491714
15.360841601399889 0.3098210305050803
4.037558915676451 0.9398556839406018
14.621128789932335 0.19530731987437638
16.651346728461192 -1.4045982052049932
12.696369905180386 -0.3294485714202473
2.1426156427420486 -0.1125364328809961
13.660558343751294 0.008704087168324123
3.694762089073565 0.8644290242940053
13.234572387808047 -0.13389460410461412
5.39845066956468 0.6114742245493408
12.725674609388767 -0.31705569656517807
5.238059117387955 0.5409309857117874
12.74677497169632 -0.28973043097568857
3.696687579152701 0.8770430551468552
14.515997885909888 0.1478341011471603
16.34020481957655 -0.0586906374479753
14.44247301856672 0.11808171087044773
16.3451791639137 -0.09660042506776971
15.235682997957976 0.11793118603756118
16.416169501197594 -0.176213928687737
15.021281231403744 -0.054695235905333074
5.037218248978428 0.44049365428298043
15.040569643026764 -0.13583020125861248
4.729972271720282 0.623856481017767
15.205877780890443 -0.1828719399173534
17.01947197617384 -1.6269587394850968
15.566534553161045 -0.5000841142627509
1.6121797959935054 -0.47970279195740206
15.308103983416187 -0.36189761330820974
2.292739770342457 0.058407743414875916
15.355757898717952 -0.36604754343592855
2.647923738404643 0.2856106950407356
15.18988369004438 -0.3342019238499753
6.473206045833483 0.6605399856644911
15.241836646331318 -0.30013892525043456
1.4651226774080228 -0.5701919130322397
15.130681491734004 -0.2128399519374676
17.029901425587468 -1.5917729318310778
15.124844563409283 -0.2898626101653899
4.695508681573506 1.0167827349128187
15.268065214675515 -0.27703874832015146
5.918029820573991 0.7004802553547169
15.710128542855601 -0.5818818582282034
1.333220888316968 -0.6496601631398209
2.250674817071678 -0.01663540253847308
6.03019601719185 0.9591296785848185
18.208284686830726 -1.7818371685674048
5.3364019711885495 0.7649492001232224
19.62453494786773 -1.4672055699869084
0.8359700577581922 -0.8714612181425087
2.245273927828507 -0.02130731732243276
18.811707251987904 -1.4943520807397401
3.1713483328891305 0.5913798937788218
18.976962830170987 -1.514790961169282
19.581297465045115 -1.4659978881239135
17.39706860640304 -1.632488537071014
4.7555569380688185 0.16913535194290685
19.481785130612003 -1.2054756550590275
4.758951261461941 -0.1674740277548622
2.2881763383408846 2.628708748409596
4.630129537993241 -0.2837189803986462
19.096625503990484 -1.4403407058021227
4.598213338215522 -0.3109499364774202
18.813351587387505 -1.514654165523148
4.595568569755138 -0.3116686273997116
16.32127501860096 -0.023183629540370107
3.9378538310786038 -0.7590503749552716
5.19226694386718 0.7182360190761449
4.6184604342421665 -0.3137213182093641
17.517663964218183 2.375221343210968
3.9144788840342937 -0.7597372345613299
0.500886332200314 -0.9823794999692179
4.091808832231387 -0.7031359948471856
17.600028763118203 -1.6814653820172492
3.9215208465160787 -0.7624247713581321
19.209144125752083 -1.213481153315473
3.927311291088995 -0.7660271764589345
2.0821951183474736 -0.03581637879250841
5.262084281703504 -0.3049066418473135
4.4322556858829 1.6781096315362265
4.959519201100818 -0.42326464032357475
11.312546997273325 0.31039779574983245
4.949535415625118 -0.4339908944636446
10.046701710045165 -0.17711682163976078
4.888103997299957 -0.4489501191631236
9.210035210684735 -0.07560100220643043
6.461975567185404 -0.09820311307257483
17.79619113465634 2.4790302188906246
6.373812384246217 -0.135656103554053
9.47824571543015 -0.04382273621430438
6.170780707089086 -0.17404547943331033
5.529174193629357 -0.5479006160574482
6.096944211829158 -0.1786705021629469
0.41934713055247785 -1.3870922419334248
7.146220211283296 0.21404603505941572
0.950034749925572 -1.7440483324197384
7.516954471669472 0.33404326887228336
5.638964325369595 -0.5384543340076157
7.265804448864971 0.23705630674728162
1.4261713174045878 -1.2655888967980962
7.2524177794492255 0.23607134670757046
1.5469549723372111 -1.1682913666771804
7.6181151433097245 0.32859871907518573
1.6678018768907807 -0.8701655634180749
7.3665146326180935 0.2314035908532286
18.783948165948512 -1.9452791239257263
7.49575436585195 0.2770054003649421
14.510849267940138 -0.33641314219827534
7.56722562563898 0.30411134843376514
0.4294923120229707 -1.3849943285639725
8.283835078514812 0.3062325669504303
1.658746889093158 -0.8254324815390115
8.225531261158325 0.27234246283377894
12.91663909279276 -0.6527642224450134
8.444389809232819 0.34844367351273664
14.214253169830702 -0.3672856637326674
8.49825955929938 0.36315984737440965
1.5415917982073952 -0.8257092350027087
9.390360322800072 0.42087792381564754
12.986051501366243 -0.46752176642830123
9.764722900162683 0.366694379767126
12.043815465935255 -0.754569568052142
9.699341469921295 0.36649873407067574
13.372980219675602 -0.25716432113467214
9.799129592871395 0.36881214730664597
13.655824054442796 -0.5263641052946025
10.07905413066751 0.4245953319256092
13.466426708792186 -0.22531114874069308
10.272440942064602 0.48699877229174293
12.317918449871087 -0.577813952845384
10.3735323244641 0.5046106529514449
14.788931499748317 -0.26867853106502027
10.351433687977075 0.5043926339930458
12.843344428279554 -0.3995433739336092
10.699606297814833 0.6413253560388563
10.758587111039091 -1.048041165916677
10.723343516362036 0.6432704842429717
13.251363200935174 -0.30534589548218505
10.945757760809041 0.7419699552763245
6.438973224276923 -1.8563956352920232
9.832498627407249 0.27776845448813053
5.2695455542402785 -1.3134239654860396
9.174843400386987 0.2024349185357645
5.296547346968882 -1.3143054966381877
8.73718578663032 0.2407652360746344
7.045976738678164 -1.1333481406150976
8.474240996530675 0.19822994897758955
6.4265704452196335 -1.8534941230134045
8.41998933440246 0.20807370226044375
6.397631999604023 -1.839423632953452
7.8622753879981095 0.028967267204826147
6.029297671342835 -2.2183636012755827
7.714617636431612 0.10921112194306926
6.037758037124382 -2.201732090187942
4.802042998098185 -0.6715307011331044
6.459064954289248 -1.745231746048877
4.24181892260887 -0.9030975447914884
11.537005944151618 -0.8460627317451043
1.6279177783199958 -1.488195336579055
11.60492659394318 -0.6121234050045636
1.69914748247491 -1.6097149590225908
11.544784133062226 -0.6617477269873588
1.390647455576249 -1.4813024172338656
6.485252251890497 -1.732654128857207
1.4828297258402283 -1.4386830817202692
11.339032974724583 -0.4227072126762515
1.3671610826118696 -1.4563895003696075
12.940429396779605 -0.40849657815709667
1.4078166483944947 -1.4175581741293168
12.474778034701814 -0.5686544568241212
1.9639320255768598 -0.7192968162872836
10.795281266428717 -1.1752489671448787
1.9454284205803378 -0.641766353052282
11.513171511329649 -0.9633279752615569
1.9373979819379645 -0.6477051053261861
13.326335980089748 -0.5280042703480085
1.1260227462479266 -1.0303641062089446
12.254628446997414 -0.742959941451968
1.1737793022144247 -1.0105563122685066
8.11852818237841 -2.439773018572526
19.912579884706453 -1.5557765609386562
18.387066198266744 -1.9180857531929352
1.7725363465196315 -0.6532608045744174
0.1023401021074263 -1.552132041184503
19.68236042523617 -1.6355419515462195
2.248145256307355 -1.548269046545782
19.236290892709572 -1.848949699152407
10.754823706228564 0.06329675271728413
0.10315695317654208 -1.5077658436919539
0.5506677540784128 -0.8160482999259234
19.52337475213617 -1.685294432061483
19.750213611410818 -1.0848920283704089
19.63128228478729 -1.6535278382425436
17.584046671393345 -1.459524271974378
0.5860092705491193 -1.3035183571699573
0.10767507229035474 -1.1017503632632866
0.4214014184402576 -1.378537106435711
9.65242504867849 -0.40232845450133764
19.470558578112218 -1.7384368950268154
3.01889109268755 -1.3351148790892622
1.1141677933251959 -1.0470552116954022
1.0029881521099744 -1.4244486520848685
0.8393457080971841 -1.1992877745412867
17.134864685748433 -2.327659069040072
0.9550206622487541 -1.1438406425905148
0.40499812251867734 -1.4612120975340896
19.246206340776492 -1.8291471199716665
18.927834209292115 -2.032729082209342
0.13192958230204618 -1.4615830482370458
2.643549320268565 -1.488767537360357
19.08683364646399 -1.8893850848050706
9.24148515085388 -0.28313934435576177
1.9549492520568599 -1.569078926249637
5.991190555704365 -0.6624984099004588
1.7508254219092074 -1.6092272099434497
15.289287613030899 -0.835327721923821
19.115443637183276 -1.8904598028527406
16.57350859979001 -2.0294896873704986
1.8708041758978498 -0.6540775151294053
16.31755594184171 -1.9029877964352222
1.0029841929905698 -1.1141128438695687
3.802384932400253 -3.874181244064046
2.0514070661374877 -1.5347654794247607
1.5804908744832313 -4.048666934049588
1.6923519969201881 -1.6184957718491695
1.5740601259633018 -4.054331681681952
7.688953137357293 -0.05267632372051698
0.34885935260629364 -4.237551929992767
1.8401266343288585 -0.7333744417691398
0.4512872787680166 -4.19996546952504
1.8669393439735482 -0.7061248913736493
0.058860212922081434 -4.322945950835043
19.30690222974035 -1.8249684174132412
15.237846152680953 -1.1375269372629382
19.709889896129702 -1.6298544626518483
14.468365912288148 -0.7571445125525227
19.26714786531304 -1.841418222561167
2.457460510161238 -1.5235462280853436
2.0431412732146037 -1.5422256453062255
0.6792782848238129 -1.9623678163693925
19.323719505959087 -1.805206167822459
9.01691816871302 -0.3632314610352969
2.0503162593481696 -0.2936081975284492
9.780985602466435 -0.3361760218770616
0.03928763889710554 -1.476870359739968
2.682699214581168 -1.5135280376167592
1.797198209198669 -0.9330513562204031
2.397317748140644 -1.6077093073424902
1.5899428936595572 -1.5952990164934133
2.389297397037388 -1.5977249911590916
1.5507358217255116 -0.7022211948769252
5.907684465473181 -0.6727404240216441
1.565731875126693 -0.7997674409842355
16.54700627223702 -2.3227580515790383
19.22066333045547 -1.8586704538461751
16.7873046788865 -2.1040667956798424
1.8384888287780146 -0.4980602265422662
16.833458234408383 -2.129591337986286
2.249542605344786 -0.11262832006952021
16.654994014317268 -2.160480443474483
2.318242695194684 -0.09007039161099618
14.634602733767618 -0.9725659039709674
1.7868272007216532 -0.5347376744469982
16.70351581613675 -2.0976667066390937
3.17263580480393 0.5322884598195142
14.397716837040532 -0.5685951317457222
2.365389308090967 -0.06690523635848958
1.6615157514205705 -4.0497455638857875
1.0410086866828472 -0.9479931814972323
13.243607015590646 -0.6898177381974072
3.2588247655594658 0.493384392240109
13.147371077919859 -0.718079142819813
3.4485529605722856 0.5529489594772942
2.4870636653015823 -3.976624168619749
0.9881869471725473 -0.9812062938435259
7.443928682542145 -2.7741989872248944
3.4490722234667577 0.5653831846054737
4.370228334643951 -3.7852536377499537
1.0953875700104638 -0.9259426296847674
4.8247667985800735 -3.6646037180699875
0.9106097490792149 -1.0133012227806921
15.404340529521026 -1.2048862397136701
0.8005471111053825 -1.0605544630622
16.530518351309148 -2.0999234914026235
0.10665030970615194 -1.3529993022102451
0.9133477648029833 -1.4332366233065226
19.71592149810906 -1.4741685445690602
0.8695002404265024 -1.4270394764798906
19.965876228241203 -1.3880783705009425
2.3698779599961717 -1.5913443480935254
3.252754393700581 0.5599369684601906
2.2440173517434947 -1.6197121677528927
1.771288920519089 -0.4573245490761389
2.2961841779231573 -1.5737201271255932
0.22508111024223257 -1.2984237235528753
3.077391186303637 -1.381355034752015
19.36445269054896 -1.6100530941017916
5.611687974581394 -0.6612970098028553
1.1907780389909908 -0.8581244016732641
0.49910079589251727 -1.9743156670016362
0.3611352957099811 -1.2401687392326095
1.4741033450006373 -1.8236485744187738
19.272465320984676 -1.6407143070393417
2.2660901585185775 -1.589103769794018
19.286877777258862 -1.6396409646372485
3.0214400679166733 -1.4004447921574128
19.683695857401965 -1.4942940662026423
0.6829409121052141 -1.7047927720111882
19.18058505899401 -1.6546838804601114
0.37466185438437516 -1.4914517969938608
18.753635674831582 -1.7032347590113959
0.20208443638054244 -1.5633116782151535
19.030614939323062 -1.6715692226999406
16.67134231988105 -2.339339793199919
18.476103042705876 -1.7764135432493606
0.8578358380873727 -1.4341147585004148
18.066146527297335 -1.894971365237904
18.928746145584395 -2.0508825576014047
17.227529079468876 -1.8508297477714224
18.12481414513079 -2.2462712738846715
17.253377086947758 -1.8988601832307965
0.7855898353618942 -1.4194574340182333
17.042497372901238 -1.8716196238718028
0.37372389947674767 -1.495918213458315
15.755108013430624 -1.3686918451643508
1.0787722093895358 -1.8931234366027927
16.63613292710708 -1.8576274178015952
1.0519597114969514 -1.898404247941833
16.462841102688028 -1.8589181703862463
0.44302711550030993 -1.9346149198905078
16.185948711940267 -1.618590936953331
1.833029064189446 -1.7097993708174428
15.073058132621497 -0.5530130556575569
1.4618034706620724 -1.962900917568398
14.966776284168573 -0.5437043810348378
3.5260489420938637 -1.2609581489329889
15.190619227970299 -0.6572665407693807
1.760956731633882 -1.8480564894000397
15.637038496441043 -0.68090842370345
6.1255224313216665 -0.6366154274672837
14.354729957527647 -0.2793165022595901
6.664554177461327 -0.40182834735979667
13.739998117873391 -0.457967996648479
6.819459682039714 -0.4501483175829585
14.280842251745952 -0.3127784346579902
6.943776400637234 -0.48258556160161925
13.61416919861617 -0.48062893654270183
5.903758159628125 -0.6885997719226256
14.054343367010883 -0.3724865767828473
6.664561645067025 -0.4103762107231038
13.762476266171168 -0.4516103087937774
3.9000766504437694 -1.1825971535767656
15.322429337073542 -0.6666373026270421
2.5611971393627107 -1.5909922052856533
14.477448827433852 -0.21824052669690686
1.41008100470792 -2.0385666467660806
14.120929062446773 -0.34797161039996294
1.6921672989390584 -1.8934227720463594
15.501534196846613 -0.6485100189302397
0.22406546557187318 -2.481556434470495
15.202836647368908 -0.6720107676687732
19.8156459438263 -2.6026308117107706
14.370807457786375 -0.26027743746023857
19.94734824472045 -2.6296950477781924
15.130161423011867 -0.5680113910217068
0.09417588776036712 -2.5591650149960077
13.618467088735597 -0.46627460418999317
0.4261767076205849 -2.4207088955084757
14.459876428643877 -0.2225798256973662
2.9973556379131225 -1.433384762421333
15.305513435524277 -0.6901506760109609
2.9211019367343622 -1.4677241672431234
15.185703188664341 -0.6889160938317711
1.0929506654081407 -2.24351161134717
15.105363126573346 -0.6295190054148048
3.10471278575492 -1.4024442598908087
15.110331529508393 -0.6264691047456612
5.251283137484013 -0.7480257442777112
15.081241952943314 -0.5187376402064118
4.808842629825201 -0.8663542374861567
14.852553169257568 -0.4850641620572874
3.539671126138556 -1.2863630947508047
16.254623362346234 -1.6613572483180554
5.213522550077492 -0.7663740350106165
14.873707180203251 -0.20458082520902407
5.081456274744723 -0.7944572461297168
14.620408159672621 -0.16758461071432837
5.53757314788255 -0.7524657536267295
15.69127377752777 -1.3225703217515634
5.025684987424409 -0.811539554821956
16.831554507451344 -1.8411092593514184
5.785822063335635 -0.7703165312274544
15.610190960177372 -1.2477565428795216
5.6779338105851345 -0.768301812025444
17.40378290892593 -1.8602333146414975
1.4447541728269175 -2.070058825485455
17.435186577618342 -1.882731514214975
4.945905072737881 -0.8422369718087067
15.762480172200624 -1.4299717591557224
1.3646908885904838 -2.1226857629855216
17.90835610167408 -1.9539290501012727
2.784281933037906 -1.5435460472898133
17.81217445161031 -1.9404334182599567
4.230650837088738 -1.0740149697960053
16.06332091026599 -1.5087044185277259
4.2297958543523295 -1.0747684719798163
18.548323009958516 -1.7966738467244905
6.217109044875686 -0.7415553727567786
18.51178241657092 -1.786095776774346
6.245153427038231 -0.7281470238215074
18.35948580590706 -1.8182622472452974
5.58217373017148 -0.7763700306389761
17.309073625442938 -1.907246662273631
6.1016202927833225 -0.7276827839141392
19.29937931647007 -1.641569445327747
7.296759304644168 -0.7238483781583037
0.08999865644038402 -1.3614727942403348
6.690338907569375 -0.8497548145525393
17.709080695668078 -1.9380559946946951
7.409228587398396 -0.6943323700259916
18.523642001922028 -1.785050820110629
7.197165041852392 -0.7558277348832954
1.8903572929257233 -0.4109168388155279
6.497657860213448 -0.8085409437716684
18.084793380132353 -1.900031229937019
6.559095375749898 -0.8228982787580036
0.3382447661723456 -1.3590899927200528
6.3164889943735325 -0.809942253571523
19.368833731096874 -1.7614908414597006
5.989922272450375 -0.8773251973630186
1.48874061653005 -0.7178495147751732
6.0625846669006584 -0.8595621838074979
6.647184353442733 -0.15387882604665326
6.176199423778958 -0.8557460586165581
7.79644219739314 -0.12874713901133472
6.131445417370545 -0.8846681582734035
19.188146152060455 -1.842294389090668
6.2428597415732545 -0.8475676232212899
7.672795174138154 -0.07214354705018862
6.825752653741314 -0.8697810409371136
7.744318215539875 0.05390927837818142
6.542782472797247 -0.8854305083835116
7.957794541586836 -0.1262818987135398
6.752428105649661 -0.8837282734864444
1.7275953135901572 -1.0062547831994215
6.748107364882684 -0.8891883923119244
7.822234838023022 -0.13375666434087394
7.29538481041698 -0.7706995498918879
7.906956856042768 -0.1593512373745759
7.547986702920774 -0.6760473584080868
7.923264872843879 -0.13926816614609058
7.494526707414218 -0.6975242143557743
7.896039792793792 -0.16634243281772687
7.662951780297972 -0.6387139800229682
8.03346650126585 -0.10527858095582573
7.645807265411655 -0.6540126861577289
8.161853735834683 -0.041907035381157004
7.645561076449209 -0.654961747488408
7.7171755986528465 -0.29058758942222435
7.5292512742722995 -0.711491222301674
8.277330871680839 0.06686776756783343
7.643507408826477 -0.6612142974783848
7.817771339135648 -0.24422474334024402
7.829631248134293 -0.5857870799737337
7.915902061498999 -0.18600785946634119
7.891686923130059 -0.5677005325146816
7.409887850569902 -0.39311983426180136
7.999959933904011 -0.5496980845150053
7.455529873360058 -0.39310021897513964
8.024532339423027 -0.554351350336561
7.844255214948954 -0.2270166560341509
7.836119140663462 -0.609907179169964
7.427113915461181 -0.3913706823147793
7.577401218603065 -0.7269671245291285
7.320160682474279 -0.40871922929903426
8.012906393751015 -0.56738330855397
7.830433696755931 -0.23681060717565067
7.9848871518128615 -0.5641542451865519
7.77869331279862 -0.2704852824493264
7.0622264185522585 -0.9120018351265288
7.998363809731368 -0.15830371490829548
7.405692481132498 -0.797871695309172
7.99106233051667 -0.16097996922855717
7.868395417302254 -0.6122789600159098
7.496844009353232 -0.3988958401513724
7.082324671489276 -0.9183697123985531
7.326019454315197 -0.4423428167097344
8.378834733436658 -0.5966728298191739
7.251265961654892 -0.44055746339381185
7.222374418686271 -0.8890117687842409
7.316601339628334 -0.44532056636232753
7.9498853387198345 -0.5995031704373522
8.558424642617378 0.111452950103974
8.13583788963028 -0.5827586380529262
7.222127663341674 -0.4516470052150503
8.125433631663622 -0.5811989837053966
7.9544019341142045 -0.18622989688808675
7.916954463762558 -0.6154257473705027
8.517563722981668 0.10648089665878517
8.474926908024573 -0.6516189518710697
7.850992652974197 -0.23643326331606024
8.070454825133758 -0.5876022452480858
7.058315544410746 -0.388972908564968
8.16288179962844 -0.5785268439065473
7.066362213570937 -0.37038066153378457
8.592409131425935 -0.6967057350632074
8.78418419425169 0.051159217638773874
8.085096561041686 -0.5909455493057503
8.919855551017726 -0.0053879864362018776
8.739356965045426 -0.728343239388259
8.762257405207079 0.0461622996888891
8.722338179531604 -0.7274167174262337
8.699882757793702 0.047305968987286603
8.732032828578495 -0.7209807855934893
9.922897974390782 0.09975363233728898
8.465344943810553 -0.6594850533134624
9.907383156625306 0.1198722548157187
7.942560344215557 -0.6252844149885387
9.824905096737721 0.09511481705225457
8.283588047854497 -0.6072639879607319
9.425109231912055 -0.0002658100321798751
8.79544046569199 -0.7743757758657883
9.335554330595105 -0.025543682379829485
8.290898708707104 -0.6061363331140036
9.263201546874475 -0.03309236151307937
8.710788434244172 -0.7259831904106676
9.206185166059223 -0.0219192635791495
8.85099395903637 -0.8528897820504102
10.361857063823603 0.20096811293661765
8.825081405939711 -0.8465473268088342
10.363937994337718 0.20532882306175998
8.825088970184025 -0.8622847081534606
10.225646129026181 0.14085367509866387
8.823629109644688 -0.8125767455225164
10.142564330613524 0.1452509173666663
8.841075273508629 -0.8986218769014969
10.440165881508975 0.15032589051702488
8.941151771566116 -0.9582289503111924
10.424453925555628 0.12302907499327545
9.049769113808448 -1.0322886722056384
10.456598887510925 0.06599228392398351
9.06321193046278 -1.0370477876665822
10.428824030168624 0.06961755128291688
8.995210977800486 -1.027091628283107
10.442196336622338 0.06859737697327603
8.928697891970046 -1.0186565529877323
10.279114847312815 -0.02722892030408003
9.48303925558164 -0.855519003734244
10.362663489966568 0.015877274824410634
9.929655389621756 -0.545404171953364
12.426939447643795 0.4664497706068736
9.329084233609432 -0.9350004757839915
12.065959971256726 0.38925279010151803
9.618535578206362 -0.7612425719668824
12.077648751287274 0.39463553046301353
9.96387936962138 -0.527322115955507
15.364420052988514 1.3228642218366118
9.908526450796305 -0.5582392239238851
4.134799484887945 1.8448469898583244
9.200494009160302 -1.0252069504986792
4.036059464987623 1.498018429880269
10.262376562234405 -0.3307049186289519
3.6221807130866925 1.1861706417852953
9.320799054840482 -0.969361130314946
0.010558360924076832 -1.0844470896311098
10.210131106994247 -0.3747259676007685
0.17733426211201503 -1.021519204133524
9.393336246326223 -0.93513743382516
2.9378560919633916 0.5779288829376562
9.204906952500608 -1.046851218595089
2.943042890568222 0.5855030875184107
9.796621729124492 -0.6489035823023598
2.8240852168407358 0.5002201064422981
9.24317359384334 -1.0352704766435266
8.229085960165392 1.5166998198332236
9.561023099795788 -0.8204076796108136
7.412021786189302 1.20795852187105
9.560314465421795 -0.820819776779483
7.011577378127732 1.0337018042382202
9.81822704729276 -0.6344723659300221
7.54901437538174 1.1905144743042095
9.668616112881843 -0.739616493212577
7.6506335618010235 1.2200673343317476
9.367500826035291 -0.9566310645832604
6.987988087232014 0.9325374797085694
9.210209148117471 -1.0531421969397687
6.854045337113882 0.846003880945311
9.057395478729756 -1.13134160508027
6.761961533172497 0.8009253696624941
9.955958827062414 -0.5491809808849462
6.526508180430884 0.7588179666605412
9.985178903285373 -0.5208477263537834
7.5347664674083985 1.0456901792539175
10.696092369774556 -0.1597800823733721
7.741235157957463 1.0910082781511998
10.792508078562783 -0.13621331144976095
7.838855766817577 0.9897828590933808
11.032064080494488 -0.13363228880382233
7.180271570649291 0.5606360784113985
10.846929821008475 -0.13174603401545598
7.091272842434645 0.4399532582481186
10.816134283670978 -0.1387815206709217
6.674568164897156 0.24093151706771582
10.826533307169054 -0.1773211255849117
6.494134171564089 0.1393432491571055
11.117713432697135 -0.16677428759105567
6.025641906450005 0.06521467175613165
10.768801795591731 -0.19427890767644457
6.3611901480337805 0.07825118549260537
10.752176414433036 -0.19838503335752333
5.945554902601006 0.01133302839513841
11.126444444231891 -0.16746739993230492
6.223042863325823 0.04150846921796347
11.311624275545194 -0.11688493375120752
5.630421686552833 -0.04158238090668256
11.316854191184975 -0.11579091247690727
7.160757770277856 0.4368745714880853
11.253088906177396 -0.1397490496951463
7.594144344062226 0.5752767124267648
11.207857662597458 -0.15140812645915597
9.897950568708604 0.9590038065178728
11.751132470369566 0.022225349962163327
7.834145235490917 0.6155938493238432
11.062467556833855 -0.21186362426632446
8.613548873101571 0.7769580903834898
11.555604321895075 -0.03132043653645041
8.926716769358606 0.8400340247701845
11.123888433550864 -0.20885870796231937
6.645974294831985 0.17476052769226946
11.979711841579975 0.08747884549294144
8.453382928911704 0.7417579803032591
11.6516075442497 -0.0036511855948835534
5.435267563592713 0.3294768624701481
10.609224576391117 -0.4042071733453816
5.77221760454101 0.29270374254385423
11.001526064253085 -0.2526322850723187
5.413911242529223 0.3192751187143707
10.98986899751267 -0.25845545962944627
4.999504932981056 0.3119008366700025
10.985760791890407 -0.25999651238673505
4.598155011146679 0.39438141598662363
10.993130066402143 -0.2615896882887748
4.116994722256377 0.8299765258402414
12.320343819033809 0.1403396630776904
5.398542835703013 -0.01184088453323922
11.196405941545844 -0.2135548477323429
5.763197092222588 -0.01304328662106432
10.654662602426807 -0.3873398033056109
10.654302116610593 1.051509030668637
11.112906231540991 -0.2398425558017069
7.741874564359688 0.5882004118937821
12.28557556516641 0.1256363675586607
5.719379124062183 0.35220245836485586
12.12530348270988 0.09405524257944296
15.945245820655312 0.7255550573762962
11.366784315676052 -0.14339118435560594
16.010111378302103 -0.5686728237236218
11.294034290096024 -0.1691946088580174
16.786587982487013 1.4025128906985744
10.99565296696866 -0.28066952394420597
17.48422604915193 1.7185031258589623
13.165422240584292 0.3166307194908673
17.27628112809754 1.7685849842276686
10.29108508007757 -0.5284245530106535
16.404754595696957 1.1644477624356397
13.047097112615237 0.30740673654157774
16.47555787991581 1.238409855731447
10.26179562234355 -0.5355110276416946
17.238233787410632 1.8186086811701618
11.258661589745827 -0.18862193398985616
17.229483414209934 1.8144763060815503
10.347071971694486 -0.517692024786716
16.659193094734597 1.3296165498792392
11.243792459985263 -0.19621256155261302
16.460257763013615 1.6076867676810875
12.07938970159774 0.0718960206762512
17.405917391848607 1.7244885168733053
13.050686929511098 0.30944491388601797
17.21232794555291 1.7453671129241461
10.821749916438423 -0.3464406835044339
17.0904097842637 2.0881679837126574
12.454961592115925 0.13354876137190053
18.613471283844415 2.415824604873619
10.542041983096501 -0.5273404628258558
16.694743392968565 1.8648242985670804
10.295181924937586 -0.6191066914930301
19.53782820761926 2.552264794587624
10.765154101967166 -0.41833491214677865
15.749295211139655 1.2527534510134513
10.843248405231728 -0.3919033992516747
16.75903080819536 1.9030267984576519
13.235453333938493 0.28761447577946375
0.2548307832764394 2.704808913435889
11.245295267423252 -0.2370986435197871
0.5916808441095149 2.73022358605467
11.266418220671412 -0.23393616353029434
16.42502221870673 1.7204690923898776
10.093089167029717 -0.723460931947451
18.522250634887836 2.4216512293789485
12.303418600680828 0.05856299274900177
0.7520918451162116 2.7376605229990747
11.826054977753282 -0.07143414220225894
1.4262768311072849 2.59156695427563
11.333754587076998 -0.20881930424101397
0.6379588565550462 2.815538317581453
11.411399733309732 -0.1760407968674002
0.3443738539004972 2.8119825082331635
11.847282423493748 -0.06734333554286717
0.6219149379091206 2.8154206252085103
14.401560396394862 0.763917211361634
19.344763635079065 2.598162102871235
12.049079222060161 -0.005611557784472667
0.7189899996828254 2.841505977757975
10.28932710455592 -0.6264992438593846
19.76351758116886 2.700215829628201
10.314242647050635 -0.6201422813713373
18.949243470261024 2.5411124675491794
11.222252456612702 -0.25076784586733775
19.749922125021424 2.692825896005787
10.20310297379453 -0.6687181994560363
18.598826246303027 2.5056965005083924
11.633910775515696 -0.11529559818652382
17.736531844340334 2.4385161399351807
14.355589421712667 0.7421883589767628
18.068881878806227 2.5044074073545337
14.133773964589105 0.6515606194312249
16.59801231023974 1.8881080724749935
13.66810138139036 0.4398713011948176
15.407247427098747 1.2802063161765946
14.37928559928831 0.757437086863833
17.323957190417914 2.2901521600366275
12.218893640221754 0.029768227765243196
15.604914828954909 1.3811926320929528
12.662635367882167 0.0708472958494536
16.951494766769247 2.084091232814401
14.401931153249325 0.7492782774767687
19.745103603440043 2.695553066024888
12.774565106398148 0.10573070729577513
13.537743824222087 0.6047154079356173
13.12901540865457 0.24369236111791198
11.083577919269043 0.12987187237611836
11.470188068086506 -0.25737622635720103
11.6250000333996 0.18832800873437425
11.42071577205566 -0.2694418651111318
12.689415158987234 0.40558761369060986
11.070036742938875 -0.4180781528919447
16.581412811989296 1.8889597642137055
11.863872087040065 -0.13866852503785232
9.531468626494709 -0.730630932702424
11.001716911795787 -0.4477665398039353
11.003168210253035 0.10047167706228681
10.980526995271568 -0.4554412863291456
9.794689697820848 -0.5571622695832766
10.915554379405659 -0.4913873142208718
11.362213019036608 0.1978382563032658
10.909886441823856 -0.4764702936380347
14.047978428214732 0.7648056094446787
10.763291470862077 -0.5609822166396181
13.58295016139923 0.6081677112344622
10.805602191269227 -0.5403304691297857
14.236609282221098 0.8339793432516778
11.33072935644399 -0.3332178889980352
16.356184922199404 1.778103712449567
10.79712509393623 -0.5408338412472111
15.774167296582679 1.488597844996755
11.523330222005004 -0.2893442458797324
11.574925182547945 0.2234171038473438
12.450482748123916 -0.11408218861344167
10.066372550750707 -0.3782242705778949
11.63182998339386 -0.2717961530615779
10.371251846043146 -0.1886586584124047
11.660155006191735 -0.25998948525575305
10.444678256064522 -0.14081717864671572
11.589974888973016 -0.2790134868704833
9.997474821845977 -0.4247107109756691
11.142987376052902 -0.39977078830095913
9.850169888006361 -0.520186699219208
12.230148855159225 -0.14524066450781947
10.672940250164519 -0.031861791301556655
12.5294068148002 -0.09577801661468917
9.991659701612585 -0.42278584136369973
12.52046661264919 -0.08865470275503394
12.257142777577803 0.3168929786940532
11.952515355494638 -0.17841269862263992
9.461238914164147 -0.6747940885592151
12.339629706991506 -0.13927164384060098
9.638651297982127 -0.6485242768941534
13.227244877530342 0.11648916804094522
12.13579009217107 0.2971937920292051
12.511773107912468 -0.10180024505659337
9.691284899475695 -0.6340426076921106
13.037471111969667 0.034964273795583034
9.87387139634188 -0.5141992884159013
13.110612353315465 0.06284412537663536
11.030451157341382 0.1123301048873542
13.044250551159742 0.04660116710856116
10.746826901397784 -0.013947874720651954
12.667797665641439 -0.05510154751380041
10.853939534852312 0.03442591278957917
13.113647544907051 0.057391614375797484
12.22699773602279 0.3032583765233178
13.092859025961936 0.052104038641469785
9.488829428282447 -0.7583578665381508
14.232024641551341 0.4959701928938528
12.581576529908 0.3269479793032146
13.20549605224389 0.09272694810231252
17.22978021615074 2.2207545797278403
13.231788849406898 0.10034615164786083
16.99653829089397 2.099245852772813
13.30891245414706 0.15375401804672872
17.1550736170053 2.1453180316037606
13.647800279564278 0.25125533847275366
15.486312439041601 1.2726536883402457
13.678983559498 0.2612374960518276
16.80374370571861 1.4989291227469994
13.707626648678012 0.27899432309968597
16.841080581141743 1.5210967684419563
13.518053479239041 0.21157168780418806
15.58561631064107 0.13522349831538
13.718522174897009 0.2883709933133494
14.390657635473056 0.1572759499998847
13.321604269165634 0.12702220917834192
15.849013310337655 0.15642973212433997
13.65817806069173 0.18138504338321373
16.709786572049005 1.6473883178412978
14.076807981223745 0.39548559901711466
14.437670936397096 0.16891533213396995
13.61603939371669 0.15734963287808168
14.60902723057222 0.8078003958032052
14.178656471566732 0.4510371318752552
14.964533532613846 0.9881809325232928
13.607208008806412 0.15472769686118015
18.433307480914834 2.4625180945928156
12.699434774139124 -0.3503377043100977
11.360162950640495 0.04196856028142702
14.26021121780796 0.003687029138093407
14.884327213724314 1.048339068542835
12.196667067559737 -0.5070777488814691
15.355022082659024 1.2395645757719096
13.662694114488705 0.16429156388766375
16.855733319639093 1.934697105543808
13.398490910276406 -0.0972441329232776
16.19939613864234 1.277794108819866
14.455166627183646 0.08683270490632149
16.702620935644404 1.4530607767181911
13.852508214622901 0.027548154146966767
14.5801493949983 0.8074013852382886
13.895105957229205 0.03187766302678486
10.348457998814933 0.80226552891031
14.514418837421065 -0.07206855125841465
15.401936322551569 -0.20946454214495674
14.612853666036944 0.14579661252751858
4.76249314224249 -0.36712901142623255
14.530855181883082 -0.02626577884033093
7.935173240574543 0.5537786361967227
14.55104051208902 -0.03557863360626844
5.102876582005674 -0.27829873510412634
14.606736442473675 0.0068072995513843585
15.627513462500014 0.20742487639314494
14.545260342247389 -0.048169424732138005
15.785563842051012 -0.5271235216340764
14.554762564015526 0.06368648113681034
16.815555196481903 1.9228199276880586
14.387005030496987 0.04548252533063342
18.34031100095292 2.475764545363507
4.86518119121333 0.028025013487323433
13.917322990634338 0.518969112800411
4.974973087606166 0.05507322634226135
10.954613003073474 0.0340947840082159
14.52451191161516 -0.024855709291957292
9.38100541015896 -0.8244223507118386
3.637561446767581 -0.8407003775503714
14.413931332515823 0.865976916656131
5.56852727261361 -0.33436272449602966
10.762495955005173 -0.031947672608221026
3.5979921735924396 -0.845596975024773
15.303771486150147 1.1758980598319304
4.210724306882593 -0.761322052592249
14.436915753381921 0.877894078294357
1.4452353979091064 -0.7159717451578682
15.591577021734436 0.20341984087554754
3.5558753434074344 -0.847235767968497
17.493183262908094 2.32250699008831
8.171642685573007 0.19720569745616467
10.78458298506906 -0.02258308183362462
6.309631432494282 -0.26531704649187615
15.476990151257834 -0.14851945516816983
4.347612801444336 -0.6954187447838645
16.350300572413765 1.3213630017222544
8.756080578109422 0.400378325598827
15.25531092790535 0.5600159525215542
15.74879296634865 -1.4526479975039304
14.313762327831977 0.15711865354722365
5.993385054529641 -0.2975543493255592
18.27098959677717 -1.7851194197525277
3.1160303957029343 -1.1882721659019768
4.904622832726665 0.18730807664504073
6.6633215677664674 -0.3281388859758453
4.924953961537527 0.20672521753202505
7.15834050871325 0.09192333244526997
8.34662069522929 0.5434380363527282
2.9887766383628986 -1.1853898390930477
9.736286821291296 0.4705562510741121
5.345768356253684 -0.1346106879782294
5.461766806581649 1.9745559864617357
2.3394007235301992 -1.2026724613796855
19.231748518767766 2.6334921757696397
6.312901899041447 -0.5093754784895173
6.335831756441104 1.505680789057976
3.8926345446196224 0.8383676522342417
5.065598392994074 1.9707418551383329
4.424481731994808 0.26280052877775245
3.6750683249854723 2.0037351113640094
2.336208045711048 -1.2085708928570804
12.089769477354784 1.0264742993689957
5.383777528316387 -0.09256478959567604
11.26580132243578 0.7125028821958921
7.297005143112612 0.9842791579234408
11.70892094754825 0.7767471535974678
18.128691031833085 -1.7682771881640695
5.957697515744824 -0.14525020437754846
15.676804237330272 -0.1534151115645938
12.715942502953293 1.0670122325432336
15.708127151319982 -0.135465358552894
6.2815179230789715 -0.04553264826837773
6.34190210019969 -0.4988030481139033
10.328438189177554 0.593573277733515
1.887703310196482 2.5086523426346385
14.025197189310784 0.5730847983574962
18.81652668804818 2.393250151334561
14.952354979812885 0.3209820891136111
2.9658993600783963 1.3338156529854854
15.916958078219384 -1.2884942463032256
1.4496870370564185 2.6828214189912196
9.33486506645007 -0.7524246912709306
12.583054115827675 0.3123422374249647
12.670623882294537 0.3115152287846545
15.790700140924699 1.2196872527075893
13.599158357128148 0.350828028887673
12.05243512878788 0.18993247329964452
8.675944280531317 -0.3242728375463104
12.605577039403995 0.3129929932313389
8.758439101389946 -0.37475208139237104
16.985751333749764 2.093053018835789
16.47334733668765 -0.7798441224392523
3.1582637499353146 1.5003575739806123
8.711820377176867 -0.6406249295542691
19.795970178277773 2.683996505163697
18.366453657808094 -1.374246347399998
12.035725780977609 0.18702820945137155
18.53878359502503 -1.2771331376213688
10.44647525147929 -0.12751948852329842
3.4949904952442914 1.2560179508932114
9.636346583926134 -0.5009706676514162
17.698942976921437 -1.3941768618981187
3.093656732803634 1.4159528596902742
18.534163617989083 -1.3076036118078143
14.740156360847918 1.032417220926525
10.290488256002444 -0.11478672111084944
13.214462630956865 0.5044655087393813
19.723754645391384 -1.2083023561021162
12.089685257962783 0.3143571951047457
16.569347135620916 -1.0628694723772432
8.816559155971943 -0.5248863861638335
9.603108401015108 -0.25851083259271407
3.1277333962102194 1.4795021804837492
17.555108533454117 -1.4835205107082097
2.879840320715273 1.3353762917185812
18.67377962450819 -1.2051783688595712
13.201615711919322 0.4979954145336921
1.7673918553404095 -0.13276490582242914
3.125917377641879 1.6138966945515996
9.472077855481107 -0.15953723597355274
3.1278204657923183 1.4868559573356361
9.095617678805976 -0.07471940600746076
9.623390887419935 -0.437072523063087
18.124347397983772 -2.056365109620397
9.712208867540884 -0.5539553549683665
17.690505032165394 -2.216230732665822
3.369094122065471 1.5680067548825967
18.846498286496256 -1.753036129910165
9.650155719978489 -0.4184664773723052
3.8680283815828327 -1.1544458184081492
3.75603381874333 1.6238726742148193
2.0794780723580493 -0.08556873662047762
6.947209242192956 -0.6390439366993325
9.709056282792975 -1.6992449755707457
7.646765446622967 -0.5406385006870909
16.318899051350698 -1.8623597535584169
10.078203216817304 -0.279356365692684
17.815306823124224 -1.9782718133368882
10.385313365398334 -0.13119971159977106
10.214586758095377 -0.14643958504147409
8.828504067227716 -0.5168213719913126
17.402029578161088 -1.9332680570468066
3.722815742091747 1.5572199750221418
4.150754814083559 -1.0286474487107595
10.948283906575403 0.11872176674392529
4.151904029902732 -1.0182514933136786
15.479062845654099 -0.41126023500160036
18.894850358094725 -1.7892533210122794
12.678679539046737 0.4100575829049889
17.419994664132354 -1.9944574462525158
11.526331305835905 0.03356727121582776
15.527756893484433 -1.4954693654173574
9.335396286448434 -0.8325885846670417
2.996432681850978 -1.3220344949985983
15.852838839848902 -1.220289290964761
4.397279672498514 -0.8907507600112156
9.177722766589282 -0.7743621842613545
1.1884461473841015 -1.1710115522069462
15.815456997646544 -1.0498194441776159
0.9954786857625619 -1.8251809026796229
6.823139551140941 -0.81311388231546
0.7759053807629503 -1.7649631585908696
14.197450898243437 0.12395729183087117
18.710047644423206 -1.8529588895418887
8.518616713098346 -0.4639412320891475
14.960575947220528 -0.8659353113394401
14.448214586941093 0.23387750221583767
17.762248286409683 -2.2425829442063554
14.403561205999768 0.8154516211370852
17.739319925169553 -1.6619211309884585
16.28176118775736 1.2178677113765417
9.528859432505328 -0.24716869125486182
7.602428654994467 -0.5963765580969682
6.059117555584808 -0.6416202399106851
6.7311300066555555 -0.8070074294069434
14.847450756383195 -0.9751189772317201
10.751517029651474 -0.04911913558838439
4.507562008761808 -0.8456537991855895
11.321117749845744 0.03998490314120977
0.8652790587180904 -1.2225845933069435
15.476210906856744 1.218311267730394
4.25185473183627 -1.0138153091672908
7.103522539211184 -0.7579888257880317
7.061600366803596 -2.896042777823469
16.070911953428144 1.380332918402601
18.114198750124896 -1.5741717272657272
7.116345486394794 -0.7566554953703327
1.1250058235438058 -1.3943071340439652
9.183361668751989 -0.5553970068509472
13.267259526004219 0.5800227086139216
8.092947029106524 -0.3482741792528623
14.172219704011221 0.8651916515144231
9.219126924749999 -0.8141333758253265
16.42322063963887 -0.6365945426636126
9.872950121669822 -0.5201761362189151
9.685860645552191 -0.3407917909688967
7.55149711870722 -0.6161590948248219
3.548772264307121 0.8677517007801551
9.868911702526352 -0.4160045404428802
18.262631147560775 -1.5783690207329992
10.062453964151985 -0.35853214886793733
18.668492885749615 -1.5079855918836862
9.439530799706393 -0.5154306321168028
16.84177300594792 0.23535592757625146
7.523963711566107 -0.5940529135875521
18.790231028886005 1.923806110567552
9.027280632879567 -0.536137695320268
19.810603150356247 1.5608838858858807
6.803507593595258 -0.6604157947909657
18.840682772614873 0.879619500964681
7.6876780445323245 -0.5401798111196177
19.755004560680636 1.9606518900154886
15.568606652839557 -0.4102052900804506
19.248827254932973 2.0236892583215447
3.094499817697343 1.9048549686568486
19.00436447773334 2.056003599934559
16.907950297177365 2.038457270954864
18.78361401947334 1.974488922936791
3.171975966160293 1.0253736437356422
19.505183697636603 1.5631994104758384
8.34404796944589 -0.2601066752715114
18.83297520443629 2.1198581335663147
6.179638300528734 -0.6500609259965133
0.6810073410288254 -0.7342536065370915
7.7618434198259 -0.48232133818688533
17.724354084224455 -2.195815420785853
5.060982750897031 -0.7644614068795279
19.6527393401198 1.702186484606015
10.65199801056702 -0.10043662117283118
19.59952216707136 1.6609884897055907
6.872373312558696 -0.817972863908253
18.96289128924631 2.213129715213076
7.724608865943924 -0.532585140164207
19.210214916984654 1.9526068565640462
7.966188034575326 -0.39253510581639084
18.9518676779404 1.9884518831307993
16.28537954327557 -1.5790522693904405
19.411409572850335 1.4310080836763377
14.972049804456523 1.0849215284218678
18.844681802302887 2.115689051327859
10.737630124149915 0.03212735485904249
18.1136081977096 2.0025627781025226
13.947406673254608 0.5980585044199555
18.550255764547156 1.6120129304923392
1.6408332149672644 2.6722466364069475
19.53598886608752 1.659267197201328
15.862248315720555 -0.7633162164806973
0.951129387133393 -1.198303618485171
9.228075126578767 -0.5238177966388774
19.211009482015037 1.956343233686035
2.0378066066593794 2.652976731964872
19.533955652966 2.388856625555074
8.685032070099636 -0.553011846691773
17.384928979247196 1.3208491376603628
12.802613745162564 0.46853310562328426
17.965226634599116 1.37704454108331
7.0442793816650635 -0.7112964899562156
18.868991493013556 0.879577005837745
6.7290362187362165 0.05093444110895291
15.744161773131465 -1.4156514316638364
15.457829686526907 -0.25154785069294966
18.769899347492203 1.9663562667162546
9.249047117901165 -0.5240378727112697
18.73296334345755 2.161547822179384
5.032219090982507 -0.7802071499440838
18.33869172784882 2.116264576655296
6.7239895179055695 0.05008774374875498
18.922392330017974 1.8425009168799977
6.97243253366715 -0.66724778380372
18.372280371432144 1.4743697272710639
7.284859303184023 -0.664848337317908
16.23638980684826 -1.4081534538358758
8.806706718196986 0.5039777917792166
19.292496185177253 1.997315808270946
9.123193860180464 0.5323103023816206
18.696366719503988 1.629385935647222
8.490989754098027 0.4700878745697168
16.120742898985316 -0.3874651962961978
11.473651389868273 0.04401991816103799
1.144341841918493 -0.7986551984492409
6.554727421683659 -0.022318468851654366
10.743424084566556 0.15171260605543585
6.658318427148196 -0.5866820389171592
1.9795161068335565 -0.23272991451122876
7.0413718848822775 0.21805382245578836
18.406264570347393 1.4789132591838328
5.403452056791107 -0.1578311619499082
19.7357588485562 -1.3656129737826803
15.280903005636233 -0.2064967129261956
2.5585113712851193 0.21353391582369596
7.291438845131379 0.3031429081152759
7.25941136165038 0.7045501789663148
6.483764902985385 0.02317915502113857
15.87978243152599 -1.5201168860070735
5.086120858223211 0.1709486579829998
16.446083212638516 -1.500153486616648
4.198861721968327 0.744686577556419
16.700153533236033 -1.6783207995389848
5.117208321262059 -0.2887942109308808
16.538205698344463 -1.548638492842185
5.653164786601771 -0.09504691424539524
6.371742475446608 0.5477218548833882
15.408115363137055 -0.04035324177448049
1.768881232267049 -0.7549910505689656
14.295919227077778 0.17967771066765348
14.9492237298007 -0.2821695435192754
5.242622046140655 0.19286641142358119
1.9708218360642782 -0.24330526986940365
16.21599235017507 1.2413197219269245
15.977149216869918 -1.1387564415082878
9.218542242771058 -0.6652339886697974
5.419207532867521 0.5810414590333068
10.810242012228523 -0.030744090687018208
0.7482651634794909 -1.135929953079574
11.201689071124541 0.026065382069429432
2.699956637547284 -1.3845126919040722
9.223662740807995 -0.6596828555725337
15.654124652985766 -0.8616174275881774
7.856854823725759 -0.43489970859587296
15.384076854615016 -0.7252066259856748
3.2762820726988733 -1.3452047316339626
16.338902810023363 0.7196402931818964
6.607613778067083 -0.6108372841764632
15.966698175578138 0.3442937259397194
3.3547618954844594 -1.3223892318061736
0.24450148141560668 -1.1897806151005823
6.8355070744615585 -0.6410266806353442
4.732364110363645 -0.7156526944853701
8.542072385189101 -0.4747026197308636
5.266401663538925 -0.49309801313017504
6.192175901340415 -0.6626967527099565
15.163215158759392 -0.3877155221713106
8.928547345873774 -0.5442949655964564
15.07980660488845 -0.2541402745171812
6.546404090218818 -0.6052971044295318
15.24844016207034 -0.4862985524124333
6.9332357494626216 -0.796526009456097
1.2970142386579577 -1.5328826147161299
6.442873014723798 -0.6097558687988689
0.3191460102050691 -1.431156212991808
9.217335261064353 -0.549405508693085
5.364889270168278 -0.4671279573785553
17.039042462557592 2.1274771590386536
19.24225631288229 -1.6692495929369986
