9.602489137507934 -0.6446170919536064
14.166135056832402 -1.8580229861790298
3.759750516062824 -4.564678946476519
0.19953330545182427 -0.9706438937118012
3.774792719403673 -4.500215203915563
0.6458823651691754 -1.08071748576348
2.789146239116937 -0.9613524862945352
14.619687241473923 -1.3388113095023275
4.76685619296066 -0.5168101678276482
18.710461179094516 0.25607513587000913
9.058348410538756 -0.13085693070775467
2.3636402778259535 -1.2655851857998266
9.29219042688136 1.9502065693970527
14.127949500786173 0.8577914660863787
11.2162019879875 -0.9277328762440216
8.558915430560683 -2.064340289022078
19.519948070348175 -2.1590461363350757
16.108881186352786 -0.776911384870659
3.6963733741898888 -3.5166580263036686
6.721519242776739 -1.0267866311648466
8.00461442119421 2.654596347203819
7.794127725786496 -4.328323098263932
18.472480210957556 -0.27269067238399075
1.583118694750057 -0.571388235339536
4.367837594294069 1.2643042281803984
3.5134002325137335 -2.7914970456978443
18.707585499267818 -0.29905425789522166
9.995293917762776 -1.554727818276195
4.688299704406561 0.45055266686467527
6.933011650292165 -1.0683475544762089
0.2768992539254716 -0.8771688799512041
0.6409779538394136 -1.8379291804481963
4.289895277143865 -0.8257629644142117
9.591614356859852 -1.0331498193571687
11.601482820841442 -1.4026360872664358
13.912045498712065 -1.0029193143082833
5.31160403791499 1.3734591516726093
19.301961412034863 -2.785840495032743
17.713775600061762 0.8298440851710827
10.088400935588227 -1.0695226337594264
7.12766072436779 -0.40368813411897897
13.731138798216723 -0.7565793353313981
6.2499688989282935 -1.0809917784031209
15.892165440476825 -1.0001710780844544
15.1808860762647 -0.5149005185835355
10.425692943969187 -1.6304147744382589
11.417902934109811 -1.4378848166786848
7.293518238984188 -1.076789813591716
1.049998194505933 -0.5609239969492926
16.260827918303107 -1.0345652719227312
16.768242940025377 -0.9373190068692444
13.955581466738257 -1.066019770862105
9.487362542201152 -0.7392420752802863
18.427502402824402 -0.4008757116315978
2.516381083341519 -0.9604383555387063
8.46005314661236 -1.0455487114421507
7.927320428701826 0.6379956411999528
18.4123776299984 -0.8435473685747327
3.2109699163585943 -0.9976912325649681
18.458744447871545 -3.4848953310601245
18.83570990507252 -0.6580037392000332
1.3528976476356607 -4.7958449077782115
16.831836463509838 -1.058988729824881
6.233852279102698 -0.7186684348227046
7.047017131064568 -0.541566785723006
10.748676496886336 -1.817894026576636
12.66024121532242 -0.46620402211046924
6.009366787564584 0.285429960917459
18.922685112036003 0.15381377442149752
10.046049883528354 -2.7292636810638924
4.555326481317669 -2.2965546341403673
18.684521279338473 -2.572395207311975
16.283825673634617 -0.009131194159655125
12.459688301533436 -0.8461001928470857
0.8030575940218152 -1.1111679573012752
3.326729570961781 -1.2305732376301697
13.987116013956655 1.146259367147692
18.292190481301418 -0.7890498424451219
14.495606761484408 -0.31974930251644007
19.72491198415355 -0.8739182595475795
2.6727147227507695 -0.06794260017025372
5.9214170517846005 -1.6488679277424003
8.718621491210293 2.269702334544238
7.509104756264518 -1.249794317836218
1.780790567980944 -0.677411283606945
11.508292346940156 -0.8008021313667858
16.920938900642888 -0.3731361764360264
7.894781244751402 -3.6913688065699204
6.913653972205679 -0.11084996925967473
10.298789683134059 -2.6967868468004084
7.428736273339708 -0.610559258027091
3.210039414980533 -1.2421174693266424
5.416109758928069 3.2605145954597226
1.356053402329043 -0.7157043716711657
2.009060251820876 -1.0954641203924598
11.882222023591558 -1.2760609736502257
0.07954192915124592 0.5690951166154085
3.7136376249317733 -4.587967757754143
11.077726131809806 0.792088971904588
8.379110651325917 -2.7428896692016203
1.128228506478684 -0.4079253368269519
9.376101314260996 -0.6788712488433105
10.521883165287608 -1.06731689846508
4.568835920231894 -0.9733145281182143
14.135600540019864 -0.3151104008786294
18.595282653575705 2.382278724112545
5.351357599923697 -0.5683048222736681
18.660314012746632 -0.9043416344266682
2.81181469933272 -4.994704872477006
5.124458152228833 -1.2878714984630877
3.0867566189564863 -0.9939181346460719
16.233053401722056 -3.606396317615328
17.710490220395382 -0.051440617855695536
9.093243619350641 2.6815011052199837
1.900836375732057 0.10102181149463545
17.768305453106965 -4.003054526886897
7.456690687038533 -1.2006740324567098
10.09992750421938 -0.6559943538561919
18.349647307605622 -0.25514472182743436
10.671189978733581 0.22974865150660784
16.910703771189556 -0.6688139860270848
17.239842335741162 0.07564488102562869
11.755035423643953 -1.4185289631180007
18.817926080569965 -3.787406498974406
12.487856461206043 -0.280898922318139
18.692512712751654 -0.5915828429488164
9.257141256738477 -0.8415146083863745
14.065346994890113 -0.19074169165864105
14.127548690082174 -3.504397946332766
7.7155755399324875 -0.9873714343198998
5.151735848755884 -2.2638131372978356
4.025446408110154 -0.9831008048685893
7.524807770686235 -0.991876033833409
13.251286154400791 -0.6215427102851272
11.310374228209595 -1.2835130271619173
4.095380075250804 -1.0838133162552794
17.419595981570335 0.65710610206373
15.871860031317162 -0.22499781817535658
14.056840379282013 -1.4378616228146726
1.0224181117294164 -0.9514568024340694
3.9099416656237898 -0.8506386354709091
3.493885221298548 -1.1219112866085201
0.3381245237298292 -3.829367284704439
13.744866547282685 -2.1091989307607424
4.5725490537616 -3.4563385044699872
2.0594107774356236 -0.5662226280291663
4.27331480028476 -0.8026871363765066
6.911474994069134 -1.0657812260280297
0.8131435525552703 -3.9557196192957234
19.848800704381745 -1.1585696245967334
9.903082428793958 0.3002051230111578
14.722714982720856 -3.986336631313646
5.921222408776687 0.6434761282454744
8.586370297923102 -1.4766165045090391
17.019120126998395 -0.5647911051577239
17.334118579462793 0.8056371326468129
12.314513481133021 -0.5966277574853258
14.617892988140532 -0.8622058078286657
19.008327603956776 -2.4823195042047104
7.519013817195321 -1.185621092194249
7.533615991620074 -0.27628432406756126
0.6876029836869403 -4.232651265130921
6.91696146479321 -2.468050508367693
11.76577350682513 -0.5885691974739358
6.552125901855051 -0.8819982528149392
3.646144608852705 -1.1014956862635403
5.660910226119776 -4.716201983930735
0.2861282755068404 -1.0743255752450984
19.552172563500935 -0.17365801562705857
3.018146247674706 -1.8729340747385075
13.72371200428282 -0.7242975769838064
8.67590325328044 -0.9091815394526634
1.140662982987345 -2.287249335267253
13.249662423970726 -0.036549830393330957
11.52061345131101 -1.1521452761986417
13.41667973355647 -3.248118541074985
5.27658475992869 -1.4942700644917393
12.287239910287836 -0.3241260987191526
15.796813366916298 1.4487308560970094
7.47312304731171 -0.842687094442967
2.4162610606130523 0.9497166339816022
7.071436778759475 -3.3701629969641194
16.940803486129777 0.2486738014178295
2.761540623635562 -3.1692133998693666
14.670891479426867 -1.0973504441247603
14.284567653140082 -1.046633980059615
14.19747390724699 -0.7482321297407962
0.7361508273647581 -1.040763186600863
2.459690744323941 -0.8239012939532477
18.836911171869396 -3.74648895624067
0.9657182589176136 -0.9274827558133264
13.012613935929577 -0.8309587606889198
18.759615301006612 -0.060633422082058325
17.05256806159832 -1.2633029915897256
18.158866519167976 1.9142010086786314
3.4647302628967487 -0.9205464936938912
7.050417271746526 -1.0365374365588311
2.7317517108579286 -0.8690214575837129
19.61535936050215 -0.7106803081868869
14.303619709959174 -0.9435001313347203
6.145480223836572 -0.19486103715957373
17.52285515411862 0.4718050518270023
7.091018919888314 -1.8419773042858232
15.893613310936598 -0.7364913396768507
4.788514665985708 -0.9191850319797907
0.48802079214974176 -0.9110923084151298
15.839527515703077 -0.08818125827257936
1.2395006788236815 -1.063324492203671
1.0257233951714066 -3.743908123932701
14.844714143958731 -1.2058289930778394
19.93656801938079 -0.8449932429162396
19.04498539016574 -0.7025473858738391
19.612391654808558 -0.4639879527922885
13.743916808640797 -0.816954007464118
3.3877813892889623 -0.7578934329970739
14.379489653155652 -0.320752642604182
18.903030504629964 -0.9059047505826544
6.305577934588289 -2.3019782349822377
3.609265971542918 -0.8655900304897126
0.01262300805483818 1.6826229462712379
2.5918773853175354 -0.9607328102614278
3.4728528367998495 -0.3879815525903302
10.509985596410042 -0.9020849657036137
3.7788056156570042 -0.7367619806299068
9.0811590201138 -1.0322103709648425
14.805878156615238 -0.817905005001443
15.309958227489764 -0.932457390971856
15.041627691488912 -0.9854634306775211
14.135725660749346 0.7241360954554829
7.856421195165211 -0.9517797616367938
11.37361518105459 -0.8205069484926251
7.4814868784739295 -0.772214723688667
5.4105674979285725 0.30515633320094465
13.366957486898364 -0.9839212442563261
10.572228368451142 -2.3581984760208003
7.328914289678003 -0.5213451006101124
14.587170459876557 -1.1955450733129809
8.202869410708374 -0.8701376074875061
16.174698188832973 -3.1696868987404048
2.0463433123004835 -1.0768663654395967
10.043595540507763 -1.0187281119128544
8.126479585656044 -1.0154481545901741
0.45375142970808824 0.2713067394811
9.009212057041147 -1.1813297701054086
4.920433394671204 -1.293349405407314
19.72260532798537 -0.949870059963957
10.161962407530025 -1.708852537171094
17.049741015832257 -0.8728552814757168
1.0432529245068733 -1.0345910282617412
12.92153872708547 -0.9703186126804272
18.232618486368825 -0.5168689433115274
0.2689271526898104 -0.8807982157381691
0.3105047673120218 -1.1981647641269848
13.93919124170985 -0.7497720540700935
17.687118062812512 -0.4744959389949127
9.282370359004041 -0.6747093620999951
1.3706670249418251 -1.3474861242909482
13.886320363811652 -0.5449293402400496
16.23078156310593 -3.448370180107002
17.315445478481028 -0.006479763615209752
1.6378235968761317 -0.5819114413786411
19.244310285712427 -2.0464067320755297
15.459606732935121 -0.5867619352227028
6.682545596336542 -0.6076536540826297
19.04658973454203 -0.5529108826303397
1.7101759689855545 1.04893129250916
11.031308738682156 -1.0307639001400437
4.981258853320249 1.1092277533148485
13.523896808973754 -2.3926466013981362
15.689505304602472 0.07461156439081791
11.984105804820613 -0.5179351989332189
6.544187913796524 0.41390098577792905
9.237747705372659 -3.110770015493744
12.532778811961355 -1.400580686013101
19.101336528613405 -0.6335599751855822
11.530238439163035 -3.2300699818554044
14.403497927820206 -0.10062372036806454
16.07258992703196 -0.8778930091656704
10.847380275093705 -1.384447142550958
10.09835991243301 1.4643223359879223
11.437258332062907 0.3411765488485038
8.640035152206949 2.346181845760198
19.990681592900284 -0.15704709505165582
19.524652322959888 -0.9604709943534546
12.40017041924174 -0.19729084340115155
9.978313099734509 -1.1685164036157154
2.9897345890608213 -0.6586515440937792
11.742587208405707 0.21666308167690057
5.982711186870573 -2.392803576238763
8.506241036623964 -1.4568358841112579
9.872302703392466 -1.4350086571580927
3.155706048797947 -0.9029233632398855
13.703289709710795 -1.7728288585145635
1.788520268940156 -2.9715930440523723
3.999285413867323 -3.7220579248581833
18.500489249364627 0.28764523312577445
7.993691239536103 -1.3044781227182605
18.718628076770663 -1.9908515137033747
4.739286210071319 -1.9298438379984113
16.192856680535012 -1.7126851197231496
3.795416426313245 -3.3562599845144954
2.3472082537223775 -0.7423899866753453
7.916224641354958 -2.0063089059690915
13.85026535756001 -0.9869026102826717
13.536393386719864 -2.3701707018774028
14.233638181632958 -1.635717004501757
9.072271422262837 -4.625637910850404
2.222060583097276 -1.0981422582605453
10.673587736991808 -1.489902371698235
2.142995659229462 -3.1473168864482046
3.5193153337853063 -1.9369793980716226
9.603698951672948 -1.5437135627798266
2.0276820034993115 -2.0874070748807814
14.880860458808089 -0.5486185999786465
0.7773090987535888 -2.4827739138282943
11.897856338067465 -0.8824847184452479
5.6672541026380445 -3.2430410843096054
14.58162066207311 -1.2303465074039088
3.529099272973457 -4.823703913868997
2.89184897061294 -0.3996621735165415
9.318414237282978 -1.2046218728273974
1.6866711951159228 -0.8768446396730932
0.6115310283750833 -1.5025811892472567
7.869747273805623 -1.310910702178839
15.978942828723035 -1.738493041234678
2.920478386713506 -0.6878968380936233
1.6711727527312226 -5.193483445666219
0.6145238132028286 -2.7685171371143227
19.432084398315997 -1.1637580220601071
15.34516669101556 -0.2170520566137063
15.571701241237147 -3.3616795459597837
6.6861067022153335 -1.1409198233159858
3.7824689205418607 -1.58325076437664
10.837089594211964 -1.349756016661574
9.990914594132178 -2.3592672528735137
5.475521040829383 -0.978696321387967
5.162686688050396 -1.258598233098962
9.252108372705875 -1.5290250413624409
15.362028070705591 -2.4246139469515473
15.529225998612633 0.13092704869074517
12.122509510325688 -3.7250088796023926
1.9379603889049488 0.9723871427083071
13.838825542011078 -5.119550490882015
5.057945746240811 -0.5574115344844143
4.831387081147185 -1.6224598744129246
7.900844007947259 0.4476457643139128
13.40384517555423 -3.916892956877087
5.796770090261253 0.18192547427373623
4.7088489578243395 -2.4290014097279813
9.79856475976818 0.4778777494351446
2.995030760710404 -4.971207238566931
10.921500039369349 0.9493563905359359
15.1535087980706 -1.3421320847580764
9.8070094095051 1.9131622757227478
11.413185313410828 -4.622783241244392
9.222457869597708 2.59412033841884
16.15552253379355 -1.0220301749912637
7.685726474502444 1.7061230168712973
6.048609893147741 -3.971307738487089
5.791800016914532 -0.9472831880434187
10.031117596684119 -1.3456445084242716
12.377089557904696 -0.35884148064199634
0.11165859116416593 -1.3138708194239739
9.926158450299717 -0.9535204349638372
10.694838266323332 -2.0145187794454182
1.104869031424142 1.8083034023556508
15.217701519106852 1.0451189495441382
1.3927534325934339 0.8907103808107003
15.15163765241639 0.8527250304473025
3.176456191706809 1.9329611542244338
6.004758697735125 -1.0077569671284423
3.6351386362461673 0.8537066270666862
19.21947127218145 -1.1354079386682403
15.687654198086364 -3.814301432082763
16.470781830302766 -4.277735609180435
15.125915935906917 -3.0255206213271957
14.659838210331051 -2.030587507255546
5.439775999570069 -1.321082627782997
9.86266967790969 -1.044836036183854
12.872828118385163 -0.18491464777740377
2.197258484064948 -2.541208875488277
2.9536972409935807 -0.5106379235185738
11.448141302975664 -6.0820487748068395
15.023826716951133 -0.8711435085287852
8.848500986154207 -4.792933939631017
17.75785549003014 -0.7990392729016284
2.9884814619880884 -4.679248328943404
13.309770730731712 -1.945006616094673
5.227566782806821 -3.8268265589500996
6.002313597837713 -4.886625058965862
8.83339522536084 -3.37034857050946
4.05386657460804 -2.912597198477166
5.463768183013165 -2.8102629006152995
9.499287265475708 -2.6648859541038155
10.188193227705582 -1.7091102558175995
17.196505371731334 -0.8784704648757342
8.023659951301392 -1.1977364174892655
17.755554150327303 -0.6271000934048696
14.442374281657628 -1.1636757001405849
10.421814986567846 -1.313088093269649
15.531490045046597 -0.26703714156777947
9.819732264635878 -1.7007662358125775
4.03676566262483 -1.3197995921750334
1.2336121688280903 -0.6315944703795404
13.24097329397201 -0.8269458881619753
17.709770140963105 -3.913980082406974
17.725423313616066 -3.2028833393721876
9.211152904284331 -0.8821337271626322
14.067424156089615 -2.9431981427103544
16.105871630660506 -0.5513241549206253
15.392579132025883 -0.9921807945402562
4.775520745897357 1.3484141903279052
16.457101715569255 -0.8910889547832969
13.332992777265007 -1.990665797722229
4.877635382890486 -0.8231586491557202
8.565848868111752 -0.8375577077382725
5.147141285530395 -1.409790550392006
16.00402318992855 -1.0333494485171555
1.7352462704510547 -1.5666606264661993
11.883286392450913 -3.32316024278013
2.865252961122555 -4.590321530090333
10.98312646616442 -1.203564044889045
13.361571287761807 -0.49754464094472767
1.712518209087944 -2.1043105396403723
7.836294004933714 -0.9460367772088669
0.15062117989410417 -0.9110859604194539
9.032342156588623 -0.5634827987134291
11.47622811973069 -1.1653745032191896
18.90830120959626 -3.282033549582064
8.71010358498658 -1.367676377043777
16.32157261302781 -1.1649628777712495
19.290667049560945 1.2137622163805568
13.056919938428049 -0.3794786583529604
2.475067753026937 -4.5816713523624015
18.00458313712885 -1.8950906753835965
19.841744643483633 -0.840216323930665
18.62820780487434 -0.5913950922038056
14.597237007673078 -0.21295639981324355
16.387557151309373 -0.9565601330851775
0.27096756285885837 -0.8541525544882753
8.687715031864604 -2.8396128550155986
1.5822398497756307 -1.8816244319312676
19.50872086005518 1.4027096730851993
10.441932987400675 0.578616059591541
11.759370252967138 -0.8963643850271872
12.165103342884912 -0.2406871891390728
15.948408669925959 -0.9267182475883222
2.7361161893423613 3.507246198377206
7.824843547958177 0.8474640499610838
12.131337807241687 -0.8999641180266635
19.08425202266568 -1.623607602461604
2.031706080904265 1.4339430473822559
15.964530321873774 -0.9666559399169705
16.304092521287757 -0.8430318994830582
5.772066488246874 -0.6477388757957382
16.050551667862425 -0.8869927969356258
8.817172018138098 -0.7596656725044667
13.133422058936057 0.15939852760024925
13.019302602227576 -2.752963061488686
16.389163611051192 1.6335629299155316
9.704063681342804 -3.569450932383633
0.6792340131723075 0.7316687304878752
18.81122410439972 -0.6873338136490778
7.924148900432546 0.5668861139962307
2.935865150210471 -0.49071874630746126
0.8693189305713217 0.2092505030359371
18.63258348414515 -0.7010359369464108
12.55121791316753 -1.0897783613723468
15.076444952378994 -1.0120937325351065
3.5819775909325178 0.26421863320474315
9.413095162179625 -2.5858093310066472
3.48778364761978 -0.521681110363186
18.713031120184187 -0.7485349116015456
14.847471957102792 -0.9306096673625711
5.925868198770698 -1.212976650703316
2.6866014514670016 -1.1283200482834412
17.223149216950148 -0.575042559406616
1.3035357067511297 -0.9899659392441449
6.755736581352462 -5.3140620716302145
1.7994117021143539 -1.6276506604347436
18.18584809848124 -0.8412972430174788
10.871837714659808 -0.7137674877825133
16.66944615362018 -2.371233305191181
12.955647659542562 -0.366577348697381
14.942672782490822 -0.8056197461039706
15.149297161982501 -0.8941602968176185
3.424189987355471 -1.1169706297334512
8.345749407846762 -4.10111128044203
3.9442133656915805 -3.4590905056735464
17.557740928601252 0.29626999631054945
3.414154096719379 -1.0560632589024663
11.228681648906864 -0.4811250679091421
5.18021583696366 -0.6858227818516435
12.581578733763125 -0.03154403640100367
3.2099484158141673 -1.131072910520151
2.6377415828344426 0.15438808596947298
19.77242649752808 -4.086332127906427
0.6548432418009896 0.044531549729126436
13.910912219342556 -1.535976916144911
1.2068846285670451 1.8412158150411306
15.379321642186571 -0.9865594938511858
17.409629164768823 2.3206045751745403
15.611619526807392 -0.550018706673147
19.543926821259568 0.007963770383970913
5.281931970374633 -1.2956174463278272
16.580100440873924 0.5448060474545675
15.807352078472443 -1.163487129205475
11.36512769018375 -0.7481617624329943
4.212729194049937 -2.5422413546375173
7.608128782810216 -0.8618337810557845
9.793723358497854 -1.045456276291539
12.982797464811387 -0.48662874945135576
12.673855586329996 -3.3385414111620104
16.88222611404122 0.5562905752109766
10.500386211057517 -1.1898011506232602
16.912401257681683 -0.7790432095161227
8.754199047367687 -3.3724967569075486
14.753035910701092 0.8227019884522844
10.97347454050046 -0.16664150930785515
1.6419390387973596 -1.1451719507285345
12.767323300292727 -0.6935331332925351
13.259988208010698 -0.6626854503073023
12.221768820173546 -1.1164311012027794
17.32249437216356 0.154971254845899
19.78318109585748 -1.3363729873345889
11.749514779959696 -1.1837330015898548
19.265856191152714 -0.5746950129287871
18.693622620843456 1.3381513255773252
9.123155782419413 -1.5003952938170892
8.091158232979577 -0.30130493169780587
4.524301122899027 3.1871917005050108
3.249916190511142 0.05754945119359548
4.756362617533999 0.1979863586634043
3.411195610603374 -0.8774230201394777
11.382864488615613 -0.6393313813386505
6.739596233480558 -0.9461980581216536
17.994340950080314 -0.5784092392470933
11.854247255248378 -0.9094053183257736
18.039690045625814 -0.7952555191359282
1.5780259460612363 -1.073284523418541
4.567550136769672 -1.0276073932575462
12.248963412832529 0.10396815953503638
4.034201181639859 -0.7964787094680228
8.803176170930351 -0.9284812939892587
11.507288939267367 -1.0149159945229789
4.505347044559872 -1.961597559256712
11.47519738629746 -0.5609946362507654
17.62816139881608 -0.7901928760404261
17.04072807967195 -4.3530858268058
12.837408641578326 -0.729087353515575
2.327678000332576 -0.8556765124697855
16.005283609273206 -2.7705444293412835
16.532902984878596 -3.7089559868561492
18.900233490700558 2.13951750769943
14.476613653846652 -1.3608705036964361
1.1927051872971577 -0.9975404296481432
18.140126895146192 -0.5503630278832748
9.223221050572535 -0.087512789037582
3.7838205394921083 -0.7117547050013142
16.39990260397683 -0.4786522967552121
6.465215179449427 0.1607068433325163
5.573476635687413 -0.9108191897413046
14.422378558735419 -1.3189965869626141
2.9109303978516454 -1.1457152972451392
5.093775824575065 -1.1045029497460133
4.295172406907318 -3.798798039119425
13.82984549509202 -0.4636942504843805
13.80855777662897 -1.500050545266447
14.844524576281907 -0.44999368671161655
9.565156700522792 -3.3552359161000185
14.60145084185119 -1.341009761551763
15.685464688159678 -1.1062205165136187
11.801029952958844 -0.8117521825754399
5.467399356981896 -0.9595300264786445
4.967859218898386 -0.805007471394235
10.068216542931527 0.5160884134874596
8.525637856738015 -2.7641043251595008
9.870988293777588 -1.174317435522452
8.19452474302901 -0.9242729168955501
4.892932513789403 0.13155423711896588
15.68963848500057 -0.8495906173399574
10.509103276174999 -3.1251749186569047
0.360184576858288 -0.928593438533178
19.736765845785413 -0.8883057409333798
9.530466535797725 -3.534531482924986
2.793156726356042 0.2736573784309397
19.11634392943948 -0.8290213871049462
10.36897119159207 -2.425881451515101
11.109324208285289 -0.38046241291983085
10.692829939791094 -0.926095976395495
17.890707031629105 -0.4123788811864681
11.291130708381704 -0.9298782876672139
10.89553126962571 -0.14624669042290733
11.295659073762563 -0.3547589765175092
7.268976342127886 -0.9706151613514193
19.140038763783842 -0.8245611077185305
6.051576847661658 -0.8083189659924426
6.933906584447975 -0.6155189487341013
10.847784819783737 -0.9400312251847724
11.737266718314983 1.000993024662995
17.16288234037011 2.2778917207910667
17.06825159762106 -0.7404801043680999
13.204526745115167 -0.8056506331528879
0.4793222869899537 -4.339171409279391
5.6031875314946 -1.1907425692891263
4.924262134942251 0.49775785343999807
15.504996587262134 -0.9317494264483913
8.694267338576484 -2.626388445320224
16.055848879346083 -0.7049786562210191
19.52444618936571 3.1111447683345794
10.411521852850003 -0.6851781544795648
7.698886087840623 -0.5896217752908474
0.25585965224014945 -0.806685664467517
2.5703961218294267 -0.8678482574367877
11.543624594071371 -1.3291409051773881
9.467440735870946 -2.5935665268373285
4.451065621290903 -0.4191741031432604
0.37410945305162363 -1.2992370663213588
19.050874764612647 1.2527442844490844
16.537625293969217 -1.6571321787623268
9.641703543997401 1.4710749789057986
14.330907494750498 -2.9559765373538998
8.361819639356673 -0.7284932350448234
19.71011289014492 -0.8617950085983659
12.314601383285913 -0.7632341256248425
12.756545576916496 -0.4617471253786173
9.233666102657528 -0.9483809919116984
2.2431762334814307 0.006799266199482623
11.129662957202664 -0.2216824913364256
3.9690597655749684 -1.142694853910975
8.129030402323579 2.8458230939817035
5.2457056636355865 -2.274119075509402
18.90722954758415 0.23403324083741794
4.061878342510033 -1.5569571989070778
4.089163679684539 -0.7867961988584186
16.510126901030223 -0.8164884033692756
12.680634865162864 -0.20412865609433495
19.57234133270319 -3.9967098554827944
5.763431324953667 0.4403278644799031
12.328107265151097 -0.6222202762290161
13.326257903925816 -0.42659608604737054
19.534674448548472 -1.0417412722170578
16.778064489826534 1.3632504588879182
3.4568383697262925 -1.11625677148407
0.8619556739074967 0.6359565502136747
0.9059509469253733 -0.8511733680273406
9.768985222905707 -1.2888121747285535
14.7874054297615 -1.2323354294656395
8.610215842193675 -0.1755714405618054
5.854228108627267 -2.909575735483663
3.773780972701233 0.9543165947150076
16.48548574451676 -0.7231909862376152
9.629622759416408 1.9160694183606677
2.5359880725813855 -0.8498432108911024
7.730542892228367 0.25507786605678906
5.352920563682137 -1.1389706440976635
16.034708398111956 1.1713493920725107
7.302365258551147 -0.5691368559324057
0.4394247024183352 -0.53598186825328
7.85112352435771 -0.836624938300605
9.717575007337993 -0.1073039096001302
14.801632872943262 -0.6747304815236305
2.6013114980270933 -0.8284730088758133
11.37407919046979 -1.5760733233501278
2.0868018742419694 1.1782964520716621
18.15164824895924 -0.32745145514326396
12.725004294282735 0.5678576403247492
13.178971877435666 -0.5353711855483527
4.96751930866622 0.34264843662438127
6.211530159620874 -0.8395325317683454
15.691612269497908 -1.0795584920006303
6.503027770160144 -4.3912912401418875
19.37679522279691 1.4420112850306799
15.64939737069881 -2.756063101856814
15.747877125705129 1.3671730093964352
17.728626401437477 -0.7293297818239058
11.114586147743003 0.7065156161929343
1.0700419585091652 -1.954655994192629
17.643887396083198 0.8315413575570442
4.604225688383047 -1.3682288529534468
16.90885435361487 0.7787986613657865
4.3203686730520205 -2.960725102434929
15.053185812997048 -0.13098907554081518
16.32120664455631 -0.6864396918693965
10.413146649978211 -0.7789584770173155
2.4707707289331835 -0.8669908584077304
6.337677816059279 0.4432860783063707
17.92083678108128 -4.1389093940948785
19.071629936470966 0.3928048711925266
3.3269817026604356 -2.3405461089208264
0.7967446958314854 3.435058722596981
4.810325075858211 -2.8257223812578984
5.492403483905822 -0.6577001900858702
10.694299789048895 -2.20937417392948
3.0094540002536307 -0.5655885268199694
9.879906763243314 -1.0035080225636361
18.77984966252892 -0.16745303535598013
12.01499314844815 -1.0427050277864274
14.703948067945916 1.7077260521831086
7.906732957678276 -1.2103400142007876
7.552445393796223 0.29850969716655557
11.768522416977126 -4.147471468666168
16.890912245712773 1.1066181322340716
12.291932672713314 -2.9670209165556667
15.919274827524218 0.685359671476026
4.417043609461745 0.5173933607694318
16.336387146970957 0.194452242193093
13.691001337765496 -0.9027610798700959
19.14188216083243 -0.7695643173467702
6.930427841950143 -0.06219885513664955
16.1015101981053 1.4786594436000782
1.5189722258909166 0.3082716045138906
1.3873241139330141 0.45428177123493546
2.597369918327324 -0.9284553523375231
18.21853489191819 0.05854035229988577
14.54326462737424 -0.23995456513232927
1.7896591241906243 -0.6865867236555177
11.415412432196124 0.14155203067445565
12.996252710351756 -0.7147903137651358
5.097510871518085 0.772143871013114
16.056032776624285 0.5897063835562153
10.436220603065781 0.6808385026664909
9.475338963247175 0.02295355926921304
14.127302529347126 -0.3904394192786099
12.461701312649856 -0.755467076557027
3.40800250463589 -0.2688120720658669
4.942060114409775 -0.9803686509914691
15.04077803459187 -0.9943091478362059
1.0001038536968916 0.04205558280469037
12.988781108586057 0.748441062642471
19.995561230482984 1.1254196520080029
10.36693264866083 -0.858271780276463
16.16199627144505 -0.6525869088368016
14.371956835009424 -0.21788998046518163
9.128217180158888 1.640139571678412
5.469234686464303 1.5071692166087816
0.22982499727239983 0.27083709879179974
4.245328965521765 0.1798022432708824
18.644769962972934 -0.6489914783403721
16.661623889013548 -0.1675200662169852
14.89251798945039 -0.46851809608497097
11.540029876919192 1.0617058184064139
10.332286186617521 -0.8300538147112754
18.29731012178406 0.06289000155161531
15.837756322232371 -0.7779043236767689
18.775235620861054 -0.07336046766516122
1.2711050939899846 -0.3677393008182695
8.292580640374752 -0.586211886726177
6.554043013213248 -0.8942343476667841
11.305043603840296 0.3587944978404034
2.748789567331757 -1.1225166401890594
16.490529109817004 1.5755962260739662
19.41240468719794 -0.8412518921007655
16.40478348860401 -0.04973967159330445
13.091533264880688 -1.002958256955984
4.973816806512793 -0.9446853103723714
0.616800177388085 -0.8680070846950948
14.642843260180141 1.2222606063089136
0.5216182747614475 -0.513974504184825
12.224170995728091 -0.061238607632254374
16.598830536971583 -0.33659375741802133
6.426372135944795 -0.886697826241622
18.068431641056115 0.0018819245563099132
9.590855839575552 -0.2632212059811513
8.4621911011946 0.49688850882151425
14.566239195228189 -0.8310700635992364
3.318854347489436 -1.0347362751673017
7.358900020188297 -0.29684806639153816
4.108979675942 3.069166443954624
11.658752740376542 0.1332987841016962
14.628189452578459 1.8218393787585478
4.129832019785269 -0.38948708751565814
1.5574149477478763 0.7341903086567473
16.741170811326043 -1.487409939550038
0.5966671131796082 2.4473638351958504
8.443450352478553 -0.4717859719556189
7.163374156997686 0.17298978311410138
8.510225900018646 -2.741017793978796
9.857174192149506 -0.415602070235702
15.41332707331942 -0.34595644405137305
0.41162933381094435 0.08309354659468574
8.272341501459437 -1.690107051364405
15.987385692604107 0.1515938380484228
14.689959118662937 -0.9238411615042399
16.91354626711799 -0.9292500701278109
4.210500661831963 -0.889586098536596
7.26327247383446 -1.2285128827894718
4.977296116154763 -1.0988678390594782
11.51825385975209 -0.8158786054122217
11.140588128951695 -1.1538475369557022
11.342840889518317 -0.37879267435324826
7.958867037045223 -0.9873704697387177
12.9586029426716 0.4734297306209616
14.159526491041317 1.5767611403345911
18.519427859762885 -0.2097344776768577
13.614654555260888 -1.0402584251325473
11.304245048304669 -1.4361063583275033
16.737424944596352 -0.6734997724816698
16.311628935228022 -0.43312515917113603
1.1636788121836792 -0.5738834002760864
2.335536085650459 -1.0535958331641728
12.074137111609991 -1.029608886761823
2.582123734600913 0.43764533994608
1.20118924628296 0.6607623987514596
11.523277877861013 -0.4068019564763792
14.200104873671405 -0.6078062364517057
15.58387590952868 -0.8978473269522569
19.884958298314707 -0.9044545304068499
3.841074811551757 0.13582347513418347
4.000758077357248 -0.6908122109576006
4.2216338812205745 -0.13774311091913966
1.8979340523384096 -1.136269816626959
4.8683496106291635 3.629136411144672
19.88951578963137 -0.879805504929378
15.184778495674678 1.0057050216394945
12.659532743832292 -0.8974729973160886
5.3326860931731055 3.30735820088645
13.712152239057174 -0.4068564850602072
10.279621302165278 -1.2170581473860327
0.5495584718995545 2.472668090890409
8.655375047246787 -1.1705676889731402
11.625014467386801 -0.37809309400762636
15.862130527628368 0.5221468156460423
19.179898196288224 2.196534741216354
17.175294153641474 -1.6526499534607075
14.413002040886576 0.4307616734363442
12.696601165744898 0.5812024408633821
3.584439610373275 -0.8473274866574505
18.106702108741445 1.8379131419351933
17.857748954080858 0.13277517658570498
5.428655446748151 -0.7480736217453642
7.122019583950687 -0.3161533320848631
10.327092383440974 -0.15353339661622772
0.6152652380455617 -0.7785568183349761
8.994512107235831 2.560173468863767
0.5489275443317531 -0.805968209877772
18.74267416440791 0.2806012328977065
9.202976255532896 0.05464864376438054
17.930886448455 -0.5472205701752794
16.232333057707102 0.2468072483663138
1.0252971434083515 -1.3035226991939863
17.605770199709603 1.9337927388420872
6.80908740464408 1.3992937049856313
14.626861929470197 -0.7194263196806775
9.066516362761202 0.37665020245698283
7.738390782314746 -0.9507113391887905
9.27194690965212 0.31200369582987464
15.24384258962742 -0.5050310747988564
12.303529539237616 -0.2535617365141089
1.897031876123696 -1.2263809096002616
13.468776280632452 0.5889149443708462
0.2500947938245954 -1.8523516477388764
12.18774083367314 0.985574923864731
6.24385678366293 1.2637337577545857
16.882051298222102 -0.5722463258700171
0.4414616154537631 0.7807651942780051
13.214409375562221 -0.6974649886766158
2.313600801729782 -1.1285461209774934
1.1511364987279702 -3.710169493540304
19.640534022645202 -0.7322819752061126
14.527400804883644 -0.057063173108867785
9.402043107459544 -0.6830177983296376
17.986395972698762 1.699271602618405
3.7571536916485035 0.596614311442355
15.10380633937555 -0.7760083996920794
14.591275734674511 0.8844958967947261
10.579095251828988 -1.51190706991802
8.58056020325952 -0.861500047701167
2.232889029282344 0.2570903005311439
9.317465234247482 -0.8965860960256445
7.318275633275122 -0.015552926544955596
12.906419536005743 -0.17841450314722293
18.597801889042785 -0.35122109020271236
3.7990318837590773 -0.9281530067681917
8.64890126667577 -0.1668250063941965
5.470870135696506 3.5842966345904723
17.037359158911272 -0.535348754097841
8.682324093448747 -1.0132804529568784
17.726610886348855 -0.15340877523181087
19.43157789726201 -1.117880697159348
9.839633869294596 -0.4397498131259803
8.52717031045098 -0.9037053486944425
18.711349116660013 1.129979386365083
4.3403873194355365 -0.8455461224441289
10.75587401191306 -1.1532909650790444
15.555047191627711 -0.6147970585653262
11.093158792388339 -1.5236285012228699
8.648891683854991 -0.8927227154649868
14.648810341344552 -1.1308102375087572
18.417498029180503 -0.09282066460882003
6.132098899385906 -0.7552177795214672
8.28708692759478 -0.3372120521456701
3.2659286669560847 -2.1210194763879127
6.96253964778543 -0.7781832782007964
1.931863653277877 -1.3596637738061146
12.642705378147001 -0.14132620548489944
17.62042852915975 -0.9690651233670227
6.048414163432481 -1.0979291069586579
11.841774323072697 -2.842059798041421
17.44045676904958 -0.2663436209242883
5.074938880552971 -1.42130358255091
10.655924036795811 -0.3924521917170006
2.5353287174447336 -0.5506230042877545
8.361433095958391 -1.0256170272184741
4.10803890203021 -0.5462720799960975
1.4827634372372422 -0.9686472669416508
19.94779091431547 -0.7545213920341148
9.48559200228031 -0.18519007062915346
0.5540901308429573 -2.2842333001112998
14.722466476414091 -0.34581003208315186
15.86427727642218 -0.7827534140474715
17.06236692908262 -0.7997763814490858
2.290260510103832 -4.416110513341257
12.386026426398772 -0.14494136448593797
17.941230367084188 -0.49551065761380425
3.193720242232684 -1.1392544984606625
11.57485165040251 -3.6833115361584396
16.64475564398126 0.09121654460480852
16.07527946105411 -0.8052017170948611
14.557971625471044 -0.2796423227130818
19.07636165349199 1.0652734313616798
17.295132818761957 -0.7629614836854823
3.86511981093234 -1.6480682706696843
14.405943681694561 -0.43541083850273565
12.046231269287063 -3.524216584111328
5.4176202717542346 -1.1399488497920336
10.940317011557214 -1.494811518388067
8.055417979217198 -0.8954533817217505
2.830959895674965 -3.7421678640417384
2.6529128000405735 -0.9035993454803202
11.771728130258975 -1.3749097898326175
2.9878869724829835 0.2684972494425599
10.300685219197312 -2.781487125490568
6.123902655157367 -1.3189854780246493
9.888825590482593 -1.076870365489075
16.931020328698086 -0.728069051105066
10.979860142837415 -1.3409312984780106
11.507263062675285 -1.1059489646596439
11.297815334608462 -2.113875286821912
9.183118281140253 1.996827302792065
14.445930335929294 -0.9138515299547174
11.965405017997854 -0.2135436912517974
0.7781911503428813 -1.5464761472420583
13.742778156153472 -0.7690025492172781
17.544047980019272 -3.862410353385083
17.86195151514702 -0.2145677996154062
4.162127986132131 -1.6669792567383395
7.033418074316392 -0.847261288051184
17.04448228782095 -1.6336788084227714
12.19345671243897 -0.1444911686060349
7.891990539208271 -2.7060836061539506
0.8570989651566849 -0.8448193498347614
5.566321689757137 -1.4188390689326853
13.909196093165344 -0.9074286300607335
15.093628680561892 -1.0211208197551394
18.46028398665899 -0.09293470162090171
0.06377025536771928 -1.1887945650882228
9.22531971785649 -0.6817300563637506
17.509054160061915 -3.4957952147401468
19.79545971479629 -0.8800193024151933
12.48733090013411 -0.7445538172964132
8.601746811865608 -1.2139916104984987
1.1450244647153043 -1.9280687536179952
12.833072285904507 -0.7530027050276481
0.3262494023480683 -1.910930771550555
7.201412184138159 -0.6500848020314587
18.553838135375084 -3.574452301221769
11.23757401411532 -1.1997428206289027
5.480821391903358 -5.545682153825254
4.895386176571099 -4.572415615283198
19.490557147475485 -1.4551379738174792
15.88610591049911 -0.9486952348249527
7.390275189784054 -1.0922390454313866
5.874797609058862 0.44232156838606346
4.132177240789602 -1.930652598758224
17.340688022265574 0.8277732466494202
8.849592412850917 -3.4863452105100143
15.296126862656685 1.8196933914013438
4.126068328371154 -1.3714109020117395
19.909454222417214 -0.5602006558793597
5.676353662560638 -3.9914899826832855
13.245735964388517 -0.24356445608057029
2.6284241690758305 -3.4781728862719894
4.042512461932344 -1.0155802291630354
17.143724524103106 -3.2890252241126263
17.06816696343832 -0.6524643306008379
10.545890803344154 -0.08320630120783876
15.056082153495012 -0.8986432288113496
18.902763107640514 -0.7045746170736041
2.082788836361383 -0.9941688625567591
9.507485162004835 -1.0610468496915368
18.301005162560482 -0.7207182653755347
6.478095825177854 -1.1843095263711578
12.94365825358251 -0.7236228052113564
7.362189792777914 1.4287293745592646
18.791774031300275 -0.5374840815193364
13.36459091981186 -0.3787553394856717
0.7230837339339852 1.2219610044195528
13.66572633265707 0.24329204575629126
4.363120642623374 -0.9261336473704372
5.5341995344733235 -1.2592971694784525
12.98160561934955 -0.8068248173310729
10.178432727749422 -1.3169525652228113
10.466237248279244 -0.36441733801577725
14.047281416916293 -1.1495884797781792
12.980979222389308 0.5589264224357412
9.936715526057082 -1.2236548159296867
1.9011196698005686 0.9188757246458663
5.450096986991264 -1.1797651634436046
15.694898080604794 -0.2230560013592888
0.3056827424277415 -1.3773501962532133
2.9906579896873167 -2.860095277628287
16.520868894619518 0.7447206219889968
5.153082150121335 -1.3737268130965525
10.079891174860327 -0.316109581438215
16.740403541962145 -1.5140585691017747
5.716407484955859 -0.577700738026329
13.69808368258734 -0.6037677707817846
14.582574654133442 -1.8510184722603984
17.01155940553365 -1.0198448246761926
8.588494895467873 -4.943013165578309
19.322222270849476 -0.7932212405263522
18.79908423564093 -1.7801682481857894
9.371377506938956 -0.6273485031230494
3.9596281460324896 -4.954491774144498
5.9522524136213635 -0.5270760307429359
4.714741885240553 -5.632279299964879
13.860573712473478 -0.41473726374842057
1.901992768226974 -4.338735955221333
9.326513336901533 -1.0581804695988117
15.119391822277672 -6.502952786316376
17.364523494067353 0.21976575235503737
9.9192811381846 -1.2035085214521004
6.101151096942354 -0.09016342684800041
19.618313732215057 -5.239090128184384
12.60028350411876 -4.060947776373277
7.285828374291427 -3.737334107228332
17.84862223412888 -0.8048965275615196
15.286547845514866 -0.9467760634816605
8.049018861902931 -1.6774920760956353
14.717230270525395 -0.7738404450188132
16.700087364885608 2.5308423896648287
17.820089784230802 -1.0621300368052888
7.8279352401981654 -0.34689782707926853
14.836641527445403 -1.2084575684317125
13.781932080205884 -0.25467724975143796
7.348275206993875 -1.3154320004428894
4.782645992296563 -1.181805220210382
19.11954287033731 -0.9258658491818409
2.831037416297906 -0.9149532823394732
11.648775563162332 -1.0637965557261813
16.594517659714136 -1.5117639438429928
3.408659194733824 -0.9996716145960696
12.058165918927152 -1.075647900410762
5.70848845706953 -2.6739883760051106
14.391691988458419 -0.6108529733631128
17.489946473365727 -2.5617173013961687
17.75342575757995 -4.092313823044166
5.950599609203137 -1.3976974067248285
1.7456490474223374 0.2927160741046628
19.456247017757853 -1.3220161767976446
19.091046915743526 0.9266232732040346
8.53806135652908 -1.4566605900434129
19.46750938998805 3.293907249228378
1.5069690584912045 -1.0352264616587266
3.354745328551206 -0.0591809751849609
6.05722599967086 -1.0308160455130169
7.021218540432619 -0.21426410523433206
0.7696672721957936 -1.0681050598881396
18.629975956071256 0.07601595117419266
16.002374057190764 -3.652727559485946
1.022538831420713 -0.706835373694524
19.326508391233396 -4.137858302256178
18.429077183934695 1.0138285452473983
6.144177106223813 -4.067171003395762
6.605975379331709 0.01172909360097344
3.715233712052686 -1.870658733993331
9.18657691353134 2.2507336782854197
5.876930673148506 -4.25010912263619
9.700615861972471 -1.2735493980670631
13.954223417295683 -3.8316408427624156
9.99912024368755 -1.1420827265329083
9.305661047989538 -2.944803405311888
6.264709146366848 0.3548270755876836
19.898597596631802 -2.7923185268465907
2.3848156968627188 -0.7854923563112547
17.01092062219461 -0.8106481969437909
9.615908826321032 -1.3764187954770972
18.287560527426134 -0.5348137471574781
1.3143714805912676 -2.725986460851956
0.6870970157993068 -1.7678362276914625
10.51584890589529 -3.3711397105515006
13.003712789010201 -1.3209874798178762
16.536057798429965 0.4141823727550425
7.957265372952351 -1.2488250509060295
18.763104058959204 2.2702061988249898
5.890090036715952 -1.188410197636153
12.881651890528408 -0.5739598068167874
7.390940059006231 -2.159006076242633
18.90625365915763 -2.683311837007239
5.890736360656444 -2.2545163468795
12.5607807699677 -0.6074394567293199
7.507178015357672 -2.0849265098716163
9.516151894700105 -0.9385332498627218
3.88671661322267 -1.6294969692645525
19.482671286719153 -0.8545612059653745
14.054607720647747 -0.518153652787691
5.805155320956856 -1.7448140099209375
4.053563171228498 -1.3485581598776453
17.712457885786588 -1.7215518659241722
0.47729076938832427 -1.0752181092990343
8.064373487079349 -1.2998733306788868
10.351171098336613 -1.044331760830835
1.5639416140524356 -1.2270842199591527
11.965637356458835 -0.8952234697591618
17.913859370405934 -0.33330223049368024
11.771936327093869 -1.105118968855474
3.6218238778068534 -2.3278180113457005
5.685684805897925 -1.3408180299448396
12.260419201270881 -0.7647485721994447
0.71462827562441 -2.483751122723822
11.548272807223949 -1.218801768139433
10.5609669961335 -1.9271999793699532
15.619029580864861 -2.456545124549679
10.830180725139984 -0.7678836358514076
5.21352377863801 -1.0247742551275014
0.31641837017424035 -1.3492199528016953
16.446078004423704 -0.8825218438187772
0.7810945410130903 -1.3546417301059943
14.78096476818306 -4.570293706346049
10.70578400975425 -1.131065867875339
7.647307479475099 -0.7900888628431298
5.411573954089837 -2.950763498634553
9.94706560859582 -1.5799780456456625
19.990172610077263 -1.8161586576224307
3.89291549299708 -1.0611714018251108
17.245851296114605 -0.7853747980741757
7.128601809468617 -1.4608032664462791
2.687183033396988 -1.9892146163733615
15.519208352108677 -0.4871963409029455
2.6359783191159494 -1.6705707638242477
19.89169452398843 0.31134345997120394
10.351589086850396 -3.0051308754690758
15.674880654130794 -1.3031718731308173
5.048926541362662 -0.8281175534344073
0.08977397780052238 -3.475490142240682
12.966069970816937 -0.6668211775542953
4.372228135222836 -0.910824842936434
16.944311274966775 -0.44782080715467193
1.6059603522215573 -1.416979511129003
1.7385492410463819 -0.8655504254517017
0.7010416260885761 -1.1963429799902994
13.730373898120686 -1.9310370748070524
5.724048484144478 -2.9265626158292397
18.367950007836424 -5.018000717223748
5.090401108909526 -1.2168908123861686
10.936870342752554 -1.4315981961867537
19.706770675954807 -0.8503791771227402
10.421282355638208 -1.133231407209358
14.450767660057156 -1.1240948861371176
3.0144386086095545 -0.8622958098883236
12.478592778032786 -1.0042812361572382
1.3511350093243633 -2.9622221156551527
16.05447692587981 -0.7856630453603182
16.468272083603114 -3.058974944625415
10.880930871217808 -1.1362105036050458
19.193602536175334 -3.527852948683023
15.220051441492862 -0.904053656624906
0.8014338001932662 -3.2214157318443406
18.248846153561114 -4.1514926717422025
8.544480682709288 -3.5061350739373967
11.254323199031083 -1.1620134848761723
6.547332156288404 -1.195439199889061
1.6822751790468633 -0.7249938068389549
19.71695012340621 -1.7538545248920387
0.8240760194699726 -1.483340679893053
7.2964379340415935 -2.054040289829383
13.978988398750687 -1.317573859575704
19.519229945365968 -1.5592014276058244
10.034501474818786 -0.6991699357732869
11.939020637831645 -1.1601009786574121
2.0965076946614696 -3.021354281608079
1.889396649520149 -0.7616391071203583
11.473946381993812 -4.987950753538244
7.9846168244202556 -1.3124233263287903
10.413598387931916 -1.131514654150838
9.85811982099302 -0.9195797635677112
19.157382649941553 0.630785795790258
9.354255290045094 -0.5377621162474812
15.102762085718021 -2.5335773534663555
12.846288686778507 -1.1156335685959877
13.20797416182692 -3.9612339165412886
7.27722156358989 -1.0982630267051672
16.91462467618169 -1.0463168691374787
9.217754584057461 -3.0818296352656662
1.8561485502609805 -1.2063194160376212
4.944773075085215 -0.9303878162095629
10.306801152944475 -1.17942323653459
10.851785658177363 -3.7721576691423815
14.335336755174849 -1.7530800806067257
9.213630141918271 -1.3135863042381928
6.986352071295537 -1.8286677365142454
12.966733184335078 -3.1590421093790715
5.414502833315873 -0.9342657340080937
8.017457584902207 -0.9203582360118961
1.7337990004945634 -0.9460178367850652
13.613881459376175 -2.0027985195636058
18.04505064325766 -4.676189776939819
15.389432185051831 -3.103517085516116
3.0791392871371364 -0.3881498534696138
13.989001343504297 -1.1427360026350464
5.364207066381355 -0.9573889622821526
3.4441268530170364 -3.419941156716664
6.60330001716921 -5.545904096975711
3.683624021759041 -4.907732871277106
4.419679870800539 -1.965240741487741
8.975206148572722 -1.1747568623145566
10.456858417339157 -0.5656082587816463
14.792233894057672 -0.870061596966564
2.864750731413999 -1.1612179786829233
6.20894174224904 -1.50408382547665
11.899545880310137 -0.812147743181645
10.012977356821152 -1.7585655978370283
11.036590944493714 -1.0781544907487515
2.036251595888431 -4.386365948902026
8.909685354426843 -0.9748258643250013
14.801918011619446 -1.2527256014116555
11.425955960333079 -1.2910097845468498
6.862180800959553 -2.9067993559921343
12.649886069391586 -1.0254709764850751
16.086517699211136 -0.8374909843220721
1.1819667794712359 -0.7321477535739116
6.096604378012822 -1.9011715129494577
7.545544864783533 -0.5106926173158278
6.953808027279416 -3.9645740605008535
1.014796140631962 -0.43179903694600463
12.702693052606545 -1.1343695290634908
6.014010072301498 -0.8073323605860213
15.420212539564654 -1.3821357784249197
1.184384829938739 -1.5912094087459292
4.203555390404837 -2.353566958299986
17.660652285388924 -0.28900961730192115
0.994459050010347 -4.2210800120972864
4.913061628481121 -0.47543622865183005
19.500166512699767 -1.314912560940987
16.493564878736343 -0.4377734633206916
12.12528508258447 -2.6254353049416967
6.901694743626345 -0.9534392822517083
1.2020719477171422 -4.232547618370328
19.050051414258515 -0.7502100518481981
11.850288380196629 -0.6667480184074777
8.092957803888984 -1.1042429681063097
2.504730497628909 -1.2331233368517065
11.455235670778421 -0.9711175808460254
3.348384699250399 -1.5047966757461377
1.778246451704418 -2.0591531281345494
13.605823026245174 -2.067962422840057
14.717188809926094 -0.812839018001793
13.184162640442224 -0.8026876201484079
0.671583744050436 -0.8257300054065142
18.62271799720405 -3.9746578718438714
6.4457133014660295 3.573231886285407
2.8560168416702263 -1.0621625732301883
10.043191625891724 -1.3282455471438794
6.5445632149723005 -1.254486321191073
6.099495314366714 -0.002880625683874729
15.320185006670116 -0.5393290924678693
16.986711582790154 -0.489091295531658
2.1897034391192847 -0.7367312396749058
3.991363209783922 -0.022703147154374943
6.69771193199078 -1.0491560243655143
7.049284050948343 -1.329273477515767
15.376570502623093 -0.9169092446158967
9.311848682116112 -0.9668781048993668
10.877790069760666 -3.424163759496141
18.29665987752438 -0.35712878471939097
6.924968874006209 -4.6084825716973015
0.8934752547258902 -1.7230488698512976
9.132959339214072 -3.5464207308345306
19.998685883778798 -0.7942694960869098
13.993537507955086 -0.7691682256688502
6.258834697669765 1.5987797233723917
4.967185509365956 -3.3645831899925707
14.473194088572297 -1.0298920541056937
0.2243415340267661 -1.6026043161385053
19.18285635852047 -0.19694069618559173
7.628161192607577 -2.779479518248088
9.90263277379443 -0.8167669287523558
13.690878212549952 -1.2563384449101533
4.0884975939482375 -1.3537628394317838
7.1638175270561675 0.028894148592594406
2.4640091344389994 -0.6634699319114975
12.878231946798993 -0.7152847271049206
13.552127012280764 -0.9866739954996974
17.319410292088758 -0.942397055382221
17.657724108122984 -0.7553967502769601
7.416440954870712 -0.9556852259590077
18.600036169759395 -0.7638530652847986
6.057598934093595 -1.0598826601010878
16.072951928983045 -0.6759191485045998
10.800768597627096 -1.6663868003979108
12.793979120203414 -0.2831213857395065
9.173585473493576 -2.457289940080671
9.467290106252554 -1.0418728313020948
3.03366905099203 -1.1233949427673027
6.91416565906813 -4.349717779659254
1.80934221869735 -1.1117347969073366
6.942061683782732 -1.5327383843088889
12.486235339325487 -1.4552674300610957
16.232377940142673 -0.10253664877033261
1.3690501861358046 -1.5781559635058982
12.14888780892149 -0.5501449172490628
7.260863875391041 -1.0100646320854585
11.837509294500906 -1.0098028511327188
19.546181971048824 -0.9485837409371586
12.768092764046477 -0.9037371595887916
3.5922985630854702 -0.7459729042597985
16.728862536635614 -0.7930774148888465
1.1264672463626997 -0.8713818293440274
17.74326730988209 -0.3985771678236143
19.713390527501907 -4.282770348142181
7.566613741342407 -0.8950216938894194
4.131965494659365 0.032114541838231016
1.127581960548473 -0.8168018573216449
17.12970110140135 -0.8239106718051407
14.192962649265345 -0.47832357817470583
0.3984700519027444 -1.523969947818812
2.395732302484871 -0.5372262716487829
8.757595404061725 -0.9504917341470703
18.766381174519562 -0.6210124942280332
7.234646228831559 -0.8431299176858404
9.22174477264692 -0.507598098088117
19.05688344577073 -3.0120986970633976
15.44199762622732 -0.6312793353082812
14.22046951472936 -0.7917408457675824
18.387879185745017 -1.8999492235511573
9.29873128174326 -0.811337183315441
14.568838099724495 -3.274754303823182
15.008985567349413 -0.7324202509687069
18.384333191274862 -0.8433904151900095
14.046815387519496 -1.8931487378015597
6.7028531918419905 -1.6487237472574514
10.880257708148035 -3.8928991774260937
12.50136190086985 -2.2800138237211858
15.052244239939629 -2.2469100204499384
10.874080699383043 -1.5282295177902188
9.994339744454031 -2.362899780949728
1.2583961135321773 -1.368202166620898
16.79767002952789 -0.5053196211555805
16.508640018234004 -1.0078938356095202
14.108534469179176 -2.7031753928528133
15.74881209901732 -0.9438381867175418
9.686638244095128 -1.435503701878135
14.037901538451765 -0.9856543486712249
7.775510385743548 -1.3502035032373134
3.2857483132650263 -0.9916192721607
19.45803381285022 -0.9730174464087397
9.476451140310903 -0.415406266868377
12.62844910491361 -0.6381836764352617
8.962850772946583 -0.9654106495482487
15.39878426098276 -1.3839481887967
11.021710714143302 -0.30887091184818216
0.14256262241907308 -3.5688735041833395
8.041344567053386 -1.1885314386099466
14.616671856984969 -1.5552121450617398
0.5093277979157643 2.797867532867493
11.46743788188016 -3.2942700428564775
4.34828088327282 0.6039498268981787
3.946469441653285 -0.9708666954570694
9.085026206436787 -0.8394878148504834
3.1654148333756726 -3.8095382433106013
17.30358359595155 -0.706467389487202
12.7805390181918 -2.786298149894759
8.5169090706788 -0.4845477524614582
16.40246272054927 -0.8891943520600959
3.3826266999053822 -0.3311277847269428
2.053483720798492 -0.4476599824511736
6.779898640531528 1.6742919954607272
13.796455662033143 -2.0511971010761285
7.286857592634551 1.1762982504639765
4.472081694384807 -1.2000635177460524
19.956575086109105 -0.33008722934564616
19.68198142733315 -1.257093148034225
12.46472976806144 -0.08461229995715049
19.166196728488046 -0.4118694591789697
13.390730890186575 0.5264314648761574
0.5712210206137377 -4.118858755633198
1.26520115051403 0.11976955117682112
2.662875619701103 -3.5724958747339475
4.151984252894587 -0.7985889384453563
15.749598966681036 -1.7312833595171713
10.516850038892063 -0.040280595803113425
17.84543449128943 -0.5704635235798168
2.461910099357081 0.3009948037627024
13.669349786585562 -1.9175172222226688
19.18311533095722 1.0949904197749896
13.085181117223808 -4.01618508143361
7.196985394566227 1.6090032980003317
1.0083435676916344 -3.424891782632942
9.27596058434512 -0.6487379615136458
17.90796519397564 -1.0324397270406247
12.232154389987484 0.08520593418105925
9.066116711435525 -1.0199987135243866
10.579449219168726 -0.9138559579591615
18.548227615163608 -0.5581034556012285
4.112146991695219 0.2341364945223447
18.713501564267123 -0.8255643381375624
1.977631668751982 0.07805589121629225
18.925762679148914 -1.9464462378655145
18.690432632905573 -0.7636601988436547
14.944865459756556 -2.898267048984772
12.035597809230778 -0.7761474129478328
6.461650778664388 -1.1041111619650539
0.3299109610185992 -1.4713203126716987
10.50427415187381 -1.001714588231054
7.730176434422734 -0.845575177332544
10.280535474766737 -0.2335538143761247
3.5209339831685527 -0.7500640545535131
9.62429317063867 -1.0318009380069508
17.856764688558552 -0.9316318696045309
17.89765995423449 -0.5808177926980085
6.566331661751078 -0.661649224511008
14.53130944828244 0.9303579941951634
13.88949104372081 -0.7046421265208989
13.668108057271246 -0.9554380297023687
1.6393044702293567 -1.0878532765631723
7.456831753432043 -2.956060814278183
9.867694501011234 2.132883138720281
16.314223702390468 -0.5295686846601915
0.5685797344135047 -1.1679214226788242
11.681751383614513 -1.2690934685048012
7.9750246100321664 2.6342370524866148
11.19912742132705 -0.7719856722112226
14.558021357092558 0.22436690679337218
17.49834648502462 -0.5566687530320144
15.863027471796032 2.3391711311063506
5.222798181529939 -1.09616829621124
5.743389219523171 1.1528811852343734
3.959081599918803 -0.9704594095387081
0.17153644505994456 -1.3523650940298004
13.20727616934396 -0.8085991738990419
7.481402745165728 0.2035173333004766
5.6561357285096365 -0.9483430809849844
18.044397572723437 -0.2483145643290846
2.1445111219902064 -1.1560621741748278
15.74383312163107 -0.7399467852227051
3.9470388734387827 -1.1542373085049125
3.06349345214329 -1.1941560370654147
17.00655180441152 -0.5344494091357213
14.303426118389535 -1.232571079388497
3.088605160929374 -1.777117277663888
7.855304788877922 3.0258583394990386
6.420881270572742 -0.8339036756759743
14.237354828693896 0.08916571469153144
13.480875152451016 -0.938624720719874
18.71782450921369 0.3005305269175222
10.607085021192914 -1.1254565387110527
10.383199762511495 -0.34984148464356923
17.47885888184424 1.3327473428485708
16.328617247900038 -0.2965642237453659
1.361056996495265 -1.046324985989112
15.61408882291392 0.3857686405229859
14.957755186230509 -1.1685404394768477
10.247270160405368 2.7243265223814883
6.897051587273479 -0.8955550678729961
9.746386766841264 0.9778914295527107
2.631450299477562 -2.3868029276868445
2.7045584808914764 -0.4508435552061066
6.544443677638656 -1.029170960997295
0.6418589332264516 -0.09753575534021641
14.578189911250412 -1.3762826030728124
13.597374814579066 -0.04599478563618915
11.348914543443342 -0.8765708601978102
4.022079753265776 0.0574839057676663
6.886124639259725 -1.5024948674908765
10.874704593717928 -0.03559564698337589
3.9118924238992867 -2.3061372415709402
14.733551642011205 -0.18078396642391192
18.425573917748967 0.5874522228787309
0.5527162214768253 -0.5187099223167061
6.427094667124983 -0.7766591761601757
11.377421439629792 -1.372387231927899
0.3864381551702277 -1.7174888120937069
6.509190279617795 -0.3812190793498275
13.170788196841198 -0.6198107840448281
19.441962945769124 -0.4865281859604641
18.50632111877714 -0.7830207833808321
2.237061967182615 0.6924253785363194
10.25005757092486 -1.0086530026530764
9.451314097777491 0.557568725492432
6.030787937807957 -1.1013298669544545
4.576926880201906 3.3990226230580665
10.327089926619559 -0.882883194028722
10.722151201924875 -1.4682866541167239
5.093542694186596 -1.4667779356325874
17.69825127856211 -0.5017785337501699
17.359915777167377 -0.7741016835625308
9.13601900719375 2.0566379643095805
7.355526967730196 -0.9592695468956169
5.30530995875315 -1.132671297754785
12.101693107278347 -2.9837593775887123
13.54191900126231 -0.4922886899742602
13.42253639801175 -0.5851359865312361
9.68457880663521 -0.9598139004686385
5.399628390711003 -1.6594584614042291
16.101637565511858 0.5344417983886945
0.6031419285916243 -1.0268523534838097
15.320298247394346 0.7956111440330265
3.759245198249798 -0.764671548476791
8.922929151100114 -1.3341027385828048
18.955776821878946 -1.0585215189311579
2.0603509110230607 -1.0415904912531608
15.895995023509332 -0.34356089430672054
18.124356385834616 2.5330890795931618
4.00953777619645 -1.3006433596725693
7.9193481780339745 -0.5980038099813734
10.729035856112665 -1.0963672552395978
16.06512781594866 1.0740223294925801
3.9449648325338322 -1.372142120979709
10.290005341562454 -0.3161464384793447
4.327585286540974 -2.612667895007764
15.907765050828488 0.8214448981342475
3.2467085811506777 -1.8107722447024488
18.699735782619445 -0.1774683349405536
16.806930822741062 -0.9621659015186215
0.35232051339780907 2.7940803928999034
13.720977926120723 1.1764556669982553
15.80520703883581 1.3987821603028292
16.195660444913784 0.4001819101901405
10.354837365003098 -0.892420078252768
8.109508456351403 -0.6710428147210019
4.47269540076649 -0.21531997792654822
12.978732454803106 1.3061342263437326
5.654342110034642 1.0424674493231427
9.899127125639795 -0.8760105095580795
8.849706406670379 0.27003803955476685
13.42652747055824 -0.612271623287886
8.269623683824374 2.6908341914698664
3.523038526377924 0.7915779620488155
8.580477813261455 -0.22972260421748664
18.00527723013391 -0.23797450759542232
14.165602577448421 -0.6383568367106488
5.438552487720333 -1.2788184111941068
4.783287761923341 -1.1808692968810217
12.992207983670106 -1.037395237359692
7.912788497004742 -0.875889607647611
10.605687146427151 -1.0702777360133482
8.373569273141358 0.09764688113749273
5.349827839720945 -1.3369111692748543
4.770561870741235 -0.72490933388255
17.71339412806893 -0.8090058347361728
16.790532673136337 -0.8129465232655921
7.156425450060779 -2.7122058215531784
13.956193249817362 -1.2566092562988007
5.898540641750091 -0.770206010428237
10.034659896775516 -1.5265008580024158
8.559920646414602 -2.4869132360588235
16.076215641528087 -0.9834154162628794
12.926205394709978 -0.9940425524054631
2.2942783840623227 -0.33633722052187487
12.105301231544365 -2.4961638232333057
14.39080132994238 -0.30508150885894325
5.885379936106697 -2.5724125987742634
3.041139094966018 0.8534209963800242
16.54140040023667 -6.877050214666266
18.58741740108763 -0.5704510101565743
7.301419813680443 -0.990918689692661
19.99776765556602 -0.47761901787326244
5.723949346369013 -1.257661280881226
9.535589645198712 -1.0414045474990639
3.1595077778974807 -1.0429574232476533
3.730924442858922 -2.0188865451837206
6.171055623335412 -2.3448368540272915
6.650991035985097 -1.9426160569878932
11.786944970584148 -1.31865332677363
9.61656611917812 -4.359752659695967
16.081586849087937 -0.9345064032907134
18.401846469144136 -0.6646634831819856
13.211329401724775 -0.8973022045393824
15.089743626506442 -0.8095796393081255
4.529416532958273 -0.9713422456333838
4.487218657099283 -0.7981050317603633
7.304835255033579 -0.8800391360424056
9.358632293697625 -0.4813106851846608
3.691647988246464 -0.9443599783150507
8.389523512340812 -1.103022803306783
10.674949763178484 -1.0464533262933087
6.249071927626854 -1.3180917489199235
11.40149816330262 -0.31310371908908763
18.90214506916642 -4.106300455945731
13.66526777527273 -0.7158655630533151
12.993507088703131 -2.8137738694597445
15.721341826261133 -0.8943569342679233
6.779415228375224 -1.324683319385113
10.359658394400462 -4.181778024988108
18.9886726388769 -0.5410863405561236
9.831255834621373 -1.3229138133752076
16.785244164227432 1.5979055871118304
16.536832133286634 -1.179889005501391
3.2350151363558863 -1.3081320569745536
10.683745122273328 -1.1574284334357847
13.97236522557988 -0.4872534759774604
10.054323916449949 -1.0414328430965383
15.015960861119519 -1.4385629229810086
9.90992313188154 -1.3000178716354949
3.4153353176190637 -1.7203853210292352
12.05861722876832 0.9247949448318371
12.077856801449336 -0.14560765857315697
8.578185587878531 -0.7160628527698065
5.223063018535033 0.17722339807737694
15.20205964536989 -0.8852328874692643
13.953941721969322 1.1440619149662792
11.787780918672073 -1.1139295535727187
7.861569630740644 -0.32138418272086355
12.25307918800695 -0.46810308189275546
9.013600119865828 -0.7935169044243667
12.564826824452242 -2.428597233302104
11.487966526854768 -0.4841855934270486
2.071351977393817 -1.1345757199163873
19.452442680998246 -0.6317999794954785
14.079687335392286 0.7786086486665359
16.54196010585821 1.451737675952928
6.823079788940107 -0.9862615474687179
2.642148824192802 -0.4710990736158603
14.227854798352759 -0.693833631500199
6.69029096008671 -1.087362909171815
8.873557121685954 -0.844228494034433
4.745661326709215 -0.6466233494191553
12.971858637773096 0.5854345898465961
11.232408480353593 -1.3088250012139346
12.971521265589049 0.010403191555803402
10.318822161915662 1.9860033061417859
13.242775601699508 -0.5384803369046285
16.604574687679655 -0.24769907515137554
9.096065273135103 -1.0273501475217321
10.343602829315216 -0.7438904410359689
4.230587591473322 -0.9988039836003754
5.438377419538 0.2194018865393835
18.61309332922334 -1.1878397843923174
11.399132153141396 -0.003875591489028482
15.231197724954406 -1.7837886039024413
9.667409960218093 0.047905087000911895
2.6792523661451964 -2.1713127638147682
9.643207929536386 -0.873175604496106
7.935935282454773 -0.841839266714807
0.28382722355993195 2.942366653094979
15.010587845061162 -0.0761706140225279
12.415268091851047 0.9404404775656593
1.6858359705650405 -1.1809144465760952
0.10713661050651531 -0.747461650556711
15.597652048492266 -0.8370927130563375
6.016186067116838 -0.6348452302751305
4.808511604441861 -1.150013869883961
3.401606421457526 -0.16220627473542165
15.38591322429926 -0.5439016140881022
17.96072110124353 0.08570632459938105
13.978860283201756 -1.5716597959787888
1.0747056175765584 -0.13557032653785456
5.2455066035823545 -0.944510504827721
14.017537957239808 -0.322487690194874
9.594534959655263 0.3574472313874102
17.84023909268856 -0.35815389346606763
17.86429020741883 -0.36003824782010607
3.9424505975997426 0.9737483013356748
7.805756207953895 -0.9417393443610166
14.54557916296867 -0.3642070616918314
6.939229421738089 -1.1751451964736928
12.129915439533594 0.7293507715897783
5.90835432093971 -1.0614545722517388
6.250218389721295 0.416709950674852
19.759769523793505 -1.1346053186721423
9.14377815511164 -0.47157649360383186
2.8530522277511787 -0.08206516032943534
7.741142607013676 -2.8155847578360653
13.414501316107275 0.4887557592622599
6.373578272946194 1.4527116085167178
14.811164949430564 -1.0413760504065692
12.320185941444752 -1.1580467267762562
5.590176797971829 -0.26932366083412823
2.9566470258377713 -0.7927959283570658
6.709548445405719 -0.4618148797413452
0.5280071093784211 -1.1844205099190925
9.200707087462929 -0.22564940680436146
18.847776116587603 -0.513314602558344
11.518296900913482 -0.5024456947643264
11.80818311588403 0.8198874949056529
18.73007885065559 -1.9623434529076802
2.1388866006586404 -1.040042704356928
10.587503077171872 -0.8402902470818047
13.222088852350296 0.00797422844813378
2.5086792871942456 -0.6722970379013637
19.017801340917302 1.65195028709291
18.672842363023364 0.3289981899973863
1.611771541710514 2.139386713844983
10.202999083985226 -4.66224782662309
17.517495200378633 -0.34102638084441206
8.191371876348931 -1.1837902103094242
2.885886259811263 -0.8090935009441359
0.499228653089014 -0.9063301313567321
6.602988439839976 -1.1430142562884282
4.905606663824643 -0.8019314837472412
0.10607195656968207 -0.8380765948356123
6.158824038494363 -0.9980165141709404
18.619121411226438 -0.37534777053024465
8.712974225600837 -0.7011536148053343
8.52310739194255 -4.0578716903845
8.737586300708177 -1.1874982342059308
3.304059604401574 1.0199849703902188
17.377537021325956 0.9997826044381851
19.176198461806546 -0.6174974608563076
0.923729239411823 -0.8541770038621203
5.082030206746831 3.2293926785308495
13.144556753034466 0.9930595743810283
1.4054096501050661 1.5531604089600708
12.531016021084545 -0.2575901419103656
19.692474199153217 0.32774324194722454
0.3359313595798318 0.5442103828729754
16.040527754512873 -0.037579588584314115
9.725176259859072 0.20567683119367752
17.546830974401065 -0.2730341776364325
5.452649963481685 -0.5603384278295936
15.646026779540598 -0.2633000565269821
14.253213184822974 -0.9763997617010743
9.940363552249881 -0.015873884734704177
11.55388942881865 -1.2155416055578243
8.163554685806053 0.03851608532101784
6.615428508324273 -1.6585757276139867
10.771221982369335 -1.9907854038879136
18.594360049437665 -0.5758686992659816
11.932875580684115 -0.24389205453053064
14.944538749332025 1.976643607114309
15.53105250680854 0.6196511299647997
16.12765792416973 -0.6701378089095209
7.9388053256484845 0.36792302274213134
1.1233837116547785 -0.5401899570872153
4.604661354718051 -0.7157318881305372
5.367619561708412 -1.328385894826984
5.319671542176662 -1.4147520384068615
13.311487745428481 -0.5784102051224578
3.577421876750722 -1.5735025886917264
6.3185026278569945 -0.9794693644312105
11.060695866600362 0.16679115897453634
15.36553441237421 1.0859965522559365
13.763712354434105 0.9647892544758516
10.580719386934081 -2.109063523662182
18.970373351276752 -0.759128612612973
10.020143831411344 -0.6953798871760327
14.68317583437257 0.36012248392954715
8.663489777784909 -0.9065552365980929
14.473848598681315 -0.21934562537779007
16.44515079600232 1.2027118370478638
7.143813207151599 -0.9897439625284201
8.204619527003299 -1.080840877441513
0.8547147859384743 -0.6903216465302174
11.827402752520857 -0.6129095996005756
5.426695807197233 0.28339511743035173
8.298435953364 -1.0190180750651647
13.251242697454638 -0.5497572868736649
3.9912276762980796 0.6378078746428117
7.595220838803513 1.5016878303569308
9.948914035965867 0.30076562908158283
0.20010035653552882 -0.9643650385993949
7.145540887279982 -1.3467217822085098
15.776785459986312 0.9099169498396276
8.917930970756535 -3.645696590948691
5.971872060310951 -0.43277248889272457
14.18509163380697 -1.4631110982559756
11.541387348569804 -1.8524008847225752
17.911844932611572 -0.5583026221799275
1.411570841542836 -0.9381828837830946
8.940696042702763 1.708858934588067
2.460416271496971 -0.8269390467094042
11.007422531508087 -1.32936053232841
12.105243975065347 -0.0452719193231276
4.236696383424094 1.1696051531845502
9.917138405837749 -2.1702686192870733
16.90097986434874 -0.2308832132771649
12.828607419017663 -0.6365491963914748
12.236530138208698 -0.9387729230733592
15.227872505946246 -1.6036197170608804
17.651921546774727 -1.358119284044104
13.650833831400142 -3.803434335855154
13.30624703362495 -0.13274372489258066
10.717950400961685 -0.8722603138836276
5.090933915542249 -1.4375874210903805
0.7336101872483083 -1.794467164425464
14.081653077198032 -1.028570388398933
11.313577210589978 2.294067755352588
10.906384782324443 1.5459101447659436
1.9710722056182934 -1.199746032998414
9.371980758694717 -1.2124926830547438
10.648029194469366 -1.7130298265829282
19.719484965469977 -1.1842052144334942
1.7984358923113137 -1.5023029051217736
12.445284908258552 -0.44664265850132473
6.218788892884395 -1.063805276909619
9.154853988711569 -0.9180419482531085
16.507452045185612 -0.6609909681311027
16.248676045147054 -0.5411885466167404
14.098613480598061 -1.1382393748213264
3.838248396292332 -1.6526356446663089
8.150616838107652 -2.018404411619519
5.319810097973943 -0.1168228530472495
17.528447028956368 -0.24490795221965453
1.097403106466687 1.8612368830595856
13.328520487135808 -2.559556108051662
19.459282371387527 -0.7895947622555428
5.991944605456274 -4.1604918312025845
7.084708070137389 -1.590400219107624
12.278306489303056 -0.7175220804073892
6.691566502184483 -1.2609644149793302
19.04593719526009 -2.103054957677147
2.241530835099734 -1.0735671362780075
0.39931498021111855 1.4464211942960303
17.830350768619677 -1.8605420540349562
12.794932801282648 -2.2755014788359174
15.705477792467049 -1.2506293556038526
2.9046048015936035 -2.200218545660494
17.2992688703401 -1.005895208272459
19.63277887652816 -1.1619363843172539
10.233450310735837 -1.0634126996486626
11.650037641048407 -0.7788649164525184
13.855724018215357 1.1372557517444415
4.672498475885523 -0.8966330464621179
18.58580718166967 -0.8101125302166463
16.6839962137847 -0.22309896422369
14.032735302223232 1.5662865244368254
13.633490290715585 -0.8534521104587873
6.551535046223062 -1.1817797973892623
6.636355885037026 -0.764126363028008
13.550096659216774 -1.182720168646788
8.235861307692632 -0.9459478882363678
7.917553498240799 -1.3294688619592732
6.649452861574836 -0.7926662711149277
17.628786155994998 1.3132920877392762
9.670235768278742 0.4894341989280774
14.862435890563702 -1.0081391234512584
7.762890297728481 -0.9522246880882796
3.3221648453952337 -0.925720250470915
12.975280939599706 -2.6556434977692893
0.3916531934435811 -1.2038817572473657
3.1768243132192264 -1.7654842817313705
10.968926298672162 -1.034209971923639
15.71618625512466 -1.1036361102751946
11.579683441780432 -0.8610581385190341
4.637033052885113 -0.7023388977954418
12.491109476849742 -0.969594399355175
14.721347892055421 1.0111759905893738
12.452024438679281 -0.8476886344014956
4.957254460106725 0.43067953301363626
7.809459747274449 -1.0943007951516635
15.837313059946887 -1.0675710580956592
10.047737028398029 -5.415853794619258
6.784697389132628 -1.25074967286133
4.431426033312818 -1.3078644027656798
16.49876765580637 -0.9156709249389466
15.17958436983724 -1.1382219048366264
19.159038107074686 -1.130730329713634
14.013673199991876 -0.9556676769362077
5.004821601084366 1.167578222783113
14.180543894011992 -0.8448387423547629
2.724499674870643 -0.8627233730141778
15.676715237776383 -0.9295758278814614
14.251849727580769 0.02616493103812559
16.161214839820413 -4.252825974476563
4.392773453492566 2.368710177041921
14.323516666723025 -0.6395440408162606
2.95308184840647 -0.8931419959837021
13.693371687077367 1.0742944045874154
4.29438359359296 3.3650669904094395
14.548951923221097 1.1073618026338221
17.659787964340232 0.6251493961476237
12.426256384714536 -0.9994167369897445
3.7818252229687963 0.9894931582503381
2.34435962719084 -0.2853725111982024
13.068183399826259 0.05733882256195093
10.326537196548577 0.3679624968318715
4.78787451099548 -0.3931904147777
7.664215879109271 -1.1171156364372095
8.112606740730921 2.758729016625903
8.475699805001849 -0.9382681764664274
13.977253893786395 -1.80142282241042
8.326151634969392 -0.5599927728250376
17.392431913173354 -0.21607765455272163
10.09242402087041 -1.0519283997563496
19.25211862949695 2.790510937826984
9.582336847477528 -4.613498660869324
14.988546778826787 -0.8714641107773874
5.239322937343488 -3.7930384336338068
16.009188705605464 1.398681429043775
17.190400144227997 -0.38628628118798514
2.1286149681119255 -0.97098727803398
9.856164071501984 -1.4209825440085313
4.641132395513966 0.32961137108235977
2.4832590107269477 3.2270614754344833
2.733319377436437 0.842002925101347
14.093399409601579 -0.980946036625017
12.669070213098713 -0.49745600805781437
2.8243016036638204 3.2444625310117745
14.633988603833151 1.6164017041133918
10.851745805136769 0.14947475382867767
0.5290251616232686 2.4729716032821925
14.664530936462542 1.7704140636108914
4.137797518905705 -0.5329363850502193
19.506654793324522 -1.303233046210345
17.46464110082743 1.4489415134042984
11.468517637345474 -0.48457568234111126
16.53256258591723 0.3209848873160963
3.7648047144971075 -2.2822571350495484
8.404564891980941 2.6562280983820505
5.359385052892029 -0.8940444608428423
10.34475951821182 0.28126281238723766
9.1667259678603 -0.9081055817024041
4.2891736733618675 2.4130881333511915
12.188886174175105 -0.3114980397702663
4.916345374972265 -3.655509580803982
15.985797286589644 0.2548853117627567
12.580648259432216 -0.08734724684047447
1.0902749067519468 -0.849098148517713
0.9718513868446357 2.4175702381540165
3.3867452943251424 -0.905326159086697
3.4305804305276726 0.22053200923805466
1.9724264952569186 0.6197973003070386
3.863776296447379 3.0123724898753235
19.831311057041653 -1.3323051086871
18.532420715844342 0.34925907306278575
2.864822532418721 -0.5087384530103694
4.035289546941897 -0.6746441864563278
14.629651626647043 -1.5643449182154971
10.845368946726625 -0.2747582962985117
1.4351935810984986 3.181650428892572
6.152520100550227 1.101777841133199
10.732607661231146 -0.6565699781741048
19.138169275349203 2.966997497659211
5.863542994019122 -1.37267229170861
11.460962250261563 -0.7579843249928601
11.773205824976698 -0.41158523986167933
12.21140725060912 -0.6830372447114783
14.76260494572231 -1.0147267293780122
2.73320710847593 -0.14102140665644
10.505980695005356 -1.4568653107113896
2.8606231106642457 3.5148529016299612
3.5826001071989437 -0.7360818734778531
10.637681718395093 -1.4032807000414136
8.562839402726011 -0.9901244339351658
12.459054590283738 0.9870162817020068
13.307155981744943 0.03902953535435408
10.982738136551955 -0.737580413905817
6.664732395620964 0.3524167947363058
15.254844397750157 -1.310097723216132
6.448693325559793 -1.0229485718851468
6.456918492932527 -0.952659656253222
13.662985941602523 -0.7660069463975696
14.782588718233177 -1.158881183555165
1.4127334443424615 -1.0140188109904305
15.779137876482748 -0.8037285530642202
8.231756070444835 -1.1375724810637666
5.487300258276658 -0.7914244395386544
1.8163096077254703 3.538210544258522
10.832211667059177 -1.0367030215471362
8.80538558205947 2.0483168492322275
6.48203855667715 -1.0285091920918323
0.9946437962052199 0.6997765459686668
14.987945248130444 0.5122344871778414
17.25922287142836 -0.17276536756165045
14.687858982380005 -3.175687927009179
13.80714975996354 -1.1950272693946793
19.22129660918161 -0.5874976701600028
14.774210231969075 -1.1470957012632428
10.793274024559025 -0.9755266785146479
17.852884212327318 -0.54317463398653
4.923588794555536 0.19993663976273432
17.31204135143072 -2.5168927068855598
11.896175404008138 -2.717471796909467
14.903182486564255 -0.6602295625372535
7.838906583778292 -5.131913001824878
7.387107643211426 -4.3041073573732636
0.23177687438735006 2.887910187129476
17.895919190463232 -0.5207071470324609
16.762784999186298 0.3110949588896327
9.881016181973875 -2.4748812488181366
13.60398418587864 -0.12945630112979745
0.7590222945926702 -0.89715132925815
1.103204394924172 -1.011914097667506
14.639521432454893 -1.3241929149673646
5.123441369003314 -1.2339346913616842
5.118565906833995 -1.4282221878451926
10.726455353348793 -0.8789036772104621
17.55790370728835 -0.9262364980887576
18.75684159535565 2.2728705347652305
10.387759441094989 -1.5480705950392601
2.033427371620347 -1.5012219676367657
18.93127910988044 -4.257431409024272
14.445898574111531 -1.1111379899420453
4.059827628646714 -1.1969593547551003
7.67278585383008 -0.7036342244194366
5.6769012350097015 -0.9356096029074584
17.762229348218558 -0.8589525994049623
7.3691501482486546 -0.20540019321784983
5.678127104883888 -0.7491163195413801
