3.6770463587696693 -1.9303995637935054
14.736488043486798 -0.361302285930185
4.717511669203972 -1.8789564750422425
15.629132140067192 -0.13107081026169914
3.5501282679165316 -1.940538256036203
16.294593629443334 -0.5262575180578054
3.853561118636882 -1.9744356794142772
16.064347725296184 -0.6911018919624475
13.085212861081208 -0.06870315978480525
0.5840451327700102 1.150783153481073
2.5867537547213226 -0.5768344180308895
18.628446983400938 0.8334740104958327
8.069175800530893 1.5853374785900016
0.5827924149456066 0.01978141906302415
4.662718563073744 -1.893519153584248
13.620749877454616 -0.8495525074226009
1.195896508828302 -1.0325863819791399
12.638599956558753 -0.6055744656863867
0.8699713320865481 -0.9160802042533622
15.50318060490276 -0.597683631970811
3.642915456443499 -0.9707952706879848
7.051818290941588 -1.728189682682294
8.744998766819837 1.1812379971907019
0.7448607235307517 0.0696533275153769
2.1232276313171106 -0.4488459644374764
5.922368697254171 -2.341856469841219
13.059987524242127 -0.03719238135282558
10.838971450260566 -0.8282107089294506
9.191390845876438 1.2311533692309915
10.681900192591364 -0.7990541232542739
0.6066774962402376 -0.9393725863800386
8.692961698434226 -1.023692070647542
2.668761341016358 -1.482232284413854
14.706756745384068 -0.233041982172846
7.093752571809873 -1.127655519929367
12.223193609293359 -0.8566267875566641
1.7205355527638986 -0.07879596797384637
11.789831709760152 -0.8380369032164774
6.698925994814693 -0.5126813611736717
10.719060264113947 -0.8044198217096926
1.7774160361361302 0.8568998866417816
10.154388951264796 -0.26315512815801095
19.36533818659627 1.353586884533193
13.247115253221098 -0.7157545267004238
6.218508281350227 -0.7167893599811549
10.20443348464903 -0.25151700725750875
0.2019233266746203 -1.2753297448160767
9.228188862010562 -0.6016024223806803
17.389964966624554 -0.20430313179060539
10.845730144138319 -0.24946101397989617
7.960935906093908 1.3523795914081487
11.70654002175261 -0.5700166833176172
19.770725248843366 1.4859716392236475
10.937897137098599 -0.2400824249174659
19.272810328872023 1.3050514029123426
4.96761408683295 -1.9813710890212306
7.673888983826031 -0.1457894632361235
10.755716861667464 -0.2570693232472144
2.7564156381794263 -1.5286315632692191
7.1897753938679285 -1.3850036846814695
6.851708336175375 0.7234539413041562
8.91739389707091 -0.6670946955213178
9.035120055847223 1.1014617662037458
16.560421775332408 0.23556690031683417
1.028894635591653 1.0023251377893911
8.196221151528668 -0.9978425831969265
15.2296078292723 0.03757507484944195
1.997728453833001 2.74318774515482
2.217727033383541 -0.439157745830244
11.767129465666773 -0.8399185371769966
19.902801051298383 -1.2700440962538908
5.90524106023946 -1.9065573828314362
5.042599167358506 -1.548250237503126
5.607379885490767 -1.9793981438614658
7.962864956197974 1.3032211072256692
11.471487168464831 -0.4930702694978633
5.556391803250295 -0.9443368355744685
13.602599413437506 -0.28924127430280794
1.7460788230570325 -0.14637668607345844
19.61513445781179 1.8321256066322658
3.4591385331342854 -0.9215940293976702
4.70225863340263 -2.1854722176031727
3.6671488611401766 2.9649727399720933
10.999249064268215 -0.39454948828850706
9.57140990591533 0.47976530889019603
17.90677248530358 -0.18858986532406521
11.989354285532475 1.3646285573477681
7.77506015960144 -1.3912215628489824
3.9263716224114726 -1.0053676543452275
6.42365892143267 -2.0307657118514193
7.818462893851582 -0.6401940279844279
10.746388675943214 -0.8564552028614396
1.8783336073244103 -0.2632166483675134
12.819068045304624 -0.7133189891834606
2.091952867138388 -1.1905653642972724
15.693229031730775 -0.5753057980554649
2.3843368881177653 -0.5790218516271648
10.230588300115857 -0.6328547453423787
8.76032257739894 0.30359983138189556
9.503555991600459 -0.7239828911701354
18.898770642918027 0.23941840606428988
14.254043173054168 -0.7925078049076564
6.46348001775065 -1.0081751877611538
13.582719586535605 -0.5114635905404707
18.652481651500242 0.36622979355288654
0.5491404977543222 2.209181926129095
5.1945173879012465 -0.9902170404281171
11.827985641116117 -0.8023370942058743
17.428230008344254 -0.6256785457598804
15.830932200481968 -0.42303491834594853
18.20544224359555 -0.3044576021566582
8.440757673004756 -0.9432054850336764
8.444019490591842 0.17811751326267078
0.8912289970099796 -0.35229186281729497
8.5475609848368 -0.11665849812326459
12.080209032538422 -0.6717518223435236
18.351153386467324 -0.3441594587691976
16.98467691474096 0.43994716861036975
11.994202550539352 -0.5110531871992168
18.807500021515292 0.3548625107575929
11.530497787724665 -0.07472738923194412
18.88323481244048 -0.17654845297558408
5.585976088457399 -1.7395487542959558
12.371440937312805 -0.7969164379518046
4.276762805099103 -1.0075121248933354
16.453810209323407 0.18040925007425937
10.01892905043493 0.6710455542904252
18.447523983336218 0.3995218470379288
17.1985097774965 -1.3501604545274972
17.7561089716444 -0.09536597273071648
16.58402688372156 -1.238455296352254
17.630849313122617 -0.29254268943648726
16.64164357751107 -1.0059677880419473
12.415048127305742 -0.7942989417513933
5.9848726900207305 -1.6910616205117672
13.82514658829938 -0.1831529942727501
6.4248676853314794 -0.6269017674115347
12.402915511031388 -0.570981997059359
9.355273425651927 -0.42945478522920844
17.723036836339553 -0.11052446846837444
18.887027736767532 -0.6833715527311002
14.999940597283153 -0.262021551901029
4.723543367933151 -2.0436603455706583
17.5959201081732 -0.11354630303436852
14.743962093885019 -2.186042933960761
18.474355454041724 0.36453979865805597
4.838792010154729 -1.6356817014387433
17.256464441481207 -0.4184925544141038
7.226691329648926 -1.2237401648917614
11.407092118796646 -0.40036115775986797
19.193903860005204 0.8515059311504434
7.417204562195086 -1.2749333829220775
18.64350141338319 -0.35930884791579076
11.130786113105813 -0.3398356564731661
6.722128912201212 -0.9292263543784803
18.491921928115083 1.199949016412108
6.264488817859496 -1.53148317912634
10.985231222979552 -0.20966023129572292
0.5321958490642231 -1.1543659965419195
10.77464244151752 -0.23970608399058407
8.721481045616954 0.2688411615368829
10.826422321602557 -0.22566421225554084
12.82664496376703 -0.6805752683935831
13.805098602097809 -0.12245193636317575
0.3458641180596934 -0.7758270586566135
11.537397120457822 -0.44191454821772086
6.377999776606973 -2.1621634432968673
12.442209395463793 -0.48312770846967773
5.0045897733256695 2.7901283251307403
16.03413001231985 -1.6783248552219325
18.833431583100246 -0.5570004870815538
11.387330422548379 -0.40452304009191015
3.9920123161216576 -2.0990164709852217
10.156593169674453 -0.2271806418007682
7.323115661518811 -1.014378066310066
5.57293505013544 -1.8016311822198474
16.75025297191749 -0.8352761820585434
12.404858438624837 -0.2845280261342103
18.03378286176591 -0.2492193130485954
10.672578832422326 -0.13801168924441948
1.512438525833538 1.0049017773666307
17.935802666132496 -1.4450421906073407
4.270246412240786 -1.769652302143274
15.401418793796523 -1.9529751419283876
1.3596238904100402 -0.8795876587064976
11.372268427224968 -0.1350916577809737
18.43205556426522 -0.29652357468603696
2.187468540945659 -1.2824505034811293
0.5784331174204538 -0.6207825825214441
2.9632218214444537 -1.9107197769880335
1.8561938868929422 -0.8609170180516829
0.8840466739743539 0.03219118344814133
8.021348069096904 -0.44137094117647474
14.027160520001761 -2.3854237205156568
18.323494889907952 -0.06513997979170694
10.95845449359118 -0.1263086116686293
11.827769218910124 -0.3719720856032328
10.842096963552189 -0.2197126562185639
16.81866202558675 -0.6577842943268369
12.895604666337988 -0.43463976379505653
18.455320095324414 -0.27802675052538217
11.403982629726825 -0.11043095491875439
4.116826497763341 -2.192502413485472
14.334068774363892 -0.15588529400114381
7.18992184083202 -0.8867273917738491
10.75093555236096 -0.21158672863305814
18.493789208915146 0.129863966034294
12.080809435528248 -0.6712581257292892
3.29190956537329 -2.0826961860923596
12.145124681865717 -0.5377790785795935
14.167785515079977 -0.17198973209383145
11.32275935813275 -0.38166376284361797
7.788174841454194 -0.6079410994173078
18.216790924776298 0.1337221764392491
18.164811528704284 -0.35149088947026774
18.807451665850508 -0.026772183503130403
19.241690639971374 -0.7313004452607077
13.44111336624175 -0.2988410228092944
7.333343402357935 -0.8362257059207575
18.749585471447368 0.3342575872495037
17.1035711487925 -0.41956046856901297
18.724097654357927 0.292026124256126
18.082851254332606 -0.278505905826041
17.00280557860331 -0.6559992279146801
13.350053986715114 -0.5372412734009797
17.952449620090842 -0.08133987469908104
19.078443614100888 -0.7091394465973274
12.898679818353664 -0.4416040200325376
19.237147537588843 -0.6990823004342392
15.117024626971029 -0.25056373875768895
19.564149368596162 -0.748440284404857
16.711421403593203 -0.7567672772257582
17.459398679394834 -0.22458718986594706
9.198155775429449 -0.5706757718352149
16.739039409840714 -0.7040561187522435
18.223777181957285 0.20488335488985715
6.2289350412918205 -1.5722706698441902
15.151038580713337 -0.24519022848753036
15.472286903749394 -1.8973801543408864
17.907073156544463 -0.003918435877532475
18.110750717156822 -0.23774055299401725
10.168059757977923 -0.3172906878666761
18.857656235769788 -0.5025485125252498
9.681939028137066 -0.4307012530202471
14.338073830066358 -0.044054515443834846
9.34954997425074 -0.5748331749992499
17.54264643427109 -0.35119281165460825
11.558718292591061 -0.6216292316977998
14.564122736077595 -1.6628463496490036
11.68991903690052 -0.5899818409629936
18.42257439552439 -0.29014097068222566
10.409705471801647 -0.24238187700272756
17.336583978177444 -0.3582777747553173
11.92140170200372 -0.6776665977391738
12.620325661057246 -0.48767632307006126
11.37759323712543 -0.29968382110036634
17.45668227303215 -0.4232271241807906
6.899313016231701 -1.495030892709774
19.309856053106543 -1.4210734223650918
17.689642721150584 0.7063901983795651
16.88308101220431 -0.608305445343842
6.048934341989298 -1.8694688687222485
10.360371453423483 -0.17444692735548714
19.538443868634342 1.816384570164802
17.143855825350403 -0.5757933376826788
17.559544425465205 0.613970342807411
15.887014853595302 -1.2452406839287977
18.846813877231508 -0.17150702031594872
12.501213276468034 -0.6853253423457362
18.356855436964814 0.3561159888444593
12.298232187561885 -0.5088074699803035
18.926405962895686 0.27892013474223115
10.981260400917046 -0.13939320687466905
18.636157935433456 -1.474448641847523
8.018530099140552 -0.910773011502694
15.38128402613084 -1.9752388573296908
19.1464197681588 -0.43384438505640205
18.009986687733715 0.01984531755558469
11.725898535961331 -0.6196707665555022
0.44470773396054825 2.164214740984318
18.319365994683526 0.34434567681914885
18.189808864923393 1.0195552506608403
18.10531647143663 0.20485657823401948
10.425723289805953 -3.2124432877043803
17.57624616944104 -0.12113371007398949
9.499489192861732 -0.45206693816980276
19.14873720947205 -0.4650815564008968
18.74970433712787 0.2063095929988249
15.70402173382491 -2.7934285077224836
9.918454507034552 -0.656048502475756
18.470173892888447 -1.9398560456324907
12.5460824188591 -0.6429061221592528
18.82279773222213 -2.60647939428256
8.302355313622954 -1.1715705053600964
17.93910791840625 -2.3520435272002667
6.6309717620991595 -0.7717998520450292
17.8476188199076 -2.392770801505645
9.002062868707194 -0.7911743765290216
1.9655709387936278 -3.344357763752629
10.744889456309775 -0.7463640397627556
11.018941518328033 -1.1794231158895512
5.613753349083515 -1.0946624134924878
13.520436460816443 -1.034968932030349
11.348257885807605 -0.729013227095461
13.895080918919641 -1.0921415779643817
10.121077994437316 -0.5478868847663617
12.009320313888427 -4.5556753249594895
12.457388756714806 -0.8440820716404118
12.277662266999775 -4.426383782380915
12.670879082746742 -0.6104558831010706
10.416997607864516 -4.931087948678744
12.765294645890153 -0.9331604752280027
4.160096524433816 -2.9098682144417656
13.034508058237817 0.11831567809738677
11.97688941874976 -4.465347768346472
12.889206689951092 -0.8440383958162916
1.5292254383204105 -3.217464425138107
9.833171920905412 -0.49498011788635043
13.677599315889331 -4.175663101560812
3.5820724584174415 -1.1610880298995343
13.714095547995415 -1.0737387270943897
16.3618922214485 0.13329645372678678
13.980764735603277 -1.003748429001551
14.956823462825577 -1.1302217371015675
19.00487292510537 -2.6365136188975673
0.6245568611113355 1.1720182611266743
12.593545986037187 -1.139762514568117
8.9721735669484 -0.8785673272250625
18.803533787521538 -2.353711598699202
18.374373145548088 1.143931662146782
19.375235236025016 -2.7198239761608645
12.037425573800423 -1.2039165443036155
18.114869577653113 -2.2973486703309733
15.02514536984298 -1.101785598921762
18.4068048730512 -2.303093209603822
14.555241556709168 -0.22886853716395522
17.65222055476563 -2.3630850618233157
9.439537344594097 0.05711268052186329
18.497659472444017 -2.2583462345803285
10.510874974689642 0.43797784966624154
17.39574820506862 -2.4312078132343222
5.5871132820257134 -0.028082800253026327
18.04616910349362 -2.032149628868182
8.909202584327184 0.9986084235152425
18.214745105260377 -2.0302189897512837
6.879067593781754 0.4069154093568189
17.441076204089395 -2.1310607226093414
9.480201894488058 1.2286207030195402
17.069601408098634 -2.270818310887155
7.854820276911038 0.5724137853046674
3.477809673391375 -2.069706812407165
8.273186379085299 0.7143291562968749
17.03806506784273 -2.2641502568361265
4.552248440628538 0.16887879411283835
3.638268499815558 -2.35287308243818
6.44590500114638 0.15832204963932464
5.513212731737442 -1.7780141723509646
6.504533949630768 0.18420829948739534
16.64700481405165 -1.4657575622257635
6.8368964544291115 0.26284155946206345
12.32781736491657 -0.808658157564266
8.854670764743789 0.9265331916377493
11.947285733529768 -0.6591995513477618
7.970408840894137 0.6484097528331483
12.192217891387829 -0.5930283158571954
8.156986049778592 0.7065185919542366
19.373248652008176 -0.5093571272836572
8.38147866565015 0.7230147375306539
19.62258423364371 -0.5310595022412732
4.275307539089702 0.5068046201724874
11.457338647850142 -0.33317829156596995
8.341179325908962 0.7557246750788379
7.20992380610518 -1.3550014499415872
14.672673749255255 -0.897574870339591
11.19429615506736 -3.057795211609022
15.239792966921183 -1.4109676716807786
10.148698357922466 -3.225398803099323
16.45281231308502 -0.8503037853422157
9.54617329659625 -0.44139335947758446
16.455156340018682 -0.3476349396941636
9.604305088119547 -3.290799233998623
13.552591963313809 -0.7871099838310867
8.411555893581456 -3.2562407453675224
10.749646988461317 -0.6013821096248939
3.705718204347607 -2.3642507454994557
5.021563858227559 -2.1276947412113953
8.70221709661211 -3.2832990077640645
18.53464978831048 -1.5423272028787127
10.098995752809616 -3.211699876544461
6.990491742189232 -3.542084656594919
8.162928975525112 -3.1620805958197464
7.461233963176039 -1.4362915667331977
12.961324805927761 -2.6308998680621163
12.479137295524664 -1.1504681342660268
8.180647352261584 -3.107093456050868
12.129978452099767 -0.9755874608103884
10.128105960358278 -0.2656626307116147
4.610140752061669 -2.27006772606596
9.86334408711857 -0.32941286262866476
8.657912088963949 -0.9674980595756514
10.170548958446595 -0.2519479722426044
14.430663975144057 -0.8950086808699662
10.256956333734575 -0.28424996733522456
18.984840640317763 1.017537940930058
10.19032459912557 -0.29619884705128846
13.119079101914613 -1.2459659153046327
4.375038946059286 -2.3095397034114775
13.580956232767162 -1.173158547171536
3.5868788340687003 -2.4646584413888184
18.105024296409294 0.4898075875593477
8.113695210785906 -0.9396084664017575
18.550140301230662 0.7788923898404218
11.298250507286413 -0.4498775793952701
13.288397335506467 -1.2066505706281505
4.177833421813793 -2.3602737695031695
17.042331622232776 -0.1531085828549235
9.301234446886394 -0.6164400427761807
17.134723056976974 -0.10558736201824946
11.101316928372245 -0.660295615311337
14.835832675412917 -1.607658367826979
8.272075871993792 -0.9792714406391497
14.459164174798124 -1.1288686901059453
16.70927752119686 0.27731869096782724
17.650948417468022 -0.37617481994844976
16.054735457414026 0.05360876129016015
16.841190894899523 -0.47533561478520747
12.326322355850214 -0.6841782348094556
5.815117660365812 -1.6352150365923697
7.677142884935289 -1.412828227583618
14.74349066689906 -1.656914741076227
7.0504964011233975 -1.692518157484018
3.95885949738029 -1.0839964775144524
19.408752714973364 1.0245770027219798
8.248129286666865 -0.5185634048964421
14.88913979543178 -1.1102905130422558
6.409982828738779 -1.3091233230406916
0.940227707841988 0.9942155860673745
8.300743293933738 -0.5264728084193465
17.551631497296782 -0.38206110453423925
1.997476277706817 0.7594827044116079
14.951802147240803 -1.1630662311440476
8.410166556196009 -0.47984863975954667
0.4525209806498194 1.1389314512614126
9.81008085864758 0.5176856981122916
15.29331370268033 -0.6777490774195776
9.907164995269119 0.523705733636032
17.59039870255551 0.17075006050747826
13.260758992707009 1.3370371872829998
0.4258358594185785 1.1917300913530882
8.619684992107896 0.11225160045602815
12.634679045438832 -0.8234175777129339
10.353811948932595 0.7637977378009811
13.184873913432948 -0.891436743301497
12.01560357535477 1.3181224211167202
17.09676343501034 -0.05829812600526668
1.5562957392543983 0.7542463579829572
0.4001738037842312 1.1867121308772026
10.313872281036302 1.1529350807465912
10.735327078629842 -0.9193200047109515
1.2799495225001667 1.2024495929171097
16.31684217362528 -0.5648713368282169
1.67033673380144 0.49101510528688286
0.750927955394159 1.1885925848921377
1.8913816487981354 0.6139567002858081
17.51428107559382 0.1600089590823543
0.034417790219301025 1.4577650147941728
13.04376575349369 -0.8668719695751443
15.274714927674767 -0.5007697688800119
15.714884573962138 -0.8589605473408239
9.375237237944125 0.2889988747139016
16.616727979843702 -0.6176629398934966
18.867137838000534 1.0105759619174555
15.40759344163605 -0.9709860149716905
15.574493823738004 -0.3940473291274621
3.6496406934123025 -1.610202750935958
14.470115471551658 -0.6259021735767183
17.93072352735798 -0.196164629370394
16.43444286155726 0.04904493017688415
15.846506412511298 -0.8047603329511137
15.552107977620837 -0.4388703832475756
12.619485484750097 -1.0907864417676225
17.703444722019 0.5125908671407631
16.268949692266972 -0.5932014772997619
0.8450710770268035 1.3855966310864007
17.514941428903114 -0.412311067604996
15.553626964785787 -0.43729047077597255
16.560589808367517 -0.44208218784306474
15.052759130779021 -0.5107719257739496
14.8785371693448 -1.1410539236619603
0.4366477626295611 1.4337694185970868
0.22132709431471126 -0.8192967647603315
1.2842142315522107 1.2196825408394467
17.014422144745062 -0.31418394535493277
16.596330388340043 0.12391908542861041
15.012321546023461 -1.1544137849763976
0.3761093279219846 1.457890493708779
14.416054391363664 -1.2535843210374427
1.2058490181589663 1.5223977001094289
1.6437200641551366 -0.9069251192724329
8.178845580707382 -0.07679279620740975
16.85156863649006 -0.42053742056885135
8.542972955451775 1.3201209871661657
17.55421435987951 0.0331848018440483
12.476423884581733 1.4124078889997358
14.554780160849234 -1.2395896920358456
11.21876441526365 1.0751578110275772
7.3079936623716435 -0.9233584410262691
17.529690956132942 0.24404169489164473
18.40241123304821 -0.5362612746984873
17.120870920774443 0.24566363776076347
3.193048879031805 -1.2624848628219492
4.47816223041984 -1.1491202938388037
16.161611415066318 -0.647092528640929
5.247201075029705 -1.0939964250548622
6.794147518888254 -1.160277619789583
17.2065884075447 0.20002474228354575
1.2378315621194647 -0.823966854747771
16.00591163518778 -0.177461724515305
3.276848067855813 -1.2850728584418918
15.374704389620238 -0.4509039082813267
18.53996747854619 -0.494687988221475
15.183394094987005 -0.5718693359178331
18.9985987156428 -0.7688785559453214
19.452187987551387 1.519787828199802
18.806003796074183 -0.7120078236328427
15.47866999101417 -0.438226465451186
0.14604713117002577 -0.8494113512501669
16.16074516222474 -0.19251596405241655
0.6393521400799143 -0.722472539058898
17.193170514138753 0.19185003105733903
19.61602200115528 -0.8965285707373266
18.283409806651953 0.8386858970680738
0.08962576449389861 -0.8627637866872928
18.04042882431624 0.6821587213782397
18.54973945001719 -0.49374583716178233
15.280718885387534 -0.3037318868480029
18.773588428469978 -0.6475233971292257
15.966201460701225 -0.22481707539502355
18.98807642934634 -0.7428044296160313
15.19233932706629 -0.4651086425307084
17.38306816277224 -0.4921640563283842
16.03113802697184 -0.22738940983104516
17.173360085728934 -0.6094976997904576
16.30192092565733 -0.058495398850706676
17.943416358629424 -0.26943563097293766
15.16833569493788 -0.3386478464879521
7.067781898999942 -0.36540158848853055
15.17790130429019 -0.33751136776140767
18.788157792535987 -0.7143572542141798
14.136074236995015 -0.7209611936743276
0.10408962072213236 -0.8719727487527233
14.826208494330375 -0.4269916321406788
15.700262500904262 -1.1393507143515895
15.527995846549643 -0.2196912196280344
8.558159632387495 -0.594043475816329
16.508702699160516 -0.03715745119950205
19.751816859463272 -0.9120872581600428
16.242571762757574 -0.09040975796154112
19.56721042189608 -0.8935580330289636
14.240691669512325 -0.7121496803468228
6.764558646492073 -1.1813497159869766
14.700423357654529 -0.6045066051273564
16.88448956022382 -0.7241602675754789
14.705078185176799 -0.5911112372766603
6.437403805351707 -1.3032687543187365
10.534526969913054 -1.0817515859505817
6.6611179747225 -1.2212882298993373
15.085469358600175 -0.788747530924861
8.495133906791958 -0.6159965051764148
10.545636047920771 -1.0851756937631238
8.922421970562144 -0.33082915635621307
13.69160677784582 -1.1954998148219245
1.4193049206627253 -0.9558041746464633
5.493049309984203 -1.5989349836100688
1.7156699689552801 -0.9112044120918918
17.318636462027595 0.29821469654859445
18.48718260605246 -0.6398180415556787
17.745339275646508 -0.5274446089792388
7.962200920572715 -0.8311404900141178
11.60422769179873 0.0549342924402859
8.798858004284952 -0.48020566021351013
12.290018127956941 -1.5274754391478047
6.928801546131659 -1.095725370994415
14.00395797402488 -0.8900780678822111
8.900829082879302 -0.5115102678703655
1.9122929017766046 0.6283544532835575
7.313314320065846 -0.9193373206200542
16.579331157232023 -0.8558300768648351
13.041943446195129 0.12487512343710783
8.934380733193738 -0.5702426932576362
7.923458204863121 -0.8210681280828032
7.082191451221493 -1.0490821151737428
1.0430661978270008 -0.7586149176845953
7.1311243924064405 -0.3603293271364629
8.66768209457573 -0.5313022430477421
7.81633256564139 -0.9334328196080088
8.752968129379912 -0.4943131775984258
19.702124903265275 1.3895606681484738
17.62792794998394 0.7131130348660712
3.0325092048938074 -0.8181035116542665
17.909518471282396 0.8869823275043279
17.811802834549663 -0.36470650137242666
10.935370733796553 -0.03609957044659627
9.227385510716129 -0.8484306831105551
8.825856765246932 -0.5370244767416604
18.261985584019246 0.9658523725321057
8.75842519667605 -0.5027806816483048
3.921539732683115 -3.113227835295844
8.330393095266755 -0.7142482736843685
18.487010698046134 0.9510725080072692
10.038474985244815 0.630714291285927
15.787913653333188 -0.15962887388878727
14.877173950648096 0.08891105659383335
15.669335015167341 -0.9433805821661773
10.772248179413307 -0.037240837049813506
16.097964052223812 -0.7134526283598431
8.041917497462816 -0.7505062791386605
15.94339664899292 -0.8069359061289716
13.434347370095328 -0.010994737033221298
12.827910362659216 -1.3297613754817588
1.7191947232177995 0.35936698490857566
12.647813116147365 -1.3963525712404454
11.343815005088478 1.263596705350365
13.351338480672101 -1.233178602723349
9.94621473805812 -0.2185524342533306
11.1183505275612 0.9480808906625258
9.927632478205144 -0.2243414073563611
7.135923536291497 2.1795439251584705
1.5542390732718159 0.7578391840004937
6.626159424925131 -1.2734926320700275
6.1702672359991375 -0.8232996016628397
17.03019301462749 -0.6982662211842502
12.415807039979885 1.204629605730059
17.881189215892615 -0.6042447451192813
10.046272790897252 0.5733229749745113
1.4760846890206423 -1.0121664067474903
10.84227758057358 1.160014308626975
17.788152605323248 -0.5919458056025585
13.330210112805194 -0.06822715978068443
11.579457723968968 1.165053481726204
5.825017469399823 -0.922752146841287
4.81106250889765 -1.8073460525925906
11.630824558748118 1.0418092655060753
5.570294109450158 -1.6955048094682807
7.8072559566118604 -0.2189221417901372
0.9093067302707095 -0.8118375424190933
11.290715097428894 1.0000725666488963
19.544143840630344 -0.9138604232202727
10.998782587369755 -0.017243338676435058
15.960583852041383 -0.9133851818172997
18.229872048974176 0.7038479420610145
6.399189043677806 -1.1610118992982659
1.6734533999163264 0.25553465581941204
5.973544800306581 -1.3674721298464365
5.863331509611025 -0.9136185201683079
6.023612609581044 -1.3738619097647238
5.642506987875043 -0.9372652110392113
19.720128869379206 -0.9290088602105507
10.677007034072403 0.9012807858413543
17.34120421591575 -0.543728826004265
17.542660056866666 0.28737455470880174
6.146824273952972 -1.3269656417729598
17.418473114591894 0.2594516992673287
15.914717931505907 -0.8278452576561939
17.889231730787735 0.49859606864844164
0.957514596055221 -0.8081310132287358
18.350426624092343 0.7671620834439598
6.050214486145361 -1.365229144364522
19.546043423421253 1.3248253882469423
16.616317092284433 -0.45273199074172144
17.3618627148008 0.2009612221787186
14.979665082356036 -1.1982668946309465
18.44701877965711 0.828740803370316
17.733865413443777 -0.6682089600285793
17.78683355159175 0.49123114736072443
17.491345086436596 -0.5141377135507379
17.629721247689716 0.38072614608216143
0.13733754701029885 -0.9750168713872207
1.9162267934399635 0.7363357959053546
19.21048653933566 -0.9009276415356325
0.654358149262162 1.4652511505085495
18.850845552674052 -0.8164994205829814
18.62898854663947 0.8988774258705184
2.542130831901789 -1.2601617813461654
0.5226890435513247 1.4554655672194374
2.4495781814086657 -1.1906802918925612
17.851329565410722 0.5187132540090001
18.876227699096404 -0.8505277486080132
0.8763375722543936 1.3194769820653682
3.019718579998152 -1.8720837646158142
3.6079709248747096 -1.0568469164554686
3.068933145997884 -1.8423994923158724
17.45581013329078 0.18351566877380227
3.0123089593123824 -1.514649939760419
1.7025243529503418 1.116401976916876
3.0595231509588947 -1.5469819028394758
1.329271183680518 1.101950643201652
13.075351481344281 -0.22940263347806772
7.793545553489507 -0.3740024800963799
8.361099635452746 -0.7630160050671406
4.824289257813795 -1.345768934086366
3.0065851874200646 -1.8373627812827584
4.946217921370967 -1.3182441452211893
3.6596824779424177 -2.0703853889458532
1.1987023342635255 -0.022402272418882777
13.65981721587471 -0.038093955966122056
17.499894924663728 0.20653252097597263
4.736304473050074 -2.022928410300279
1.3948015295053902 0.7351992983878313
16.36601005029629 0.2043904863158031
9.72829516375726 0.24407870777164192
7.659307437137167 1.6513994447974183
4.683269300825997 -1.370768827867408
16.001714599112592 0.0816363547291456
6.89742920879737 -0.627343015748846
7.416978856850723 1.5577521877796567
7.4054795460873715 -0.4844914790337529
15.301153611652174 -0.07154027158897432
0.9337173696589418 0.1664860023751862
5.770349437495233 2.6203114354833654
0.9433336840588017 0.1319156729090356
17.51051266534916 0.6450164435625795
6.257727556430092 -0.9442995970038595
1.7147792057674798 2.682827822772639
1.1591221578760476 -0.024157116950192847
12.924243205931354 -0.33931974677389487
14.447014195752054 -0.6995983232005527
12.69552399554805 -0.32269530905438937
18.46786509848841 0.7866452583056273
2.4629586262713308 2.986761924800152
1.1733586487484688 0.4817760227513394
13.184090810520255 -0.2226587606858368
1.1828045231533244 -0.10867852109197718
16.313313435451118 0.16726098368054854
19.342915139995757 1.2294692238321039
6.860313634395909 2.2983671508465355
4.489835844688341 2.456674178790852
7.535425368623482 1.5707771882420305
5.764400094467382 2.190575728387928
12.720169070685632 -0.40197106531303495
16.107167837890415 -0.22602138034014807
6.862662150530008 1.5338304758573116
0.06748008856226306 1.4016337158969625
7.372128152191447 1.4103555110164234
18.37271651593637 0.763452137700615
6.997587460009404 1.8092511832747344
4.734326514306063 2.408571951293257
7.412864964040855 1.4419285941833682
16.270217709444783 -0.28020236204061
7.457351935284129 1.4135604717472128
14.25906765016386 -0.5448038366249643
6.761957946345685 1.4307155092145514
14.418568694419138 -0.5174827309333094
6.629002842298704 1.4148059585096695
14.545887209542771 -0.5150537807880236
6.627150831813225 1.462148013765694
16.66192744620953 -0.1374507474466537
6.563519831436237 1.5073299313411346
5.671672997802855 2.196966226680779
6.733427971605086 1.3788090778848023
4.428428965617268 -1.4098101923254647
6.541528432032045 1.4109058305824826
1.6959159061552593 -0.38354697668375526
6.805255833761626 1.3729881606492553
2.2980974270698606 -0.7505379615862224
6.722301909236868 1.8621877700779728
14.431669059880337 -0.5393679392800759
6.787074896321823 1.3700975732558807
16.313114146981963 -0.24998618514385074
5.597465223976106 2.5511865370314095
2.9384698463352064 -0.901675497758476
12.803247481839692 -0.4511393866193675
15.47850833939976 -0.26034353977355956
13.854886270448455 -0.13596411704409794
4.88802578445469 2.398586709279
12.241552975728112 -0.5558419765147876
16.056033350937426 -0.2423796796792032
11.02830662071928 -0.3430249418642783
8.023219593937679 -0.38386570453224594
11.291599406055372 -0.4289539014152994
2.371015619306404 -0.7209797006298064
11.990910981832497 -0.5748301305459614
2.760040346565925 -0.804380748570972
10.996304638772568 -0.33999697366971
1.677772472321593 -0.7476425420729788
6.58149076344549 1.9077218923917516
1.705167777299351 -0.7394367855684475
13.946458582661657 -0.14044987102095546
14.350431427992877 -0.487988190811318
10.991772467612934 -0.31291440172454016
1.6592652361823281 -0.72496772417672
10.886878582979149 -0.3117899498875748
6.063985213996001 -1.0629632337306985
5.747486656956197 2.459275684492375
6.531362136098215 -0.8751114397426689
6.467587795348653 2.1821920405188915
0.8362057381641405 0.12274846093174152
5.901007704171698 2.4012414401371673
0.870077978426539 0.10564230507713868
6.466880609128174 2.115805098702756
14.062919705160594 -0.4182509962871338
13.92858662859464 -0.1447673534560417
7.768923693421938 -0.515336580571902
5.845678566022468 2.4039842042443835
1.8311810698251676 -0.5897355897663081
1.712420531783397 2.6610799650676458
14.872060183786306 -0.4320236272410446
10.346228012566542 -0.2828032543582332
1.0715451079600458 0.4483355979689547
12.117150367646609 -0.5989939649736084
1.2852954989173693 -0.1591817830614983
11.174526840812051 -0.41030742650567403
4.097861320657659 -1.403500476042741
10.429724398712064 -0.2820787654048239
3.208472971006892 -1.0818415577113267
10.72256727135967 -0.28265649931892267
1.3374345873195181 -0.15836775185079918
15.829796105485762 -0.02363640736544069
5.264621330733329 2.275063749603369
15.303907956737413 -0.18761803018141848
5.124008638596645 2.316065554044746
4.751014217537995 2.671126282904692
4.804615688673186 2.368752195048939
3.0902191794616414 3.0864432935953525
1.5710161803287366 -0.7064130192928317
19.931351607838124 1.9919328650868546
1.8734316556092083 -0.6978759585848932
2.392364453726641 2.935977680802343
14.18875751165508 -0.5315982793407785
1.780890098410326 2.662850617273484
1.6506922217050155 1.2217906740968454
0.1860819513505625 2.0862299864709515
1.626526031808833 0.6724709068020028
0.7279647034046899 2.27804181200125
1.0806700410799266 0.28349701886801015
17.75247933338362 0.7431599502484736
7.077163432538388 -0.6779549621380333
0.5851186958617464 2.21476263074435
1.0950647922805228 1.1417507368126172
0.3269963501184228 2.114310867404248
14.59613069841229 -0.5102912835160541
17.53842954323345 0.6155623923894527
4.833444300214911 -1.3102022441132974
1.4101342458066701 2.519250519471715
6.398752797425046 -0.9174792002062617
2.1932031848520657 2.813264884320323
0.9793976404408643 1.2636909940487853
1.2226149959037882 0.4877461880859431
8.72704341424732 -0.034430608651227726
13.312456083651446 -0.7230633948507402
5.332214441052712 -1.188775736862323
15.794370381234163 -0.457263811080747
0.23667824768925289 1.4026885687495574
1.28353135196289 0.5343912150611599
15.46925301596337 -0.46958356990940503
1.034728328450574 0.13051352688962922
15.469661504742593 -0.4983152548138206
15.898243003441873 -0.4120246363150366
14.848298008883903 -0.4886266954310877
19.555188785461556 -0.6061726739549775
17.703249603794024 0.40149650608814386
18.832646665052465 -0.13962320634369846
12.523580440414795 1.4425295682198187
18.51532823204426 -0.12773547026895105
16.677308982727087 0.030646901846867386
18.54829526742297 -0.07923043387171838
15.130478122200344 -0.6141369360660178
18.541482091613286 -0.07994912479400976
5.434787460749631 2.2483579406113923
17.396822672870492 -0.40998123920512014
4.208476423577443 -1.3843370086366675
18.512041290983433 -0.09435167562409194
9.067454082198726 1.2524406050166035
17.262477871567086 -0.4890249987356544
18.938983858168427 1.047598781747293
17.733684175786262 -0.2102927087898874
14.227669509748408 -0.6393498804078714
17.298897820572535 -0.4763212586132213
18.024029344472286 0.6303933976827231
17.27294949505223 -0.48731785951531503
1.4776557193679298 0.6626335685414185
18.78644777691453 -0.346324871541494
11.753817674936757 1.079810323897864
18.225025017565347 -0.31101107198680744
13.408907682171389 0.12132864984808715
18.246800681143718 -0.2773664311439791
7.986697069466306 -0.7569718412571769
18.18818711076034 -0.24288995254923765
8.272142226397259 -0.5041868865369826
2.1953716749962964 -0.8979566143633383
9.207635504136809 1.2612660199602632
1.3495162185234144 -0.8671353209823066
9.202663786090207 -0.2612387631847858
0.8909354924138276 -0.6499205682623992
18.159529287801316 -0.4755628550903107
0.6319908611945061 -0.6820257783450554
16.273866454966875 -0.38776453533404565
4.2411581168362895 -1.748133596465655
14.774795422212698 -0.9520313214996696
6.968577435288861 -0.8469409574331197
18.334225330127733 -0.4377981128032118
4.573196858213095 -1.7078343321684923
18.8782875259132 0.9300928276940038
4.581351143470601 -1.70297523246854
19.475168099268508 1.1411902848664444
7.24246511241253 -0.7914186672848004
19.887139302903634 1.1483910561560988
4.972169916774597 -1.5772610457814262
12.27088900647686 -1.146921611786648
6.250245549829354 -1.16884399511814
11.290212826385162 -0.6733364120932215
6.964228672829209 -0.8522511959138521
16.250175259462107 -0.40752385085744136
8.745716349591774 -0.27264749130630045
0.1173698829152075 1.1558499133767566
8.149616933322092 -0.46932480872289367
6.969549725887593 -1.5744435371679755
9.528575881499224 -0.0501049330882839
10.560986301821377 -0.5288256954888295
9.955847669838395 0.1364869682811329
0.10274824626552714 1.2061718444258878
11.04311451989567 0.14540161018318254
8.702788357778479 -0.8850086549205057
10.66099304248981 0.015850017890869213
6.258372448360437 -1.7998957990208215
10.637967727278081 0.02327756665371116
10.606354977081374 -0.3984342045502216
10.722040112543635 0.024381031805076843
7.764424725276487 -1.298145554520819
11.63023408735821 0.1324457548346148
10.87247161871824 -0.4325674398678929
12.357314855688566 0.11398995179200576
7.767253621119454 -1.1507043808992752
12.793886280461724 0.21782859066461263
14.148375824565491 -0.16168506369713354
12.747523548225708 0.21614147190316962
9.528487607932904 -0.5331912009526719
14.296187820227118 0.3489808989819146
2.8625411542841364 -2.3047882423260573
14.369692495268017 0.35514056627202056
10.280662896730108 -0.35895980737563976
15.428215146130912 0.4142097702929707
11.980567521677445 -2.780515506829957
10.102382915325604 -0.08909271426459561
13.67998381283816 -2.1427321514248816
10.22143955189965 0.11601845147160827
13.741527430259083 -2.126712007839123
9.522325538353975 -0.09114756357210113
17.883249575553336 -0.8713106383672634
7.810689286887299 -0.6666009901844357
11.878627024004949 -2.827368490066872
7.78060470434865 -0.6744457945151199
11.775468704189764 -2.8657047464265832
6.052974587974252 -1.2750507096293524
9.221276448095397 -3.197881895490112
5.5365930437176685 -1.394393700897048
9.353033215246947 -3.1899191671252174
17.80973239011145 -0.2734084646248367
12.99469563620965 -2.44950833476963
16.44024094425448 -0.82477320874515
5.036859819076751 -2.073375302343015
16.545904136465932 -0.41793277156006914
6.664841836757162 -1.5393950411714303
15.427917238877933 -0.9679046162681009
6.1868996030095476 -1.7775866054562026
15.44176016531756 -0.9446534754022691
13.073424743111271 -2.4296829724868343
16.38837806334632 -0.4873827413019597
7.730213432558478 -1.0762735387642592
15.60055157377747 -0.8753392698918125
9.503407900775764 -0.5509884899852002
16.342493631697867 -0.510077880303838
7.6992199663740575 -1.207742502144688
0.8145807604410272 0.9707634108218317
2.4905926733303745 -2.1239767047786664
0.6122746416759064 0.6714708214587358
3.9995183937112744 -2.45752489193855
0.4497826526905111 0.5471847374022931
7.875267175828962 -1.2133810337151107
19.834805493519124 1.3088705728748808
6.451211550462564 -1.7343217195940424
0.10866363270936574 1.3511453859521418
11.464987783503101 -3.1776402468928833
14.746348915994073 -0.8582344877510335
12.46462874142774 -1.0239250331506131
0.961806533699247 1.0864397957894574
14.778943631926794 -0.8740837075613501
14.65998801043102 -0.8462096663860864
16.917810582220948 -0.28085217157726894
13.4908635432458 -0.85520618514884
10.190434015004108 -0.1619458204187242
15.209813236433304 -0.7326477358250207
0.16604910519069427 1.4264844729646284
14.6957052124938 -0.8113389772983769
18.23387881621979 0.7215122894900546
14.680604361987552 -0.8362820177339093
15.800394817529526 -0.24463751562175884
16.653342162265083 -0.25298585987627176
18.209089378283405 0.6432261406676009
16.30243611853645 -0.38001321066641325
5.88692552720298 -1.6334829291987196
14.529181869828456 -0.8354751841545645
16.414302884175495 -0.6148505274793252
19.699552869702234 1.2818693376704353
15.45690008563997 -0.8855453037843177
16.82993398779505 -0.22918533614498968
9.47867297297382 -0.7742328634455087
17.933064305405033 0.40969320583186775
15.895377902883157 -0.5466028684500235
13.634545509533105 -0.8535259553414272
11.780713541687422 -1.3015282753916144
15.634037626794223 -0.5982631403036283
17.010086419369983 -0.2820134274976309
12.938918253813647 -0.974075549514219
5.860638528164734 -1.601507324799274
16.218833853805005 -0.6152652127731261
18.120743197410867 -0.629073637468231
15.46173012578212 -0.9664415119730305
11.158892466233574 -0.7569847653727705
12.961849800595969 -0.9741015598264302
8.118316539729229 -1.2719495994908332
0.8067629757610861 0.8919189659927709
6.469118723030083 -2.0251720204644523
18.663649379770703 0.8460865246358484
4.700392373668789 -3.343990784711509
16.78425082443126 -0.3219426302152414
19.55705962924233 -3.807197342184379
15.226151348476558 -1.053788964737753
19.42965785520965 -3.8216987275850256
3.715851689636574 -1.844167605555936
16.728408048617002 -3.6988094274544014
0.9195051100413654 1.1682330661285252
17.287208812735237 -3.5515865939751285
0.9194940153679589 1.0930923725310093
15.677523827585903 -3.87915096465417
13.744960725035147 -0.8720076771858392
5.324700099720825 -2.5821337619412197
14.602612631099063 -0.8654922615447914
5.998038232619529 -2.226615847822256
13.609303102156602 -0.8579103245615274
17.232113197378347 -0.15130811129834748
16.677075836550493 -0.3848013669137875
12.438568425553903 -1.4666252528209727
13.91622651746939 -0.8815534747153371
5.375837869894872 -1.6004709664105559
1.1828463072941136 0.669683222951277
7.2397253320130535 -1.0018197245193823
15.38312688567294 -0.6630469444706548
16.68853726915886 -0.4202684268869329
19.48888380639681 1.0231992683722437
16.475494315409314 -0.5068108951535364
14.97084662471279 -1.152487426589706
16.56898119664761 -0.46005670455739245
0.7461551526592125 1.2224979410527426
18.045478259160593 -0.586112022051164
0.1956519092876517 1.1869127071140653
1.3969863876335258 -3.319335592568938
13.387980745076884 -0.8607552465817285
9.834352414211823 -0.7041763428110314
1.539244559560499 1.0655054515579405
10.005710650237775 -0.7078528395998742
1.0253552715636607 0.4111172259461492
5.444856389472172 -2.5858227518596704
0.9577915620149213 0.37873787034234985
4.324167002196784 -2.859041868297959
1.510262761806004 1.1366266970067889
8.760571084699123 -1.0047447816713444
0.7588486092888775 -0.027863683409806918
8.59988943037783 -1.0238888551689946
0.9874730082388123 0.3588091664274965
19.962318854876678 -3.7763147136059634
0.22887245302698153 1.3708468974347994
6.468667689878454 -1.8363946678628045
0.48308589961065557 -0.12877462937038708
6.185172077536594 -2.0189464641355075
0.8106227314925835 -0.05071803336457811
2.670229649346214 -3.7882561743835406
19.837542064037912 1.3293948426833888
8.413210934799366 -3.5228604100773397
0.9113089669730545 0.0003990469099556665
5.191379100467901 -3.2453773189737576
0.44745697956569175 1.381086353825326
5.959199271933033 -3.005846655301428
19.39941944045133 1.2222142302414376
5.935016049545188 -2.3115100020309223
18.49848379365769 0.783074045482136
4.4627822370023225 -2.9176838871631268
16.321729879987522 -0.3155480136650748
15.587041399869344 -0.8089944689553634
15.545828388574646 -0.5619179647674244
15.649595906416254 -0.7769841200457258
15.996195123826043 -0.43512049487654253
16.629734059924658 -0.42610317395589936
0.8356011084889363 -0.011572273718484585
15.909856289574016 -0.8088270920886362
1.6145377110438617 1.0955280083203853
16.68318245948419 -0.3843457211182162
16.688064854892527 -0.1859835501824837
15.868488962620592 -0.9355667492136301
15.345270367849825 -0.5826378612010557
17.70390139070504 -0.6234383478592158
0.6069001281377093 1.356343453936539
12.406955708688368 -1.4400431006242047
17.208196859818685 0.02045923433452962
14.195769589874354 -1.2037446441196553
15.037472331846178 -0.6766536245906041
16.387839381042532 -0.5472890836362114
15.068190944776067 -0.6670714709130174
15.925350740838145 -0.8932749202127137
15.519603279028203 -0.5648923487846882
14.485941620275687 -1.0131326766089737
14.651621005999308 -0.773849487287224
15.717523483256143 -0.6115270564401131
13.779871004292959 -0.7885603787995061
14.825879023189215 -0.8605705393094003
14.35948458054644 -0.7952592725512753
1.5642067706389113 -3.3295535909664
13.296263608037533 -0.7726912954073514
15.612354444166947 -0.7900650146400445
12.936060037448788 -0.8174771682291331
11.704053575522625 -1.3010803409172762
12.910150849719999 -0.711554634360561
11.146991998152492 -1.029626133455542
12.648941793018158 -0.7840218153054938
15.863523595454067 -0.6567205341519589
12.4683603005393 -0.8084238883489638
15.667402510224237 -0.6289739719939991
9.91270586965507 -0.6394401943498772
13.657408646775691 -1.1995593534792528
11.26399029924336 -0.8271663115466249
13.555253102130951 -1.2131437989559086
10.292408049516311 -0.7123004877003015
12.589014511789106 -1.3616876563780878
10.922017657953768 -0.8477227826849617
14.807890398411317 -1.2299411144830557
12.906807139280229 -0.5037980697537275
13.739055845490196 -1.2390644150408203
12.079953377577688 -0.7274459682996611
15.8413962105341 -0.9878418890095411
12.641861359172522 -0.5988348786060401
14.00948286790723 -1.319825467275071
18.306780999358235 1.0783598661299214
18.42452982233135 -0.6068084906671358
11.128540488021418 -0.6567176683548167
0.8045571041010897 -0.764867037042166
9.259507392234047 -0.6987112906953677
0.7784935805438487 -0.8125388633132915
10.90535863766022 -0.602041192853228
0.8186108878383266 -0.8476100712391579
8.235961927397122 -1.1132593683136827
17.918355778828808 -0.6338574347217242
10.505208251503905 -0.49491644569276977
0.7784310448090067 -0.7544849466929056
9.393017090633393 -0.6547607733360751
14.90079946382374 -1.5537597020205416
14.219666092708946 -0.20397180072645144
16.41315337552569 -0.5618501895553523
12.377971501577873 -0.5912726132919
13.05874157134983 -1.3503046613195044
10.653020209958672 -0.5199234576530557
13.871307505427929 -1.2926181197342037
16.292800098633514 0.09495732121749094
10.62606856768565 -1.5141074679911541
12.65649836504084 -0.5946005828366568
9.775151572563553 -1.3821674892357014
11.254356855052851 -0.6619126016079241
9.703554643746802 -1.4035018133231418
13.198945596573502 -0.400953937382768
10.201046194711845 -1.477011092162476
8.496313731659273 -1.0314950037229726
10.908297732428434 -1.5482786077389439
12.189333676433263 -0.6617141850401482
15.657055134687566 -1.0625753702635425
13.294383597284297 -0.40768465075160526
15.862790069305639 -0.9147713483069797
11.959984426265436 -0.7625231684505147
11.311490936751252 -1.7839674724610108
12.194125176815241 -0.7008971155550385
15.549752557857191 -1.1354151530721492
12.299523247782492 -0.6719759930387208
17.63012186810965 -0.4966575581926544
13.397052363138155 -0.36214322023051976
16.7384982409269 -0.8166143799985867
11.959202158345326 -0.7428111699492008
15.39763314783917 -1.2656229645853183
10.847076314810332 -0.8663963250194405
17.682603274292177 -0.4215614791596945
15.346360711423896 -0.18546797227211181
17.447240695593788 -0.5228940472434909
13.896644440639296 -0.18582790064617816
17.406819063328165 -0.7524980411632889
9.395129438431047 -0.7428847913324438
17.244172996861433 -0.6308540238809439
12.203722291572364 -0.8515505624236036
17.377554182921884 -0.8141378009448115
9.638455961150063 -0.6670824228803617
17.3011330151662 -0.8317947822839442
13.224184806022908 -0.6136188750040169
12.936608739262361 -1.3860690383564438
13.114789115789266 -0.6569920099835966
16.93419015660497 -0.7615741004428945
8.216211865523375 -1.2211918772008814
12.287901468149705 -1.6163858014827182
12.887636820123046 -0.7980069639407534
16.204201246289635 -0.6929456107002733
12.925644837219682 -0.7683823533134855
14.940504317723166 -1.5745917825630649
11.265166819586007 -0.789606026268113
14.935279022320652 -1.5753452847468759
13.204045594911246 -0.8072540582304096
18.100128141709547 -0.684180707756252
13.262693162637197 -0.7893373227238488
18.26888115505288 -0.6342244872045674
13.043862003974239 -0.8406334134073856
17.546382508020795 -0.6209393189421835
12.756765284445873 -0.7629508651738932
18.01223059382979 -0.6530194594127205
15.073183126655962 -0.6668253679206437
0.005044228309302207 -1.0035577314081026
16.215812060746263 -0.36711276527594094
18.460273104243374 -0.7851559682888563
13.04871031031794 -0.7098444292687862
0.16736691262519104 -0.9899298496624587
13.249232141274504 -0.7941398235812561
19.697566678331146 -1.0623572541501667
1.5037490841958345 0.9313225387600361
18.37660395574784 -0.6818147104375134
12.925359675028936 -0.8225370329282478
18.38984585876156 -0.6946721466266246
16.398287948449784 -0.3220768455177704
18.024822971648113 -0.7074200124116043
14.232183155050615 -0.8718761993469775
17.029725401287102 -1.0158952145964828
0.683051107667588 1.2481576979279652
17.151029300220944 -0.9829290585342837
2.594161184150907 -0.9970877900426367
17.503111629417994 -0.8170414290338669
3.534378683291498 -1.8165523593022663
17.230469262971727 -0.945492955548469
13.386495091951815 -0.8615875164440026
17.73628648524068 -0.7348100968352403
3.5656370016414165 -1.79622940918691
18.6058547631779 -0.8249088335779392
5.117113495749623 -1.5419748609781831
18.099331624791038 -0.7306442899484852
4.727241700406748 -1.7061893927841005
18.423391676288013 -0.7800139684119738
19.281281471609862 0.9701501027197794
18.42743973390951 -0.7493435583807428
3.6339597558716346 -1.846802167704443
19.664961026390625 -1.0796601152634546
3.999013552361192 -1.8477805120164972
0.29202454983172266 -1.0014358739644502
4.3515979029012595 -1.8147621970223617
0.16735119945380889 -1.0067246410333484
3.820609788330584 -1.866046721010685
0.7148671603637561 -0.9730108411512031
5.65568535895666 -1.3802592494098433
0.5666332537826779 -1.0121160251606118
6.294495446403283 -1.1996488838288333
0.5582165003457898 -1.0141459008520355
2.8034319981017637 -1.3334243216328
0.13935038533517966 -1.0148184105557352
6.668612891654574 -1.1078573633401654
0.5451279228285376 -1.0021133039855665
3.2393999484056324 -1.5205364570568616
1.4858545550123716 -1.0445230362594022
3.692351434556566 -1.8819817365504286
1.8159241451711579 -0.9831507435852087
2.0574966638569996 -0.9755746726321518
2.0307768544531393 -1.0716340945963758
2.187977691170753 -1.0127665266739798
2.130624450974292 -1.1185416060132989
3.3201308782799286 -1.6408241061851137
1.2109712106932138 -1.058376836337069
2.088291151961397 -0.9890804503053193
0.12635889678437046 -1.0250191254298202
1.7069820891542893 -0.9440304819028017
1.9942415211403923 -1.0527861363960698
3.2859205818109536 -1.5960324429523893
1.982289304732564 -1.0375574381281358
3.0386138090225137 -1.4107147844896468
18.84908813228736 -0.9105819849588302
4.606899073511606 -1.7441393655869122
19.623609444222833 -1.0779724027641504
4.490511363983883 -1.7838008897706705
1.3425301634475013 -1.0694563643761101
2.2290006834640583 -1.0247276538876717
18.85348842886713 -0.9198364626385216
1.3577836775080405 -1.016201513586674
2.760970743183327 -1.3992634164596889
1.312962556235301 -0.991882320702331
19.161202630803466 -0.9962832221645811
1.3187307393923118 -1.0119536845781274
1.634706220541877 -1.0177654612859974
7.192497187471745 -0.952966381858762
2.234024911403502 -1.1635082036687228
1.2232065158164411 -0.955321984485672
2.2607793102753178 -1.1546053243825647
3.993353686432346 -1.8520057508465524
1.4327664450189026 -1.0627303746510885
6.947439655901379 -1.0488135408299837
2.563998758756969 -1.3369808225770659
3.323379684270977 -1.6410560984608764
2.064701269707883 -1.1027260988494612
1.5798748650172378 -0.9561617056699259
2.3151129335673226 -1.1825967469859646
1.837538023705828 -0.9052370376156248
2.5310568997087883 -1.3299778434347374
7.407824373494619 -0.8723491055525515
2.0924033771103874 -1.1032021001071346
7.656270230532251 -0.7582499271716243
2.7248019671364925 -1.4334419517883008
6.987644944710436 -1.0609806398998156
2.72368764250366 -1.4284125856050132
6.689580371460517 -1.194741562230883
2.8293883234708783 -1.4541529452913644
9.19044539602364 -0.37801000066255913
2.4933330106804705 -1.2817147383222833
9.298319429969942 -0.344051638365921
1.432562908680866 -1.0673823134657914
9.20419946460961 -0.3525174139506147
2.5219329959339425 -1.2847521242170936
9.399751471618618 -0.20726659149096655
2.587421926021341 -1.3892557562341823
9.072693138208207 -0.2823226406626735
2.537021777087053 -1.2939310020993064
8.742305641605117 -0.391411786807566
2.709475984149111 -1.3987858932853046
8.70406873972864 -0.3912616014382935
2.1443688031839674 -1.2362311628491456
9.989863776566466 -0.18812835846388393
2.08216758653299 -1.2173483909038112
10.046970259124764 -0.1719350555846253
1.8639907977985346 -1.129329461800234
9.448688440639401 -0.3478797014922574
2.3786261724494446 -1.279979678721591
9.47169464422633 -0.32441959789645397
1.6439443665478866 -1.1029920046680013
9.705566710297331 -0.27981686228400626
1.4087572702552573 -1.163226735828957
9.439372080670983 -0.38311211727915134
1.4618385291407552 -1.149548710202376
9.081770524371903 -0.49815945323418
1.435116763550187 -1.1576685561163675
9.08172153234979 -0.49246531836381413
0.9411058662513887 -1.1575847403469064
9.084536485789487 -0.4946459899112392
0.7533087485576577 -1.1366475457069207
8.520367671489272 -0.6579262120750821
3.568956952135717 -2.0537998273295934
8.620025667106015 -0.6379561248520733
4.935219277886648 -1.937787831279356
14.562359798568439 0.12776105907325733
2.9498974774384177 -1.8050481328324544
13.714105906502759 0.04555124052908476
4.173642471010187 -2.0893080581907313
13.765489237740772 0.05742654394092555
5.177995181551134 -1.838442373132498
7.424326368264916 1.6072352320425791
4.720891070001667 -2.032587170214051
12.216746393705073 1.22796899041038
2.233506616051238 -1.2793536305288786
6.927304584176628 -0.48459866315489364
7.408959461071007 -0.9817783447939694
2.416047267529269 -0.6568230273204492
2.894711518511236 -1.7212041233741857
18.19019222632887 0.6518909697480552
7.21726285637818 -1.0469814384341845
19.06628114436315 1.1688993381949606
3.005494861093647 -1.8798061998991689
1.3209374173726836 0.3314208882695763
2.130650419788178 -1.2531095329281474
1.3411335445022978 0.3334478474674487
4.288699696161918 -2.143316339021082
1.305214085118581 0.3460759117861062
2.550894778188364 -1.4021719589177712
15.917926751233976 0.9407364873112767
3.884048011209109 -2.100181396874561
12.927657843568882 0.6880012315732227
3.848881978668543 -2.1066591370897587
11.325059685830498 0.622125809404614
4.326349325135578 -2.132513914229864
13.16510277835321 0.7422306403434553
4.249468285658694 -2.0979285953088276
13.81502543768757 0.9008888814388951
2.916648535219008 -1.800176431542902
10.49730630711558 0.4609953856930839
2.1278442340860177 -1.2543024346716087
9.403643961188394 0.07471036139012498
0.30414478684132706 -1.2281622944141015
8.87165205131087 -0.058918008502532496
4.880459578949621 -1.9735835129767143
7.825504590708528 -0.4706504665444175
5.39447109665488 -1.7673968006005614
12.319041163448741 0.5963450304347752
7.53937173990168 -1.1224598603981177
13.03968263316895 0.6827150471904153
7.888024444492807 -0.9577969397471559
12.667047767265457 0.5827633358450127
9.83857506284894 -0.2762174526730177
7.517435965497312 -0.6458754188891966
8.742237006515284 -0.6538180796988557
6.137180519501839 -1.183659107099833
8.005794467520523 -0.8923081315278166
4.550073770939649 -1.6067969101205177
7.610335873635144 -1.1053117481953236
3.903721777394109 -1.5269004258893502
9.64527613699046 -0.3535935863930858
1.8147379199182163 -0.8240806629569195
7.367493094801832 -1.1872476266253948
3.163290567619995 -1.1988115024510333
7.34649742537061 -1.1866069544661961
1.2937273921547894 -0.7058440364528078
9.64998709694597 -0.35428669873433505
2.459895822014025 -0.9160145651789033
11.064322646454935 -0.03704230133764791
0.2609856722486508 -0.7067574825694156
11.098025196686049 -0.04451779710452386
6.1959080115572664 -1.1585763880847841
10.672936239888472 -0.1004636901448707
9.270708330243306 -0.03839067823527437
10.16379489555193 -0.2002497366861763
14.626771863692568 0.4995216253277237
12.372653391693513 -0.08759903992769945
10.341796089587085 0.32442025013062253
8.718721602226971 -0.6916732182661826
12.56131814937889 0.43587904053357157
11.996440998323429 -0.07627104204074693
13.20370666081281 0.549146693795699
9.246111207255844 -0.513473599065406
4.263084605550353 -1.6209177012962652
12.396241163534148 -0.14716387371456424
12.120678500867012 0.42938864780743374
12.126185394445386 -0.09572371953215615
1.8270765660023915 -0.7729993746358552
6.746962878587465 -1.3220910888999926
2.963777947788012 -1.053520779433242
7.949052665791167 -0.9282122350197922
1.737189826813367 -0.7758218366495955
7.768334271025108 -1.0387320981685344
0.9933495366677616 -0.4311213162571
7.701641094421387 -1.068603327610667
0.36147415339296407 -0.5107212708788359
7.699769948701289 -1.0701965035127068
1.5565200325343 -0.371881160507208
12.461070324816763 -0.2888498132364777
0.005886949732621674 -0.7232570984229285
9.34201995129226 -0.4811536023988726
0.8580269455050914 -0.5842191381318633
6.755440090865432 -1.331482369722107
16.81571700346334 0.7435253535426724
8.912870644027139 -0.6233699625650534
9.786214938352389 0.14540380140283243
12.423203773959699 -0.25255824475914473
3.206467793116699 -1.137100347793098
12.302994567029312 -0.2109814392537508
6.33334101445909 1.461971150379127
11.01384542546122 -0.04235026465253708
3.2970602340316457 2.953895737267205
10.397719955451961 -0.1503582559083061
6.451637856988824 0.7506429385731074
7.4761926285750295 -1.1791333024976163
6.636548504749689 0.5680298398897101
14.068430569813284 -0.004746842306690452
6.83567143066054 0.720319164523001
5.946847802142199 -1.6824773042592578
6.4842738409514835 0.9444691885499968
13.887992814987895 -0.031070455772645854
6.521015634538135 0.8977758363701812
5.828379210535068 -1.7004909292914026
7.145800243025995 0.8789222803550927
10.074283299434242 -0.2299265121301683
7.157220809760507 0.8848566646322555
6.071600642831399 -1.644305752330391
6.586859327095981 0.8685012694261651
9.662897878130433 -0.3587408043089655
7.5352622324992256 1.295046256914213
12.253295561684444 -0.20854322569316802
6.693423637841936 0.6275694379255399
13.89552903795062 -0.03335223777310999
6.704671976408887 0.6562425742566618
6.792539486608771 -1.358700225713302
8.401293304586535 1.2353001231154457
12.492779798717713 -0.3000068377020954
9.077079627935301 1.1147636316423393
6.149502698328094 -1.6320614792508075
7.759217397359892 1.1933666298181427
4.9877819117587 -1.9441226250959078
10.001369187521886 0.9079003026052219
6.491337293495605 -1.4996910420704561
7.3987391262801765 1.4730094349162155
6.616719711787436 -1.4455897483474556
7.951111014263679 1.2480550978337202
13.955812146827885 -0.04243011867189102
9.874340604389074 0.7179630861604046
9.17582003780873 -0.5580449814728632
9.75745302314782 0.6343525415566675
9.310094797747345 -0.5052661143135733
7.708928896642909 1.2937592974028946
3.8170832353698545 -2.296499646135026
8.794868592330355 0.9863133381301148
12.215359624539593 -0.24983777594818396
10.037662336578721 0.7370020541122682
11.809399288357158 -0.11276622010278525
8.657331269905958 0.26739062411096565
10.049947361907392 -0.23845847329447373
10.891108489460912 1.0974941860770382
10.779391339768058 -0.08370304645789337
10.830306974982967 1.1096525020831236
11.855375795468644 -0.11495625605149007
10.892298718660513 1.1008837182703333
5.678001052591959 2.6181807474794745
10.316071049652605 1.0521334435425498
12.032387306885042 -0.18485355684909932
11.255645578832143 1.2104982504997184
4.846008491985771 -2.0207104717951583
10.358230445361187 0.9935984130916408
5.054868667083563 -1.9163790661362425
10.254284128676186 1.1553255881120064
9.028245001531603 -0.5957363670491862
10.320560202823318 0.974305452484959
4.18891900064354 -2.2494750128939707
9.930755364419424 1.303829796754229
11.55421455224078 -0.07123723442836062
9.107842734912635 1.2336192866256779
5.25125480551895 2.7162963175799972
9.17435124480845 1.214727513492552
3.851933910984678 3.16136873187407
7.990862996786653 1.297412404550353
15.398671517273737 -0.0693406677954621
7.289362168454479 1.5354441751595012
5.553465024857381 2.6706985647617176
8.973741817954124 1.264554358771477
12.109810851277793 -0.19830399464197768
7.893707712408167 1.7175604847992787
12.235056985186482 -0.37750375040411144
8.499275849864949 1.2966493828433954
5.579793953057806 2.6229890084011145
10.339464242750841 0.9844435369397908
12.222120501593194 -0.41036839684963733
16.72578253471408 0.35530744114928337
13.200839848593882 -0.23315718978293581
12.237132132781598 -0.0029468193733242914
9.82617735270152 -0.31247930290838366
12.90124734869626 -0.04043765296577382
9.504669137631828 -0.4409465420116733
14.127591128150705 0.05988538490938701
6.781313415185334 -1.4133845269092746
8.009398482455868 1.3078735865934938
11.406736481121987 -0.1366671883814708
4.259866614170622 -2.062184125541104
6.484852879794221 -1.5414361363052367
11.908761658076411 0.015962929522783012
6.346151250234005 -1.6133651111631198
4.656446321583335 -2.0400921571806814
6.150374129279466 -1.7005236262639285
12.95197590422564 0.03738192120261445
6.189303566065042 -1.6846499120625553
4.523385765785887 2.99087174786772
5.818270137359256 -1.7925015612205768
17.020581972023514 0.49579084066952195
5.911129188527598 -1.7779470724597157
5.346695569856736 2.6877499986342697
8.631125741446917 -0.7433977023262285
7.9426251956701135 1.3563099722788192
5.916417813685021 -1.7729963411368947
8.244973684108613 1.7280319893730853
9.743434114151242 -0.34002580858188847
13.097482874472476 0.01858124713235762
11.514464454800851 -0.240522863246122
7.175614441107174 -1.050964469951497
10.500407837742033 -0.14146292406342675
7.557781436341783 -1.0260636666037533
10.689724536030337 -0.1290814981408737
7.777887540002802 -0.9743742844831246
10.319794064692074 -0.18470345780539074
6.4754096543043085 -1.3923627873456803
7.0658817623874 -1.338963683379273
5.008924251523817 -1.9002909423605954
11.453779709977391 -0.17425417879488003
8.620804138509332 -0.6836527817693844
11.631548768969887 -0.25645908708685733
6.480758777820346 -1.390437917733711
11.672981072041381 -0.2513643948836736
13.26159712491953 -0.13145118617159052
11.349853643020449 -0.09112541558024966
4.443216243565146 -2.006962182152324
11.260034213851792 -0.20327312351899463
4.560402014784765 -2.0185863350617708
12.387106123708788 -0.46300532933927824
13.12756640513031 -0.13450610362467263
11.592348811961157 -0.2475313257366532
4.489099480185494 -2.061647095053046
11.814690266627055 -0.40749061976296086
5.098919349062804 -1.864449152340342
11.952240020136125 -0.4887866729250489
12.105819543734611 0.0038187000010974775
11.850234760471187 -0.43313243757390585
9.078065870478536 -0.5324971812691381
11.797940529048823 -0.2869438567811917
10.575479583410958 -0.06603710439824396
11.93886719241673 -0.4843403821211758
13.2038918259816 -0.13202401295830885
11.915964578112918 -0.4611299011792177
4.070646745569713 -2.0797508415659482
1.7080520793253604 2.669967365387571
13.505697028009807 -0.0734838393523287
12.184405393297752 -0.5118478706060683
8.882080526489807 1.2919460999992785
12.277701235624606 -0.5027016620240873
8.490470404951827 1.277890992719922
12.935536217983843 -0.35491576591031115
8.781816364794615 1.3144751747820442
14.392682984178311 -0.018898565070931204
7.429312791998334 1.5795785481445936
14.381568250765394 -0.06928818918356351
6.636227181243551 0.8034223756832896
14.490318894501991 -0.06607118964658101
6.782252716353768 0.8653992340861095
13.847088264696133 -0.10001180625228286
5.559312581332457 2.398698365372486
14.54385022219309 -0.05898713092157079
15.465113970532375 -0.1250991349667872
12.672712331509546 -0.4329839018448457
5.941165836526986 2.294956921055039
13.745298463879678 -0.139317640363623
7.2389111091777645 1.087295731449493
16.664013291728832 0.3069386659255253
15.718962791390341 -0.06250520514840323
13.495865132059537 -0.1834140921294391
6.673069565415647 2.3575696295322834
19.074233281987723 1.6300996788920719
7.030950849303272 1.886552339293279
13.45903599169244 -0.19005392641606067
9.036029358135588 1.1117858130520748
10.051420056464005 -0.36271045963706877
12.29774219920785 -0.022146277344941526
13.488212688510433 -0.2648039564512508
7.229377764047331 1.9476835866285802
8.370852852814018 -0.9346545098422581
7.232219110212814 1.5754541786574716
13.677794222724582 -0.14650458583123252
7.987270414288179 1.2417727912858434
11.52186892835941 -0.4494483950169686
7.038328414916211 1.1807023523975888
15.136642459827378 -0.23568625772735013
6.8193329846752855 0.949831972861448
12.649503823307972 -0.48798547835875417
6.615206884976786 2.4062317628373795
12.804856990295129 -0.4646132318185161
14.57926935035417 0.43994758286397584
14.137576761872202 -0.14028432732039697
3.623258524278429 3.0273847104890153
19.63746990758 1.8682650433098773
18.351857915927617 -0.19788241175364849
14.6114021949507 -0.17079744442889644
10.12672805385202 0.25124411629348303
14.659616498231324 -0.1686676064102417
18.77315029133746 -0.271958632246913
16.8561369416425 0.38685764783177967
5.906197893720794 2.3471385296541962
14.52132540993676 -0.18248193520757336
3.027384789359035 2.9973075010095185
15.093958812348966 -0.25878839222200806
7.890435420359606 1.211115129020271
14.360257981740057 -0.15228433109683226
9.02944656024046 1.1157627078221513
19.27709281494253 -0.5159133520436459
18.27539547413978 1.0933737434349777
19.632526269204938 -0.5858006376947358
11.130281837042443 -0.00568935272812985
14.613237328063349 -0.1693873748805228
3.476131442472297 -2.0550496257290924
17.7136275431975 -0.1644692373142726
6.462921378989077 2.5113032598277756
18.767882245027284 -0.5418249853044924
8.960239633138075 -0.5675124117707595
17.609884442061535 -0.22552417415287726
7.169489994999858 1.625398534770304
17.286689281427627 -0.5123476746723425
6.57014296143203 2.4268353534504374
0.6730903977880884 1.2246848526665903
5.81424679984094 2.359068357116835
18.018041033193814 0.05392598280917557
8.839217683531734 1.1888060324930363
7.268708722022191 -0.8786593987333006
9.312009843656252 -0.4607487145447311
0.7007344322140759 -0.6962694820968164
4.272644918791966 2.850525807957746
17.961401411903065 -0.0874828807705033
7.0052265005655086 1.1341884063597918
10.719203099266487 0.2572387557260627
6.582974259404516 2.17553845285122
7.060363627267707 -1.7288343195986822
14.800786893282636 -0.18610881771883486
19.685438172531697 -0.8248818116253682
13.251247316440825 -0.7560146425270232
17.159671066038996 -0.34368651540666717
0.11802277698501287 -0.5841130746586214
1.0976037288061085 -0.769485922728659
0.17809141660902225 -0.5867863615976344
3.929091462981253 -1.7286208573492463
10.895251654353599 0.34210556917931034
17.327479751182832 -0.2519310600908803
11.60986871031599 0.21506231389436742
19.300228482880982 -0.6331266178254489
14.625246878118007 1.3514831276581452
18.31049001122806 0.37711198163180526
10.483638048398467 1.1458915406841943
19.2848824556717 -0.7855223324619498
12.846627864251996 0.8567112288013182
1.385805641959224 -0.205344756795675
14.027652025897599 1.3337348389996713
19.508191731384663 -0.5326550490182008
11.92744162842485 1.1868172851260805
18.239284923205588 0.331006352854633
18.32783481763183 1.2110470952335681
19.655304159197684 -0.6689486949870285
15.573741683314335 0.3870481285997525
11.681665797545426 0.6461738057890154
16.0262981482048 0.381445285434593
13.441433241430552 -0.6822267061668603
0.44602338549868653 -0.7156863137443237
4.619183833690043 2.631097582132028
1.4117044325622907 2.603659115486872
4.686252096620494 2.580461970342701
1.8280432648830718 -0.8442486822292204
19.32918753088459 -0.8415809714346015
13.276420214195014 0.30882309496590626
9.06011484585871 0.37914478375198496
0.45845140054632116 2.18927699606161
9.72945771811226 1.2532990046166632
4.995184655738642 2.6556523716869425
2.0601832715614075 -0.3762288633746287
12.78413528592967 -0.5997275397183572
10.059446872904937 0.7077338071980529
3.763707956098125 -2.044351530340209
13.356905234603534 -0.12044826995594411
13.381023127619335 -0.1171162724993589
7.217199026152764 1.3676889940671833
14.78308735451294 -0.0439736183077563
12.612925956946594 -0.18337587513813203
5.0045608003532145 -1.688917765414993
13.371690756722716 -0.11778075112142539
4.814539866198078 -1.7760371325815485
8.475138460781636 1.2814054003324549
2.387132458893136 2.7860096244495414
3.2407569703440235 -0.8439029154198907
3.1082976750706393 -1.7090523711674814
10.253325963185315 0.9258464711020147
16.445976274540836 -0.021665170951330012
12.613717738684013 -0.17963255320556581
17.445784430892985 0.350497843315016
7.765290990374914 -0.9821415564322822
2.5770541877856084 -0.6715319227174557
4.923108003207914 -1.9163091492483113
16.643111135951408 0.112425062932041
2.521482211390006 -0.5920754188008777
17.10152072951759 0.21708934690086648
7.202796014259686 2.021379152564224
7.8242910829333 -0.9239146452432772
15.355286699771725 -0.011085199944750823
17.181071977875487 0.05383522282761696
13.20150587621691 -0.10020105542046288
19.85172282635131 1.9015053731185108
4.03998622707881 -1.9502839103312495
7.833961629419584 -0.7281001983329644
3.039401964714642 -0.7532405600650489
15.608259483834864 -0.3058091858705094
2.083931278792478 -0.36484409458736433
18.209809119569623 0.8057715984163666
15.307715930540585 -0.010963276583075554
1.56562189400162 0.8255214507666631
4.062737159388928 -1.0405274708584042
8.450424078796189 -0.4766185830735327
3.0790536961533954 -0.7899620021482556
7.723836724806091 -0.7433509588505196
5.395949158717079 -1.742032988531169
12.162688175908498 -1.0473175939085682
4.652327987060584 -2.032803667524616
10.919092309488345 -0.9925080749169165
4.802793177020985 -1.1020968778819884
13.57600626275181 -0.7795186007904344
5.690878032521656 -1.6840917206126262
15.17741290260211 -1.4104962285416047
7.065940074034682 -0.4130079596939664
1.2601403759840908 0.546207868987229
0.10370618924227865 -0.9319059148891353
18.28360284396326 -1.5882870361141137
1.3466624814218058 -1.0506011309914476
8.138550786138097 -1.2623768601658285
7.747353387862841 -0.832189484483921
12.659561022805356 -0.8528648048302837
7.7521248274139545 -0.9765215930364107
7.79071702773588 -0.9189557513040666
4.1265787256043645 -1.946930670668585
12.536116157571207 -0.8321855144945541
5.750335162083015 -0.9393577113815649
15.479575708919535 -1.2863645822318008
11.84869662579854 0.050324336841172476
15.641900888222555 -1.1925925413097378
2.3680256643855824 2.886242521310721
13.418734899733089 -0.8042367432889326
14.156414738884136 0.06608736073757694
12.104934308595556 -0.9602785606000016
12.274026636132472 -0.07113740652476216
2.747149064999838 -3.280100301145858
3.3450270437617533 -1.9943501529680983
16.51414621405839 -0.5690607362852034
13.23865869404342 -0.453732135680222
16.45223896243832 -0.8629604681683696
3.2605908863027766 -1.95794859108997
18.85015231390592 0.9370189890464038
14.44136494488453 -0.37621995207634706
14.154692114762572 -1.1215173698712602
18.846778479226533 -0.8867344025637963
14.160372773827397 -1.0999117783491044
14.402022474148119 -0.13300997612774837
12.78203928567445 -0.999064485969396
3.576478740075356 -1.9277821174221454
8.001524122878026 -1.2718624506243883
18.488420057837686 1.2454788486632704
10.931165224191089 -1.000291466018027
6.214640275379942 2.601196101623154
14.326596730424978 -0.639259271426305
6.653166426715488 0.9938858458855432
7.566301926238533 -0.8418723242580319
0.9559433454613813 -0.9126175632471955
18.24183828818647 -0.6428261989447829
18.670961192711292 -0.8349790165208878
5.151764537511807 -2.606746148624962
8.587737042761315 -0.7066068018620256
16.797872312180164 -0.7626823830055022
12.126776133646297 -0.053456282632461896
16.708072671398202 -0.28217710022372455
7.204074892195439 1.5321261734352989
15.673453895280675 -1.1816767732208993
19.578219805521293 -1.0569270681114704
7.259040089091487 -3.538666921224043
7.615747096820072 1.497663706400633
14.808004643274394 -0.5918407017009859
19.59170705065235 -1.0654847621558765
15.586558159845197 -0.8510955312044726
4.460667444566831 -1.9654568598776523
15.867107113351919 0.10919136515163337
3.409565998368529 -1.7806434357394798
5.338624214475361 2.694826472401055
3.168830102760912 -1.9181318592218588
3.1808531012709333 2.8874344250822745
5.041355971470892 -1.8896760615618657
6.7349412912560025 -1.2342224280857206
0.599815741479752 -0.9897988065226514
1.1749627017429904 -0.1060677771154237
6.343201127845671 -1.4603966630150664
14.704079358565462 -0.6342720194575849
7.353841400460578 -0.9687707889348809
15.072291375075507 -0.6097101607954489
5.098613828041029 -1.7719192513956978
5.519772358353463 1.862222489783012
0.7648149282090145 -0.9425608116843123
5.996985115319224 0.006440676626978219
4.316490421444879 -1.9572626555556443
5.852991231607367 -0.17702978219679674
19.546707526133083 -0.9697450957843217
4.188168640648355 0.9306456983821881
1.4631856066600475 -1.0387338958390537
8.821069224659142 0.8964590752530428
2.7519110236396345 2.9727213969005932
7.9645982801705895 0.6595280955674366
6.511003501095447 -0.6158855600668592
7.642321329862997 0.6391648552262814
8.312574478391953 1.2930970425540007
6.185960502350653 0.055537082137293546
1.5107666115558738 -0.001660708705487693
5.243770456571248 -0.22884184278160485
5.060736412940905 -1.6136545275861034
7.442946513566178 0.5896087264381803
18.467371018308572 -0.6039028007562801
0.8266160796299697 1.4760641314874754
2.0581958039381845 -1.0328385070484238
11.207569035387024 -0.9680703266124276
17.714715828727726 -0.3524478042681147
6.638339073028365 0.16243359857950468
7.999691808796075 -0.8768895328215148
6.028246043569982 -0.1144761752293521
18.92471964228708 -0.8786955971896738
8.546529136487369 0.8699471758882967
1.7562677538051372 -0.9643189094576562
7.243192832557187 0.4811843184188599
2.843892179456293 -1.3840103068732135
6.8144314572192055 0.34053813539418437
12.143384652358225 -0.7969875328990472
4.76555512773613 -0.1111076108185928
7.243615650569015 1.8845625524606955
7.430472434449736 0.5854396441997242
9.60268690420426 -0.3502916944413227
6.974773240801132 0.5832559895305965
0.29753209505192624 2.1363509366085442
5.4164973547707795 0.12132536946099616
10.707596127831557 0.970674206548218
5.824271519402794 -0.16301238340314675
0.6568904609911281 2.2537324372561756
16.98042668478867 -0.17317262554424348
4.794992593810665 -1.8522292529535855
7.279952483627428 0.4925291272251814
11.97892202708178 1.3028037409578164
9.63912678072194 0.9160275299015382
3.4439130074084496 -1.9244945012230321
5.696290510785829 0.5674226023361383
14.71850078143436 0.07472010899269646
5.283772468304136 0.36559780561880617
19.797886888465936 -1.0136656368167998
4.155419036363712 0.9330567433248335
3.8023808874349174 -1.5681366013337212
8.480500417120714 -1.1155700659944034
3.6173940230982877 3.0194316313404306
6.157800336743552 0.0512079249492474
4.854218251761714 -1.827983880007792
7.383312255987607 0.587014858763289
17.373025590895843 -0.5692991843641766
7.0561539495844485 0.5573862049715884
3.768822186924362 -1.5583406747396447
5.761272955728262 -0.05334891546268221
19.89768356460523 -0.9764831452258202
5.151418965524614 0.22727708586324802
0.2717555040372621 -0.9415391128075067
13.606849708673888 -0.36574056981975184
11.312388702475776 0.31564305861891095
7.879270712353059 0.6410402824149355
11.664515748253484 0.2960515428236454
5.383173117873349 0.07159713943503594
10.701875231437509 0.2894522218366099
4.0272639555959335 2.7331701080951047
12.302553126665302 -0.05692101632128687
0.7322748309803215 1.3609069697058904
3.1344881177044894 -1.2135240569943777
11.30699472489842 0.057685109972016174
19.581242003033548 -0.9615410066784984
1.2327834705172847 0.6362984124100738
4.475876881587438 -1.6967179332454358
5.151991901113196 0.22065261789038404
19.26971277194537 -0.6504580122636368
16.200197858552418 -0.31513854153851883
2.81166526957867 3.005507962990238
1.0431378098687378 0.25893449891021453
5.413730064084884 -1.3851646584646649
9.146519721997452 -0.05368893368863015
3.340391033603636 -1.2428243682757327
8.664997200770115 -1.0366329973920683
0.4332420651679787 -0.564981241024542
13.613299587790545 -0.38294588767525445
1.390047744150443 -0.2735331230548117
12.985830288045452 -0.6142936552294382
18.76012897789499 -0.26956229482271316
13.481153709190037 -0.4416297172413239
0.030520709506743973 -0.7680280302366298
6.130848447944972 -1.086352607583654
4.58428662700597 2.677332778325708
0.7336354253318946 1.159140941007208
14.86414079737832 -0.18558151971004233
14.899446515195491 -0.30977221052237935
0.9186248613336753 -0.4879506757684865
1.2637073059516042 0.6559457983054608
6.765572506927421 1.0524554271943851
14.500206730047967 -0.41810324015841704
3.9744581330574187 -2.020995490676418
4.015030802847192 -1.3726157046689307
9.52129372112679 -0.3874054336985165
17.381380539090234 0.026556258363271038
11.924192988270434 -0.0006613525024892347
17.234391583410627 -0.21316967416958227
4.01952741942841 -2.026556793324927
14.715874552602779 -0.3890647087529877
2.4184788667851733 -1.149903524949933
13.954759567487413 -0.21789072925332548
15.696001202701831 -1.0590653267551613
6.103642643797987 1.284086874404844
19.366334537688527 -0.9034829588483009
6.263683629782133 1.9701466422270906
15.708137664642917 -1.0730358061531635
17.44270047826951 0.11542602837833103
19.714971158044072 -1.0089784098204566
17.874189174335523 -0.1877025754342622
3.6880133714930436 -1.9303658882173493
18.204870217747942 -0.3953535370420065
18.42044652001648 -0.6178197254735287
15.655170542695938 -0.11107951675677884
4.161875826397919 -1.9510678466742981
17.788536209188273 0.7679542139913538
19.232224696290505 -0.839674737670524
15.180073081813497 -0.2764529936947867
19.159361944996476 -0.9149801496651566
14.90303087557488 -1.1270260546884248
18.992281485612242 -0.8090595594225035
16.026183036035658 -0.476343787190413
4.638526443374378 -1.9190776393743847
18.38061003361911 -0.3560525772691595
8.53327590807106 1.266754808229186
14.714675227809638 -0.7681923528622497
