4.0587589835614875 -1.86887378936506
14.80801757046244 -0.3521695708882108
5.085178311520209 -1.7760420353380164
15.655716684985089 -0.1323736106457542
3.935674931053253 -1.8989729618271012
16.401484368845523 -0.5440335569838787
4.242958175243029 -1.9023664680871413
16.20442940187338 -0.7105298028877696
13.098994615221166 -0.06725857564883382
0.35922530443508227 1.0828652029683046
2.7085058265365487 -0.6529845149233919
18.470825551342255 0.7244366858491743
7.749307761523019 1.6205119838643853
0.5842244473198624 -0.04968194621696805
5.033297741098382 -1.790604713880022
13.792462196867586 -0.8697225636509203
1.4106443158657465 -1.1398606470597654
12.758230221166894 -0.5832672667160631
1.0594732478844597 -1.0001531563764714
15.622696898459443 -0.5960553145820948
3.8345135225105764 -0.9292299764788828
7.3933536590660545 -1.6818960393688598
8.50652419188702 1.2054284267169613
0.7363464923496161 0.0002921972075891621
2.222771091031286 -0.5612125873877037
6.379039261243584 -2.201398257352172
13.067467122695689 -0.03574779721685415
10.999869935011352 -0.7716869247393587
8.944262005305713 1.2429064510108505
10.836769319547638 -0.7410450341180863
0.8000219463709151 -1.010338672669723
8.895582971823293 -1.0027966837483062
2.9697473807316204 -1.5358958225756696
14.752602627088569 -0.22296173154069257
7.315181107383753 -1.0813618766159327
12.38989989743435 -0.7999410799574406
1.7463773361654962 -0.20089394695279178
11.952357432854765 -0.7788600632757191
6.79362350107567 -0.41953566652108554
10.875002530761305 -0.7464107325735051
1.6161186486146022 0.7348019076628362
10.203535350908652 -0.22540399466226865
19.10470308152754 1.228360280650621
13.391271171872578 -0.7255675299666785
6.350095908142484 -0.5758097833035443
10.251403032256443 -0.21489666483919287
0.4622492456371603 -1.3438305136895485
9.346856937760023 -0.5821739912696512
17.432101040642177 -0.21898064486331836
10.890878689899194 -0.19293722978980443
7.687659444522406 1.3875540966825324
11.816028519775381 -0.5150909851863485
19.481790695106703 1.3802647127544614
10.98116996504699 -0.18355864072737416
19.022768966717962 1.1731749496010564
5.3556414276153035 -1.8803479953674673
7.699618720558777 -0.10590786327719798
10.802189028622324 -0.1990602341110269
3.066276186456881 -1.5701346851646154
7.462723879306274 -1.3402195487893613
6.699178781940786 0.8165996359567422
9.049471209755932 -0.6545993431459451
8.813371246093237 1.1174020213989464
16.514610763745218 0.2203173662491538
0.8344049363081627 0.92756858585182
8.394322166402022 -0.9823163497717338
15.221934940258054 0.042871192651400325
1.4591320159351215 2.622334126388184
2.314595103235386 -0.5459912727238481
11.93003151555349 -0.7807416972362383
0.15940027974900448 -1.3035183030179993
6.2748518068269155 -1.7660991703423894
5.344002337837239 -1.4472271438493627
5.992863926485876 -1.8530317280271333
7.699420191462966 1.338395612500053
11.566113344666347 -0.44614531585184075
5.736139987584033 -0.8359598544683952
13.662249486226516 -0.30941133053112746
1.7854367500785526 -0.26847466505240386
19.257879633356538 1.71610153200669
3.6430355150523064 -0.906894683018481
5.131228424231053 -2.0825577778989466
3.075699192926473 2.9428897868984145
11.074470412442071 -0.3502875226804021
9.473116961434716 0.5067894096170481
17.948925383335943 -0.24219278562718843
11.711534970532758 1.4181637767328927
8.050798552157751 -1.364885755866225
4.122049407429365 -0.9361284457847616
6.822378287270817 -1.9497697004474546
7.943768343209162 -0.607035134227046
10.912936059480401 -0.7999314186713479
1.9415874240618218 -0.3904543489163974
12.960838610348587 -0.6987419278681858
2.3391024606836393 -1.2973988911908767
15.808827817941353 -0.581625910457398
2.50813250178487 -0.6731414092366355
10.353825395340243 -0.5962344029240628
8.6972702732686 0.3309511316866488
9.646008874778214 -0.6968444198324069
18.861890295014366 0.10721938769173261
14.412018467604387 -0.7834681700331085
6.655409358022619 -0.9010275083097856
13.686814122572148 -0.5316336467687902
18.58935815800566 0.24932425508989522
0.11189720003390491 2.160687632073309
5.384475291090785 -0.8904042377179104
11.983371402408608 -0.743160254265116
17.554641165155736 -0.6403560588325934
15.916860570486401 -0.43523322876606324
18.27290930963701 -0.38659576497702053
8.627177636484715 -0.9166882171828141
8.406280216771817 0.20147391033503936
0.9676626978478265 -0.4270484147548661
8.568776913293961 -0.09330210105089601
12.209180367438252 -0.6093664132553045
18.426923733991234 -0.4371849263877703
16.898310323494496 0.42024931972798546
12.0909227857566 -0.4453265984993193
18.746901718539167 0.23040495351261847
11.541455387872995 -0.027802435585921548
18.929547836344796 -0.3087474713481413
5.924392594435076 -1.6199499101791448
12.528075526113417 -0.7607554950803583
4.471934546870824 -0.9261279794623776
16.41903072778473 0.16515971600657897
9.881701111035232 0.7053436919926951
18.376330073809175 0.30137182718948075
17.46901067618088 -1.358788168495526
17.778487709209834 -0.1357043858387637
16.833276636206886 -1.2576720257791154
17.692663394029204 -0.3328811025445345
16.84439582833433 -1.0251845174688088
12.571159216866272 -0.758137998879947
6.3113842841442525 -1.5506034080227205
13.863166739773343 -0.19945849863777967
6.54004561120335 -0.5048521780549351
12.514363211653512 -0.5348210541879129
9.439403546646801 -0.40677353438940167
17.74844727305252 -0.15086288157642166
19.034702516024932 -0.8154846331631967
15.051995096391753 -0.253609873631077
5.124150784355071 -1.9407459058664323
17.621934911799364 -0.15388471614241575
15.180690183360678 -2.1766511103541575
18.410520864350598 0.2555024740113976
5.157556672152895 -1.530914569754228
17.340456006915073 -0.42184767154712444
7.46738711112933 -1.1789560289996532
11.48317647265056 -0.35343620411384546
19.03457159220352 0.7196294778391573
7.668998772720708 -1.236819456880793
18.725737382141745 -0.4837664051607652
11.195064694916601 -0.2955736908650611
6.901968712971687 -0.858942641176388
18.258507670442793 1.1178108535917457
6.560583026074328 -1.4094335897697405
11.023474719754851 -0.1653982656876179
0.7684854826945468 -1.2237271268497072
10.817641960621055 -0.1816969948543966
8.665380475455619 0.29619246184163617
10.866811507018562 -0.1691404280654491
12.961866784653017 -0.6659982070783083
13.83097854198986 -0.1387574407282053
0.5064178459778769 -0.8452904239366056
11.621800271425606 -0.39523316524060925
6.801131757427706 -2.0671654470941205
12.53608623836798 -0.44696676559823156
4.439390887026768 2.8778315060552573
16.37143361489014 -1.696082766206192
18.955835013825755 -0.6891995054541111
11.464247152868703 -0.3575980864458876
4.405484927111756 -2.017632325554264
10.198479006102328 -0.18745952996905937
7.522788950097269 -0.975968381525901
5.923768041697897 -1.6820323381030364
16.91893105080481 -0.8549740309409278
12.45901534506193 -0.2483670832627642
18.088494720021913 -0.3097218786268975
10.695289383616636 -0.08149993130842842
1.3203924995244356 0.8949920227938656
18.23007149867861 -1.5173167195365658
4.617312256278137 -1.6803181895872479
15.79199338934472 -1.9513468245396715
1.5445932179567818 -0.9930214125158145
11.39566479591124 -0.09213530460753208
18.50043364924291 -0.40556089933269535
2.4527785228075403 -1.3827848447704796
0.7080060682466823 -0.6901437128292319
3.3475366190196088 -1.9280820380270824
2.0388920274507063 -0.9852822151061238
0.8835837655591134 -0.042565368489429836
8.108365540520868 -0.4244041582098768
14.50371899767358 -2.3763840856411087
18.343098431476424 -0.14727814261206928
10.978972558889803 -0.06978482747853758
11.897081978482086 -0.3127952456624746
10.8812958377608 -0.16318887202847215
16.951841726927732 -0.6774821432092214
12.98163938630427 -0.4200627024797818
18.51999881546997 -0.3870640751720405
11.422080943012517 -0.06350600127273183
4.54899629725349 -2.111118268054514
14.364796637410718 -0.14915777946387387
7.363164750774797 -0.840433748460415
10.788361111432996 -0.1550749706970671
18.47688978574877 0.02082664138763568
12.209682031105233 -0.6088727166410701
3.7080269786302487 -2.067996839713171
12.247301468012763 -0.47539366949137435
14.202607735458368 -0.17181324040425278
11.395470147831551 -0.3387074096701764
7.907029705098349 -0.5747822056599259
18.19622963632022 0.0633559769698098
18.24168525220847 -0.4336290522906301
18.82380943586033 -0.15897120187568767
19.397927991216687 -0.853376759801067
13.502600306495768 -0.31658680964603103
7.49738621885853 -0.7978160211365924
18.69310815317286 0.2098000300045293
17.18843613336866 -0.4315405750114759
18.676066628682097 0.16756856701115153
18.143420431144097 -0.3390084714043431
17.134958315048603 -0.6679793343571431
13.459220977087469 -0.5549870602377164
17.973152519998212 -0.13494279500220424
19.23113541220402 -0.8378656105664007
12.986107389567442 -0.4270269587172629
19.38694125986886 -0.8211586149745985
15.166787563450958 -0.24215206048773688
19.721837833983923 -0.8463662428356185
16.86433355225323 -0.7759840066526198
17.50559156502753 -0.23926470293866003
9.310638521069816 -0.5512473407241858
16.881473476066777 -0.7237539676346278
18.188983657811082 0.13451715542041787
6.531937656961995 -1.4408529003258839
15.199726815139236 -0.23677855021757827
15.852300561217056 -1.9037002667428196
17.912291768687524 -0.05752135618065568
18.16316682340191 -0.29824311857231933
10.228033269563513 -0.27953955437093375
18.969169271584033 -0.6347475308978071
9.765606082505645 -0.40259152283851324
14.346435537401725 -0.03732700090656489
9.462176726548016 -0.5478090742723979
17.61462423025427 -0.37978390450991506
11.67871735430839 -0.5723451541221646
14.895961075797002 -1.6537136346070294
11.803400566452368 -0.5350561428317249
18.48967595970132 -0.39917829532888405
10.454455452479182 -0.20037988515791683
17.408708340907385 -0.3669054887233464
12.051698512282659 -0.6138442061920238
12.716376297142121 -0.4653691240997377
11.433542123647445 -0.25275886745434384
17.542603145527814 -0.4379046372535036
7.193276988336574 -1.4386534366875707
19.60282663651913 -1.5246655590417124
17.551206438501207 0.6799653650541115
17.006245250178004 -0.6244124871055562
6.411376597435084 -1.7380510992039422
10.39192698505049 -0.1378265849371712
19.185249226439293 1.69115796628223
17.259307547437988 -0.5791484548156994
17.438025804563228 0.5992928297346981
16.137949405033552 -1.2654220888874996
18.892118614603895 -0.30370603868850593
12.635724011345056 -0.6549953554030021
18.292207784806056 0.27397782602409687
12.395374612187604 -0.45212176238107993
18.881625269256435 0.14672111636967394
11.004588652454547 -0.08866743861465767
18.941556216539425 -1.6029368059245797
8.19942798462976 -0.893806228536096
15.776311364759298 -1.9736105399409747
19.244052553953747 -0.5625705490254755
18.01088561986888 -0.04065724802271736
11.84531785063168 -0.5647450684242336
0.01645787326908632 2.1157204469285324
18.25707240492983 0.2622075139987865
17.9906035164293 0.9639215053288022
18.06921315143611 0.14435401265571743
11.063463516849916 -3.160232214498273
17.602212145108094 -0.14972480292929627
9.587562697793118 -0.4250428374429507
19.252617429535896 -0.5938077203699703
18.7188166177035 0.08185203575385042
16.26417016666617 -2.8098671669882114
10.046581512379225 -0.6198343665075473
18.86865365475141 -2.0683442097095472
12.673179014761814 -0.6205989231889291
19.35495751986231 -2.7352055582516335
8.534553643527483 -1.148214108287728
18.41513992843089 -2.435205360927702
6.777492966534408 -0.6786541573924432
18.331433374633374 -2.4650453304348696
9.159514407382467 -0.7828661975689906
2.642999081722151 -3.4367933754122504
10.889418607227222 -0.6898402555726638
11.251173423703442 -1.1362361007217683
5.8231925869004995 -0.9750635693756768
13.729232065150962 -1.0551389882586684
11.490072653528639 -0.6820882734494385
14.114187376406356 -1.099581124301252
10.227170745402843 -0.5101357512706194
12.918047475049622 -4.529738230859414
12.623650837450764 -0.8137520846976778
13.16187303870208 -4.416635896068396
12.791485630837819 -0.588148684130747
11.398700639444176 -4.881437130859055
12.951033508143023 -0.918583413912728
4.735205550930864 -2.8205341018857393
13.010886044801335 0.1197602622333582
12.867551068588352 -4.439410674246396
13.05739335031546 -0.8376277543161621
2.1832330602954593 -3.341829622192548
9.929149115941069 -0.4606819801840805
14.513079139483208 -4.173174489533956
3.811729076326829 -1.1195227356904325
13.930232846033707 -1.0900442314594192
16.336871562229046 0.11553854274252741
14.182192563297425 -1.0111879753384214
15.182517998974284 -1.1218100588316153
19.541997878747704 -2.7539389635273963
0.3954900112472872 1.1041003106139058
12.820160290183097 -1.1218482084404522
9.147103695762883 -0.8702591482650315
19.285140016045045 -2.482437762668275
18.151769959950496 1.0735654626773428
19.9270211638522 -2.812371657238265
12.272829853092272 -1.1415311352153965
18.581277767489382 -2.390374137949546
15.245227168634107 -1.0956086290033153
18.87793206770843 -2.4315813736808787
14.60009978785995 -0.21764107489223686
18.129434786106053 -2.4215568023727028
9.42577492578715 0.08413678124871535
18.959837272096546 -2.3868343986573852
10.419553010033383 0.4799798415110523
17.88550838373847 -2.4779384164531866
5.584522091275201 0.06887344029900891
18.45953748503733 -2.1251750964867546
8.707809245997382 1.0210045921159605
18.630114007210516 -2.146808333179925
6.791274052363549 0.48934880580753254
17.870806964634244 -2.177791325828206
9.232825345157472 1.2480491341305695
17.524233878054947 -2.279446024855184
7.7369093639356254 0.6122953852635928
3.8891900478022885 -2.0281415181980633
8.128718759984265 0.7338839719909368
17.491363926988836 -2.272777970804156
4.511783419558772 0.25295228234568906
4.1044758283363105 -2.2913473080097346
6.404038163608079 0.28037163899592416
5.859322321326122 -1.6584153282341536
6.457489862122853 0.30625788884399485
16.941715019711676 -1.484974291652625
6.777917682989857 0.34527495591277707
12.486800297639675 -0.7724972146928198
8.66703178856228 0.9538844919425025
12.073635241576724 -0.5934729626478642
7.837993534088201 0.6815686465905302
12.306204485188927 -0.5363426082579719
8.014425614576414 0.7234853749208345
19.484135342005757 -0.6207302319987025
8.235408216377989 0.7385409709558467
19.736796542598753 -0.6289854606720345
4.167844061035017 0.5813448900007206
11.519986428465279 -0.2862533379199474
8.188432603051535 0.7752794907728998
7.476871844595549 -1.310217314049479
14.851457793112777 -0.8884421552976169
11.801687384694882 -3.0054722080762772
15.521973039028245 -1.4100039083367564
10.789795309303566 -3.175704375781906
16.624270832433098 -0.8684151335136197
9.632108273435495 -0.4142548881398559
16.525985696433693 -0.36288447376184396
10.259447905713326 -3.2565550763663804
13.711815778008475 -0.8072800400594061
9.060801732008512 -3.2387902612881145
10.865179753351192 -0.5448583254348022
4.174201065480615 -2.3027249710710103
5.439185008526906 -2.0329131470957487
9.357889018804173 -3.2688545468974852
18.853623781622687 -1.6708153669557695
10.737352918879743 -3.162005449227044
7.69486628063503 -3.497596279445691
8.793123961162287 -3.1355633279688844
7.745064120608201 -1.396409966774272
13.488624453550013 -2.6441526922813643
12.706676588785745 -1.1201381473232925
8.800060107058501 -3.0870321016055233
12.320476874891504 -0.9189017532111649
10.177688194568322 -0.22594151887990593
5.056029644582649 -2.1671532863617338
9.926207831102689 -0.29511472492639484
8.849294560138636 -0.9466026726764154
10.21745392690737 -0.2141968387468621
14.608750235036043 -0.8837812185982478
10.31047247335753 -0.24762962491690868
18.79220203187988 0.889369529389583
10.246230514691739 -0.2595785046329726
13.369277298286935 -1.2557789185708874
4.829448727351174 -2.212088378957337
13.817355424039008 -1.1922985206724872
4.075443234379581 -2.403132666960373
18.011930774543707 0.42930502198104564
8.300149402300226 -0.9240822329765648
18.40343519330306 0.6698550651937634
11.384604060295546 -0.4069212262218285
13.531446185324256 -1.2243963574648873
4.643023559323123 -2.270939656947143
17.073906229666118 -0.16508868929738646
9.422761619390663 -0.5937587919363739
17.15679342024298 -0.11756746846071243
11.22972333363201 -0.6171086001435542
15.156883851661819 -1.5982665442203754
8.466330740882869 -0.9597876830323246
14.684022436537305 -1.117641227834227
16.655376991807454 0.25796649386248904
17.729488924477003 -0.416513233056497
16.045900119808483 0.03342735633145813
16.93788086033218 -0.49503346366759177
12.458827688347245 -0.6361551743746735
6.131600824483573 -1.5039209580521529
7.956975174212706 -1.379669333826236
15.074393117797813 -1.6475229174696235
7.384897464208208 -1.6462245141705838
4.170263047032027 -1.0147572689539865
19.213814576622138 0.9025006881816204
8.350374465880122 -0.5030371714712494
15.110848086768625 -1.1018788347723036
6.662101796066656 -1.2019756435893234
0.7473064203701711 0.9210639901116999
8.404438436378856 -0.5069890508125214
17.629782951855887 -0.41065219738954606
1.856190223888404 0.6322450038627239
15.184065582198008 -1.1546545528740955
8.504020512980428 -0.4564922426871781
0.22994314657128742 1.0719760971551646
9.704070522789651 0.5457954282940255
15.428850055935152 -0.6767853140755555
9.799498182899162 0.5552089843723497
17.557524138113518 0.15607254743476529
12.993120463439567 1.3466481912341164
0.19208292865336266 1.1432357972973022
8.595007696522014 0.1364420299822877
12.797877932452282 -0.8011103787426103
10.197652881583776 0.8023880585552635
13.364166275404642 -0.9012497465677517
11.747085487601264 1.3716576405018448
17.10937595107375 -0.07027823244772965
1.414498263463249 0.6408126041736403
0.16742446511419246 1.1382178368214166
10.079734972954705 1.1926561925783
10.91444742253693 -0.8627962205208597
1.0467308389550003 1.1109864401113791
16.431455676781553 -0.5826473757542902
1.5821748238771483 0.3701614865202467
0.5186397892259067 1.1188139599372866
1.7791483294874677 0.4882929892593699
17.483554731436858 0.14533144600964132
19.750099679252525 1.365580430223873
13.217360309766793 -0.8707985906914961
15.374711007406411 -0.4954736510780535
15.887998069765546 -0.8711588577609386
9.315785054274668 0.3084273058249307
16.741823776626557 -0.6370151369988349
18.675396844792438 0.886118404672481
15.60177021179291 -0.9693576975829743
15.653673672429054 -0.3953501295115172
3.967598988121349 -1.5572279511696638
14.5943479301413 -0.6136997159942456
17.97439137819961 -0.2497675496735172
16.425936243998063 0.03379539610920376
16.008946326866063 -0.8219524862502211
15.639861621432871 -0.43724206585885933
12.836304574335907 -1.0728721356399578
17.604232091610136 0.47225245403271576
16.389228619252822 -0.6109593882840213
0.5733821016196985 1.3158180061315496
17.598679090083618 -0.42698858067770895
15.641064626103502 -0.4356621533872563
16.65056945474029 -0.46143438494840294
15.154563704662204 -0.5023602475039975
15.106267456760698 -1.1316621000553568
0.15448696641554557 1.3852751245413009
0.39039490344052813 -0.8862521188665796
1.0475489584225766 1.1282193880337164
17.078211824678405 -0.3261640517973957
16.5728489397305 0.10866955136093003
15.242928982025518 -1.1482368150579512
0.08912431668563059 1.4093961996529931
14.665855779289142 -1.2423568587657243
0.9083301665024845 1.4402509474892364
1.8352401441338664 -1.0305970877738242
8.192947423137532 -0.05982601324081186
16.937298963079442 -0.44023526945123564
8.276964904323773 1.3395198600569018
17.548852847170206 0.018507288771335326
12.189211864757722 1.4724347762106378
14.801967169046009 -1.2304569769938714
10.99985103637662 1.1252177925657627
7.488613099078949 -0.8785743051341609
17.48215806481412 0.22936418181893176
18.51873685802839 -0.6452985993451457
17.072691084084646 0.2336835313183005
3.4464121745238496 -1.2642111103038254
4.701121672796297 -1.0597861812827776
16.292668552320404 -0.6648504396251884
5.4580825620977445 -0.9992148309392155
7.020494540726232 -1.0989029461459499
17.167536349950346 0.18804463584108277
1.4108554637106354 -0.9312411198283965
16.043290394743327 -0.19764312947400703
3.533741459680114 -1.2793928349857715
15.464891950638215 -0.45009195686834225
18.648230180190367 -0.6112773316501164
15.297610088126214 -0.5665732181158747
19.16334334526027 -0.9007550092566075
19.158312693749338 1.39456122431723
18.959408694109946 -0.8442068420054
15.566322063466119 -0.4374145140382015
0.3211378575938097 -0.916366705356415
16.201109653219934 -0.21194387497773862
0.7892630822136336 -0.7918336693666856
17.155753398789642 0.17986992461487605
19.803148847897752 -0.9890762518147269
18.121855774070106 0.7683196975986344
0.26538429969955074 -0.9146990535018634
17.908432005008144 0.6285558010751167
18.65886281662494 -0.6182033944067568
15.341307388712778 -0.2984357690460445
18.91409644120502 -0.779722415501783
16.01265272354477 -0.24200922869413088
19.14760623369795 -0.8746808829273174
15.285203181528074 -0.45981252472875
17.48277642169742 -0.5068415694010971
16.078502323590538 -0.24757081478974718
17.29555268023807 -0.6128528169234783
16.315258636953374 -0.07625330983496606
18.00190070379977 -0.32790737152232463
15.235907390191112 -0.3333517286859937
7.135820010260567 -0.3090241324663273
15.245245703798112 -0.3322152499594493
18.94203257668802 -0.8465562725867372
14.279817279976479 -0.7142336791370577
0.2816899483408706 -0.923908015567294
14.911221317009522 -0.42044961555925736
15.929454030109824 -1.1515490247717044
15.571940869836961 -0.21887926821504994
8.674635989696801 -0.5666921755115758
16.517436557876593 -0.05240698526718243
19.94128992717556 -0.9988935653769816
16.262292345875785 -0.1081676689458005
19.753922437008658 -0.9914839914597251
14.382672409828288 -0.7054221658095527
6.9948231195842485 -1.1110660027848842
14.820593748469605 -0.5953738900853823
17.03082476264384 -0.7402673093371931
14.822569502421736 -0.5819785222346862
6.688351858935192 -1.1961210748673683
10.745985500448597 -1.0252398280145907
6.897941844170231 -1.1402922184953723
15.242943543791924 -0.7825705610064144
8.616112074300466 -0.5894792373255525
10.757779400018823 -1.0286639358271328
8.987131345320151 -0.3148889011610123
13.93209629342962 -1.211805319186954
1.6195590300712037 -1.0704822886680894
5.803343061824703 -1.4793361394932578
1.9085213384375672 -1.038442112640776
17.259286577268924 0.29485957941557384
18.62447131836348 -0.7564073849843201
17.85434681346534 -0.574175212198103
8.127172301764208 -0.8141737070475199
11.589252955612615 0.10185924608630847
8.893442679814417 -0.4642654050183094
12.592764516996754 -1.4913144962763587
7.1429044138934605 -1.0393479149722118
14.182651729495161 -0.8975176142190814
9.001789510034131 -0.4990149154949928
1.797180031866387 0.5026907422571193
7.493979459506301 -0.8809276358358892
16.752060381409148 -0.8751822739701733
13.017009543690705 0.12631970757307925
9.047087645426023 -0.5577473408822635
8.08641511366835 -0.8041013451162052
7.287100624597854 -0.9967533625123465
1.2023259006609428 -0.8580425982533552
7.198148051396652 -0.30395187111425964
8.771610205331319 -0.5039509427429889
8.000513209549506 -0.9070970126252517
8.85037430838636 -0.47837292240322504
19.43322803417643 1.2781875634334285
17.48658079067023 0.6984355217933583
3.198719212069359 -0.8480196527078177
17.73634385774539 0.8397715973120217
17.889179059791697 -0.4183094216755499
10.93784699085077 0.020424213743495456
9.395419238611563 -0.829002251999526
8.931805204082028 -0.5210842215464596
18.07368310515911 0.9053498069538035
8.857524876492473 -0.4868404264531041
4.537854616535338 -3.031843689864886
8.47112697883614 -0.6908918766119999
18.30337174205481 0.8689343451869067
9.909313298446014 0.6650124289881969
15.821160814446188 -0.17182718430890195
14.859006235580342 0.09545307317525482
15.858548758200063 -0.9497006945681103
10.774804560168695 0.019270920886177545
16.242515876080493 -0.7328805392851652
8.190762036479217 -0.7335394961720626
16.106670244871204 -0.8271173110876736
13.438265053194131 -0.02874052386995795
13.093241618956675 -1.3233507339816293
1.6574039160429126 0.23726900592963024
12.92574543162774 -1.3784382651127807
11.08743786946714 1.3076280089641288
13.59969293690893 -1.2509243895600857
9.986906396367173 -0.18425429655106068
10.924852532747181 0.9981408722007112
9.969481931134803 -0.19004326965409118
6.693604291712961 2.261977321609184
1.4117230322771592 0.6444054301911767
6.873424174806999 -1.1924966206660625
6.3231569111277315 -0.682320024985229
17.170799149726694 -0.7102463276267131
12.17015067680981 1.264656492940961
18.00663538389223 -0.6627164856686683
9.928589367360734 0.6076211126767812
1.687611244849326 -1.1268445207691162
10.605382932193608 1.216526066562966
17.910976691411314 -0.6455487259056816
13.344860558072726 -0.0780401630469391
11.342513560559517 1.210346116356807
5.999172310990897 -0.7963857310069546
5.164407066723957 -1.7044316128883645
11.418474827948845 1.0887342191520981
5.8999018264623 -1.5759059653514698
7.848307028730582 -0.18576324803275523
1.0779601137017674 -0.8959104945422025
11.087012034615269 1.0443345322570015
19.734916333781186 -1.0117863816510342
10.99748759806994 0.03928044551365667
16.145147303057332 -0.9335665867760017
18.093970456208254 0.6433453764827124
6.621685726257198 -1.0538642198468977
1.6324290585592722 0.13343667684046664
6.235338496297037 -1.2270139173573897
6.035495370443974 -0.7823244416280912
6.286684261555157 -1.233403697275677
5.820466785201371 -0.8176663669224004
19.912986257501593 -1.0158151674274896
10.493024482181122 0.9432827776861651
17.450418788895483 -0.552356539972294
17.486460593584408 0.27269704163608877
6.400765884008901 -1.1955478722546535
17.366875829289473 0.2560965821343081
16.081774830801688 -0.8450374109553013
17.793734369021905 0.45138533845613527
1.1264120337392236 -0.8995941660344663
18.20356975301368 0.6850239206235973
6.311559585039433 -1.2247709318754751
19.290248642643064 1.2088013136213664
16.708426699236934 -0.47208418784705963
17.321963524916104 0.19760610504569795
15.219043140289003 -1.1920899247124999
18.28784616459318 0.7466026405499535
17.871942130417043 -0.7218118803317024
17.691892865138897 0.4508927342526772
17.595448076806246 -0.5288152266234509
17.55485146613279 0.36604863300944845
0.33754937746149355 -1.0419722254934687
1.7795176550053866 0.6106720848789163
19.400494297505603 -1.0183529861654612
0.36664472152173866 1.397333199995781
19.02514590550183 -0.948612501015078
18.458286431505847 0.7898401012238601
2.8001641755620033 -1.3247858536966535
0.23680438628118775 1.3885102131131895
2.6954421921411913 -1.276901119872303
17.75180876657278 0.4715025238166939
19.05733371752919 -0.9826408290401097
0.6178586101632596 1.2501158517575806
3.39526175003488 -1.881612837674991
3.816779320095284 -1.0152816222463665
3.4382793673887138 -1.8441257397977486
17.42038244719552 0.1688381557010893
3.3174097894420145 -1.5320122007994679
1.4882957533724086 1.0029682231075592
3.370045948640355 -1.5565109758986526
1.1167286347818182 1.0061649051206076
13.12127313022289 -0.2279580493420963
7.865612693269476 -0.3408435863389979
8.511587065298682 -0.739659607994772
5.085318391938856 -1.24285449438214
3.3762285858541645 -1.8547250423218073
5.201619873393312 -1.217221051567426
4.069392267764705 -2.008859614517408
1.2112958527477002 -0.12615253826295647
13.669237824996385 -0.05826401219444155
17.45986386812804 0.19185500790325966
5.132765502417918 -1.9200139705960528
1.255874733828222 0.6314490325437576
16.326770584559032 0.18663257533154373
9.67700622596746 0.2721884379533758
7.325774906580084 1.6913186370029094
4.949332387728892 -1.2688736088119235
15.986708714502006 0.0694380443090309
7.017189309827201 -0.5659683421052129
7.101190894104105 1.6080945344538977
7.499175517210566 -0.4460817942495878
15.315303791925611 -0.06624415378701594
0.9063954974582925 0.09172945043761506
5.23791169264429 2.7222988846299607
0.9229258777513825 0.05715912097146444
17.382609071068316 0.6356115273248749
6.4351359575322 -0.8128818274855532
1.186882486118408 2.5808825959629034
1.1712248163043415 -0.11562026975592338
12.991213922493404 -0.3247426854586201
14.585985884266464 -0.68739586561808
12.758578428829791 -0.3003881100840658
18.317111592437417 0.7045070954852648
1.8757627048410663 2.8629294007573383
1.0842746792364564 0.3903128699456089
13.229627575968816 -0.2324717639520915
1.2120769466687429 -0.20810620166073696
16.281499870240907 0.14950307269628918
19.107103567067245 1.1042426199495319
6.39198598101736 2.415976562563657
3.9926834873987205 2.522663473956934
7.217167362563083 1.6170708315554647
5.317909491035527 2.2925631775345234
12.799078655219104 -0.37966386634271143
16.154258528610935 -0.24620278529885012
6.547560559054614 1.6418780804151292
19.79438823737493 1.3094491313266627
7.0858195247974765 1.4606978576906644
18.22660163400638 0.6813139748802526
6.629326763807616 1.891684579725448
4.246056657561415 2.488631566690053
7.120241720013495 1.4922709408576091
16.327896813378807 -0.2979602730248694
7.170402315744001 1.4639028184214538
14.367579221735452 -0.5380763220876943
6.467479348198843 1.5387631137723687
14.521117264480099 -0.5052802733508366
6.335520496081024 1.5464173550255733
14.647982489418368 -0.5038263185163051
6.32420007454434 1.5937594102815977
16.69098080450302 -0.1568029445519919
6.2515326906522635 1.6389413278570384
5.22390429471243 2.298953675827374
6.44746372841769 1.500858667241402
4.703526387691057 -1.3204760797694386
6.247577020711575 1.5518854072600932
1.7827078912988388 -0.5056449556627007
6.522322705327843 1.4810357652070727
2.4570249005527605 -0.8508723028755725
6.339343200705527 1.9937991665938766
14.538594671610651 -0.527165481697603
6.504719885366715 1.478145177813698
16.364750015536636 -0.2677440961281102
5.079017610406048 2.6547433777723684
3.1213942507315995 -0.9315916388120271
12.892582126370836 -0.43656232530409267
15.530583826716182 -0.2595315883605751
13.88346864647669 -0.1522696214091275
4.401135221326136 2.486289890203517
12.348102301660727 -0.499156268915564
16.106395701525756 -0.2625610846379053
11.093223059608288 -0.2987629762561733
8.098736018032797 -0.366898921565648
11.37376822346851 -0.3859975482418578
2.523202802774036 -0.8150992582392771
12.100386605719093 -0.5091035418460639
2.9254560791126107 -0.8580442867327875
11.060615484022664 -0.295735008061605
1.8374360368604319 -0.87131451057437
6.1882031390126295 2.0478914915854487
1.8631901905372836 -0.8631087540698388
13.975938109485263 -0.15675537538598502
14.44750279972383 -0.4789485559367701
11.050666798473998 -0.2686524361164352
1.8143938371419153 -0.8486396926781112
10.944492915921561 -0.25526616569748306
6.264877130763309 -0.9225050212416517
5.247256062303452 2.5612631336389704
6.698545658072992 -0.7819657450900829
6.019406141290364 2.3223616397125886
0.8176313742521801 0.04799190899417035
5.411844011172165 2.503505086971571
0.8549248456854992 0.030885753139567505
6.031976343433113 2.255974697896453
14.147248046311859 -0.42569054262400396
13.958929651905263 -0.16107285782107125
7.869257653297012 -0.48217768681452006
5.355798613248339 2.511279059673347
1.959738674842338 -0.7169732903151922
1.1888733836753238 2.55913473825791
14.958079405485528 -0.4254816106596232
10.399454809594099 -0.24618291193991731
0.9888386767316588 0.36618884534876217
12.231570131072457 -0.5366085558853892
1.3252449195300673 -0.262932048905572
11.252966363243264 -0.36735107333223244
4.372364528420463 -1.326130203447838
10.482413757070018 -0.24007677356001317
3.4257076054768123 -1.0835678051932032
10.774206784568879 -0.22614474138293164
1.377221201690076 -0.26211801769487286
15.835844773294093 -0.03583471778555539
4.801270876544696 2.378811660639143
15.341273688729338 -0.1823219123794601
4.652854433090656 2.4134732538937826
4.21023349447106 2.751185898301488
4.324309783177402 2.448811810445735
2.4795789999392768 3.0023944670731217
1.7223813739941314 -0.8285109982717771
19.54122480892882 1.8862259386176685
2.0235215842736145 -0.8222411556393341
1.8153253810959382 2.812145156759529
14.294627971769833 -0.5248707648035085
1.2572543041198527 2.5529408627007193
1.4153858826910883 1.1083569202875285
19.77607084604843 1.9940454019006515
1.5010836462538746 0.5590371529926859
0.2776931433657266 2.2101238614884813
1.03124187234458 0.19203386606227962
17.607152886353212 0.7028215371404265
7.207847175307607 -0.6256262094766368
0.1467592572182781 2.1662683366885642
0.8726899731923872 1.066994184875046
19.90760649911962 2.0543792621740513
14.697426440385433 -0.5002110328839007
17.41659251241506 0.6008848793167397
5.087360096345359 -1.2072878044090714
0.9132448302777312 2.4371037668515223
6.572046209855862 -0.7954296108496621
1.6411082287344954 2.687601173293885
0.7325812713727653 1.1905393980931107
1.1323369933248548 0.3962830352802126
8.731597198123605 -0.007079308346474487
13.45818843663142 -0.7363162190699885
5.56176183762406 -1.0918194963102879
15.887144529785555 -0.4694621215008617
19.95961285642139 1.3427569635193608
1.1845006886922884 0.43860547698011554
15.563176509306961 -0.4687716184964205
1.0158968581109034 0.03905037408389869
15.56933133506707 -0.4975033034008361
15.981969317040123 -0.42422294673515126
14.945637844221134 -0.48208467884966627
19.68442372875934 -0.7040986323857389
17.626255845595686 0.3611580929800966
18.8715746396304 -0.2718222247162557
12.23045545740049 1.4992152758190422
18.549948696138536 -0.23677279491560937
16.672742811161875 0.011294704741529188
18.573214724237797 -0.18826775851837668
15.253030188420325 -0.6079599661475712
18.56654528661257 -0.18898644944066806
4.976939540485202 2.3508955607036097
17.480094368371024 -0.4246587522778331
4.4790131420978305 -1.3029528632057095
18.539984996148736 -0.20338900027075024
8.815509504682169 1.268380860211804
17.360575925865263 -0.49238011586867503
18.740333081567094 0.919430370206818
17.77904826056353 -0.25063112189793463
14.35509029007658 -0.6326223658706014
17.394455126846225 -0.4796763757462419
17.902385589903293 0.5767904773795999
17.37070612150634 -0.49067297664833565
1.35406333482387 0.5527238139686534
18.86671608453203 -0.47852388991405126
11.533520706512657 1.1293379721424104
18.29380277757284 -0.3931492348071698
13.385646965513166 0.11151564658183248
18.308849512982643 -0.3595045939643414
8.13683472090641 -0.7400050582905789
18.243340646880316 -0.3250281153696
8.371512101938624 -0.4886606531117899
2.383999518554761 -1.0047901412569424
8.95448413342023 1.2730191017401222
1.5319950785253178 -0.9805690747916236
9.253259130000488 -0.24181033207375668
1.0272054810135467 -0.7339935203855084
18.26121740442951 -0.5577010179106731
0.7738124511854569 -0.7513869086528431
16.353057993559588 -0.4055224463183051
4.584095573882222 -1.6640601082328041
14.964816182763645 -0.9454893049182482
7.132923420338404 -0.7905635014109165
18.428723408458445 -0.5308235804217845
4.9072655652563855 -1.610383007714352
18.702643159549794 0.8056352704490294
4.914448030573902 -1.6055239080143997
19.25690730448839 1.019113970326085
7.3966462774574975 -0.7451250239713663
19.6654615001792 1.0504650977253374
5.27937524890899 -1.476237952127663
12.49594301436933 -1.098898551351866
6.472562830554319 -1.0374262255998337
11.421203735300036 -0.6287477399043602
7.129636705574898 -0.7958737398916489
16.333318661159495 -0.4252817618417008
8.797913509999075 -0.2452961910015472
19.889672222721902 1.09591830814656
8.242359464330969 -0.4563866080251649
7.279531183662801 -1.522114784506579
9.536256985414306 -0.02308083236143183
10.661859654264566 -0.47231393755283846
9.925531447640553 0.17078510598340282
19.86856949346063 1.119365537208949
11.010345648375187 0.18966357579128756
8.877672948022138 -0.8641132680212698
10.65293125225706 0.07236177582686026
6.60864591088434 -1.6927481195694534
10.628420427292765 0.07978932458970221
10.681150031336843 -0.34192244661423055
10.712272119528043 0.0808927897410679
8.021547916167165 -1.2718097475380616
11.599410032746757 0.18197340307916104
10.954241449656717 -0.3760436556778011
12.329897795959823 0.1706756593912293
7.994661141060003 -1.1175454871418933
12.748835933799665 0.2401357896349362
14.181390979198756 -0.16912461003400373
12.702810625315937 0.2384486708734932
9.632782153067168 -0.5060527296149434
14.225942444677333 0.3557084135191846
3.325669644926896 -2.322150503365106
14.298215186260212 0.36186808080929056
10.349121004361146 -0.3223394649573239
15.34521531802796 0.41950588809492906
12.532340308578576 -2.732492446395175
10.116651166246244 -0.049371602432886824
14.109762890072046 -2.154330485674788
10.194836341816705 0.15460877222589064
14.168102478775818 -2.1383103420890293
9.538215168365822 -0.06412346284524906
18.06210892220255 -0.9297823789166504
7.94127612868488 -0.6334420964270538
12.439010447354931 -2.7736457281430944
7.912760507012368 -0.641286900757738
12.343230623906207 -2.803319337338364
6.2962839999212905 -1.1345924971403056
9.858415969238283 -3.167948537186431
5.805978539015564 -1.274794856780237
9.988450689537654 -3.159014549977532
17.86884900800397 -0.32701138492795995
13.485716977173404 -2.4627611589888785
16.606593348283145 -0.8428845569165541
5.443617081602421 -1.9785937082273681
16.63088845305758 -0.43604411973147306
6.966715374886228 -1.469111327969338
15.621477729294075 -0.9662762988793847
6.5309654058021245 -1.6461688359378965
15.630670427560533 -0.9430251580135529
13.560481011618466 -2.4429357967060823
16.48715698008289 -0.5026322753696401
7.942734784072023 -1.0431146450068773
15.775989810621388 -0.8766420702758677
9.611261903716535 -0.5238500186474717
16.446148443549262 -0.5278539192299113
7.938035110563689 -1.174583608387306
0.6258445125986007 0.901402280514044
2.921389001677089 -2.188600777129154
0.48336879357102 0.6020074561787437
4.484692688892038 -2.376140746507592
0.345554161383803 0.4802293832960451
8.115437462558498 -1.1870452267323535
19.581291153052213 1.2031636464056947
6.790237128407615 -1.6411760249414562
19.84549017159922 1.2643390787352031
12.095846142520713 -3.1180689971552233
14.917610309795293 -0.8516924711696121
12.666859414465739 -0.993595046207879
0.7504404042830135 1.0132881998337828
14.953374869690077 -0.8675416909799287
14.828499013497842 -0.8370769513441123
16.97560385901201 -0.3005500204596533
13.663703567195256 -0.8753535088114553
10.219489325243764 -0.12532547800040827
15.35618490955395 -0.7273516180230625
19.884224533079816 1.3665528677344319
14.857242077743082 -0.8022062622564028
18.09444435396806 0.6610097239117525
14.84712983532394 -0.8271493026919352
15.850643706989121 -0.25683582604187355
16.705502543044496 -0.27233805698160996
18.085312145796166 0.5827235750892987
16.380077392195634 -0.39777112165067263
6.201921383063892 -1.4930247167096729
14.6955143919293 -0.825394933522411
16.538575358147536 -0.6301000615470057
19.452194266708993 1.17049623295539
15.633988713559354 -0.8839169863956016
16.877393897499662 -0.248883185027374
9.631175850606652 -0.7470943921077802
17.855560589206213 0.3560902855287445
16.006186324337705 -0.5637950217491308
13.807018182438926 -0.8726659288423781
12.035782687496848 -1.2377058838444646
15.754060637720507 -0.5995659406876834
17.067441995731865 -0.29399353394009387
13.133774485899488 -0.9726309653782477
6.169266262395221 -1.4618590897941406
16.343525527885532 -0.6330231237573855
18.25181831932916 -0.7013481663974561
15.654997995339247 -0.9648131945843144
11.306667456438205 -0.7140284121993289
13.156711234744252 -0.9726569756904588
8.371238957861364 -1.2564233660656405
0.6337956168844717 0.8225578356849832
6.866719350590837 -1.9441760090604876
18.503505444884016 0.73704919998919
5.3609436535891986 -3.2429676910577454
16.850262192949923 -0.3416404790976257
0.32528816914563596 -3.8860073109856916
15.436895679195015 -1.0528252013937307
0.2007866721930841 -3.9005086963863382
4.0803179227808775 -1.7826418311274905
17.469135190776978 -3.711160508099043
0.6917803265573184 1.0950814701728506
18.001207041561454 -3.6031860174402564
0.7067973706034151 1.0199407765753348
16.455215922966175 -3.8985970035213056
13.92075181309173 -0.8883131815508688
5.832341261398538 -2.467842324106777
14.774948568677955 -0.855412010912638
6.431909883885317 -2.0951980783039503
13.782686984997357 -0.8780803807898467
17.262667874189063 -0.15466322843136812
16.755599318737406 -0.4041535640191257
12.729339142525973 -1.4362952658782386
14.093215354306295 -0.8889930210522073
5.6875205345668105 -1.4974013915868511
1.0561808977421134 0.5782200701455465
7.436037025418981 -0.957035588627274
15.515743053928784 -0.6622349930576703
16.774154163340405 -0.43962062399227103
19.294221214915535 0.9011229538318843
16.578158862916197 -0.5220604292212169
15.201068789037508 -1.1463104566712594
16.662555746363246 -0.47940890166273065
0.5070859152588392 1.1527193160978915
18.167568659217107 -0.6466145876294661
19.961741690346887 1.1269811018838687
2.070892812155075 -3.440135057575886
13.56185053008539 -0.8785010334184652
9.972168854232415 -0.6698782051087615
1.3350777984131348 0.9555956969851757
10.143730926225471 -0.6681317277681654
0.9491071546488187 0.33636067400857805
5.952527694962592 -2.4662239077428594
0.8880193162208393 0.3039813184047787
4.888477216465969 -2.7615905438438184
1.2910504864050445 1.0328764311627152
8.960063584520153 -0.9888045264761438
0.7698377802927787 -0.09722481371759464
8.802550060671187 -1.0029934682697588
0.921686503227701 0.28405261448992536
0.7228278511089591 -3.8443979878323717
19.95817539602207 1.3109152922046026
6.828512846918878 -1.7553986564588395
0.5142291416715937 -0.1982379946503793
6.577509852065031 -1.887528694617201
0.826741666439887 -0.12547458530214928
3.42979163221456 -3.797815609845289
19.5799228696093 1.2236879162142027
9.115780706168387 -3.505409925997932
0.9172044858654512 -0.0743575050276155
5.831668973552122 -3.131085881139315
0.17583279630602835 1.33259205976954
6.548917084694655 -2.874428885783122
19.16505886624095 1.0969876263588656
6.38561731997254 -2.1710517895418753
18.35057944444181 0.6849240256336879
5.038786881022915 -2.819213342060245
16.38647811424644 -0.3333059246493342
15.749210676525973 -0.8102972693394186
15.658582364393688 -0.5632207651514796
15.805530357024885 -0.7833042324476589
16.08510563745384 -0.4553018998352446
16.716517903519996 -0.44545537106123756
0.8438908915070212 -0.08632882565605575
16.073109555756286 -0.8260192453877436
1.4044839051852267 0.9820942545110686
16.761614812511993 -0.40369791822355433
16.726824773733185 -0.2053357472878219
16.05709016022786 -0.9527589025127375
15.461804719451747 -0.5818259097880711
17.83210767629987 -0.6701689510780799
0.3409682397116881 1.2884255034237706
12.692409995221086 -1.4097131136814707
17.204398067502826 0.017104117201509006
14.435992252266974 -1.1947050092451075
15.172453245492694 -0.668241946320652
16.49859956624595 -0.5625386177038919
15.201329917965447 -0.6608945009945709
16.105892139533175 -0.9134563251714157
15.63256131594766 -0.563264031395972
14.687652679315473 -1.001905214337255
14.805659973246359 -0.7647167722452499
15.84036652114365 -0.6178471688420462
13.938972632672273 -0.8048658831645358
14.997607627302108 -0.8540285227279789
14.517588458930993 -0.7830568149688024
2.240345779193014 -3.4453253904226973
13.451921541128831 -0.7859441196265996
15.770737829960511 -0.7913678150240997
13.099596593277612 -0.8160325840931617
11.959187986157398 -1.241903500976518
13.051840757793219 -0.7051439928604315
11.349295261973678 -0.9866697802821004
12.804407957311543 -0.766107509177829
15.996189088619703 -0.6689188445720735
12.627490744616969 -0.7780939014062298
15.793567687488594 -0.6302767723780542
10.037511213374568 -0.6032260583816685
13.899087999309078 -1.2186993269802038
11.425747188048916 -0.7825776393577636
13.799683679850583 -1.233313855184228
10.431425955752967 -0.6724300215025452
12.86001384429701 -1.343773350250423
11.087873665006915 -0.8034608170768567
15.053398123991434 -1.2205492908764521
13.006945734432085 -0.4973874282535981
13.988258281117774 -1.25536991940585
12.220063541668745 -0.665060559211442
16.04045243610055 -1.0050340423086483
12.760143706364593 -0.5765276796357165
14.273872235321868 -1.3196489755854925
18.095977021778534 1.0178573005516194
18.55496489050526 -0.7158458153137942
11.25623130388988 -0.6135306531870339
0.9635058397839108 -0.8396235889797372
9.397597241646446 -0.6792828595843386
0.946976681480895 -0.8872954152508628
11.021216486393431 -0.5513154245932166
0.9941082303605462 -0.9223666231767291
8.457014381821107 -1.0937756107068577
18.049724484748914 -0.6923291752711112
10.600208731403695 -0.44522201837535313
0.9353033624219758 -0.8292414986304768
9.521629362598032 -0.6277366726092231
15.211276083234624 -1.547582732102095
14.260011257100835 -0.1972442861891815
16.526825781912937 -0.5770997236230327
12.493477325446504 -0.5551116704204538
13.329022665971804 -1.3542312824358564
10.752113114834708 -0.46341169971706464
14.130509271268608 -1.300057666071074
16.27544726591592 0.07719941023323156
10.9239483635893 -1.4560983788549666
12.773933853079035 -0.5722933838663332
10.048502375260215 -1.3459533532674928
11.383117412504514 -0.6189562484344825
9.981236177869816 -1.3692036756208719
13.280141397361449 -0.4107669406490227
10.493006221840936 -1.4371406259647197
8.700391598877092 -1.0049777358721104
11.21430073617372 -1.505091592571161
12.31705744407095 -0.6050284774409247
15.870107835339759 -1.0688954826654757
13.376925540746011 -0.41749765401786
16.047232186731577 -0.9319635016060871
12.106998657732943 -0.6967965797506172
11.664304672567694 -1.7372860894838993
12.329685530555908 -0.644211407955815
15.777205971337178 -1.1367179534562044
12.429588131925376 -0.6239529326039387
17.73275892276747 -0.5369959713007015
13.471199742876419 -0.37988900706725637
16.903443959402228 -0.836312228880971
12.10227399011257 -0.6770845812493033
15.650737307918753 -1.2639946471966022
11.015805189976788 -0.8156705567594291
17.770221113143407 -0.4618998922677417
15.383296431833962 -0.18017185447015344
17.55309495270199 -0.5375715603162039
13.935199573387946 -0.20213340501120772
17.558594119220327 -0.7671755542360019
9.541366513994962 -0.7158606906055918
17.370636856188668 -0.6342091410139645
12.369413334686742 -0.7948648548243801
17.54165719077035 -0.8288153140175245
9.769399249490665 -0.6389726926986278
17.467960779401867 -0.8404224962519732
13.347913594335106 -0.6234318782702716
13.214042709291725 -1.3899956594727958
13.24640768014406 -0.6609186310999484
17.087457867555905 -0.7735542068853574
8.458850821724798 -1.2017081195940564
12.608624294854124 -1.5860558145399841
13.046617194112306 -0.791596322440624
16.344428999955593 -0.7107035216845327
13.079362430065375 -0.7669377691775141
15.255147353242554 -1.5684148126446185
11.41941165133586 -0.7450173540792517
15.250072758276803 -1.5691683148284294
13.366501419868722 -0.8170670614966643
18.242224677685446 -0.7564552366854771
13.421680301191795 -0.802590146943097
18.402664508263864 -0.7272499548231401
13.21220884901379 -0.8445600345237374
17.67387591482852 -0.6612777320502305
12.908462224687922 -0.7483738038586184
18.147702481358618 -0.7135220249910227
15.206272879246868 -0.6606483980021972
0.20896155245911624 -1.0554929982226728
16.290873245327354 -0.38487067626020033
18.626629401901027 -0.9017453117174977
13.190720318354694 -0.7083998451328148
0.3705613387314333 -1.0568852037687066
13.409179780000583 -0.8073926478005043
19.91709374524146 -1.1491635613671054
1.326418905608051 0.821412784187271
18.522040267875823 -0.7908520350841718
13.089908203797583 -0.8210924487922764
18.537853658127368 -0.803709471273283
16.464005686029516 -0.33732637958545075
18.171174969776718 -0.7679225779899065
14.406032128488699 -0.8628365644724296
17.233693947647662 -1.0229736984061157
0.43880788426885564 1.1786943326479729
17.34790816647885 -0.9862841756673043
2.7999639303684827 -1.073237886935139
17.668259148877027 -0.8456325218891736
3.895128167081432 -1.7749870650931645
17.4200366618603 -0.9541206695164981
13.560531330932776 -0.8793333032807392
17.88768342957528 -0.7884130171383634
3.9223218954082792 -1.7546641149778082
18.78121072906888 -0.9493663908229136
5.417590670002328 -1.4471932668625365
18.25072087720538 -0.8029188188777103
5.060354926271357 -1.6032749530798747
18.588467840010892 -0.8890512930586322
19.098220369494314 0.8382736494084934
18.58638181562614 -0.8583808830274012
3.999237933934378 -1.7938273679381491
19.888714182038324 -1.1722077963408548
4.363079575487784 -1.7757113006893614
0.49757169462393736 -1.069936642837922
4.707685725914428 -1.7254280844663357
0.37390458383422914 -1.0736799951395963
4.188423386681568 -1.7968075124502192
0.9154446568683847 -1.0477673930887743
5.922243963957116 -1.2606604052930324
0.7744728931367401 -1.0814771554683995
6.524222795558614 -1.0775992944722337
0.7664621148381368 -1.0835070311598232
3.0742510980519344 -1.3749274435281962
0.34752252362007724 -1.0817737646619832
6.88275058779047 -1.0268613519362004
0.7509670179475907 -1.0714744342933542
3.54437356274466 -1.5222627045387378
1.703852436743438 -1.1592011502810282
4.064380493899768 -1.8204559621219831
2.023069030835627 -1.1075159406396495
2.26238586521011 -1.087941295582379
2.254877940199094 -1.184000717546603
2.399567517191346 -1.119600053567584
2.3633692928627488 -1.2253751329069031
3.647873875555438 -1.6261247598059245
1.4308771086022443 -1.1656511014176945
2.295881508849141 -1.1014470732555466
0.33657117804408504 -1.0919744795360682
1.9063986725987585 -1.0712681824516859
2.2145730152462866 -1.165152759346297
3.6047052464399183 -1.5813330965732002
2.199861505771476 -1.1585174586765068
3.3229276080979915 -1.4280770455286957
19.042204997990307 -1.0426950653909268
4.94822878723858 -1.6466880411327718
19.84702505737067 -1.1705200838415506
4.839773382547609 -1.6863495653165301
1.5654732321281655 -1.182890118185427
2.442766095407248 -1.125061995177022
19.048456190106016 -1.051949543070618
1.5700757760308173 -1.1296352673959908
3.044957662098876 -1.4407665383550852
1.5203908161812092 -1.105316074511648
19.370436537429555 -1.1183595367049404
1.5301732721133794 -1.1253874383874443
1.8483943689233198 -1.1414374297873888
7.378987895431505 -0.9066727385453279
2.4755464333029016 -1.263842544958073
1.4225014433551921 -1.0625962495662975
2.5005202563174858 -1.254939665671915
4.358264757324948 -1.7799365395194167
1.654405794428306 -1.1774084886727145
7.152160157630294 -0.9924360848077804
2.8373959106633637 -1.401604894927554
3.651169080001639 -1.6263567520816873
2.295020756304455 -1.2150927217996883
1.7811897959580514 -1.0782596846488712
2.5596235263061864 -1.2767163045954353
2.0291001681763805 -1.0296022346700657
2.803053455786717 -1.3946019157852254
7.579091869921574 -0.8339394207683865
2.3220803178176115 -1.2100356270007389
7.804559247102664 -0.7203839387297004
3.0156245931177637 -1.474945073683697
7.1947988662533175 -1.0046031838776124
3.013504395248274 -1.4699157075004095
6.9225232138014725 -1.1244578490287906
3.1243531481527618 -1.4956560671867607
9.264394987429474 -0.35858156955153003
2.7560611465539755 -1.357864835214786
9.365477348916452 -0.3246232072548919
1.65513264585321 -1.1820604274874174
9.273050538673056 -0.3330889828395856
2.7852686089864096 -1.360902221109596
9.438864907214237 -0.18024249076411447
2.8712740646591586 -1.4538798285846704
9.12837432971021 -0.27401446170264254
2.801808964897895 -1.3585550744497945
8.818470858226188 -0.37051639990833
2.9937727456386636 -1.4524494314471201
8.77998872216234 -0.3639103011335403
2.4004349169194517 -1.3365655041384958
10.023939156326964 -0.14840724663217514
2.3346737853995494 -1.3241819177974155
10.077806978309411 -0.1322139437529165
2.1003714271060088 -1.253694658854675
9.515924498235277 -0.3208556007654053
2.6423500605477765 -1.3662005067013328
9.534238681103046 -0.2973954971696019
1.87467782360573 -1.2266639731693927
9.759056886518662 -0.25170713210227236
1.6504958919002344 -1.277904849850583
9.513654621424239 -0.35608801655229927
1.7008415456604162 -1.264226824224002
9.180619078388208 -0.48985127427414904
1.6757437492526461 -1.2723466701379935
9.179431259392022 -0.4841571394037832
1.1798940493590253 -1.2490478931526368
9.182682347141203 -0.48633781095120826
0.9866135859734299 -1.211404097644492
8.649731780377515 -0.6314089442242198
3.9771559295311163 -2.0122345331204916
8.74528455422247 -0.6106048245473201
5.314529967120627 -1.8367647376255927
14.535859610628087 0.1399635166557301
3.3130779461824567 -1.8224103938715033
13.706797476325391 0.025381184300765268
4.585173399441388 -2.0079239127597734
13.755805746881036 0.037256487712606055
5.537765858234701 -1.7436607790168512
7.0986417966657145 1.65757757871682
5.119283851352265 -1.9296727305098251
11.965817045120614 1.2890500275038859
2.4981972233226686 -1.3796879718182289
7.018515814687669 -0.4232239895112605
7.6021226639710076 -0.9436644187526851
2.55540311633503 -0.7509425849299198
3.2411231853636218 -1.7385663844132346
18.06468202802554 0.591388404169753
7.422606892567068 -1.0021973025420763
18.843504610033357 1.0367003198224032
3.3836269432510293 -1.8971684609382178
1.2627663037191665 0.22767062242550257
2.390308847059605 -1.3599430598217517
1.2825570390092065 0.229697581623375
4.7104983475748305 -2.0539822264650556
1.244111966761758 0.24232564594203243
2.8373301573628997 -1.4667960312682593
15.730933596373035 0.9335554889090398
4.2985942113073135 -2.028112185547425
12.789017934700087 0.7069711857311562
4.264723726809787 -2.034589925762623
11.196976729398308 0.6661571130183779
4.745987491590246 -2.043179801673838
13.016697772467516 0.7436752244794268
4.662189388329155 -2.0085944827528013
13.63664947932824 0.8807188252105757
3.278854663705137 -1.817538692581951
10.401380835253951 0.5029973775378946
2.3877412417061366 -1.361135961565213
9.387049480183691 0.09413879250115406
0.5551655619110082 -1.2976256596940938
8.881979196498138 -0.042977753307331765
5.266929404523071 -1.872560419322951
7.916901327778105 -0.43749157278703554
5.739538928164819 -1.6643272257768567
12.195041715337721 0.6563719176456771
7.760435556066826 -1.082578260439192
12.902246390938137 0.6972921085056901
8.077077912428752 -0.9314611327643987
12.548816106369694 0.6109014907440485
9.89079972484193 -0.24191931497074784
7.643418583216358 -0.6077614928479124
8.871544165941819 -0.6378778245036549
6.362142095717831 -1.0426795304222225
8.182999377014756 -0.8753413485612187
4.863934993573345 -1.5093455856663773
7.8280372544102965 -1.0674457597533997
4.203611783295271 -1.4548312145622144
9.713521658033606 -0.32548385621135195
1.990164539573509 -0.9513183635058036
7.601750154068117 -1.1491337005841105
3.403919191037857 -1.2005377499329095
7.580616491580293 -1.148197269682031
1.4431267300869675 -0.8131183015334333
9.718371240457367 -0.3261769685526012
2.650826687403819 -1.0022353931586452
11.06804255723862 0.007219664270457081
0.4075971387618586 -0.7752582514428873
11.103240206623108 -0.0002558314964188693
6.416171770875559 -1.0271586185664778
10.68813719126287 -0.04395193220887965
9.276734057163683 -0.018962247124245275
10.20036021690142 -0.162498603190434
14.525919562501322 0.5117240829101966
12.385554130308712 -0.030913332328475915
10.27357818571687 0.36104059254893844
8.854939105139765 -0.6707778313669466
12.471393642482427 0.47203998340501774
12.006204804508982 -0.010544453340849365
13.093918444236666 0.5505912779316705
9.34715351834225 -0.4940451679543769
4.580578883562408 -1.5368442130634143
12.422925239487313 -0.1110029308431181
12.029310369082928 0.4951152365073313
12.139839736129222 -0.0299971308322586
1.9922869279934714 -0.9002370751847393
7.0056725942475255 -1.2607164152563595
3.1770714085193585 -1.083436920486793
8.133438395983795 -0.9112454520531943
1.902964681207195 -0.9030595371984795
7.9733473344195085 -1.0055732044111525
1.086845034957437 -0.5225844690628305
7.912628403704214 -1.035444433853285
0.469006723755592 -0.580184636158828
7.911075893164524 -1.0370376097553249
1.6399895391149273 -0.4865592745288342
12.51609158867431 -0.25268887036503157
0.15312877861705218 -0.7567313051870368
9.436489835721066 -0.45847235155906585
0.980846101405852 -0.6589756900694346
7.016028062689915 -1.2701076960784738
16.668575141558964 0.724173156437334
9.036203010120907 -0.6108746101896808
9.75466098183635 0.17351353158456626
12.47096672412178 -0.21639730188769862
3.4347541856029737 -1.1388265952749743
12.340571785509722 -0.15429573165452726
6.029273053653896 1.6016193853842604
11.018626928907883 0.0019117009555679118
2.7096599394498506 2.9002931554052203
10.42406521191061 -0.10835626406349537
6.2897390240702284 0.891622515250718
7.708826823015759 -1.141019376456332
6.51274010916131 0.6900794292463097
14.070058080168462 -0.01218638864356067
6.683768831782182 0.8134648591755871
6.271642533015219 -1.542019091770211
6.28360975803751 1.0854487652276075
13.895596458761839 -0.047375960137675414
6.330939312748352 1.0293872328860851
6.157917553192635 -1.5691968507511858
6.964676612532614 0.9442087759357551
10.116718309927997 -0.1902054002984595
6.974910302411693 0.950143160212918
6.388691548093504 -1.5033261756527805
6.402956645600312 0.9905508587827647
9.732172842756755 -0.33063107412723164
7.2730003395187826 1.334965449119704
12.290385137452736 -0.1518575180939445
6.5595742539528965 0.7356170424833572
13.903589038124657 -0.04965774213813955
6.565087965253623 0.7642901788144791
7.0585710296314925 -1.297325552069669
8.152631492121786 1.2548549388095076
12.550032467468384 -0.26384589483064924
8.852670445093597 1.1307038868375399
6.464463475879592 -1.5006437097325014
7.517106056857022 1.233543988519949
5.368359559755989 -1.8430995314421446
9.816770298459229 0.9421984403074918
6.78343673593594 -1.40654534741787
7.099899714106248 1.5233517815904565
6.8984038849247895 -1.3645937369434906
7.698699451407062 1.2832296031081039
13.965687723181677 -0.05873562303692058
9.727822321514244 0.7494663368967223
9.285776625376627 -0.5386165503618341
9.628109318601014 0.6624622717384014
9.409387184559092 -0.4825848634737665
7.446974712478774 1.3321689821870597
4.270893085320151 -2.2244304348078905
8.595378949209655 1.0105037676563742
12.26070811035889 -0.19315206834896043
9.887243097214654 0.771300191814538
11.826870874829032 -0.05358938016202703
8.601520807229805 0.2947419244157189
10.094088764634009 -0.19873736146276494
10.66671786559093 1.1540059440130293
10.791240162405062 -0.027191288521902324
10.603484687911768 1.1661642600191147
11.873285389130258 -0.055779416110731846
10.667230188351871 1.1573954762063243
5.145864644074104 2.723912234656822
10.102244841155473 1.0907237642968322
12.063867616032265 -0.1191269681492018
11.009857379248352 1.2547602161078235
5.2419037093229095 -1.9196873781413948
10.156111242954237 1.0321887338459232
5.43022668236788 -1.8215974720205959
10.019668719121507 1.195046699943715
9.146608938310909 -0.5874281880891552
10.122299592537704 1.0128957732392414
4.63194938683103 -2.1601409003379444
9.667516208833108 1.3319395269359626
11.564474121428393 -0.024312280782338047
8.859662421074264 1.2495595418208785
4.700054447305911 2.8137040174290338
8.930507575385414 1.226480595272411
3.2197990789316964 3.1592459297528896
7.72857997258671 1.3325869098247367
15.412546430194542 -0.06852871638247762
6.9769341590002165 1.6007306707401636
5.011115005741262 2.7742554055026765
8.719159292573075 1.2869505273721948
12.143981247983593 -0.13257740594208012
7.5467576009090696 1.757737843501085
12.305938665896964 -0.32081804280488785
8.23847847153024 1.312175616268588
5.046985845213806 2.7265458491420733
10.139176015574261 1.0230338576940732
12.29957511159278 -0.35368268925041374
16.656284255288384 0.33595524404394517
13.248476299861863 -0.2429701930491905
12.233102427285923 0.05373888822589924
9.885654384741583 -0.27818116520611375
12.908441646496687 -0.02586059165049904
9.590518563331589 -0.41392244128482125
14.116292193062666 0.05244583857251679
7.0582818184472504 -1.3520098532656415
7.745023221847297 1.3430480918678775
11.430082041100224 -0.0897422347354482
4.665438822887538 -1.9728500129850777
6.78530134108151 -1.4482904416526505
11.900487414623171 0.07513976946354124
6.659118575186367 -1.5062174317117516
5.056340100327259 -1.9371777174764555
6.479027336233588 -1.5691058567456224
12.943606287192388 0.05195898251788923
6.514782030178889 -1.5532321425442492
3.9193938946808933 3.056861043033802
6.166210606402658 -1.66120748268036
16.923046646365222 0.47609299178713765
6.255017873040709 -1.637488859970669
4.800807865861923 2.791497909670044
8.777472944058204 -0.7160464020214753
7.668562657924476 1.391484477553203
6.259316351933568 -1.632538128647848
7.897883133196843 1.7518218591143078
9.808872916733284 -0.30912119143420236
13.093807747229002 0.020025831268329047
11.558581149752019 -0.19359790960009943
7.381704766685481 -1.0046708266380628
10.524974027831707 -0.099460932218616
7.759566013748055 -0.9861820666448275
10.710649049003935 -0.07256974020488263
7.970029040660121 -0.9412153907257427
10.353400902409062 -0.1480831153870748
6.746043445799687 -1.2992170926930942
7.3287672494048675 -1.2866349307178766
5.380735562974045 -1.799267848706832
11.48464266803831 -0.12732922514885747
8.75520235700925 -0.6563014814646312
11.678513801765028 -0.20717500951122206
6.751007595393331 -1.2972922230811248
11.718927166395884 -0.20208031730803835
13.288892375465243 -0.14126418943784522
11.364456763266578 -0.04816906240680804
4.837110520605203 -1.9095108576981836
11.297066875685669 -0.16031677034555303
4.956621122406712 -1.9211350106076301
12.476958490786895 -0.42684438646783207
13.154508748038241 -0.1330615194887012
11.637528292486259 -0.19824724816101794
4.893930739805696 -1.9641957705989057
11.891106733030965 -0.34831377982220263
5.46389138158794 -1.7696675582246952
12.044506952498539 -0.4230600842251514
12.099565401511796 0.06954528870099504
11.931779590437284 -0.3739555976331476
9.183781970101832 -0.5241890023091071
11.850247642856377 -0.22776701684043343
10.584960609567595 -0.024035112553433213
12.030498759572067 -0.42051799057402595
13.231301641884658 -0.14183701622456354
12.002954049079865 -0.39730750963206785
4.480266230675957 -1.9983666961349904
1.1827274511533021 2.5680221385778355
13.522112531572432 -0.09122962618906535
12.282155898048625 -0.4551621630068447
8.621358968635992 1.3192974003040316
12.373622498659083 -0.44601595442486375
8.233424704641813 1.2934172261451147
13.005898352367016 -0.3485051244101817
8.51669435434353 1.3386656043083036
14.396013501439095 -0.01217105053366125
7.109159557178729 1.6299208948188346
14.394976692848704 -0.06256067464629356
6.465340278496456 0.9254719650398892
14.502585156305607 -0.05386873206410825
6.601334103562788 0.9585449287386956
13.868480178566003 -0.11631731061731242
5.071362602094184 2.502255206113445
14.554699672251703 -0.046784673339098026
15.490140576887445 -0.12428718355380272
12.757824483349378 -0.4106767028745221
5.473259047343879 2.3972205678894425
13.774963809880852 -0.1594876965919425
7.016409756450785 1.1436731874716963
16.604188767347885 0.2875864688201871
15.731834215285577 -0.06380800553245827
13.534266686177585 -0.20115987896617576
6.1910614842429075 2.488371048564274
18.759082325957436 1.5019312673515968
6.647229921897774 1.9689857357439926
13.498765512667813 -0.2077997132527973
8.812215739011934 1.1277260682472754
10.12041185645914 -0.32298934780536
12.297552385306497 0.03453943025428201
13.542892215492843 -0.28254974328798743
6.834501872299251 2.0129700822092427
8.55566798361498 -0.9112981127698895
6.911789100058956 1.640740674238134
13.70889695781928 -0.16667464205955201
7.736115312741138 1.276947296560227
11.607778848687044 -0.40276701203985704
6.795777484889852 1.2631357488483024
15.183429900101242 -0.22727457945739804
6.621527824129238 1.042977667514034
12.745616290450586 -0.4656782793884306
6.1222172864547995 2.5464013620310766
12.896886403866104 -0.4500361705032413
14.490331857655674 0.4521500404464486
14.16631176923012 -0.14772387365726716
3.019326461961341 3.0053017574153364
19.272987195789224 1.7522409686843015
18.39800994388848 -0.28002057457401086
14.644799169106411 -0.160717193796743
10.072928938661045 0.2909652281251918
14.692587504783306 -0.15858735577808827
18.838545351096037 -0.4041576506194703
16.78039277014104 0.3670243312709187
5.427854782817855 2.4494021764886
14.556873820852573 -0.1702794776251006
2.4345717683538375 2.9132586744872877
15.14536667952176 -0.2503767139520561
7.644784238641074 1.2509967289791968
14.390265652206022 -0.1455568165595623
8.804837562162794 1.1317029630173518
19.390252747544434 -0.6379896665840052
18.061588721099067 1.0328711778566757
19.757686805250675 -0.6837265961254971
11.127731158104224 0.03857261287997514
14.646352288309386 -0.15930712424836938
3.884580379547596 -2.01348433151999
17.749826933679646 -0.20480765042231983
5.949081736492541 2.6465451963155884
18.88725057539738 -0.6740240036770497
9.072958778861697 -0.5592042328107286
17.6582948199114 -0.2658625872609245
6.839071113623435 1.6906850303509664
17.389451870913142 -0.5157027918053632
6.073032644787433 2.5670049526441345
0.43354174344163116 1.155221487386598
5.334057670663303 2.4610558062634302
18.012123832278263 -0.006576582769126482
8.599229501538451 1.2129964620192957
7.4403883502709025 -0.8338752628411925
9.40239875051423 -0.43806746370492433
0.845458261488109 -0.7672355683865008
3.698938489145043 2.889070985040882
17.983332913024714 -0.1410858010736265
6.77197835974671 1.2166218028105054
10.662863561466699 0.31375051366205375
6.136123322879762 2.315708052044917
7.402078239689494 -1.684050183706574
14.837623153077415 -0.17956680113741336
19.85823566745178 -0.9174294927027685
13.403569918956057 -0.7692674667462714
17.22919787256159 -0.3507649992163001
0.23805116978493068 -0.6360483414731919
1.2590376326488633 -0.8689136032974188
0.3006571451022997 -0.6537417157038825
4.269325555174394 -1.6565516460221106
10.822086883482633 0.3986293533694021
17.378159017752054 -0.2552861772239009
11.562868369839059 0.26198726754039
19.436676036308892 -0.7505519624552776
14.354079347138587 1.36137346490334
18.24164316051183 0.29497381881144286
10.251125886417539 1.1825118831025103
19.451809152026907 -0.9029476770917785
12.673800989962595 0.8790184277716419
1.435926389123801 -0.31877851060499185
13.76232894680799 1.3163992519072731
19.623478640127875 -0.6362471856948214
11.685184567869472 1.2403525045112052
18.17926679946643 0.26064015338519364
18.09180854541689 1.1406808957641288
19.797094306701876 -0.7668746534177899
15.496338836956095 0.387860080012737
11.548096132743094 0.6957014540335617
15.951330477453123 0.3692469750144783
13.579597318356084 -0.699972493003597
0.594548964434412 -0.7851496790243158
4.086861763243449 2.705637851960261
0.8979332978303205 2.521512362866679
4.163698569491513 2.657691582972827
2.0074077382763433 -0.9686138792836614
19.506518989712358 -0.9529540761496468
13.215660608513227 0.2990100916996516
8.983387722383787 0.390897865531844
0.025189088839400853 2.1407827020058243
9.476328533307152 1.2812943641875205
4.456880960128499 2.7433555526114595
2.145489757649618 -0.49718888392299987
12.903187561080612 -0.5851504784030824
9.914881282923712 0.7420319449003228
4.168210974199283 -1.9828257559117632
13.381999901906118 -0.1302612732221988
13.405566056129034 -0.1303690967186071
6.9383220529169645 1.4329754896478457
14.791119563444424 -0.03389336767560289
12.648116503445083 -0.16106867616780846
5.334097476414321 -1.5878946717612297
13.396251920258395 -0.12759375438768006
5.161622640022175 -1.6731226928773224
8.217389878949115 1.2969316337576475
1.8400869975329939 2.6621771004067276
3.410403876355657 -0.8456291629017669
3.450974472231791 -1.7107786186493577
10.064606377032634 0.9655675829337235
16.45161167720728 -0.036914705019010396
12.648159620795989 -0.15732535423524224
17.376784556661654 0.3410929270773114
7.9589859454220635 -0.9489826626749003
2.717745760538148 -0.7476820196099581
5.298122956035684 -1.815286055594548
16.62218933216916 0.09307286582670281
2.6476252475041955 -0.6782962467806195
17.05905575099977 0.2051092404584035
6.7921097242 2.1038125490149375
8.00656809196847 -0.89757883826052
15.357345865716317 -0.0057890821427924455
17.17125782417232 0.04185511638515399
13.222551100612398 -0.11001405868671756
19.479681525835673 1.7957984466493246
4.423712325938114 -1.8688997649002916
7.976848312846871 -0.6949413045755825
3.19263938157235 -0.7831567011186
15.669791703874521 -0.30711198625456454
2.166960811123236 -0.4858041151357355
18.053522795532633 0.7452690328380644
15.30975071181284 -0.005667158781117176
1.4095693996537295 0.7120876969573461
4.265352574283901 -0.9684582595312685
8.543632024243406 -0.45326218600116414
3.2392169387605945 -0.8073242631873043
7.869145947712283 -0.7054849704085957
5.73594422781314 -1.6389634137074642
12.36753262531987 -0.9906318863093445
5.0507640678732955 -1.9298892278203899
11.113905374987883 -0.9482461093088115
5.01508789990517 -0.9991824381777623
13.733711800838346 -0.7996886570187538
6.017136533443469 -1.5527976420724094
15.459498686081337 -1.4095324651975825
7.143499459536394 -0.3566305036717632
1.1587463819282755 0.45042213090618455
0.29329315008829926 -0.9838411817037058
18.610585355185965 -1.704876379542755
1.5658345034255374 -1.1640348848007644
8.389558656405233 -1.2468506267406358
7.911057928520319 -0.7990305907265391
12.828795785003697 -0.834950498702619
7.94469578978193 -0.9433626992790288
7.971774821757387 -0.8857968575466847
4.509634176531136 -1.8655465252376269
12.701068631940982 -0.8098783155242305
5.927811116582145 -0.8129912955472325
15.737219008231452 -1.287667382615856
11.833550100881622 0.1095011767819307
15.880957023083988 -1.198912653711671
1.8009336236532043 2.7624099972679073
13.581300984083034 -0.8219825301256692
14.143875408630459 0.058647814400706724
12.291610991146682 -0.8978931515117825
12.283635048067083 -0.014451698925538624
3.4050798732206475 -3.2896597366076064
3.7434752503938595 -1.979650806588909
16.629356123595063 -0.5871720844566073
13.330410134490858 -0.4635451389464767
16.626228818351624 -0.8810718163397736
3.6517587805592573 -1.9432492447107808
18.673122715272033 0.8125614318014294
14.515660959174099 -0.3640174944938743
14.378546392983422 -1.11478985533399
19.03512582845047 -1.018847482995893
14.379905933743816 -1.0931842638118343
14.427676493247967 -0.1208075185452756
12.980958950075602 -0.9844874246541213
3.959474175489266 -1.8862168232130436
8.254774182267202 -1.2589242499266597
18.245899833715164 1.163340685842908
11.127534967910849 -0.9560295004099222
5.684379529378486 2.716340654446749
14.453922318278927 -0.6302196365517572
6.4441868299279434 1.115935435242143
7.73124823517566 -0.8019907242991064
1.1457380931490757 -1.004080716052926
18.37697907358556 -0.7249643617651453
18.848465548751935 -0.9634671805979446
5.664702238626626 -2.503676573801257
8.726726065279761 -0.6792555015572724
16.95203163125688 -0.7823802318878866
12.131976987950193 0.012270306067435663
16.766071300247106 -0.30152929732906275
6.892310483086016 1.5974126690159614
15.91032687652434 -1.1879968856228325
19.797605627650373 -1.1548530265422317
7.963412504472384 -3.500800932782119
7.312961713942345 1.5375828986061242
14.925987279865604 -0.5852986851195645
19.812625135678534 -1.1580324432332767
15.757147648951648 -0.8523983315885277
4.846260657151954 -1.8680055354235119
15.846590226656835 0.09699305473151867
3.765272861554912 -1.7659440893602905
4.79147079970074 2.794086864230381
3.553322797532939 -1.919858106703735
2.608289999905037 2.8222448623784446
5.411373385840333 -1.794894467446219
6.975780306767926 -1.1639387148836282
0.8032454356389521 -1.0607648928123359
1.2037129764630983 -0.20549545768418348
6.625574763168422 -1.3532489835636983
14.830202832246584 -0.6251393044156108
7.544393233563998 -0.9303611041507158
15.193883595962989 -0.6012984825254969
5.445079880377236 -1.6771376572800512
5.139117554233084 1.9657793305239708
0.959302418820265 -1.0173173636218835
5.985301392216646 0.1328070924613107
4.701078336164704 -1.8679285429996182
5.878001600269544 -0.05066336636246425
19.748656953796736 -1.0676710542150831
3.9969287876095025 0.9913339322805026
1.680025660307044 -1.1534120098606797
8.639445071754574 0.923810375557796
2.1658610737079336 2.8635092560887245
7.829959304817796 0.6926869893248185
6.624474915828557 -0.508737880615491
7.5112860341341845 0.6775745400104465
8.052698353069822 1.3100638255205985
6.163179355193826 0.1951853171424271
1.5201505491024134 -0.11509446251480461
5.281453320231485 -0.12902904007139807
5.375381813562042 -1.5138417248758966
7.3209221998665495 0.6359023697516144
18.597224948500312 -0.7129401254029385
0.5368336041426499 1.4062855065326243
2.274537772174549 -1.145205129998651
11.397561137839588 -0.925113973438986
17.788510932600637 -0.3927862173761619
6.597516857008532 0.27048120313732205
8.173812998549046 -0.8599227498549169
6.039467547886484 0.02517205977578142
19.111427680153422 -1.0105720505009599
8.37055584761494 0.889346048779033
1.9597420227605773 -1.0915566100065404
7.141913762436334 0.5375617744410631
3.1248284764545464 -1.4255134287686098
6.738485064166611 0.43368383004677047
12.298163089567694 -0.7403018252998237
4.780428074482988 -0.018143805570900576
6.861363965654513 1.949849048041358
7.309281937197799 0.6317332875131583
9.670272046857054 -0.3221819642595888
6.852116572789792 0.6535397027326889
19.873734230212264 2.0764193313783474
5.383856823124311 0.22331281860759156
10.508825914383094 1.0194935290116032
5.84647840830624 -0.036645967568814254
0.21148077590117964 2.1858144867434066
17.01656435880244 -0.18927966730595752
5.1573137917091705 -1.7493148132493597
7.177209132991705 0.5428714738994223
11.713467675360054 1.356338960342941
9.453581392039057 0.9430516306283903
3.8262509195825367 -1.8829292070139303
5.5738905853465015 0.6696862491705421
14.702794244905753 0.08480035962484987
5.20256740228429 0.46541060832901293
0.006793718627372922 -1.0740145455676502
3.9636969743363317 0.9937449772231479
4.1116409197347785 -1.5066108269052758
8.701393296792821 -1.0890527981435412
3.015052576610917 2.9973486782667518
6.135885021024334 0.19085615995438093
5.21156815074138 -1.7269607863540288
7.2618067158229564 0.6333085020767232
17.488160875428182 -0.5839766974368896
6.938671238484911 0.6276699181736808
4.076123033905407 -1.4968149003111992
5.762823556039643 0.055028065643391036
0.09915389644847082 -1.0368320539766707
5.097591870062381 0.33204421754776337
0.46532329659808813 -1.0100398816809784
13.681799640566288 -0.38591062604807136
11.24563812788207 0.35859941179235255
7.748262112580199 0.676214787689319
11.600978655066523 0.3453356203992806
5.360768185090257 0.17140994214524272
10.639093000415611 0.34596397977260096
3.4788505774266008 2.75128645669798
12.309318260559218 -0.00023530872206333625
0.46548175322600427 1.2914436044258981
3.37831934621693 -1.2230531300535545
11.291835740034095 0.1006414631454578
19.781550612876032 -1.0594669651092599
1.1127950230735253 0.5448352596043433
4.807722308846118 -1.5992666087912955
5.099489699245536 0.3254197495748994
19.409626604260914 -0.7678833568934654
16.26486419838602 -0.3328964525227782
2.2187715598424353 2.904889219776513
0.998311598452099 0.17678774629002197
5.682351467167644 -1.2820950836409601
9.156474172104648 -0.04538075472859922
3.588834727394705 -1.2371443448196124
8.870206659508087 -1.0157376104928324
0.5516266295597478 -0.634444606304534
13.691690583254045 -0.40311594390357397
1.4538061645668474 -0.38696687686412856
13.108730141274338 -0.6128490710934669
18.824549989595997 -0.39805045889976987
13.571198388330462 -0.4593755040780605
0.18671672475391474 -0.8015022370007381
6.336348724257729 -0.9453730309060435
4.042717517320641 2.751873048153941
0.5072375879406283 1.089362316052357
14.90087159757134 -0.17903950312862082
14.96101545355098 -0.3032301939409579
1.0225008714346118 -0.5720236278915956
1.1397893813287674 0.5644826454997304
6.546745925184612 1.1605030317522027
14.58287940195395 -0.4059007825759443
4.373167151915994 -1.948926279349282
4.28406386450427 -1.300546493341795
9.59643492516392 -0.3603813329716644
17.376362341968626 0.023201141230250424
11.919243601222249 0.058515487438268995
17.27731857279559 -0.2165247913026029
4.41850809488645 -1.945172647893969
14.79292497962331 -0.3789844581208343
2.6561875241291735 -1.2361243529296748
13.999727265957493 -0.23419623361835504
15.909135654388107 -1.0712636371752762
5.836429681139836 1.4104532902391764
19.556046393999033 -1.0148560635633461
5.858144826030877 2.10486721452634
15.924066212208794 -1.0852341165732784
17.42089072025335 0.10074851530561806
19.92382245608844 -1.0957847170373953
17.916164614389928 -0.2413054957373854
4.06971926116963 -1.868840113788904
18.290516470766477 -0.4774916998623689
18.55308383515167 -0.7268570501201871
15.67775682891285 -0.11238231714083388
4.545758712525833 -1.86968370124334
17.638250909409294 0.7276158008833067
19.40998187368743 -0.9571000823003527
15.235205806508096 -0.27115687589282833
19.35233523712268 -1.037056464205516
15.128086275240959 -1.1186143764184726
19.165062315925148 -0.9409360127337896
16.123338208126228 -0.496525192149115
5.014217318557043 -1.8161631996701588
18.460893919113428 -0.4650899019158179
8.277941092730453 1.2861536811199221
14.867582768171692 -0.7590596378202756
