14.300489612350074 -0.7882871614941417
13.701091679806023 -1.5010171363431948
14.876318068070066 -1.3867673207167415
14.481705892725309 -1.0648235457834145
10.483473958777886 -1.8981915134197842
8.32268753400166 -0.3325661869204834
18.48612433798079 -1.1399565110363967
9.379319243701985 -0.5635030417237601
9.768167646278977 0.22227685997204757
0.6150562986796931 0.25833129858711257
8.436680066797527 0.24720152793001365
6.557081778762662 -0.7816157026368468
6.832912643348128 1.997021069616835
6.076486237934727 -0.017191103345879134
17.407391552804253 -0.5629810895694959
1.6865378572191085 -1.7616513089156833
1.623944130539661 -4.667775900536549
3.8522414061156685 -1.4627560658328143
9.903964859538453 -0.9846106791308841
14.082341306772742 -0.9723143683723381
3.002711572509117 2.986488608576597
18.653509941567396 -4.494833627444216
19.31722388475419 -0.9668105945990291
8.93871627403862 0.08139578539130013
3.1988002833781763 2.783492635140017
9.480312738530143 -3.6017765806593185
15.771059151590348 -0.5039089363075885
5.313456189700697 -1.0413278482408899
6.842767490815183 2.608792783971097
15.185650934752324 -0.8751308933642762
4.82596952443543 -0.803329673114832
11.836815068974257 -1.6231346463077847
11.751547645638464 -0.8425794615087123
16.13572876528381 -0.6610357786990861
5.906407968890189 -0.8918897049988815
4.189540892620382 -1.4691012002313353
2.955878952876812 2.7763697503798905
10.145727110244723 -3.4123715807580077
16.128695250055284 1.1564215517824659
3.5958136153563847 -1.7998491801231145
6.64855169468783 -0.17518473564269163
4.237946177699069 -1.6907818911489803
12.823750161972136 -0.9966131427345668
6.652126760101153 -0.5450149568906755
5.327707549222039 -0.3373074449761767
6.440220129275623 -0.6768463766726953
14.465802368469376 -1.2594212958561244
1.2372150430186182 -1.4459595983499447
13.669326072402288 0.9298665724056754
15.667252212358639 -1.1560703070724174
11.793442315922201 -1.1922066808204224
12.327545932191201 -1.5686940635788946
12.041655453288959 -0.7187892745143412
15.416346321309842 -0.4957953857177606
12.307224397400471 -1.1103954279448276
16.561539488520143 -0.5954279618697625
14.491203125739686 2.002025267124776
17.61709113673322 -1.0852296254362974
10.698795319003345 -0.6148891560676567
10.207342567193784 -1.0367343611793876
5.521845573487918 -0.8801197951546152
0.17793546547378858 -4.879653549822838
13.163319292890288 -1.0856377536565864
2.3467908766392642 -0.874993529499855
1.7380853742562379 -1.146254044835007
12.416624023975352 -1.4569450867774085
13.979049944152251 -0.7331692460878664
0.7892432822904294 -0.06236746435839192
18.502779495657105 0.06877122003916383
0.2572860116022938 -3.6236317897118395
7.183468349793031 -0.7757562908131208
13.15002430297568 -3.631714078804383
17.141778653337077 0.6364778325169728
3.844725398933479 -1.7904522854903167
12.077556929051838 -1.0907501755320685
8.14338640158522 -0.5795628249890478
14.974051396476318 0.6932405585318908
13.971937743404428 -1.0249079521462534
12.537318199301922 -0.41049257433186626
1.836974530821787 -1.1282176962078447
7.846389621004423 1.4637579997173011
9.977417124668756 -0.6848170045368347
1.8075557763490897 2.9030448334231678
2.064066507126798 -1.5792386584156792
15.044658025785782 0.07324698028947797
15.084215082358664 -0.571463902928162
15.935458911891606 -0.5762065728347572
5.969882854719517 -3.65563659172321
12.889109536968952 0.9837338991495475
0.8799810914514008 -3.678509281909012
8.662002684474198 -0.23329003451686414
9.101186718091023 -0.6020161234027797
18.701184100643196 1.5901036222555385
4.281320383417537 -1.298544201468899
8.09836687138392 -0.32933624666972905
6.506731669504298 -0.7177650738650961
12.552226845969564 1.190471247209533
13.380301443886436 -1.5927679152184355
17.643344159573967 2.033524741469418
17.629511578704033 -3.080812117626071
19.22710906792287 -0.10238350796294618
5.648935760787576 -0.35229771075059346
19.23940820184018 -1.0608254782069495
16.971011081050392 -0.9182702373809717
3.776359856352755 -0.5122715328240267
16.919054105089476 2.394576913785712
0.576053207557915 0.3269348295470049
0.6763248942335964 -1.4738353113683447
15.641827880600422 -3.821996768299397
16.66808457140676 -0.9686890064408087
12.728405599382446 -1.0644718146493402
8.310071742513026 -2.505225429433222
18.466183255391712 0.1737370633720083
14.93713311191874 0.5410206825251267
7.597090265226849 0.964346827534017
16.096439401865577 -1.3644876093015605
18.607051575613127 -0.9070450043613573
3.022863764288414 -0.804892894738299
18.79175853191447 -0.8076457588578781
12.501812694322926 0.1588229777800811
19.02752902073189 -0.7056169885975445
18.798097199316594 0.2904527141286516
18.12479951810095 -3.035720504736063
16.596183430155588 -1.1746185252925687
13.926044121147584 -0.6556709036247387
16.96251687636556 -0.30272667048531715
14.228333839966036 -0.7634956883088421
10.719283192541768 0.43887786680262564
5.102392447044789 -2.1398113202626017
1.0241626196125873 -1.500196493251322
9.638405290404704 -0.7619212961761297
17.153253041501856 -0.8725097209182745
16.002537890233583 -0.7516212840182857
16.71836505165821 -0.44777377911134036
2.2502917742500204 -1.3444086961101531
17.688456241282122 -0.9968559038863373
15.141292726537614 1.4037409151403293
10.956900055927957 -0.16768803529017817
11.973788381872325 -1.6229803836219359
4.102068938358122 -1.0092775657712676
11.409258956169902 -0.8164774980891988
16.788394315752615 -0.6567521242981441
19.661383586321058 -1.7227006212327902
13.512002410832824 -1.4624239072155643
8.960678594711053 -1.0384642664562347
8.578706212308166 0.12547637163815145
8.755206396926509 -0.2535516954026713
15.655996974311732 -0.9280323520744358
8.058573983440787 -3.2543901564959903
12.28716497434845 -1.153597036876528
15.610626723093851 1.6801730466844451
7.336769642898815 -4.270589200816536
16.944083873870394 0.023783254502024936
6.116824919746442 -0.7824591814031708
1.8363838117879174 -1.2021824073633396
17.78834302449043 0.865739498622871
14.081494351369074 -0.943347941016813
2.9082264968318623 -1.4706222100655375
9.994823284905113 -3.7343642928684484
0.8580021419058079 -1.4552028885424764
18.767010785352838 -0.14034790038587105
13.376356294028403 -1.556601407573404
6.781444279855411 -0.8658096872769904
12.90426666031814 -0.6930984025673439
6.130841262561499 -0.4441824811073708
14.685138275207594 -0.7888564141023608
16.61356867895141 -3.9966035969307767
15.161356458456604 -1.1673401469104083
18.842668264260265 -0.10308993829849668
17.326597046835733 -3.6697720620363024
16.355854519241756 -0.3213361686800768
14.491004230751214 -0.6843348524356654
11.55831847179187 -1.5260976662217347
9.551980126813751 -0.11344694142148931
16.937452697093434 -0.4445214540311883
17.96448584490631 -1.7050542445876917
12.504312644137578 -2.232573312638712
13.021989439427772 -0.6323194256945199
10.68134295592699 0.5696294150151643
7.017132664495876 -0.37077736216561874
5.56526062810581 0.5112166191409595
4.130202898791569 -3.2489935177217584
7.966931974640363 -0.010113747477193022
2.6389583277407778 -3.437449190902139
19.65361386011838 -1.0125130764951666
3.33501097759778 -1.4403712383078804
1.910463714981551 -1.463826775048957
7.547724681522638 -0.4091193511894091
0.6780817837052268 -1.0229586244625974
8.448848279071356 -2.5636624475651915
10.237992786267622 -0.5138059059397334
2.3170261364369154 -1.5132016133470991
10.39942473646453 -0.0012344292329256046
5.115000793343933 -4.266326041058519
3.33152843906746 -0.34267200180478996
11.7725235814347 -0.8440029895237959
14.966424512359572 -0.896006362875589
3.7188626225965993 -1.2484096377229352
17.086133755206703 -0.3546896075649221
0.6654087282674158 -1.2397992969943905
16.849453748199597 0.8032302545891227
7.9940136191902385 0.6514500148164306
16.45725121762412 -2.3141287253145366
13.453923230943197 -0.5772510721320956
13.278161875443674 -1.352296744402764
4.411056092798559 -1.0261708716114546
1.7389926860126863 -0.016080059388057184
12.77588091212435 -1.093512839462277
7.474314724829575 -3.071602244455879
5.237170011078334 -0.9919835980878574
18.374954107041777 -0.5119979031168391
4.590131786888573 -1.200449060432794
2.9726075331794157 -0.38550606371376206
6.229466722421866 -0.9457663420130871
19.44770215141827 -0.7760749576292978
11.619096473621912 -0.08722532354600183
1.5432788716089827 -1.5957256678187124
6.823851186949359 -0.8724942549990886
12.705242299407304 -1.1478852968474256
4.1809473578549206 0.2621497514596584
17.104026162825065 -0.9770739041590949
15.57294318813396 -0.11883113910071509
15.66876404793524 -0.6206979899681015
2.683181925286618 -0.976269542106049
19.604473621023487 -1.1418653026436378
15.660266046500237 -0.1643496761410267
6.442392166908063 -0.5922305601748838
0.5720634581292953 -1.1704766165433897
14.321603020928674 0.36517143196080387
15.17169621155067 -0.7671649138767833
13.00558210379897 -0.8818370276020966
3.471891372045655 -1.0069954001312562
18.55563009819972 -0.41225259716905843
11.099938360101332 -1.0292118266868513
17.484157248331698 -3.1111099998837366
14.445142801314784 0.3241833182736854
3.4993178629836383 -1.4323406101856249
11.38649689590552 -0.6783376859875138
4.762742315927918 -1.7180312616077784
6.202453275758759 -0.5000620078027852
13.32798514084049 -0.6180033999178105
0.08063225977884911 -1.3591194152216166
3.0594870682422006 -0.9814551120827324
4.099312540484081 -1.7801967148038345
16.666942460853015 -0.8114685658432993
15.624606128242268 -1.1672214592390446
8.097574572696622 -0.5526038197206216
10.142512792966556 -0.4921897050142627
13.267046035766294 -1.3836763870370368
4.917109906566739 -1.3243786877057295
5.440200557435536 -0.9158473480524496
6.832677169738133 -0.5256431773514028
12.337061742925494 -1.1948697348692905
2.7734867912640997 -1.655943425958029
2.6184613122152722 -1.2097761264556153
7.354391480966115 -0.2414873878390875
18.70369608573616 -1.0721376473110462
17.66756004471865 -0.8175031098371504
7.6290403693407205 -2.050087472843421
18.269915706550965 0.430894613953464
14.57039620324196 -0.6237282465189907
1.1719591883872735 -3.2091425826152946
10.201030291099242 -0.055130130261446246
16.957056435905002 -0.2826298762349229
9.335386025506185 0.39794462371679884
6.9494684022446895 2.073045183735021
3.827546119728771 -1.7465133169300247
16.359523676508417 1.8056159709535418
18.12284416132451 -3.2962359847023044
19.345875365995376 0.4065127076192388
12.919017711934218 -0.6302707237409537
1.4515494089908947 -0.19347908961198332
5.899302304852679 -1.1068987589520527
18.52915551087419 -3.2659603343231725
6.207538847413785 -0.6655965803542991
8.908900081251229 -1.255091631642056
5.25926802909142 0.09291162048278234
6.028500139428052 -0.5755206080830702
0.803900467631069 -1.281254199217333
19.372990182295744 1.145046283148235
9.07156731516258 0.08633604159337054
0.6886151762246158 2.7054809497436425
16.838302716510135 0.3018780803233092
13.920636380565194 -1.032915789672662
10.906044131388585 -0.4413788446316063
17.694322115353437 -0.6471199820211291
14.741993193321797 -0.19523914383035743
9.747242352600432 0.8381291822473538
13.102278753662288 -1.934353550326697
7.231873602842183 -0.6564787135576657
10.94465728206316 -2.1180997602690965
10.64343584771284 -0.7314325339379233
17.54318654780844 -1.0916727051729642
2.8453310007591988 -2.5435597397245506
8.738253386728502 -2.566932005904171
3.9782165257120203 3.0775978541652873
8.657247683502716 -0.8874423800831285
12.779992234436557 -1.851248531406675
18.294989344056383 -2.319343254742658
13.486740137738895 -1.692330491763256
3.552466815264334 -4.128413528227902
5.210301398933009 -0.9645390307361672
19.009734071765465 -1.2164405623813868
4.9750725618599 -1.350546261539504
1.0272943946522433 -3.427373220534337
16.84096460374919 -1.0812839997709105
10.537226410998043 -3.153498565284136
15.331822184987049 -0.9453207965357454
9.592413318998597 -0.6081875142498827
2.057264302018773 -3.074201051358618
11.835286784003035 -2.077400919652127
15.419024358786011 -1.3608086634310745
8.903783471816254 -0.5293392259975679
10.485670412452361 -0.2596445478773681
6.715567818045844 -4.267962686323573
16.64591819629311 -0.4843268517256942
4.106966832805463 -3.7688950953885385
4.968143645093135 -1.2623561842699775
1.0725267093954458 -5.027968024660594
15.117315464545689 0.7363711476215823
6.412165624183844 -0.9158578939937119
4.492734298296219 -1.0909422596542853
3.33822790199541 -1.816719509876155
3.999421067020167 -1.5626753174367984
10.497860116274321 -2.1263117816887434
14.835628890651003 0.1428597224714248
5.9432925294598595 -5.297396428559753
7.207055118037422 -3.452869185667303
6.799765618159802 -2.7483831326494776
11.68055896542198 -0.12740571905991216
6.489951627537732 -1.8341761756233639
16.616450141490034 -0.611230967141238
4.088532624630896 -1.935681290062027
2.7723594665302835 -1.6744821692015732
10.811480398087078 -2.586006653443032
10.649912753719832 -0.61077080836958
16.764680554961906 -0.90927064732139
6.844490940628367 -0.6084466756074908
8.133209401803294 -3.5110072024662333
2.2221394939991646 -0.6591011482718848
16.231364515769506 -1.7127392536630812
6.426598106184708 1.2783852360592844
0.760657467745642 -6.076248712269308
7.743679097445462 0.4777179202996268
15.048369141443503 -3.0105439002847136
5.43092476021681 3.012763946774899
17.113389839342116 -2.0319416158582833
1.3600995238507907 -0.5244902951725476
6.333432174504862 -4.3282134166004225
6.019749336654194 0.3044393430770665
19.77924618317614 -4.656007642240566
15.070396826102417 2.182878949177185
14.054176577757072 -1.246834659036599
0.7092068808436881 0.66213615543861
9.966270815798978 -5.7322032520082855
1.770385861653531 2.8763789545627376
12.018973700714147 -1.2400861530613019
10.294499159526021 1.170121331040229
3.9262350416014793 -4.286630188026288
10.091306893683994 -0.3265815966901256
3.263109877684474 -1.6310971744192102
13.262079249661133 -0.703052358669044
2.2937594324941517 -1.7402533945807375
11.494017087766021 -0.6528790560829448
5.865816473121069 -1.1140290654659353
5.792071240731725 2.4614465254984133
14.16290061593686 -0.1726918991416405
2.556599195138577 0.19922821371031585
13.98078384742465 -0.15528400378512427
2.684868916150898 2.3114016234601196
8.623234922920958 -0.19224662046336854
3.1512972411547873 0.19874611953921212
2.4277484815186505 -1.8236363811814156
1.29290828567124 -3.223190048731598
9.23565117982936 -4.024506049535521
1.7166186338191576 -3.2829407404176956
9.759701179433758 -1.7780872089323476
17.71317263094585 -0.8897816482157624
14.794707132426517 -0.7538041858049782
13.440887013078537 -0.8176843998375684
11.40715467648911 -3.856846310338077
16.20489962905939 -0.18649435625542737
1.6597711095625747 -5.781912996288337
15.95488414042031 -0.3760816778685305
14.78773558823317 -1.7082027516264686
13.978978322516488 -1.0478177247955631
6.207554812037097 -2.317956292642041
6.955857230969373 -2.553042058878084
8.171288358048862 -1.1039996492330286
8.465920162697746 -4.639878676837526
11.17849758598085 -1.3804124259840729
5.991670880530798 -3.4568340994844995
10.1581362728606 -3.638692500216486
7.818506837767558 -3.673269467095932
5.399685619021025 -1.0173594477598056
14.802188717408226 -0.9629337019140931
17.771634738652 -0.9061059444388133
4.48903366818416 -1.3073762832914566
3.656273188191399 -1.4634869395397867
8.221718652975266 -0.47526149673137125
8.654711715292857 -0.07650518220258534
7.856171386282557 -2.364479472767617
14.632020348836983 -0.7602153387952425
17.361397928673938 -0.4570393651061078
5.931049079040023 -0.9705626474444979
16.42190319619271 -1.1656565280630367
2.4054174606520773 -4.030244086810691
15.34087432233722 -0.7566774553022204
19.087155468653137 -1.8674487835111564
5.248069654456475 -0.34559367023511356
13.006621623522292 -1.3651071203477967
3.7511215484913025 2.7374850519767215
10.247222903294253 -0.5659776295386697
19.601016515200588 -1.387815393285442
12.642396880615127 -1.1598518357198668
5.962502730847129 -0.2972764233270595
14.405877302581661 -0.9847868138972593
13.778794922573336 -1.3258768136705366
4.084815284021454 -1.601292950359938
14.58836021375486 -3.6981905933112995
12.870517693187484 -1.5604749946974437
3.3674974515326914 -1.6819214264674964
11.168196675791211 -0.45205178781751615
11.820622989377249 -1.281058391424253
13.992044219417803 -0.6922405086552789
8.139352505623103 -0.3371562139996924
6.87674078522447 -0.4624189506050429
1.3492947373240298 -1.3202143553833436
0.28071967587215135 -3.8583849922418345
11.35544986778463 -2.0880137301513604
1.8775085816731498 -3.850512769845073
19.486187121609465 -0.704778145796922
10.886229135741278 -0.38188260468453966
12.850702579981247 -1.4342944764149754
7.189342327146662 -0.5395789227718594
18.360776362265874 -0.520289395073025
18.563550580353603 -0.5432517295410325
11.732516879524592 -0.15552027372624982
11.193981914467916 -1.0362334410926324
7.428415204122321 -0.44354866552338257
11.56778884889626 -3.8210616885017434
12.647061063259217 -1.5318497080956648
18.81629595676649 2.564734756745309
19.245429914789046 -0.6276076235422647
16.06629692010927 -0.6398115197898309
3.60685724735896 -0.8006689811771815
6.0208605149668095 -0.6282441804586151
15.289741984565996 1.5293034468627735
19.702983738889014 2.7793412157090778
16.6321349336482 -0.38391934215084866
5.1501360225244355 -4.408489292267506
7.09107766903211 2.3244506250708965
7.584919550013423 -0.4549629490507593
6.262850181553344 -0.5562962438155019
16.215827929282636 0.0076602262991642515
5.53353043116784 -0.7108077026047009
4.518417995315441 -0.6025444019377073
13.55222055229772 0.01642000084789605
8.936613661002543 -1.401604162436594
18.47452496409662 -0.13912886675380495
9.216095144150112 -1.2551903885307656
7.847474881156599 1.6112896743968679
5.484292146819517 -0.9498019434003662
8.118934314598576 2.295806946641375
14.78982377822012 -0.5739746890723435
16.789056394592095 1.3536995487081624
11.047184897883694 -1.1450705615842025
11.456965637544752 -1.3281246594898168
3.0345661230126844 -1.3660444104598952
3.800542229615439 3.0421949686218417
7.187085876850975 -0.9429770359940052
15.861756093879453 -0.17380461536824005
7.163677893537415 -0.45057498391803097
0.6748854775804536 -1.244307527023683
17.55936653646779 -0.9140106952452519
15.684555361323284 -0.8184577749224109
0.7566604072990604 -1.082429474391772
4.123886578483754 -1.1376206725979958
14.782448938040694 -1.5235705203699192
10.338711659717905 -1.2476431639967986
13.397750514107832 -1.1149125023508517
3.316843238880644 -0.42027350411546543
8.393610335035705 -3.5403834212116196
10.190009912240383 -0.2858656455759696
2.5475953856842746 -1.487497649804568
13.788478290198471 -0.5421989912773657
18.332488306335428 -1.1223942441716928
17.8022557925939 -1.3716131841623724
15.392166113583638 -3.201356936604283
8.021431252215695 1.4168816243228461
2.8540677275256603 -1.995845221567671
0.9957243540577209 -0.9096765588546802
1.4427803349783215 -1.1351673573548358
17.37221657347102 -0.21508920367465692
15.402536095373167 -0.7927709142672518
19.60816784880569 1.5214391576652486
12.777463884362813 -1.4157274615486548
18.790028667046077 0.03797948470194248
7.394495091145297 -0.47208409639446147
6.206967252787941 2.368946179825007
7.372724866999099 -0.4756821579189743
18.90504149038768 2.4652491079609855
10.095662311062439 -0.10637029646560636
18.651013069848158 0.021954330460738913
15.668291728226437 -0.9515886633160586
14.026402468475007 1.4605927556014464
13.418967669733787 -1.5053710266884486
13.757136678671001 -0.9467510101231404
12.488003752816358 -3.9280878243951682
6.984479910740976 -0.38108136162251127
15.347149158353725 -0.6522371229079291
9.491750329726877 -0.03681139562965233
11.16090327169097 -2.9149531157483906
10.663093359317505 1.691331542645204
3.6922969101620895 -1.7492635029070311
4.128896899336348 -1.3829679703168674
12.823044858578855 -1.586948619320775
13.649937119358295 -0.010568943716418859
1.306083739148506 -0.8707258755248746
12.816047318143742 -1.0093460223752804
18.48340227042862 -0.80976277858848
15.050177721243656 -1.4451459622585423
6.742879932943613 -0.7146960067820258
3.7761094673231215 -0.4841339075479644
3.6328917306740616 -2.1463146909032407
5.227360477897473 -1.222056017328819
8.241550027925326 0.35250927810632104
6.581291633435414 0.6142030503255581
6.804232473097709 -0.6793039074904437
10.169840974309835 0.6425979704757601
19.230442971654508 1.8624336058640214
18.671721422281546 1.7630637291900195
5.03312574233445 -0.5675690296475145
2.242811942206672 -0.6962158653711197
12.839922862321849 -0.742329748438376
10.552018526340351 -0.6110441817391696
10.927750260321334 -1.0288348459367918
16.302548027936183 -0.4721205646825159
13.883581974385823 -1.006005089617536
9.698113195129462 -0.32084766247305385
16.5089655685245 -0.745540393950223
14.07509649857588 0.20367579367818187
11.890690388813427 -1.1377147735989197
15.691465255327861 -0.7162127180958109
19.181428512507207 -0.9643315595203694
8.258374804199095 -0.45097081997233496
12.505691768532737 -0.4728679178238704
8.988749640451147 -0.4131804080345672
3.793693342398039 -5.523658384242404
17.2061767282795 -0.6226208755898244
3.7754157900299488 -1.4075522243137506
19.79660326970288 -2.403156850275434
8.01696765426499 -2.4993881190281115
14.695282343425289 0.730380297877586
7.1824095517496165 -0.6226344692680155
4.042529427147661 -0.9994231382360845
9.80747378057432 -0.49579195018211436
7.186030271104454 -0.023371185221000935
17.208975905810245 -0.2949223475392703
8.926019229536292 -0.05496940096352136
18.903839681977573 -0.48936349169121657
13.693530524912642 -1.2984779285024144
8.636908181954846 -0.46679404472170427
15.726095059887367 -0.7460964845591387
12.751095868867234 -1.0653708991450035
8.225321739758705 -2.7469212289915266
14.836527920750246 -0.7538886704540002
12.325526020056127 -1.245156146667961
11.167889718571228 -0.2885993997022976
6.028998425084925 -3.709958530758418
4.107437249905673 -1.422587861823385
10.64612439535451 -0.7873313026019493
18.44312373928649 -0.8274569692576976
8.207585491283846 -0.18683900760701733
11.734360518664094 -1.0820268973685159
0.6139579318557701 -0.9467092270225985
10.302528115480259 -0.858229734169928
2.925860442976759 -1.5055166384121115
15.923200741411138 -0.7190220029422003
19.548409159085523 -0.7607675701621963
6.444950670142558 -0.6124960269435362
6.09209817247082 -3.739049530107809
11.05458293407249 -0.9263294457370123
4.363684754297515 -1.288923618884916
10.250412858787417 -1.0843567408223482
3.626080101844197 2.8339467379360648
13.537058272289286 -1.1916429395045225
6.060751163189049 -1.1352083238017687
16.503267831930877 0.06357869030460174
18.1839946834938 -0.7173466487618163
1.266660503204277 -1.1521026436587596
3.9566643777813506 -1.8301124700399138
14.19691867998023 0.22167497383786486
13.077706674044615 -0.2797835893295785
11.904669960950017 -0.877858867010546
13.453755448630407 -1.1378736380531536
9.704909983079347 -0.3797978820934451
2.5525066046627143 -1.059007254587389
12.53792807819131 -0.6948403429854211
2.944152699837527 2.972716233115081
18.12889485665652 2.0862911613719666
18.61222584826499 -0.5216592622115558
6.407669610478322 -0.7923028579746074
13.302949566191069 -1.723291373125332
11.882908902123338 -0.8194473603398236
4.067584985855515 2.8486098287994084
4.719859763261696 -1.2617022882849331
0.5855481211808015 -1.7440013372511527
2.512567240953772 -1.1368003406178
19.2143150656486 0.970279394421931
2.8262952810510646 -0.7634456088617664
4.076842368979266 -0.9796157302589936
18.1239469206181 -0.5087297038955048
4.643026764582471 -1.119556185079517
6.273807291869484 -0.6856116126322499
6.274899890697962 -1.105171763698083
7.320896786223396 0.02214860958164193
0.17043319704790116 -1.5110862184528022
18.315835980771997 1.221949880021461
12.829207852374614 -1.5663968394712098
0.31281454199887787 0.9204763066576971
18.07034662617121 -1.8121611996961937
3.9594158755996482 -0.8289108689955349
4.137267059299038 -1.4295072895370653
18.3061177667311 -0.7463612994988106
13.893961464503477 -0.7530216297203344
16.64957781343009 -0.5549509243569205
1.728231501751463 -0.1452256833132419
1.8714285300088573 -0.6404885879171719
14.915847062299056 -0.8425992784164922
5.880005350937949 0.46091040716205967
7.967467043546797 -0.6664860922866602
16.601540833944124 0.5738744923428393
7.370002736011468 -1.1065096028529955
5.639471932223287 -0.5894090314077141
5.847621624251136 -0.7581194381232293
12.129662103872025 -0.7244978361424619
1.635395443903179 -1.9744204573588817
19.134280269722105 1.5258919065965644
11.497493999797502 -0.5982835938346772
11.807402449806778 -0.6423470973609766
13.347916454977216 -1.292379603891931
3.694055329570317 -0.2499275618351108
15.26928665037863 -0.7661479338712099
13.128937952529984 0.8184555201895505
4.686988452758069 -0.9673028254237418
2.118293710100526 -1.5446134430818097
4.195500375773248 -1.4143194714223983
17.9961534364606 -0.24738369438218735
2.248802998117476 -2.920467717209944
7.400691414734325 1.9891691977489365
3.4168155116311216 -1.3876580031677639
0.6828407605230495 0.6605464396745764
3.0147556400273365 -1.072105533211821
0.3987622419155893 -0.5721541680636454
9.37179767406159 -0.2196763523615823
8.059815106829896 0.5328916790637008
1.6836742490521333 -0.7336958297273422
19.523531611450025 -0.37236048535821975
10.032502567655783 -0.36966837698827976
14.050987212725717 -0.48708135762202
10.64330926494604 -0.2146376243513196
2.815747314394338 -1.0278663783172026
18.630272332136474 -1.3412809538283055
8.98070855758101 1.7406231688762217
18.420921728507743 -0.6079751810942408
8.180822244473854 0.26471964391731195
9.402328160958177 -0.03780420058431576
18.99398502792193 1.8970442397007263
8.694226337314495 -0.2633065082632317
11.695073596066894 -1.2005962804843662
10.722144450634302 -2.0218343214291203
18.37780192274489 2.2024785807365186
19.78771031392065 -2.434786019682645
5.880111342306451 -0.15106769749937296
8.716327027084187 -0.3672910209539889
0.36048177690472666 -0.6036737948618395
14.125923735487794 -1.367551545372423
16.478283712185736 1.0769249055505503
17.831408498496764 -0.9586231091163644
15.915821023414042 1.138631972173412
2.4149023105706173 -2.6848743859027637
11.204582387682684 -0.1246444827519168
1.58010007488549 -1.1706904371996567
6.393347889930402 -0.33507984174603095
4.508566983421613 -1.1996841505465097
3.503879462627458 -0.14120049387708267
0.14583243372169108 -1.69663672010885
12.56985064642861 -0.027855976870444707
8.516699875941878 -0.6489760147279855
18.847435153529755 1.6971899775950008
7.295113490736274 -3.5797179640351153
17.416637271921388 -0.3936703528053823
11.127838058120053 -1.430798536515397
17.995536547505708 -0.4268705430722597
15.665496212143728 -0.6663651741462202
9.448052524561108 0.6202099616378448
8.995469295437907 -0.5655468174771544
13.807127524121798 1.9266509709020532
18.360313488333386 -0.9300715098726696
2.334027920996654 -0.6651824559395123
18.90566625501451 -2.3665792042633687
5.205183565857113 -0.16895846892500932
10.974062123570373 -1.4979439964541401
19.403379061423326 0.7430528718374387
16.197741760716333 0.24229633480612142
18.89134209751062 0.3243007509186769
4.071333550773305 -1.501870377624347
7.1298182057415085 -0.46243415023727025
0.10491684647107728 -0.5217702560524787
4.930727916847724 -0.23611232613759928
4.690130400410295 3.0900769717649017
7.14064550497206 2.588455530012304
7.791383385906865 -0.2890370691175055
0.1373714576253059 0.18950645490031331
13.236814743182835 -0.5886278068637627
14.749400092813145 -0.0035461829300189388
8.927600301293179 0.5415239144481774
15.810491482024672 -0.22356437005893576
11.810291897286575 0.30009750461962836
17.51614761765347 0.9466294550077717
12.201836127930806 0.5692731991630049
17.825023582226518 1.345748189197587
12.11285983257087 -0.5496804744678379
15.240214234303105 -0.5351931500494714
10.66588893074481 0.0376816333455578
17.109253263429874 -0.8839821413711849
0.2012653411084633 -1.1343189390632664
19.80235685583178 0.17514997058180107
12.609178310923365 0.9783596117385769
14.11055997252214 0.5060074720256303
10.976513466927083 -0.7159357666126135
2.660888753779885 -1.2113324937796046
2.242632818537116 -0.2515024172774429
18.52616232517636 1.4972401279530099
5.540223256352355 2.7273756243588982
18.87827673636758 0.1268915471281881
15.26934168385826 1.514195515181544
5.915597033241033 -0.5842107337430493
16.803031874794705 0.5925336645073447
11.016941476494416 -0.2963653620893039
15.871855257737026 2.1637086820257294
7.622429000366207 -0.023504107736344093
17.955347035052394 0.35483649422520536
18.703800096402134 -0.7160156513184177
10.469342858457036 0.2392451045800857
19.86017144918151 0.036913021755161396
6.437244061096993 -0.48503432860100637
4.757234176530512 -0.690597301690735
15.299166406231345 0.6291566741445533
15.856594835596558 -0.7700738555565856
2.920405612317828 -0.25741073438211387
11.050353734351242 -1.140544321744496
17.488812222770648 0.7063747881916498
10.45900257395363 -0.844254851428417
9.420988316895698 -0.2856830055404753
4.846254465906884 -0.8687701386065544
10.957783807730166 1.2424492701893655
0.7980806071727601 -0.5666733799150597
7.377587151516907 1.4289332689405554
14.4472087188157 0.906367315280428
9.426786740995325 -0.2840369491205004
17.711115383097848 0.42730790586845674
15.566656186374555 0.017894285918577904
14.730494446981862 1.510494955584407
16.132871169230807 -0.24274770779678997
2.099003133414826 -1.7939822736143434
8.024600876742756 1.540017454245515
19.277105489517638 1.3448357001441038
9.50169984506983 0.9955243510271843
3.0625137945933294 2.8644436397362494
10.010950415280826 0.18806492838692757
4.883830843045988 2.9618613302258887
11.091350846077292 -1.5783741262893574
4.270011501921707 0.4145874129180955
13.859404852293537 -0.4038823625928253
2.4818224212868802 -0.5083434374701894
6.137437207355728 -1.1166503745814826
15.712179547165869 0.1490745087412283
11.684551723963775 -0.15322386938604504
18.845927994034383 0.17113280439874753
3.786787698630028 -1.9315520941533033
8.321370179679862 -0.058861571893088854
0.4110491337280098 -1.2523756911410708
11.294418392651455 -1.064859312300456
11.989614698852002 -0.9619671882463721
18.879301246853366 -0.8886386142178913
12.177073043684318 -0.9317834633760711
18.56729499952526 -0.842774722521782
17.338763267605234 -0.6240332590981444
3.690765692975539 -1.161671960137877
0.8408984331187781 -1.4120358763013534
8.227651193363837 0.4131477566013922
7.523629070674039 1.5887754087195944
9.436163013975204 0.9361085327519064
10.88198773818321 -1.0569489125866245
6.518177564185754 -0.5738690446095155
19.246189328697536 -0.7207251766125264
15.84093190275258 0.7620985073497812
9.843304185990148 0.5787847058157953
12.740200614144252 -1.0263289046568274
6.08647229215102 -1.0514624921258033
7.947864984448875 2.151607452829407
10.897572242399193 1.2034485222299418
14.719940106736004 0.3535051348587195
11.1977136515262 -0.15509575947810122
4.476893007682117 -1.3924774063073166
6.672855894811739 -0.5362911745503112
19.783103096820955 1.7405762588130909
3.7486145481671054 -1.2762715852405582
12.847805194217402 -0.45730564948127006
13.853954573178166 -1.2755748465786403
12.872484583058709 0.7915663546076597
6.951006465619243 -0.5150836669132902
13.952737459440526 0.3692632802842645
4.483026110498699 -1.5182322900581604
17.656564325832594 2.0980251639607914
10.548924955242924 -0.3780205330227416
17.15513530020843 -0.4929197965273672
4.687863950715765 0.3417533879012858
4.845582402096676 -1.5564208331908806
1.1315246177624645 -0.7133059440964844
1.3597658809466084 0.22986023068232356
10.786629560750882 0.5596076850204118
7.373747204839092 -0.5195375676850975
7.632654395283909 0.6068503144285777
7.625908668387014 0.1904290250335621
3.7960842623858815 -1.2569584067100616
17.674682926032876 0.8623062835719837
12.383594421822387 -0.13163646043380056
18.35107531096968 -0.4118075447399303
8.231107101946842 1.4588167241294017
14.637095129571168 -0.46812783739698915
15.238430113605434 0.04843977252212167
2.3082901282338875 2.8709815965828174
16.16821688991819 -0.11549785938966586
2.121185194582968 -0.26983708399913653
11.575676394548553 0.34088067404842126
17.642414185391956 -0.5225997515683907
6.3638462440559405 -0.2863028723840178
19.348124128697087 -1.183672406607106
9.936824228835686 1.6609901949712111
17.057942578467053 1.6338789644094576
11.607158381456964 -0.36217428877531843
13.514150087167916 0.5055187850478827
14.596323105182718 -0.9730474828990364
0.7958182262805902 -0.8672062408113254
16.469822737634033 0.8166739317658964
13.733868172590002 -0.7659222031452253
18.831938558236338 -1.1438895540057679
6.736025646697063 0.2947364563570882
10.303418126398197 -1.2551952150485663
14.65644420013739 0.43442841109871877
16.28834192598625 1.8373731264700153
5.323670098428559 -1.1640275196301573
16.671002921885446 0.19694794186927883
3.741995210948314 -1.6354262181180426
16.42244086690445 -0.7408771754817002
8.933026664591976 -2.434678187852255
16.204647391049733 -0.14452107302472184
17.076189484538432 1.2395387944392924
11.390356725296073 -0.7339816526397059
18.912976708177403 0.6443799780178308
16.148952956438013 0.22949872257077844
15.39672140595896 -0.16635389375589227
14.159854074899231 -0.31256309743052063
2.5965442329765223 -1.2983065926792137
11.038947777662987 -0.5412649615631492
8.37855911363143 2.2737026166127836
17.27809850908582 -0.7536002908796057
0.0016995149208579585 -0.5624211769621178
13.349357345638499 -0.761583109115469
9.21570531952072 1.000462064203505
11.471425972448671 -0.8828351766054864
4.434202170389507 0.12056621233344109
19.87511765876613 1.6344004317406877
1.8160080912703847 -1.1771118327854257
16.701124283662633 -0.5593042672165728
18.465908277686005 0.4732226779248989
12.763138513739761 -1.1198599953964734
13.862921711597041 0.4186984747956858
14.563006502992366 -0.7447533719899112
17.405846853924498 -0.03131119507388744
11.313241899367753 -0.8173497250509805
5.309946769541281 -1.368511147534547
16.75938061475356 -0.4922422554871901
8.218485607341018 -0.40516500477572764
15.125432510785224 -0.7969342898616892
0.4523351367953952 -1.029300726495378
7.516754069046929 0.07399646726525011
1.913695604456405 -0.6703905260571082
13.4205055335956 -0.5097116734758689
6.622946126250667 -0.5754176641954553
4.5884299722555095 -0.7361682973740377
3.8921590608510255 -1.948498168893878
14.162210448918923 -0.786811019772843
19.425790119407363 -1.2002292020785192
8.503681197082962 -0.15231308112617975
1.0596939324514674 -3.3115757828484584
9.73255616799397 -0.0566348407180716
13.512235898188232 -1.0114960728031226
4.105675225046048 -0.8409027273148082
15.417106605681651 -0.3077385104828151
17.37713811126551 -0.8135873379681227
7.617132176600483 0.18884705913003835
4.152314181111889 -1.1021560624447366
18.200565602841156 -0.6364685011228333
16.900171055270743 -0.2458588719409311
17.13771249262319 -3.795513097544149
11.372699118624997 -0.24524600018881554
3.3392128575636635 -1.507069148499178
12.854411826552754 -1.3043695365785477
14.478513371747415 -1.298107358824357
2.92213960399202 -0.9392318471382753
18.955653465245973 -0.850411052423626
18.810873476040822 -1.1335191279318233
11.117496152510158 -2.9630128046397406
17.880146221047564 0.5907513593228724
4.224837253984367 -1.4516468363256712
11.036350201651869 0.04555732914472421
6.175503764514389 2.757930406467324
9.93198791861625 -0.4667650536873113
2.620726440500862 -1.6645613697409394
10.127291391798543 0.47824892981952843
10.476674238995068 -3.255892087442513
9.107703238858418 -0.28204162763894075
5.984203776540194 -0.8312692258838783
11.113800089745151 -0.5345614422058106
8.318381820876002 -2.69072526288487
8.563494252134504 -0.39443164010360965
12.984819907749621 -1.3746033954188595
4.733267559296122 3.0121473993683887
19.66949686160848 -3.5468366934354765
18.9931205308167 -0.9264806318859495
18.726197265141604 -0.9184936367693742
19.138691911439476 -0.6822527770175192
0.4983783751160044 -1.2765463324992559
2.452158983097099 -1.5881814242874104
0.3192455829081017 -3.3590962875026062
10.123328279195258 1.1329560714159759
0.47908124672610675 -1.2809946806491082
7.549796836147806 1.5102881288056287
1.2975573960140463 -4.397775344811275
2.2481356626313396 -1.4636845605335103
16.895315130989214 -1.1524308199831068
10.626674711397573 0.2260011575395981
16.942014284802177 -3.6598618836904007
1.2241919977551488 -0.63512262870358
7.524925764681075 -0.47981111861492154
10.201446843284822 0.7355780735240477
16.687911683307455 -2.5755209010861253
5.394458268165696 -0.6966791563442032
12.761236976542529 -1.954145304376292
2.9503964771928453 -1.3906172553403182
7.386202902289888 -0.5459511331139502
16.568133816003908 -0.4404523032022257
13.323372474502749 -1.0346094411663382
6.828249130873115 -0.3636315101531842
6.271732554930553 -1.4193880541102237
3.9203581296956638 -1.3470629456076388
16.962401288639285 -0.6258340357492013
11.801638333389807 -1.695488383688511
18.75975539917352 -1.7118630329675073
1.8134058066855037 -1.3174791959364796
15.19121326227693 -1.392622696630162
11.841180165858539 -1.014054042080962
6.012211152043684 -1.5092681539398527
19.66670891682251 -1.128738957264574
17.51445619999965 -3.9119130025252096
11.010931554754047 -2.2037800846791713
8.014943833213794 -0.9607233963617288
8.316729996624034 -0.3966588998858838
2.7963114017343185 -1.7597945902919947
18.437628848610178 1.7874703674402237
10.904247674358029 -1.7026880218910636
14.680063355842181 1.2756780816764832
6.209246596197077 -3.9299106757971085
19.662154740785123 2.57555353716762
3.136904607624662 -1.6308845533821428
9.755759363143465 0.799218898302557
8.795468272256569 -1.0326297157790751
7.295698417316461 -0.1331839379125032
2.427320744428027 -4.155719958997234
16.767681548908158 -0.7161622384984354
7.282830688164271 -1.1541784306152805
19.403736910490963 -0.8504155534381324
13.676949127284857 -0.5082208552912751
19.74959366844104 -1.1446167762577009
6.220531261497785 -0.6401233219555098
4.715587009621989 -1.0601523249950688
1.7140374404631016 -1.4342856107679962
10.53091402062895 -0.8432297750333574
15.624895974816887 -0.6764486445826392
16.891138521025564 -0.5469127866457689
19.763212565047784 1.1025906242999117
9.304794518313944 0.49041327880628527
6.768949191617554 -0.2677169831386563
3.5580493457721794 0.202909150529903
17.106818143543304 -0.12455935023121313
17.815595339852088 -1.0639097768008636
12.994065527775101 -1.0177666980653348
1.684833050481906 -1.342882799330595
8.544038756435782 -0.5550005840827152
13.680064865518112 0.04356628379140771
9.566012359853742 -0.5547791516352172
6.334872304728425 0.09719994222094827
3.0320280136064315 -1.5468297992528748
3.7162504764047526 0.08451339871017818
10.252141304785804 -0.3627538648745877
8.545307298878386 -0.05905487931702309
0.7334004514475061 -3.845408434338551
8.958325626588522 -3.6563525644066908
17.190636872571613 0.9884411309716353
14.465041790933354 -0.8222810655026728
16.507625706754233 -0.024445095306665155
12.210428487833246 -2.223486571445046
15.318504970136548 -0.4669321284519559
2.227424580729083 -1.318784902835403
19.893344680426424 -3.6553850575231714
1.6328920579344195 -1.6680749287268442
19.49663347625873 -1.8820347757940044
5.421933223420418 -0.7604447515255245
18.47803233954952 -3.9246614440099687
5.079369652947053 -0.5002504729416697
7.805480762929454 -4.825333021562701
9.909984977919326 0.09055913395800036
15.39435207326309 -3.5141195746080007
8.934283277391089 -0.11947516978233547
17.866390540062127 -1.4768818634114376
12.638680324843337 -2.316336397298663
16.810853356564724 -4.946585044786004
2.608463812830294 -0.6432589962573965
8.259363426288143 -0.8972890743740414
12.05235105326066 1.1934171359821766
1.0110526101330075 -5.446989154213542
4.72820870627724 -1.6525662756446335
6.0761431921731095 -3.7727309521745096
18.07033346572117 -1.2128430970901931
12.082821025397877 -1.6236321508233322
4.5084692004027955 -1.730276209040719
10.862352848092451 -0.09797948829436944
10.212714205874697 0.7579495552121239
5.8944802080782255 -4.296509656771781
15.30337132561051 -0.3972427213941134
5.894419349118095 -0.7454187816240878
14.072045675311974 0.4447733286076416
15.171289212093281 -3.0394253778865523
14.290030722267115 -0.98110463206989
18.12347290776506 -1.1361267464694786
12.795159464738948 -1.0306870799618582
19.425703640934763 -1.0485038156857187
17.075669602620064 -3.552790382392043
10.585907405332145 -0.5545923533007322
6.2987252347341895 -0.8202162993930903
8.726284840918783 -3.766682076181568
13.055617373716457 -0.5206696649557898
10.210482728911153 -3.37470765539308
15.492116956300036 -1.274463116551468
8.533232713746695 -0.5594184429853492
7.021148194446779 2.6383098040980695
3.1467338202202475 -1.94745340956575
13.80067511391028 1.2521337904922827
7.401687916493523 -0.6097389144253192
14.498590480143166 0.5524189441468477
9.721909322402773 -0.39823748488367605
2.47145852927684 -0.6522659407512542
10.501330294178109 -0.5922334686899872
16.19696390184083 0.3797870165723459
12.598653752454686 -1.2568075626591924
15.13465086777766 0.8271856037798068
6.784360260535244 -2.013100478131436
15.342257214555737 0.0246855981615937
6.398653882598307 -1.9198851439523739
11.873744315619929 1.2909953734004795
8.002641914881664 -1.4277709510115637
0.23757624463169608 -0.720126701501596
12.431057768137599 -2.4380628396673423
11.517958983972326 0.4647269704749488
9.271723535224305 -2.395187933624515
1.6265443322795354 -1.3895744678395299
11.479283356825087 -2.3803785747501394
18.31335443902811 -0.6900779915728997
5.029172848847576 -4.443431035373251
1.3097252480268995 -0.16847980988767777
10.45924398793041 -3.4201347891987055
5.11688390078431 -0.7694846683616205
11.946437123861994 -1.2529695422022826
3.668954737861303 -1.6486885809105216
5.959560803861379 -0.7033729572337306
10.240812406878382 -3.5393217938670047
10.77139452910556 -1.4876851202264523
10.989572733865996 -1.4981833885959235
18.96243194865014 -3.2575138766179
17.13239721024635 1.0867307172109055
7.249448233724136 -0.7427349563652526
19.186184290749924 2.454668782998939
13.313842098567306 -0.9899933561398853
12.106783820978082 -0.7087555779285557
16.190446686494234 -2.4620308912030526
9.620442051538042 -3.4704444046964986
8.148240808815101 -0.6382369679681227
12.46943080287115 -0.7504100201679051
3.1708424848781025 -1.9949759524691886
15.850840040555989 -0.6904870761229499
2.895868293864724 -1.556188660333537
3.305635092689357 -1.202559432620276
16.21888232594606 -0.2493745525116337
12.346758200867177 -1.60166733253873
18.07288952230694 -0.9984899202259989
9.064407533191154 -1.4499286928431967
11.190825682942611 -0.953189660451318
11.416906124352003 -1.5058228675680239
1.4826933979161026 -1.3765589021498825
17.308691326144455 -0.9367766081941374
18.08203244713027 -0.8523736732301315
0.1101544525703195 -1.185669047035519
2.749541467673933 -1.6679470685484203
8.25232148427273 -0.588323846764886
3.753494047729368 -2.1548569228178582
18.034591918781405 -0.9427110596980618
8.184714771450494 -4.013347621425459
2.4115606967374164 -1.1792952133035173
11.839038810260826 -1.3764930095320187
9.979557425046844 -3.3035844601258137
17.169742084099937 -0.785549395232227
11.412273052016157 -0.8965154477287766
2.613693342300563 -1.725922963190088
9.751856922797899 -0.4774059456046579
3.6372455227270084 -1.9461786963594507
8.283971240703842 -4.964696515232397
3.6945719877172314 -1.7743049460333113
19.449917249048692 -0.7273848739759725
2.3748231897513734 -2.902364875065629
5.552863703878495 -0.991378143713248
18.83843373884572 -3.943540211288187
16.962462924461292 -0.7494076313027459
9.102799653248393 -0.46164256143502796
4.9625479267131025 -1.5073966836004946
10.352878813678828 -1.35447886488168
10.74539467688805 -0.20417528144832015
9.645468551689412 -0.8721616732392146
18.517129419019575 0.30536108590564964
19.017396375302575 -3.4416925004437013
0.9189307607320856 -1.4976792419796228
11.925767576113518 -1.0766518446027578
7.337585935232651 -1.186188238633994
12.364892748272274 -0.34607838927926965
12.698603622895606 -1.1874752843923824
0.2965602905733065 -1.0165822266926154
17.787179203488687 -3.350796764673573
5.011348451859531 -0.9551044842455682
1.4348578987725158 -1.6111297597008845
15.64485190248182 -0.9789191397458823
2.9076179901267127 -2.7478100125699356
10.384604142100251 -4.118280668874376
12.309222721383891 -0.9783975423105216
8.29541029759317 -0.4990887610990779
3.101759498349789 -1.3465025157254915
3.584053364521194 -1.7836045615639369
4.466371626367146 -1.472618515092421
10.407756059573467 -0.607239430409299
6.793543964395227 -0.5789895348216072
2.464637143628983 -2.492282926106214
3.498251111657858 -1.420428979277775
19.877259504978035 -3.768207358627707
5.190929344287958 -1.3534485255400543
6.223774024408264 -1.5813874728425579
0.46820672580959977 -1.1812261047528203
1.701406318822419 -2.8496249463236785
7.96084190005657 -2.445597487097175
0.6406861403764994 -4.373352173611677
17.717981230593242 -0.7904918154163557
3.5253192284831965 -2.0904744361000955
3.36279975555226 -1.2118425753207913
10.259094615541567 -0.7815950734247247
17.917723461671773 -3.3474879688240873
0.14462490396898414 -2.8267605991202496
9.123757784203702 -0.5143730665965548
6.437327523579108 -1.261296949351278
7.0032932316897725 -0.3581791215039992
5.192786045278439 -1.0612906621478522
2.9754445092107695 -2.542765029385864
5.240549073840607 -0.8382395903328453
11.048186868399489 -4.189412214679553
4.37592935024268 -1.6187552963994813
3.578101329744756 -2.0555543138228525
11.901898532038231 -0.7974924110180994
10.518547871889124 1.6633233350450058
19.537852598246968 -0.7832246967617198
10.859265873764492 -3.2200682789460013
18.5056928357717 -2.4890203702661395
5.609810275096076 -1.4101108642508333
19.959133201635424 -1.2299252023893974
15.341955519118944 -0.944884047383863
11.164771586857032 -1.378422424200393
13.263932767582899 -1.0319979140633375
11.083614295426973 -0.8841000029807101
2.6890041466680703 -1.4858613986404743
11.880712668102927 -2.8243726537569964
15.260557910696345 -1.1149895382228665
5.6295436218193355 -1.2323896495185778
16.698341426195995 -2.1628497432327065
11.300373116025286 -3.0876485552818402
11.659420613698876 -1.0792774422347369
15.03992984066335 -0.874959663640703
4.660709223788569 -1.0660928646695755
16.79147535842675 -1.0384643643859215
4.55677924558753 -5.414162781457606
6.352336958650089 -1.358706980539293
15.16996410420181 -0.46802486385723896
12.047338438781054 -1.5854265473188982
13.094426098779767 -1.3396007009631459
1.9717890458123433 -4.125521735303565
8.396412608784308 -4.129259000005584
0.4222478301755954 -4.702275241628181
9.00129659542987 -0.5591323464566018
2.6403682602096716 -1.4862385189875609
3.2845400338896433 -0.9362082551799205
19.769327106579222 -1.1537714408805317
18.050236365679545 -1.0746421933679176
12.39016634729322 -2.4158991633955047
12.43527633219523 -0.7207149591943738
14.323925807871802 -1.3073038463035174
2.8590881301640696 -1.3484992712598403
16.35120195405541 -1.5409571179795338
15.423664157168304 -0.632980771212959
13.819964236990675 -1.3295583272696003
8.929186078301683 -0.509997322356463
10.052501672356877 -3.7073024915609234
5.82853261210234 -1.0573632764837935
11.285334389437276 -1.3447651905352276
3.385440606948166 -1.2157441480858187
15.779167608197206 -2.3031348058976304
1.8563248618756982 -0.9876558299936417
7.999092457528012 -1.1909473028728041
17.743300748774345 0.36645003610502364
18.99934321894072 -1.3478755631962218
9.993116812121018 -0.39761065256727796
17.721871504176434 -1.0277416623703426
5.064138237514378 -1.4336249475824345
10.785934115955428 -2.1756620927088015
17.017224437156013 -0.43560084550859984
17.567774068908502 -1.3732182916683289
16.03818865395483 0.9566942887659436
19.547316646515537 -1.3227088889011895
9.759191527372755 -0.07371017344921024
17.976091974124238 -2.480618690573175
4.855941738366849 -0.5183412079502738
1.1544944398867316 -1.8621580904705906
8.66830248240903 -0.41589186556113666
12.495243691880425 -0.7431514995919279
18.29541911068167 -0.9539824358431936
17.500310089549306 -3.146875562932982
17.870085524633872 -0.8153869868521646
17.494505127423643 -3.169339435411893
6.779104801459356 -0.698044714342053
15.425163156365238 -1.0719256257307672
12.388749427569897 -0.34098866517540316
1.2169747317043824 -1.1645872613963921
3.7340205498654218 -1.3409389132506235
17.34137082029651 -1.2962484413767095
0.32216723890578186 1.5619846952277063
17.444813396867403 -0.9205564753500657
2.789677735676685 -1.394589442597777
0.046408663061730915 -1.3022568893601607
18.39498373525077 0.02320904791112798
15.570900520750616 0.8032145067871013
5.049392772601532 -1.1685810231760074
4.797860229439834 -1.1358919438503956
3.0605625132856096 -0.7683395423357994
14.9375704216202 -0.9158858380345196
1.4813014134424323 -1.3690965025429742
7.454008882778352 -0.48699454436246503
16.304332497345406 -0.5521282949248099
5.334895894989036 -2.5373778228892583
15.219608146704454 -0.10348715740377376
16.431297799925016 -3.8912817132965105
12.072921846898538 -2.170066347901601
5.082554037067159 -4.18129163332058
18.688779559265942 -0.6446212187170626
5.1815775223374105 -1.2527752534431702
12.385595730893272 0.6808481998190676
1.89847281314956 -4.140090420203167
0.7960530375183965 -1.10107721350299
3.1772363868050997 -4.470258285302227
16.034862339748297 -0.6023695626754959
8.190309059494828 -0.6593966363675352
11.00224321093261 -0.5749888728687663
19.885493373467387 -1.6242492837484783
1.639583284945803 -1.49235687660821
10.609664747403013 0.5761631859548104
17.851620597516145 -0.5474716478856199
17.12330516613826 -0.6195705340758616
12.123724592572929 -1.5606490754988704
14.757296250979023 -0.900240710128626
9.405881194868952 -0.46550469206106526
12.336313768253822 -0.9124585242902719
8.655209363064193 -0.4124969152013993
10.438491848035254 -0.5303783961232161
1.4118204820411202 -1.3166177891097242
12.0994527682345 -1.3146791050591062
13.827018972601966 -0.8880152163906293
14.826856839473033 -1.2612591078731434
19.0491080811019 -0.9328627044367224
16.201474251263626 -0.8023704960256041
12.211434721019344 -1.6823250235242524
10.284788436500909 -0.5337113628187616
3.93772534393085 -1.731357422711844
17.9216947996743 -3.185450269137103
9.74253644449408 -0.08441718126037853
5.797766345433488 -1.3095683932765472
12.213074980668553 -0.4068668672283325
12.491261930353337 -0.8379415093250699
17.409097600927137 -0.5417379961242837
5.021424242908366 -0.7269669800588611
7.290851089573182 -0.7222082910376149
16.60437355369739 -0.18622710515607532
1.2808589222931244 -1.1309263057068815
9.134623672293964 -0.49914961259889234
3.1383646187481005 -1.436827620576579
13.243337937903469 -2.0383720006556265
8.246651725156196 -0.09025812309510002
3.9905089505956606 -0.6862627620823607
8.401447093977715 -0.37454771631075107
8.925383948533968 -0.4159718685538656
15.847910061682905 -0.23339243975514756
4.356860015445342 -1.7805836998305344
8.177670544313273 0.20395429477119056
15.74328367982845 -0.6895395841639381
6.414142168629508 -0.6446554293478457
0.6810602538756018 -0.9915249996226774
1.934737427749596 -0.9177678441936463
0.5046353913628069 -2.2875198309398326
11.215151379165022 -0.23320556070105758
0.9367801202464999 -1.2625988068930547
10.993645182935335 -1.5724971256601887
12.508763676355807 -0.8322608829262428
10.549213253930121 -1.1897551949129475
15.91995815654211 -0.6097268714019553
14.01263456251264 -0.9979328812754946
18.037385430172975 -1.4341102768369935
11.654103546575001 -1.3052137018770136
11.661965527613418 -2.5161124547996025
2.9365930307089454 -1.932943005221214
14.535959150509793 -3.7628666681274763
15.34182114980917 -1.3919853649959595
2.8040741412732166 -4.490741059567267
3.7019873665449907 -1.8777053373085622
5.968812153437557 -0.8285070001765483
16.376516729563942 -1.131896401431396
9.535351629342744 -3.4756775956246604
11.207179641292598 -1.081155354777567
3.508489879063468 -1.632981057711316
2.4363502757468862 -1.1616786119108413
10.40950487458726 -1.0916541353359903
10.639670716733585 -0.5897674159603019
13.43972415686939 -1.1571266304241938
14.224507098137234 -0.32648594801207326
12.176341042960807 -0.39168973004538005
14.424489931611928 -0.6477015557948846
15.13683103327191 -1.0503963379111039
1.2225850145992803 -0.8508245370546332
7.316066224188445 -1.825173695708357
16.44562017835181 -0.4428394872785395
16.213189827631727 -1.1231764509234579
5.582577439368455 0.6792038630377599
12.370490297633005 -1.8300743948154616
18.55598720597548 -0.29740695739824724
10.300301181030408 -0.4080908854810633
14.45847535079933 -0.6928624351875359
3.0347245338884297 -2.2193729356901075
5.645627727133966 -0.6371047287606144
1.6227344555865786 -4.2584725732959035
14.254356604738877 -0.15863917551936896
9.909434174521374 -0.4822617059424609
17.762235124166004 -0.615675442222997
0.4484553703452032 -0.7626665990572393
11.917858832598858 0.707539113589577
15.264868378178882 -1.2068268763895358
19.300166919232026 2.638906311850241
15.968241992256486 -0.8751967604235962
0.6710555187807654 -0.23243622628363153
0.6259619336882944 -1.4871492672244537
14.734408517841429 0.34724115056467386
15.114767087245959 -0.5194049884427595
8.617839378817369 0.7572698882397684
3.95782672053978 -2.701604290841011
2.8922550378566703 -0.575090164964815
10.893000987910918 -1.4198567796904455
9.577372043312776 -0.29481862739092535
9.045086366745236 -1.3959033878797946
13.147577242815604 -0.48855187771211905
18.30684774126729 -0.5633471015549266
7.143574777366066 2.416326359064336
15.965763309219444 -1.0130900678922916
6.236933021474615 2.7047366309813854
13.794844282766618 -1.9570126650012265
10.202983821468937 1.187069815162151
17.53756929204454 -3.512612547639965
6.415487127300175 -0.44809056214556453
6.859590816484097 -1.1336545308257264
1.761718297584955 -0.9629625905867858
19.29087845332675 -1.0993785227932895
18.23213103612931 -0.9513565508110522
19.844814937719587 -0.9435967026341741
19.353283005848763 1.7913947132722425
1.8168793315152643 -1.6263470721351663
17.312597612317163 -0.18576078069264987
10.732384233432079 -1.423416903075722
9.609388426357762 -0.41021718287486175
18.133222863278796 -1.881529099079301
12.841460945918405 -0.9329915513454419
15.720587747659716 -0.9326948852708822
5.100666476120824 -1.508876215632
17.561714892917713 -0.6313350804643616
4.631261961151396 -0.573978604350928
14.072660197902625 -0.4166125742189428
14.994657204141498 -0.3311333465944357
13.460111248650179 -0.6260651200155123
18.71698934676283 -0.9779486039132104
0.47228411864064845 -0.9786231825793865
15.1484806747936 0.24866124433927767
8.850605315369439 0.581406997669695
10.478249392708063 0.30888938296737406
3.507309188340454 -1.5499173875794154
8.024418510486822 -0.25914640032543246
7.380206383264062 -3.6305548969407373
9.382955086003157 1.3549094459948616
10.950125243355783 -0.13874206963398206
12.005660956750472 -1.0969383142127234
10.185069042017762 -0.7086519946523319
1.642804811338296 3.0004438981809325
12.80033322186445 -0.7141135972634953
18.15066967654716 1.095138254827266
19.475987557764125 -0.8323705951234481
0.7788182229269117 2.8528754638849163
11.18315300461281 -0.7496719927924155
3.187056040369176 0.22989019763038404
14.523489662658053 -1.0313612565273629
19.92800777358341 -1.3825576704879055
5.143438138268244 -1.2829401450663893
0.9767819841288672 -0.18487589843459395
11.126113723224428 -0.7457967440642187
15.957386868190502 -0.21172932975289904
19.4092610335456 -1.2945740168057183
10.021437312566107 0.6635942483215931
14.544354465683478 -0.7509094674112847
17.667777209180173 -0.8840995462634714
3.1686079083506495 -1.3798916299132133
13.271998782002806 -1.6085703834285783
17.244657184619648 -3.1937897169537512
10.830480584979151 0.6581775552602243
8.988008049442914 -0.3633385020447243
19.107731087066153 0.9542744795926927
5.29503310900117 -1.1931063830367072
2.3109591131641714 0.07171002620437625
17.392347841427927 -0.5975703573973484
13.561096509209545 0.43644620157119784
15.573858735243624 1.191579291228164
19.581820325387277 0.43483091171872346
9.28163394279907 -0.3320540679656334
18.564558231349253 0.8247872194326393
18.31750617799689 -1.3671483263848427
9.779635597680373 2.5307083381386994
8.887603879885802 -0.3667488661524391
16.892716499525527 1.856689474058438
10.25870274089915 -0.8731945069186849
15.10578172919742 0.9357263727034999
11.514756568712393 -0.7482172319968118
16.81314867340721 0.45704679382871943
12.26877552445325 -1.2762686782309407
1.8003546666804722 -0.59770012618944
18.398804714084292 -0.8031446762277292
1.843636702336472 -0.3168017857178295
5.706437419145617 -1.2387670830656725
14.61085555345636 -0.32931131639933753
11.865275633242383 -1.6573642386123757
10.921453482336247 0.12258132171813392
12.463422119332812 1.3155471340955127
0.48336274338587143 -0.40658811755035273
9.028880917913684 -0.41037549822104236
6.6291994379818036 -0.7423656474372324
4.476075340080211 -1.5371118599788707
0.17568928847672236 -0.7587934452484397
17.25390161651845 -0.7221350099724809
9.626384929688644 0.8201003508351684
9.459456382206444 -0.4429812782061565
14.364962696002058 0.7209507038190527
1.7617119926382516 -1.448144321336672
2.3919705775324482 0.1543182810216785
9.999287346764335 -0.37303712461234034
17.384415713447645 2.115770377102528
10.814206557618522 -0.6471348496449926
2.421325939643084 -1.1678700808662863
19.548460883317468 -1.2306563163736879
18.214704789860633 -0.5625537254932872
8.856500332341096 -0.37540510201898236
7.7629979176264285 1.6596449319228561
9.569046015228986 -0.19118789339919448
11.031713631499601 -0.7551112622947459
3.384278791657567 -4.4215845987502895
15.033735568802992 -0.5796454812497209
1.1684307985851006 -1.187245953930419
14.311483031806626 -0.6289536530410911
11.21923731889941 -1.3272872419436943
18.152155867366044 0.8730399168070366
13.151882414995054 -1.4195868738220137
10.02202215683894 0.8100971085860742
2.850199653324317 -1.106428031975978
6.24559256424026 -0.9487594289750726
18.893823442426733 -1.009710003416567
4.248626465936796 -1.2134117393038242
14.55495150877473 0.9791343874860514
18.077035635143226 1.8053101658864834
18.70734897673103 -1.061986012372175
1.6882216874571774 -0.6758908027668749
19.91237231490461 -1.1920818895400211
3.8748600436790546 -0.2727714869525338
3.3547173562451054 -1.7372733932525566
4.109561581542422 -0.9684540334080022
13.147264639263085 -3.8893407471357113
0.8813072790156629 0.3987553200070615
5.996338671649045 -1.194383380452987
9.404915079342807 0.6905453998833532
10.456719613029492 -0.6174455313986794
5.750885001578829 0.7809362573714385
8.455557909052443 2.480112049227115
10.48707569739579 1.5798600631224065
12.679007505091217 1.3005163446401815
14.321363859078708 -0.7567102958561681
4.563951396487501 -0.8237047072881304
7.550124617273742 0.48419686976479803
6.509823045855654 2.7124392467406957
18.439727919919886 2.36987181246291
10.93187355532403 -0.6521204344068285
0.7103536410857914 -0.5822399720883185
12.634456717156946 -1.5643197938459144
1.56191089079487 2.96838281587267
18.249918954805118 2.3019994598362628
7.479350608827887 0.5047736238006973
9.539375398317386 0.8956243838465784
10.054849731899745 0.4849006640151426
14.520649615327528 -0.8854482466643822
14.407124016316658 -1.0015790866698253
13.603159169355184 -1.5797959887067203
12.23047028106238 -0.9184350329270132
3.4732108550953944 -2.0086962563961044
4.819707405930021 0.17004068527549576
15.429588434011968 -0.874259305464445
2.39737349198245 -0.8107886899410632
15.270098916594256 -1.1142425116899164
7.718664835830762 -0.3913126374485566
11.191563623025349 -1.3965435514076134
11.028567326972247 -1.1044252338217204
7.77738297859704 -0.32611892971647616
6.26258573941385 -0.7820589469472826
3.3512905953621273 -2.326579276128994
12.1195164356844 -1.1969761343050767
13.121669215542443 -1.5969725727040551
2.073395451878363 -0.34380779195102545
3.8431040097419946 -2.0501200141716502
15.35062957461304 -0.5579961148056392
7.1537313137351894 -4.21981272219985
2.569338096092153 0.17392604108118526
16.370720038306402 -6.335110707121484
16.44535320568845 -0.17001355353603542
14.663275183496225 -1.0399739932180605
18.07406713564893 0.185558060139417
3.098876141458618 -1.913608702304983
16.765507482794273 -0.5390083537127879
17.22924248701833 -0.9324312804175973
10.61248600036328 -1.5647850845010725
7.064945988517203 -0.7746620204295497
16.36901206599329 -2.4219315586191255
6.285028066841626 -0.7465342231389721
12.068537548822995 -2.6178553768106685
6.969731589663257 -0.5403018070181939
5.097036227327032 -0.7280592983925817
3.739563763913801 -1.5163855568254947
3.1496363555304234 -1.8424426122526607
17.0531800461748 -0.8495280799873622
13.47483959375604 -1.3086400751259872
7.793634050117168 -0.15391850522706071
5.599321176424528 -0.5627050421384056
10.223484631685787 -0.3497603321856967
0.03884570901058594 -1.2312598017452574
18.980411978888757 -0.9766843312026844
1.690148650075624 -1.4394419828829836
11.085586803882533 0.23791079234525264
13.658653031834096 -1.6180107492279494
2.612257691169149 -1.6096350807404824
11.802229628394478 -1.3161422220407368
5.359923451317336 -0.9680845891180452
12.457141621482737 -2.0377847923017005
17.790700519514594 -1.5036863780390526
17.527063987858885 -0.5601045330398258
18.151091870941666 -0.6672737622994908
8.520247361302944 0.5149672888731209
2.847790858521138 -1.8827369141674455
5.805357417550431 -1.2735173377172837
3.0971676609225764 -1.4599884839291526
14.66257370180725 -0.687230164438325
16.093434126675803 -0.6565648389536682
12.998203212254978 -1.3643843814270333
3.98699169791252 -1.8287640770898357
11.237592519638696 -1.5852255041159005
15.90737365032306 0.2538911244943341
7.407139046639538 1.3945826707686289
7.187644221239413 -0.35229789129013633
13.285182906521305 0.5594068099673751
14.410730417355541 -0.5919936269059679
19.393153702637953 -0.5106564067813055
2.4307111149451193 -1.264328925746589
7.579252289092317 0.5018511645619278
13.327572543660642 -0.9284117969508363
12.507624844193147 -0.8656581958979761
16.86632018988331 -1.048370678600887
4.261422258494884 -0.6241399391293784
13.062365965242366 -1.0885519321466544
15.788879402025623 -0.5572947997351173
7.901693699363826 1.2915997225880138
6.180136604239328 0.20803898478981042
7.7326903288746625 -0.03043271826911815
10.70631749890245 -0.057542822975686005
2.535251742853743 -1.5074812882241366
13.548810075803996 -1.0073279846158119
14.232822184014573 -0.669532182829092
1.879686407126791 -1.095302621758829
5.677086666613649 -0.1095714376201768
6.20065965864918 -0.9593653921486328
7.456048562689955 -0.2264644500429142
3.0061078283969778 0.09490160794606736
10.356312814059585 -0.3127837618888636
15.589905113511788 0.7782361888833319
0.07724351321613906 -1.231917147524456
5.276702279807902 -0.5681210305071057
19.289559636826286 -1.2594923536291025
0.99258190900492 -0.3020902091025727
12.946198725143404 -1.7587071979219893
7.929518356790982 1.3213502751576927
10.340933355411844 -1.1451320968054641
19.422739349071264 -0.45607079466417644
8.18183967279969 -0.430470296638747
13.964260703985005 -0.9605705768398801
8.453038533598196 -0.12095716708154981
5.01786293678395 0.6925397139659158
13.937844483387558 -0.5640264600968156
10.85164850229819 1.9681083463460238
17.16422263146018 -0.9478857961570717
0.18286164459372917 -1.110735585824245
1.042533038620949 -1.2135326069706236
3.4439136188213895 -1.3267137515739065
14.724519970349483 -0.8987443924560691
1.3003878188882279 -0.22433591596473837
11.219404322238553 -0.3208652935511252
3.8291542620971124 -0.48352973777905855
6.328008370673912 -0.551003301041295
18.532317937310392 0.11532969697808443
13.47770128682931 -1.3880024364910195
6.63201151057676 -0.43547548634103206
0.23817226128338304 -0.885832561197766
18.835659057875997 -0.7831564075056824
19.626833474494426 -0.9919799844393575
6.453452548399763 1.163305399228143
12.334850039341937 -0.7902250903958037
10.24344408158567 0.389674413315089
19.143107431329398 -0.98696660811773
11.366847612052828 1.8702279387240741
10.571701042034048 -0.5821670169413575
11.800143283053387 0.014953249587539609
12.44189664632764 -1.1564388921461806
10.32422895768702 0.6283230943283798
12.582268215163223 -0.07916281627859868
10.413588339887704 -0.92485393783888
1.6318738990225672 -1.0795202885759043
11.02478548805313 0.858000245650434
19.261926019120796 -0.9064523005406249
10.814190771712262 -0.9189911446621674
4.912153493864305 -0.3655849270935408
2.984107298840867 -1.0383875637959104
9.36579733894829 0.13657528051061146
14.433323836937081 -1.099004925443048
12.567493247313712 -0.3366067145344436
9.302028775728376 0.38084182742072314
10.822015375066073 -0.4661818610779523
7.323893212886985 1.1196246825815743
11.074448894792342 -1.613204800287165
2.988039838762535 -1.0127148270101414
13.322676140352876 -0.6194133969880102
1.0037693020013225 0.1566646479623176
18.35446259041518 -0.4441498581804699
9.663936273545575 2.5159075605420194
7.500493425028721 2.5149928832846236
7.197253609774203 2.1321961496446353
19.00655849079692 -4.261505785448793
0.1612709301849313 -0.989365393046165
5.167936289377506 -1.3983751408861786
3.761323696195465 -1.2772985547425688
4.133449165789623 -0.9856677698070008
14.101550331958242 -0.6801786657159236
11.766997447562668 -1.1022636380268063
7.410709154383572 -0.43902177560238775
7.768712764430853 -0.2641004411711648
8.8750841493771 0.3290594815922886
16.083648301883006 0.14365245658102552
8.067044991085822 -0.36998393799446005
2.7512829306779683 -1.4668457237138708
9.981400003404916 1.3954207501165947
15.90606151401628 1.0889979833086494
2.5068490913306327 -1.1199845578223637
8.672481015301493 -0.4020040255779783
17.795508826877725 2.095830820059101
9.678880724201047 2.2656701901138496
6.534574137441523 2.2767683370447416
11.711686652581692 -0.6694448246399368
16.456283350308414 0.5418835059565377
11.818666856592658 1.33510356652554
18.75990743829602 0.3860763024663919
7.08703331656456 0.7971240557815368
12.129906601517389 -0.25267661450352863
16.458833567578314 0.8894630077999529
11.959686878515653 -0.5046598755798908
1.6383731895998106 -1.2507749641455541
8.705258291158929 0.47379938131998045
8.282387366146589 -0.5332872737667648
11.801041891179398 0.2633156966911241
11.330950398341768 -1.3677827293239782
6.800649889527038 -0.7687905980729233
19.298073480068382 -0.8354729865402934
7.374265906379749 1.5193244247282842
1.4651366734564024 3.059891225983588
19.5357849308494 0.8023299637466312
0.15071277350656695 -1.0109027514556608
2.0700568626587974 -0.5518525971263244
15.651104686861652 0.5741653330936094
3.0743940139743633 -1.3105161996683667
14.609435809413286 -0.7337778496775643
3.771371627570558 -2.16155797921859
17.536478611063743 -0.806953352885742
5.630725208575232 -1.3798067470250353
6.8081839247311695 -0.4393123299740729
6.905437082153847 0.12355124443210368
14.02345829697249 -0.3743587588565287
4.53380341041269 -0.4211220882492823
9.404722855192515 -3.7297691808093836
7.040766581588019 -0.46182890823588235
7.925815536128321 -0.09038764864989945
2.017556713123395 0.1325872137262852
14.286631805180699 -0.6266232731122876
6.512462115521836 -0.27240196853098625
2.3731423425390425 0.019757094585311295
9.726086204465556 -0.1809758756704221
16.457372699182105 -0.4664123541115786
10.061280043035538 0.2994622482039205
13.583553457767838 -0.9675353068803737
2.4498202531094746 -0.5025283954989014
0.6922988070571667 -1.4193421235857375
12.444450534475612 -0.6586064967309153
12.04603314699951 0.24666162819436271
19.161701597518913 1.218129308748182
17.461082244495728 1.4002547988882126
14.501302623052409 -1.072606400902774
19.142237408222833 -0.947443779197115
5.443032468304864 0.10130489124079967
2.822197275101661 -4.278213238998636
18.540434176581584 -0.06836495587830635
6.884700234670782 -0.6600091912763616
0.12350604209927302 -3.528238570755974
19.66157522376326 -0.9889113552123419
4.041216790387591 -1.0449914881896467
17.443396279883693 1.5597059887098943
0.2888404604309152 -0.9361007433870296
18.412606465716358 -0.6975512862629389
13.634548939630653 0.03290223837794407
2.7126050714297536 2.7443087941092816
12.95298651296454 -1.4510523373505637
15.111637189392837 0.803398638429833
11.917232278803182 -0.23454861153710727
1.0454177121982733 -1.16371569216216
11.93363162982998 -1.8770534325718036
1.6039876744230892 -4.287493430711523
17.388378793121007 -2.0943561951101732
7.7380002359006355 0.0035641541004175414
15.244618300905827 -0.5798848869200185
16.09978879052264 -0.9934830726564825
9.673405835376334 -1.6312701074212435
2.441466039310578 -1.1569970234113018
6.661364697679589 1.3591257113012443
10.336322285483085 2.580216135331998
6.107892705740021 -2.8592334957592556
6.027475108600655 -1.2319949234007799
14.402594393638815 -1.263579263526664
12.936799023100317 -1.218387401571316
5.105212876204794 -1.4446855162566314
13.361443093083473 -0.9483947419757608
7.893955051380249 -0.1137382242282031
16.679434143549496 -0.5299224698161219
1.2294767662342303 -1.1328024319912098
17.22265997692527 0.7702239461843322
11.866900269388209 -1.513735234730744
2.8633481199877435 -1.536752517667882
19.64106801088413 -1.4070472594692478
10.42174922960288 -0.0006224524304223669
10.152458784831394 -0.08008250880893006
5.61764071072722 2.4708862763816093
19.361182090101387 -4.002179315536786
4.324319629330672 -1.34644001225009
9.206295194956466 -2.2050831903826538
16.785144653688587 -2.0813584844839035
15.173027550000473 -0.6487053941122822
0.27214009634509284 -1.2525628434493858
13.23586544354046 -2.019788636248204
12.849913471854167 -1.1237218882194338
3.142081585497903 0.17389393297267214
9.491340411386991 -0.5665025953278519
17.672768729023034 -1.0302943066674308
15.025267206881145 -1.215483454365558
3.6199269658312634 -1.8960518569811626
19.173184673804506 -1.0885670204371287
14.331542942960585 -1.1566510264864427
18.064355550200936 -0.7019851690214258
3.302199560532128 -1.9362851637102714
8.586707628284167 2.520284688157212
11.114517950563204 -0.9004208883224915
13.700417195811992 -1.110504806244861
16.775207816187475 0.6180512632880119
17.816812262179607 1.9745599968668097
3.9162923854226497 -1.4781593637968788
1.5827690253086246 -1.461527980863777
8.869911131152156 -0.2812436668390897
19.47130167325363 -1.4471724694564454
18.25684335632855 -0.9766639518369206
5.7544738850781485 -1.116161669781368
7.759029582158781 -0.2676132407245559
17.279495722855458 0.8196564088380797
0.06854166254460381 1.3087584751589332
19.45486626271146 -0.9434941659971878
13.408275850310135 -0.9897733501004078
9.80277856142833 -0.33837501713065476
6.385510370912524 -1.0251440894324964
12.453453817183151 -1.1600767905312779
4.924682071309634 -1.5470845374120472
17.765495961311412 -0.6555936303432716
11.812742069282713 -1.2411524382972334
3.3662605361789106 -1.9241551989087622
2.2849858971532164 -1.0314374624369198
7.895214411306506 -0.5861684383640912
8.907215676580082 0.6648199109494177
2.541337765095553 -1.2845843256545681
0.32962243345618186 2.744968413494118
0.25032804559868804 -1.3009658557643904
12.219227305357533 -1.2408399129471772
18.338314163378346 -6.194758886835834
0.082616622001741 -1.2236931819098515
16.032711203410965 -0.962113732034757
12.35368776094157 -1.231064815674135
17.721164559351973 -1.219891911969278
1.8192968771522935 -1.6666725854994873
1.9057060518356486 -1.3001001947264852
6.500238291056816 2.0448331584831996
0.37895172777971947 -1.146915340860476
2.320869393040102 -0.733065852151742
10.400133318512882 -0.6823108224323235
0.26821575484950677 0.6549228959813522
10.976427620557153 -3.8880062703234253
3.394847996844925 1.8707442404801737
15.464406619463745 -0.1579265784707582
12.561536305470295 -1.0245646134480377
9.986510555510806 2.2701263533546325
10.12016389081678 1.9398052156959453
3.5007069929338246 -0.36013224695631624
14.318958265394762 1.5277768304180286
5.879668642850436 -1.0674902308647247
9.234364259783417 1.5281944942560262
0.7457959646344449 0.05359296232629956
1.7149913195455828 -0.03532998615651454
18.149436832937084 1.2578180598387465
12.708844088021936 1.113116036870035
19.268541052920156 -1.0328333389462898
12.208969412144572 0.8405468807219925
18.03262859046071 -1.0357513548405617
15.871744495684114 -1.0554508394232445
1.853834118221501 -0.8329392151126352
16.45576568109313 0.42002238607161024
18.813377124776295 -0.9478921055686141
4.053019821258613 0.510693071567304
18.46671294571038 -1.677977579014733
16.674291254959183 -0.3779225095686718
11.635408253560826 -1.8725879460566914
8.02233446490286 0.44250323089510096
19.203061824705284 -0.9017315805957429
6.140157390507779 -0.6291089120237491
4.731630352531374 -1.4950564687521573
18.975275404811335 1.5858297471117169
18.710925406411402 1.8108279983997109
19.930313631262816 1.0974429757677329
2.6624870569952392 -1.2555265797660005
11.748100486987093 -0.6288001701862549
18.541926259682334 1.650443843027959
8.943122024709414 2.349945246845914
7.774258463566964 0.3612354809192553
5.821284664518567 0.6287714093743229
12.487985261515078 -0.00482974606344079
7.503040079173228 0.16990061933802608
19.84102142576829 -1.447036040520787
4.8581702540036416 -0.20984227819266854
4.49293402269499 -0.6973692040102846
3.926536235379337 -0.5336449153516963
10.85313808953804 -1.2051952723056651
0.7733896175372297 1.6442400151153405
14.313288282806909 -1.1346452421164648
1.5906855176991086 0.3363572177612384
15.947505674257478 -0.7216454675147701
3.3822468710435074 1.8257542880806812
12.987481344730748 -0.6208019449317759
12.15811119225065 -2.1357830325098255
6.523550438091701 0.3148033232461696
1.5815707555294618 -0.004822977254766034
13.609083955453135 -1.3919768914595463
4.786779489522441 0.3834786616759182
4.3553870259441 -1.0477727017342742
3.307054316410794 3.049057602689148
5.072840449862489 2.9605694962985947
4.7337729615985396 0.7323490902126317
1.8917197174074762 -1.590046584883786
8.60530259487356 2.2787172595349214
15.209587159228546 -0.1569886566054274
3.398029889178739 -1.39041829920621
16.86027602760255 -1.1349605801894473
13.206560670682284 -0.25111281211749314
2.0527578412953984 3.123998403621256
18.85905830130537 2.570422861419494
3.1459342659759133 -1.0489431572056915
15.759033012256534 1.6271654835522364
1.3409995832006314 -1.3682108939911772
13.315753252995451 -0.8625076797559408
11.36196163675332 -0.6062066418951807
12.513448660386802 -0.8111377839296523
0.02015622151706592 -1.1213226779914987
1.6930490126939233 -0.11898351597966658
2.9804734420179466 -1.4425497253181592
8.336768174327448 2.3830644682158075
15.470692318514077 -0.06811072938965469
2.191574899509173 -1.378187571815042
13.758925198669367 -0.615404955489399
16.654894341199288 1.5023992259534737
5.0352014284072055 -0.4836507991980398
15.19889945071891 -0.6897436249166118
0.5369164024870694 -0.3320051954303451
14.58422429304344 -1.203097882608474
6.168425944669881 -0.35423076226430794
7.666973370692474 -0.23249931928000686
1.8778201030069934 -1.3841223097570396
3.361205182027363 -1.4478375357966302
3.9053197958515344 -1.1331989961993254
0.8048955436475269 -1.1684138531142898
16.65769456107488 -0.4960148377925326
2.594801174485642 -1.0940940090116167
19.81830308679372 1.7572048388590003
2.0914446503848305 -1.5462055660074259
0.2268492692476734 0.7952179185476079
9.982259704524377 -0.3511241421849088
10.69925234027663 0.6660135171741796
8.205748972646637 0.5652725767486169
15.371494247746002 0.8162070412589629
2.3340998457024495 -3.7232684266237253
7.445173686427028 -0.45430707308305285
15.415447439251436 -0.2966806287140772
2.942116543103597 -1.3500787928066826
15.86047680475149 -0.6820568116807745
19.383698409135853 -0.7883340353162469
3.7904618569547175 -0.7208739565035603
7.201296453156306 -3.4645118152785983
18.366213740649076 -2.6067410788319223
2.3254057324123143 -0.23723595481482918
14.792074424471865 -1.4787690646084333
8.060147168445363 -2.3603836531618523
3.90286128559164 0.4403852944290855
0.7547745249124507 -1.2041488135180742
8.348464558317616 -0.06787169143820997
6.722126998328672 -3.632133774819595
0.9168317304117539 -0.722901807334033
13.314957380464298 -1.4320496090961932
11.440499368837157 -1.084929551452067
4.234151757767147 -1.4265053834111816
11.80924811128181 -0.7992310744196747
15.6486152178049 -0.9339233603334058
18.44194014766468 -0.7401097078583343
2.502372299237499 -1.8191270483053417
17.682944796064724 2.233863419493208
3.8644058806311326 -1.5416449407168829
4.228179580855134 -1.5917419218194042
0.8817206703163578 -4.603582653618419
2.180039719088688 -1.1697783009550664
16.99958533880629 -0.7333217997181448
7.34976472325093 -0.3867579943810387
11.961098363132697 -0.9006663635396532
13.469253791657128 -1.0683014875751813
19.84372292602397 -0.8582595701999886
2.817793947063456 -1.1553118802668174
