19.737447819876483 -0.9424311759026026
14.693775765955143 -1.4387556789648268
11.387864897228383 -1.4858096729908017
15.863176245058947 -1.4319789471758229
9.250163766021585 -1.1417510158708528
14.766086489457988 -1.2160275520680583
17.692857700609956 -1.348458865970306
11.67620511319183 -1.1363224906449363
6.049612647294637 0.35188414866155876
19.22016707564725 -0.5018010844295966
6.776494586372056 0.250912680985077
3.5775771237700207 -1.8876262023582553
10.610429930486095 3.070834558022253
8.627916988362529 0.489062972609771
3.9090360158362025 -0.9093198059997556
14.799875532281163 -2.0905136240830093
19.431146304511365 -3.604322989223426
10.355406086393234 -0.6250268191252409
8.909231291260577 -3.0925699210490443
18.23744896849548 -0.9499011534381528
8.939240314935624 1.657495723657972
3.7774065137839266 -4.168935436082202
7.5178092586081915 -0.18692590369851453
4.943835451539147 0.0888407015833323
9.49774757212918 2.3325893985470456
5.297725943945744 -3.5186038218164613
6.943651420833242 -0.17517290385347112
9.91531725619385 -0.6955945297468396
7.870332429499342 1.5452730685329423
19.909146536339716 -1.0322036676447297
13.419984456433188 -1.290414598065734
8.795790688387344 -0.7086322483855396
16.703325801761196 -1.3394494356767934
2.5196592854520845 -0.8857907040142641
10.33616623362147 -0.7928796979220251
8.770450174425525 -0.40088874789525664
9.591117597117632 2.3886565182701833
7.7656038686084 -4.371613408234796
10.331175613367675 0.5093201128384028
3.6765603631265216 -1.0820992672191363
5.596991551862468 0.45050000900065207
5.584456216296152 -0.6034964652596626
18.124191333265976 -0.9870838600497244
12.709489155418147 -1.4738894751406562
2.946498353971992 -0.2065139404784311
10.32785663331347 -0.8396113301129718
12.747606150458134 -1.917249512211412
1.888222435241033 -1.2547809400848247
3.051467848233171 0.3294727504292929
15.254922046088335 -1.3989723991389875
14.364791587124403 -1.4109571140729031
11.264645968633898 -1.1768012103845444
19.775387964126523 -0.9027266734438398
7.138359845378996 -0.13835881614904194
15.931873034070941 -1.210486517954147
1.8797818472745973 -1.0930921871872845
5.5067662351527735 2.073485735174616
17.158945667823552 -1.5659747236944457
17.200800814235187 -1.2557249478617964
10.588981310733674 -3.3747179600867776
12.477653475459105 -1.255535854548281
2.0888730841098866 -4.210096219792229
17.020524606382896 -1.5722930885799506
13.798935101263128 -0.8932347568266855
12.227223468325596 -0.8859971045160419
11.683806435921419 -1.3947841385340807
0.8083950140199478 -0.8085977272098824
0.25680070347812234 0.30579375627777566
2.0036427443791096 0.31361155106273964
1.3751870475710124 -2.0066586102114545
0.6256385639126454 -2.9819145483229272
4.120168463212948 -3.6969067930647745
1.7776336491822837 -0.3111456704298274
5.6000908771409375 -0.643105478069926
15.856341183364268 -1.2082909530837433
3.683389439753393 -1.8428686398074168
3.843079493139527 0.8649612271621767
16.22067244680489 -1.6009209804984796
4.531828443245756 -0.4920542798967285
11.11739305192361 -0.7801572197681454
16.52175377836566 0.15538554627936987
5.706068288145006 -1.0083902797069777
8.662967607020619 1.9398237016812598
3.0382550880390333 -0.9869383354269559
9.05162804311006 -0.045596107839374234
3.0637079987468145 -0.8097455658994833
5.578022709750031 -0.38320674387886533
5.452288851595138 -2.7289158215513827
3.3247422127760173 0.44612624623186636
1.1489754171805142 -1.9352207372396693
15.669861329912623 -1.017369416767164
3.6981040554357016 -1.8582862681581227
15.578944070259352 1.0108812474008941
12.407251950202083 -1.1646596343723998
14.710760948057137 -1.148717297754408
10.501906894148448 -0.8675030508230718
8.29664891794399 1.2794849247017113
11.657723055142336 -1.6191971324687713
13.79217012656054 0.6252456198373696
0.15447080315749717 -2.650173427692816
0.3525632463830412 0.1198263360988777
18.061050108853983 -0.7473558604521018
3.4199586755090667 -0.9044045904897389
17.83337487363655 -1.1919508395268135
18.679991024257628 -0.4392264387901536
18.552349451809906 1.861158682167409
5.019624252381944 0.48684277416950017
18.340123832841545 -1.5809519390723688
6.23479891829532 -4.697778118773055
18.61998244408033 -1.0347221915684517
17.33585827350395 -1.2993027275643045
12.269135014198604 -2.626157131255981
0.6892228267386638 -0.16767052795464688
7.412594810862316 2.1099535235185183
16.340536191826352 0.16861311705116916
12.141388140499695 -2.219419834490971
2.4846496283204242 -1.0008200396227211
17.122057534167745 -0.5398508504500796
7.00067733266892 -0.24305844974762358
2.770488120307108 0.9831319641875573
9.610974129193623 -0.353431735011029
0.4503499275393541 -0.4338124459270189
19.317118472795077 -2.612867268953475
11.398058713933326 -2.47853226021597
0.7731720897347538 -0.9247910060462896
9.547278603453284 -0.2530411989775237
0.12657386576869017 -0.931433676543977
15.74141958281263 -0.11598824143845111
13.058708239107167 -3.1509669625427263
1.0843242428447344 -1.1741102247329758
0.19358439095583202 -2.913677980635536
17.726912997013024 -1.2991910748203321
0.30089078753895343 -1.081748433134187
4.871301486325833 -0.5384191870846922
6.478124159762544 -0.6518133300772077
19.42736662287133 -1.228230214854138
12.654619224914983 0.14412317220675494
3.109239490004673 -0.4028758265186018
11.884223776820946 -1.283004062497887
14.256749371565043 -1.1602009755600198
17.062236486124277 -1.3134433872634437
0.029582216542096723 -1.1758120319754362
11.133542673299008 -2.297567482174153
14.762303889710381 -1.4359842936283995
8.681796458881095 -3.012843237978149
4.921444085317172 0.10777871750325313
15.321408021777119 -1.1215909731654785
19.512875222413662 -0.9672658172958384
10.906950397037708 -1.7425509596097697
15.60819544693165 -1.1991715500570101
19.442338688612345 1.0319943478934912
18.709327358365826 -4.07003460612472
6.1955861571032065 1.872252158472671
9.97799603880994 -0.7372791175828804
9.927663925232853 -0.5356444525082213
9.397136638297495 0.6910641479439916
1.318724346894987 -0.6894816546572328
5.84065436387037 -0.5493588216156773
1.9855453874475035 -3.354373360139099
2.3842331947936257 -1.0609676345955732
3.1399519858183913 0.816278642887297
12.080701632043152 -1.8662452501794284
1.1854501482303532 -2.828289030105896
1.7447867673710782 -0.8782970858585649
16.207838719767448 -0.8234361567944714
19.689085064418858 -1.1430121600056329
6.77034881183733 -4.753771147922774
15.729682977661048 -1.363985822409548
2.202993611188092 0.34203083616083035
6.029430294352577 -1.5655447917425203
5.054827236478124 -0.49673287484075596
0.6727947896817501 -1.0507601974783078
19.57335125991128 -3.3791939413037775
19.44843692340433 -0.6898569810527341
5.309740898734293 -0.6378636045822864
12.291587109484718 -4.210014474765402
4.322789460736342 -1.2490045484645607
1.24845781992594 -0.9779173222208383
3.180343050792966 1.1530787520846046
16.565534884787624 -0.8698085341639643
14.420203667030208 3.0778362818887905
5.873318558805894 -3.062008940777686
0.48967506143498796 -0.6536219123659709
8.903481718548877 -3.87404608526557
7.15045674744952 -0.3873815940331351
9.706773904961953 -0.5224136302453593
6.518797258890588 -0.425111699884409
14.542605240800334 -1.1912030048253475
11.56816970030018 -0.8064634455639742
11.215792069608625 -2.746361553990349
14.771205803153148 -1.2584493761131872
6.444157252034093 -0.4748439208807159
4.304147217880364 -0.060484947529539264
5.632321452721537 -2.12470454311663
6.850765169654384 0.7146908005434426
16.834381577707074 -1.358713669994438
19.341602978785932 -0.9357254583860349
14.109851037242978 -1.0645073433797352
8.912401481651463 -0.12825480970367023
6.399934332321419 -0.34109848582783403
4.385456840063369 0.297171569768931
15.499995842504385 0.10383180930222732
17.39936365859977 -2.6140414244044203
5.74183848914446 -0.321844675294322
16.45073791198839 -1.1071361551273415
14.129827745996804 -1.217209203904806
2.116896647144248 -0.3760849910898639
16.93411138978 -1.4394689860111132
10.69716106453149 -2.6999189875676968
11.426699253738295 -1.0230781191904896
10.51094751712058 -0.5049385850387271
11.964718470788723 -1.049521664286281
3.923491763154742 0.11427537261599054
7.298881554120208 -0.5391721832593203
11.605469487987087 -0.8003088458783486
3.8718441121915173 -0.620443527290142
18.02085478568774 -1.621351930178251
0.8234637756642347 -2.869942592782376
16.50077072942836 -1.3288585259290846
17.085654050528213 2.497761768058739
17.322709962046623 -1.4435168123229138
8.317454896913418 0.05317458232578737
2.758897100582161 -0.8886672847501306
12.594068366217426 -1.0950144085753846
3.048460320585859 -0.9173514569390969
5.547822421756568 -0.5342380309881789
10.981211419848549 -0.9990276924600916
7.33739237156496 -0.3370772222439415
13.820626498598406 -0.6434227245340789
0.5868452729809969 -1.0736787845007365
2.5417722871225106 -0.6199463219860187
15.648475735416632 -0.6782893352511509
17.71377077610031 -0.09675346664814312
12.682022043620822 -1.6705779507055347
1.770903218633248 -2.162274089563192
12.873812219691075 -0.7853930317962726
9.4333725699985 -0.46393439267911046
18.3566635325692 -0.8133096479875491
12.05012452510895 -3.479258594941355
14.59891312196606 -1.1536293198008647
1.9268122834423287 -1.0192949051119153
1.5227824877244442 -1.1804379203822695
17.649729304515517 -0.23166579030485393
4.982596346792017 -1.028230056799656
18.862532821445722 -1.0480350059937475
15.347305753201105 -1.380056513509761
8.48223641562908 -0.46097224347899585
14.268014501360296 -1.4006648058799696
15.398179713657717 -1.2780553926633509
8.586199997868253 -0.39127647760433615
12.366125636668842 -1.2416005916084536
13.496108026858908 -1.2813459994836345
15.509476288992543 -1.1746280156168147
6.427813679120397 -0.4150711206283109
8.70020745512611 -0.2852099573406194
17.843139124948348 -0.7693974581370316
19.82086426549615 -1.2875197667496787
4.7564083256234575 -0.4616043950865468
12.202179058532789 -2.8282541367252794
0.6796884448309928 -0.3677266443354949
7.014622822797483 -0.08020468420098473
15.672856508604404 -2.8820378656006396
3.9316997888311858 -0.07329210456031036
10.933967473853631 -0.4367263224650645
5.835014109265757 0.0983641073799313
12.667690577109767 3.0348042778171114
5.533975862930431 -0.8085816838758954
15.036950283555342 3.106872518220482
2.4117076209339454 -1.8308489895247966
1.0305601628039287 -0.5031897837116349
1.4332191625329787 -0.8927964528705363
18.54781782983031 -0.007290431380361374
2.6374801545806816 -2.24018100698746
0.7379828301171969 -2.425607373393864
11.917531098262856 -1.110470003718159
8.088914636165256 -1.864508557120761
15.186733285955066 0.06890043659481626
12.057175091956836 -1.2470488808279785
5.121172241878736 -0.7263609399115799
18.426173639106747 2.5927219993854465
6.030543458733565 0.4502107872117744
9.203287565930706 1.7407588383547272
1.629044821049485 0.14823154285773113
16.00703751891704 -1.5496458189643898
19.912376061742965 -0.8106901712441125
3.7406842150397064 -0.9741711752042536
9.962045842484216 -0.2352802416610451
9.39683337422815 0.21086004101663636
1.2655257104811644 -2.935621531848411
8.514416431341107 -0.5279036449473405
7.547874230960273 -0.8430847761828849
15.333438818411704 -1.1443428330418777
15.629679841993829 -1.88627059721736
7.43378319878847 -4.112604445663594
9.659574148041582 -2.657600466268523
12.752251657299642 0.2666921535641381
4.759969338992172 -0.9788910298207069
8.786949800142155 -0.7281086914295789
16.16760202547343 -2.827279347674114
8.791159473617535 -0.7697615068430459
7.9841958948231815 -3.268132882644204
12.534850834533373 -1.2129169217936184
15.665374593201419 -2.10202150942152
9.070701823454954 -0.4457293991833389
0.534995187126639 -1.6509386404853539
15.54918327381168 -1.736789841664881
13.74041132578713 -4.329999567822466
17.411630722675934 -1.3719435540783318
6.847701236613902 -0.7550775443285062
8.823247154508215 -3.9480087207579
6.901998160733009 -1.1084053119314092
12.758262858803683 -1.974830523834728
9.003173878212495 -0.6646597134093766
3.1108123725802157 -0.21482083310627761
1.7516116362210645 -3.248611054575185
3.325721415995737 -0.7122251095420382
7.198943042343133 -3.2257542725621757
9.947392034910248 -0.6014979894761955
4.256913265183354 -4.31228298790369
2.919720397212862 0.40089963597536826
5.319039599546971 -1.0399518473951186
13.322721186115421 -1.1625622606677029
1.7045912811983275 -1.4855277190478458
4.8214214174836245 -1.2307372137325323
8.553986322408386 -0.9198720255462649
10.442345968869214 -0.38357941863252004
10.943490281588783 -5.335739335800458
7.465087510800743 -4.253945283700648
17.378252899085762 -1.5748403922150038
3.5930601370824555 -0.571707052776228
12.462198538235706 -2.869109595546059
0.6996272292217584 -1.1068445361108572
2.042256294311052 -1.4077248270841565
5.1154950839378985 -0.7562244855945638
2.40034787841316 -2.493133242864987
17.133791432777635 -1.1455667200381836
18.33698817970513 -1.0664507187341623
10.572031955852667 -0.9835754677769737
6.772892177453741 -4.3346042151473565
17.460210324599192 -0.2909709255765491
13.531048344502956 -4.055446375749824
13.577451598175658 3.0486820356780373
18.363566110771224 -6.05159590011363
7.258878239527916 0.1813496168212416
3.405754503763526 -1.240867618820801
14.229713989550284 0.5518162950741601
15.041172668342572 -3.3643002356978204
1.577296417660699 0.6676002730990944
2.062340720155461 -3.1054647683677024
16.25117545285444 0.3249270017330878
7.120832987600252 -4.892596107139004
19.683002896758104 2.8718976926567548
14.442948032527735 -1.5600377610467426
12.861460553745165 3.240923605730538
1.8757666131391328 -4.652210840877227
8.40446041864442 1.8983457053343282
14.2196695696468 -1.4591128255083352
10.201293791255356 2.801797329728739
7.1699332586348525 -2.529982885190741
17.274478547377747 -1.102965426528812
5.445792063426995 -0.8241871802895607
1.3674008889331 -0.866901010812846
19.41057591433792 -1.473314344999693
19.55290192682841 -0.8089824712201292
2.208275686607574 -2.4508842243058524
14.017317183746453 2.7545775603606715
12.991424858574971 -0.5181414194056895
15.986929863098105 2.8691937441844613
13.721105229233185 -0.4319103420091092
12.401604735786055 2.2288111705223432
16.649258778531188 -0.9460583638445987
17.679505991334416 2.469835133560629
17.92413708947967 -1.5898434895896387
14.867757343132919 -3.168179289039745
19.096077080243568 -4.09494015814521
12.259781629820074 -3.7586842741515523
8.484446346708316 -1.3149262119981862
0.9283177565736573 -1.1754926847476015
2.0852790999284037 -0.9987110284898086
1.2841939222951098 -0.8407547296230035
2.16275668490296 -3.314857748620331
8.799816962506974 0.036892247507529785
5.053848280040089 -6.40916411653052
6.116946848721541 -0.25964864918848524
14.593523158377094 -3.8851778287545775
15.88503077107959 -1.5315759763326622
14.504343002470172 -2.788352056343661
16.77820744095842 -1.9972024622260762
8.316357482061507 -2.743516133381138
13.04353652261325 -5.1202516246803444
2.9775424005735593 -2.1333112829563405
6.007255031738959 -3.6597238024184664
4.862837721183083 -3.18414759142965
5.325517828342137 -3.249240964032362
9.645429500803024 -0.6212796080404848
16.5912858788364 -1.697475157529842
2.6812804074864607 -0.9692279478840838
11.36637813097512 -0.9469836108216461
9.511833674661583 -0.48198573869639
8.088025882857139 -0.5222584970745805
2.5873431508300566 -0.38921652733699813
14.063162870177067 -2.4237259082125586
19.94725532030458 -1.1166619207817212
8.31534775791791 -0.09221320590907668
9.138499910591927 -0.5189128657404185
11.96112422468397 -2.3893217438539964
10.747031119600338 -3.805798988781071
0.6752744745193976 -0.9846634314446108
12.045479338508326 -4.451424149023182
3.199308195363641 -0.08824638370378565
13.75325740290209 -1.6718322894456525
9.320225688991714 2.341798877764662
13.435211872777044 -1.5483698464829136
16.579515980592095 -1.9411400965239314
16.52747050745456 -1.2809460871137466
18.09805369350742 -0.8039136733888901
18.888395831099114 -0.944014856744146
14.075858521179404 -1.6579367481711913
4.478885767802725 -1.3755191764340948
5.32916122385387 -4.339913894462959
10.451968252234515 -1.0659645192574387
5.108570716164818 -0.7804054367574427
1.9729375208990467 -0.6066694840400064
12.263160992783755 -1.8143648696464318
0.04242367670085678 -1.0502682062888522
14.34438321169449 -1.2414893137295346
15.510169842186684 -0.9063737026901928
5.3584899005527005 -0.6521676655914191
10.306162271264675 -3.7858786263125213
6.980332483415406 -0.931525311909631
18.355708351870863 -1.8121140314366073
4.209705307463395 1.3150508359548687
0.3655058554595084 -0.7813833850726556
11.727766843876354 -1.6709466386505327
9.920145825473414 -0.804653076345036
10.423127639947788 -0.4812717648649519
10.510142668008305 -0.5434871801490856
3.137143174449693 -0.5701090624856847
14.030120525524278 -1.4835476995287533
13.16530167354761 -1.3888069546831612
4.205578334999245 -2.914724229057534
8.326558186808226 -0.692210881676431
0.8286965644790778 1.9104096916097253
18.61171704915762 0.29033468574193044
3.1630716861984607 -0.7695076574915382
17.52186487542559 -0.4996389626621927
12.183479447528253 -1.2882589472371513
16.082252410528262 0.5921626746721059
3.6002236723156287 2.1104027194773245
4.847043053282074 -0.6761078191309051
4.625052474482724 -2.106359728716718
11.577064963796719 2.7700690490232733
12.616151767335381 -1.4330236719252003
12.505739812560908 -1.3536364959605005
11.636982592173922 -0.7207037069784095
12.401699263439731 -1.3504174760206071
17.37045259783914 -0.7134323114733296
15.685253589374321 -0.24008533752526334
8.173263205724215 -1.7036912304723897
3.7603853658163584 1.0510809506541838
8.1332493760287 -1.910091436458112
4.027458535914909 1.455138050509241
12.268498580143879 -1.1471595142868707
8.446720188067978 1.4806678098027413
8.010079580142268 0.06109981896645371
15.397636634471645 0.2854428627649044
13.108236530168814 -1.429613772786917
12.435097176347789 -1.6659928331757128
9.524194820011258 -0.46947910791885034
9.717918721760547 1.0338135270557234
1.7703772241575573 -2.542072677753205
8.554215341595981 0.09786795129488572
14.13742987290465 -1.2961368387570025
6.497076749265591 -0.34342365453809326
0.664111366517175 -1.1260526648949756
18.92754420835716 -1.220172125630126
9.054526398623143 -0.314343341910097
14.016021508499124 -1.0863596046478543
14.76851862146253 -3.947429007468279
7.142186251273034 -1.3745657233078656
16.851608514794925 -1.5111064317191822
18.56261294521228 -0.6258823443064242
6.108856482714824 -4.1287294514949
19.94921380852364 -0.7380713259868035
5.703099819123331 -0.5243988623540575
6.111257382673261 -0.20853387163704704
19.81512940180526 -1.1895099505668296
12.752254250693152 -2.1045974835391608
8.444170244919977 -3.034801691778161
16.130946818742487 0.04957590909371156
18.1751199978623 -1.2247776918761333
16.08428813785859 -0.43170050610700733
12.048217040506128 -0.8939818612307869
16.448366006380493 -0.33300173280990586
19.041473173511456 -1.22341544303649
12.521363987660475 0.43564653222460104
11.782384649945275 -1.799339354282509
0.16991596941847123 -0.14525474575681702
12.337923706984045 -1.3832308914729448
13.425080919536613 2.829742546397653
12.022372595992143 -1.25590903495691
18.383854077147877 1.5975508985238938
3.849698052058537 -0.041009461005772754
1.5718659344210748 0.2821901505751257
18.55130536109472 -1.0118000682054777
11.768387911117921 0.1940565025348573
14.319011641417998 -1.5023039175938588
1.8992449121942017 -0.7466681864301133
2.633278428118013 -3.138694198647339
17.10233309457868 -0.7662800230801464
2.086929099871626 -1.0011945213400344
1.1731688883591185 -0.6161392970171884
11.820028460037665 -4.699703540806202
12.309387423691186 0.21358406059101745
5.227385312869296 -0.8615631233474509
11.140745031561972 -0.8405311453897191
2.9704800511889617 -2.1866494381724713
14.122300882799177 -0.5103009781504366
15.023422631484618 -0.7936853660377827
17.204804215774622 -1.4670573113904768
3.888259640464097 -0.7861798569481925
7.098890026178185 -0.7254939588133448
10.428032045774001 -0.8385873562391332
19.648214061559635 -0.599798456773037
19.73595422450289 -1.4533055398820822
8.124036717191203 -0.41700980219736355
6.390158525697668 0.017761114798755535
3.3587812828191823 1.3142132984552213
9.319990816405143 -0.6402881711747543
8.573223191073486 0.20951646832089021
15.964443940105651 1.0659870705145906
13.402684903075153 0.48937332971298153
18.60936074746952 -0.06986157739165026
13.943577935856082 -1.0192980390676423
2.3274812342535256 -0.81065895986526
17.08666658160015 -0.958379958401589
12.90864271264469 -1.490355841834763
3.6061464853179985 -0.7620554158460147
16.81777161762619 -1.636460299759877
15.139696738222181 -1.181664722430814
18.50119035169834 -1.1433729388327143
13.28285890857663 -0.6443110744040568
15.458641356973455 -1.1278615310163866
0.5668154859493577 -0.9830229765774012
4.048811714212261 -0.8683312123210182
8.429788913927716 -0.5680777348025966
1.931106346545011 -0.9819233293774816
14.543574952865661 -1.3007025176113343
1.6289224346254985 -4.390830771502231
4.694251825834206 -0.6081440137840173
11.946689605365824 -0.9496676703735089
11.780361414592472 -4.051693850434194
12.565308795413914 -2.4979112985044307
4.289955589178909 1.012737081336543
11.40059451017716 -1.0803750940668084
14.379364134192544 -1.1437408646454768
13.25553455195753 -1.5077381817985795
5.266263813655545 0.4760624834688804
11.31667471606738 -0.7039854891772723
3.607446757747864 -0.010235254570556351
0.9057964860079238 0.7228122601251129
16.388032727329637 -1.1286383680212715
11.23406338482872 -1.1066900003450557
19.124707843236134 -1.2426154668774565
17.61573989423318 -1.141517934398933
9.663523504184028 -2.6122024646410495
3.2956844824826432 -0.609825592511276
13.59653674485638 -1.6841796486471075
3.35746742107841 -0.3137458333699468
4.9278666436288034 -2.4938697629222215
10.984988854685845 -0.8238317385793701
13.235485918205924 -1.5770829923994498
3.6319167545527717 -0.8141481621710744
16.234632307245594 -0.9507209254259785
15.74592471883163 -1.1269375073866879
18.055417135989952 0.10254826949811296
2.048570829690005 -2.589326539908067
3.9075678745941684 -1.0174076018336098
0.756347470610367 -1.0977881153368376
0.3942120220658087 0.6165140293039675
11.40355711688448 -1.114250556121496
4.97502982679405 -2.48265403282645
14.829547898736104 -1.2995758848446397
12.00942090981832 -1.0443563502854443
7.807230952448189 -2.2464423281462027
7.077402776984719 1.5737067210912243
16.319055307984623 -1.4971728560707578
2.415133315976761 -2.346647356357507
15.843661567595166 -0.46290165575418873
3.3252627809109074 -0.9654600547482182
8.428320403071192 -0.24619423960536985
4.866577610918164 -0.8906238033295498
13.170644725157208 -0.6491902988599114
15.401069675803312 -0.28370644005954004
18.041160556933303 -0.8905932721635685
16.394828001459462 -1.5453049101965168
15.382617702748117 -1.022901685097609
13.515821305926996 -0.8288530255755683
2.6552284459589415 -0.6760193785079732
8.094798266795248 1.6367918291707073
17.95897611198292 1.638509164976675
10.560820697221285 -0.5771969480261958
7.082731340096718 -0.6199898562026115
17.579560731443365 -3.535473123378994
18.077975154468735 -0.9778045358341687
7.377817097430871 1.644108233094538
11.112104395033981 -0.8632286303397072
14.748681553111693 -1.8938121434485815
8.982603557520024 -0.38818223525587653
17.75517122030625 0.5104971509018452
17.081642372945794 -0.4889361087074576
14.861390371745319 -0.9827904649437292
10.342172455180046 -0.4288542230769694
13.153822821172188 -1.0415576582120527
10.343614956305245 -0.8365630967365075
2.0725108924495554 -2.5087840834425834
4.934600037302093 0.4034546265718148
18.903101536930368 -1.3798120331994947
3.2788959170376697 1.3536059571446835
8.859721413949876 -0.7628720613041431
19.171474571946817 2.4387054841031475
12.29368692155698 -4.143929151093929
16.208281950622066 -0.7156200887049781
11.143976040360304 -0.8074102256452476
3.958901584278317 -0.8150813279267946
0.8385847237106787 -0.8010109920179458
2.2970040039876953 -0.9296175306297674
18.62443828295281 -0.27970481736039315
15.859761923115434 -0.555481045172851
19.673451064169896 -1.1222575793434715
6.284026218239008 2.2630983883923332
0.42135432131271877 -2.9002137165913715
1.712575664854639 -0.04163425817613057
2.1980627037676177 -1.3614353766870115
14.77819185381318 -1.090731422494299
11.624772025773995 -1.0761658578792652
0.3523340865569409 -0.8427339131313852
11.223133944620814 -1.8393340717465763
12.663878895072815 0.5028913588778764
1.38783461880909 -0.652267078198406
0.624829993063455 -0.769812417936012
16.393591780964606 -1.386876989494095
10.631335589711622 0.1296301336409746
19.75605394618529 -1.1765775546693868
5.436999499522485 1.3697119634955657
13.941908686875383 -1.2201861714300708
4.598054648277136 -0.8690706813966322
11.010325114790778 -0.8344102300713543
2.882668617353127 0.9320216552956168
7.294773923059278 -3.7931847738932336
11.597067545521215 3.04183615850215
10.776825582515315 -0.6958163059389368
11.300169392769583 3.25124717965664
12.567456020138088 -1.1263072394396858
0.055920966591087064 0.5232837641644146
17.585701335730217 -1.0424140856399404
12.652336411775881 -0.33799230299345195
14.340322903713671 -0.9534990851632295
1.8580797368417723 0.5072445727269216
17.48562252980825 -0.8345294174648137
9.290123683463692 0.13448601214463118
3.2240556734847763 -0.1958420176004209
12.503349584196721 -1.1092376504302983
15.17531004360744 -1.9088432952779693
11.495197313204669 2.8611533166932386
7.907806607888437 -0.16894195484299485
6.778084623339504 0.42754018721888043
1.4482775203974851 -0.5880620375733087
13.834650594665028 0.5355210797883111
16.240494378801866 -0.8945662704788042
13.50970732825588 -1.606210829413937
9.03146528685795 -0.9764911406857899
19.83043406792345 2.0070631285732077
11.539724809573123 -4.112551736340556
6.577671227801472 0.6234319456664835
13.977936221012579 -1.4199181872363067
19.499867412031 0.47898562160639574
12.343298091042193 -1.8714897354627822
10.411361472307371 0.4896060615189668
0.5089419984556772 -1.203452393119023
8.699882591826148 0.880340212936874
7.390915226425509 -3.906931976771531
4.0700022605652375 -0.4543545491955781
10.087574508469359 -0.5452310005153033
18.044639717949746 -0.7010929671512973
12.663540931645361 -1.1631678438082413
16.02607549972824 0.32744510599793275
12.61675780547578 -2.2106397937295434
17.194918062971347 -0.07820255350467457
19.612588240849533 -3.1787643415931126
14.362248401104171 0.7129077995122919
5.587888464444857 -3.5187606731468346
10.991662145129778 -0.5268039338439023
1.99061119238907 -2.2647021487431847
10.848596616483393 -0.5837114602951174
1.2159752510063906 -1.0408269410299764
5.880897987397704 -0.10446492689201212
7.603326242873976 -0.5401979678807348
18.6459390351634 0.9100647992246693
2.699898166560198 -0.985215560552536
18.197279675369625 0.033841332465786696
14.41530353970886 -3.423669558952473
9.463867773961784 0.519928582726001
7.490756764362366 -1.9698496205478673
11.513189521315018 0.09113783931599752
5.963613136588128 1.7999582898471769
0.9716247179772568 -0.48134576479240726
7.669109272871373 -0.3901208628904149
14.017148700491402 -1.3051871577623941
2.0441323076584226 0.6955777144418114
7.181303681097536 0.5922189103520527
11.037030790472857 0.6090685247302472
8.68325214940463 1.1954736723202934
14.984868500429084 -1.120961324575781
0.15077899566963252 -0.26920077918809004
3.1644626282143618 -0.5757378231739108
9.720797763671898 -0.211575886647243
8.827987590056079 0.34216335816294685
5.104785710542209 -0.5531441152649242
4.782329303854797 1.6228180702429436
10.22806534322409 0.4997959268571651
6.253434337061988 1.9907825359738494
1.2812777828983708 1.156300154086972
2.8825588738559613 -0.5658122448469652
4.02533572930397 -0.6542013483562625
5.099092244579118 0.09103208180834427
17.725035598592196 -1.2775499733754136
7.387371881402724 -0.32612767838372836
19.823972837426563 -0.24735095503490914
4.0932700442881025 0.7860604401346484
4.142662582912275 1.3714804195344834
18.739206821691475 -0.6446226609057194
8.86294343901157 -0.3642154486461425
18.978074960916825 -0.5041306945594237
18.913426815006673 2.4047953108981766
8.84023438844068 2.2222777921644616
0.25549193508827606 -0.21729130761150206
15.391978876577376 0.3783330867942498
12.72961469886058 -1.389118020151772
1.5439934700387068 -0.23837950153931964
3.3034557268666083 -0.30641858171132075
0.9343896478391138 2.759459554229414
18.416761687901317 -0.7028545340921061
0.6043773707676987 -0.14818278232165638
7.319929085594901 -0.3101338826210255
4.631645663406986 -0.19909179683798878
0.003700684355720796 0.10014742397075051
15.22810915273638 -0.9686378785655493
16.131734587690033 -0.7978589994818449
3.6244080596076964 0.7711563144877984
18.735374320226022 -1.2167651914412
8.371477640847123 0.6298168873987124
13.213850907392853 -1.400975974160477
2.262500950173723 -0.292347158890852
12.412558866884757 -1.5837075975786508
16.39086161951336 -0.9798034033410735
13.392516771104829 -1.284678842313032
4.529238141907285 0.8226083382564746
0.8745894675890062 0.6392053387689997
14.82673916000474 -0.20572781345981228
2.454945469748205 0.13786335078346035
16.54370836238629 -0.9722117452529282
0.6858652406315148 -0.16142078393562403
11.665839234287285 -0.585727352478174
15.240443192530455 0.5008432613711967
5.505830423381464 -0.5545366037181666
17.765666547864956 -1.3217641187691929
2.4543150521042008 0.9967967178226078
15.96179563227672 1.19512391115342
10.919271736411476 -0.25732559791685883
7.644653101401195 1.752476813769207
5.9565242951420005 0.31971461260448264
6.403085157384284 1.271901584759303
7.37868243954548 -1.8269121367341652
17.653521530143454 2.197857034190395
12.445944233137586 -0.5511807116478821
19.686686546923795 0.2952153932164602
1.5436107568166677 -2.700017466001889
15.019206990392608 -0.5830217239969381
3.2942128485625695 -0.5333593023300999
0.9126682481841831 -0.16484685978395197
16.437629279146034 -2.5036118262080675
0.7757640229622633 -0.612186117326938
6.4158046419554715 -0.3284538038897155
14.617513265261854 -1.3401675268172606
16.746387215529676 -1.1808736959012616
2.7010755569935414 -1.0451205176110299
17.7138772050571 -1.1284743444437184
3.6064979388981304 -0.8456273196653576
4.567762709938804 -0.7093331707424271
16.08109730753067 -0.5063733318409481
1.5482317297727375 -1.2045594375020037
10.067012611333917 0.09133294093858992
17.711946000632 0.19281819397774894
6.242386472269679 -0.14425027115925645
12.506986974396407 -1.5920167294279868
10.70128218655682 -1.0139348229874483
9.67647102905314 -0.37265064844214
2.8620216550079616 -0.0074520074724901755
5.016781511883761 -0.12222804731258384
17.37005754001371 -1.3519103408982682
8.116195893494872 -0.4263794574395778
6.543207871911155 1.485043460091466
5.785792941108459 1.343402788689985
15.739514576241845 -0.2911385133144369
4.279128017089904 -0.2619987062601693
10.905167622708568 -0.8461500403945985
13.455303846965478 -1.3030319207248198
13.785060969497337 0.5161374455982105
12.69417728995906 -1.1076743086861434
7.24964265433733 -0.03813878624327149
16.001380962264022 -1.2395137747722833
7.093815576948429 1.9162139850077458
13.014778340044579 -1.4057903670562972
13.874715224709135 -0.6172395476620286
6.883524211478664 -0.6150524145298014
15.482651531868566 0.9036880175744668
0.8613131814927424 -0.6841190824168178
4.5140085327992825 -0.771503844891292
16.675482642422658 2.4305720929259182
4.557592496362795 -1.0133078216260012
16.510795735585454 -0.37712593267625927
10.56447740296289 0.3688978008034181
3.305792114861961 1.208291931548724
9.777820731261434 -0.7871014904909283
14.050485071815496 -0.04331074072492619
6.086103586439164 0.4958257964042971
14.428295052844454 -1.0649386515681758
7.798780723650507 0.7443757372756657
16.770453464725943 0.007678233305167641
12.862582893790682 -0.8717576003988268
2.2781529693985334 0.9676921253073183
10.817117706501097 -0.30660139149912835
9.648532832984715 -0.22994171949535633
8.419905115910984 1.880619137340032
9.943605185336915 -0.30153716391601265
18.528338946150214 -0.3160168355498275
1.762399677516461 0.8745314658974865
9.186345680354485 -0.21843395664360543
19.79415418660667 -0.659229730134599
19.400282093051395 -1.3861649526500277
4.8371837295050355 0.8061195250299903
15.16300630789364 3.1061650702095394
3.92680056278227 -0.22174059861029385
17.839114218141823 0.05419540189777926
19.30612944433565 -0.9023545734536137
19.156411736994446 0.41301765979713617
2.768529604071087 -0.12856177183053735
0.5235921576271478 -0.8960963830712596
18.543835106142716 -1.3246942867915315
10.092229332355986 0.14955672318575622
6.911541305505253 -1.3150344827307503
18.619059177752735 0.31848640269735906
16.98307301902479 2.7066908227601356
10.18419819735996 -0.6486981016868418
4.880894903900471 1.2805349117866267
6.824907441352897 -0.6271334028244668
18.949760153380954 -1.2820559432458933
10.393461668412634 -2.771309665270456
9.071796036579633 -0.15460070105069285
14.094150558773658 0.15141444169196008
18.356364922299463 -0.777491674094111
8.248103082443732 0.7157705499738614
4.807772107900386 1.525005988534645
5.599033433217129 -0.5097791253636427
12.908300127920853 -0.49739219412710906
5.7557627251864565 -0.7076826262496764
18.613551104078834 -0.8027042410371837
8.771913273492304 1.1971418333239432
2.009821127268994 -1.0857487327419513
2.1000707331839483 0.7101046898462985
1.2600617613914555 -0.8518161795545822
6.549235840563222 -0.04733763944485539
16.972653431843913 -1.1511264241742756
2.265611199528944 1.0936648729900735
10.751880304794152 1.0342475099791792
9.871864638811063 -0.5254115883001581
1.930454409792472 -1.0796612139565438
3.1374651586939057 -0.04261740078232033
16.588715168494222 -1.4144175345065202
15.395019424498281 -0.40490275343204135
0.14585974896409537 -1.0366972508178276
4.4978970390316 1.2002973314758918
16.849453533847367 -1.2719634602714947
6.491084319412525 -0.7508893858107794
5.133892613427142 -0.4357297404453535
10.725225612485254 -1.0276748142595202
0.23208690483539607 -1.0359702607127352
7.964780358897434 -0.2609308783015282
3.9662314721936722 0.06320510400281631
14.601858442423117 -1.0132587524581085
10.551955195735266 -0.2525750363501768
10.56750932995359 -1.0036222213488286
15.898345005629219 -0.7790990752129756
0.9134916082430757 -1.3002890206693631
0.3780765617206621 -0.8663772769482959
18.520101542619205 -1.582254857507563
17.328186099845574 -0.8506361665343782
19.505278977005226 -1.6684854549162809
4.083511476466875 0.01974192247262216
18.815227994328104 -0.9467743982019039
16.43231362939906 -0.7118841899317222
7.801278113172869 -0.01843475907915125
1.1966222645712703 -1.1034561076989886
5.76516582114552 0.40846189871531285
13.654621118678431 -1.105340824163922
7.7463326231956575 -0.1142918353618495
11.439609540677498 -0.6058072695428873
19.897625581063807 -3.429515600953632
4.054184610408505 -0.3661308204475509
8.485753153206211 -0.2950034789039417
13.951122903773275 -1.6038766410341272
11.404950389456292 -1.5091649203096404
16.992522628385654 -0.40685656156899636
7.597182239609178 -0.1559577201993519
19.240341316766337 -1.2532311574180663
11.305779131570302 -4.79768166145161
1.1926299104605464 -0.4300641090842123
10.979253217177135 -0.8056069476177221
4.402285988433979 -0.47425556861600066
6.242419143967605 1.1964091345393644
13.730186280473253 -1.5214263245986783
2.944492623203191 -1.257830179573587
4.479363537062972 -0.3406082544667192
10.764914120268676 -4.835202617269573
17.557029697543637 -1.0074031345749075
10.115191944029135 -0.7441191586654937
18.566171414961374 -0.8150649383487344
10.12496782971482 -2.6883844480140233
14.783723073871927 -1.1370904712478447
13.314959597972036 -1.7583273779777497
7.74323990973881 1.5264672811555633
1.6133275440920718 -1.9874068608798547
2.6049389732745545 -1.0878553739086654
2.973515284683261 -0.8730309698747721
10.139527763776446 -0.49722281606021124
5.3086878468018766 -0.659931420242036
4.780484507703569 -0.7869830783833127
0.5961499914487342 -2.101423121776056
9.328882951121281 2.723203060699409
6.21563378173149 -0.3106693711754385
15.336396350964675 -0.2047746999591352
4.565749863279482 -1.9411630665470168
6.200780584725819 -0.5073314909360708
11.733843570923606 -2.440711289487892
4.759398182801291 -0.27355055293583636
5.016631615247334 -1.5377104338905643
15.699027160930799 -0.5981132074928505
9.733322794315919 -0.7929364763254477
15.470600714573463 -0.18900866214722886
18.21962663321494 -2.60974198222181
13.50529181607943 -1.2674152322783243
4.761560987342481 -1.4026915084955611
7.515382502088591 -0.40012075015032744
10.892288347142198 -0.979325466101701
5.114666530099712 -0.3599195148692502
17.194722053841385 -1.488892548170792
17.459803700210554 -0.7291143276818535
11.557877390217985 -3.2838865076703128
11.545936186822017 -0.9238855354088199
4.0018257770979515 -0.6798798061996245
5.990419135833202 -0.9361657209470471
10.999767222919735 -1.2361937171157604
5.806742600801204 -0.6661927985578644
12.414414701936765 -1.9087868086826882
16.160598545571204 -1.1457294288580067
10.99476123104923 -3.238116737721375
4.742312959216255 -0.770816849829984
15.565309829635403 -4.1176851520464615
18.189488557948078 -3.633643976909504
1.6082592903611639 -1.5480777726725394
12.728528285216756 -1.4981362893533599
2.2175497734700818 -1.2701617998775325
13.648760047464998 0.5614764686673417
6.862712360596436 -1.0170103929565149
8.52282268561 0.9613192328288231
4.534850403850158 -2.3604404436827853
18.13442066311839 1.5240088709970623
1.8433697771747226 -1.4711696059935557
5.312281216647946 -0.19039802791384888
7.969779333348166 -2.624075001947724
19.20282513394413 -0.6035618720574671
8.600520466737434 -3.28080880642857
17.999066437240074 -1.2114730806413094
11.346592418405981 -3.447595049767138
9.513419634460865 -0.3083501941455277
10.050640363114354 -0.04223437021326622
6.470846241131956 -0.3081461568955564
12.574869264986626 -1.26695723680707
13.245299266572506 -1.0918471791803064
3.502546725283436 -1.0745872625329738
13.706818652103237 -1.4005599136947542
0.6082975189259439 -1.0950293508998457
4.8274094446964675 -0.5361515985219506
18.871829325420265 2.329067553701025
6.558706858767261 0.002083576526530434
19.62863055618589 -0.6609582007404042
17.96735162674196 2.3650117755961144
16.630703061815478 -0.3140435432105233
17.78696787337708 -1.303829825968425
19.010534219208843 -0.9219125085494595
6.669342997271766 -0.5462195065459284
6.720344473506741 -0.7811395698881581
15.257691122294517 -0.4074750357502643
12.43329756959473 -1.5563086457846762
8.703718787746476 0.41931274611564795
4.376969041147534 -0.9786396140308606
16.247123792219444 2.826557327895194
17.826891881139428 -0.9653721568877456
2.595502636960025 -0.38907099362092595
0.6993576837782363 -1.4755518578452995
5.217451449015319 -3.496217225396767
8.924392725786898 0.7758368210439155
18.785187760670926 -0.9817689666984104
13.405874568689889 -0.703621632612769
7.416680827818673 -1.7031332761861453
8.592684899242078 0.16569754258660008
6.693985404780315 -0.6194226769150427
1.6550501453826174 -1.7271565825506117
17.25583730087955 -1.6099276196983185
15.519453033188544 -3.889094236327937
12.625815760899378 -1.3020367285146617
5.019006621754176 -1.66089282874998
17.413886025279464 -0.719817883499074
12.387218258832416 -5.204322439510237
5.938925051977352 0.3971900997282287
15.386934737073874 -4.124566724288336
1.3810671272934059 -0.5687452247658707
10.359671540345108 -1.1210727086906107
4.412893298722041 -1.189971311547649
7.753156549890102 -6.286212519032155
17.73227890478895 -0.30419099086236756
4.096669960845325 -1.0543824198834835
3.5377723735849633 0.35426753886201734
13.792812613927149 -5.486715327786326
14.212016627783132 -3.205493795777628
4.652502627606192 -2.4498184401547367
16.9876884396086 -1.6910812480349164
11.399139597321165 -1.1547900293000757
16.363371843134523 -2.5403306880821646
4.116843422615637 -0.1377960459982048
17.901758781424782 0.2555565390961929
4.434972494964156 -2.235721247962119
9.636149560415653 -0.011256635073327248
11.531368363018094 -1.0724913879244975
17.05997006529104 -0.2006998782428711
3.9337481789627415 -1.1358207200859105
18.033674806444903 -1.0353070250461354
17.279557410151043 -1.5851342110359774
17.264154746753487 -1.408178104563176
4.774294092264005 -0.7618626821742098
6.831780210870739 -1.8629070070263365
17.24578340060856 -1.2298814009805705
7.811075914715011 -0.4541961043543898
3.465896591764537 -2.9243436909733274
4.783260798015233 -0.3949843007005174
8.475154220626735 -4.615132698031791
12.447709759028001 -2.204952892605148
4.728552435214321 -1.3711996336051124
9.946329643410671 0.9425386516339561
19.38072658634327 -1.5007170941297947
8.592513075290418 1.0061777623799857
8.4285354389187 -0.5232875194507642
6.444717879980946 2.005499987127927
14.873020088534375 -1.204348705029715
17.825318966451224 -0.18756314608916455
16.839452375741363 -0.9699412062333221
3.1401277675376047 0.615243587716116
15.14163271802224 -1.2560602287102884
2.6928193478460134 0.12488678970658484
13.002674678927054 -2.708612317736068
9.315978215133958 -0.1629125371205658
13.663227778154736 -2.643082462348808
6.407991140766274 1.1586706614172124
8.644311412848284 -2.6059318716039535
1.6812027330441806 0.7397757807906572
6.294433268594114 -1.1381143080120368
7.53091126476061 2.388822705440052
8.997346376888887 -1.9901156524283388
4.560159057009084 -0.8572968341086101
17.191487026742905 -3.7275511207377874
3.689512303881591 -0.987302774663019
3.4404343883951114 -2.4858120019046157
19.150371830165987 0.16293692773040697
7.950462423423631 -4.407058802953191
12.757053273254932 -1.290437863245229
13.725557316304064 -1.588644162282375
5.37285621472603 -0.9317232970098924
12.442982497467323 -1.277041821215847
5.646573752705037 -3.8036403171041777
6.694120825333706 -1.2954832849466373
7.688251539622794 -2.0519487010669937
0.01865812625298613 -2.5135059180968615
13.605049494531812 0.2309204913507254
4.739098754640101 -1.3451745899108853
19.328912418364787 1.8282420131006443
18.943962263890846 -0.9236587378729653
2.0706328268603564 -0.6109771014644294
18.128282451764207 -2.6700580328244525
7.09862478400339 -4.299018030138373
0.3733928905732962 -2.8845237104583252
2.5007519836795704 -0.5572726210972884
16.788523837123105 -2.310709377136913
1.9474831251840985 -1.0556879072741236
2.6098211989333566 -1.378748476414384
11.81556466921651 -0.9801934940578735
5.398599568499526 -0.594607347602344
10.70059347420654 -1.0624700649425338
0.547458762899411 -1.220352583010374
7.984973941089314 -1.5160233584605183
15.037033593819915 -1.2486092643139408
6.366143663189587 -0.8915034340428356
3.7965050112131813 -0.9780589390724431
17.477174031173682 -1.4158906829530764
4.063289448901679 -0.7013302757472754
7.187483599856806 -0.23947126825462864
5.459839535763097 -0.6180805692545357
19.934827165656067 -3.1406552093382922
2.87860182665397 -1.164401361689643
3.641742497449469 -0.761343468035933
1.857752102894789 -3.276548851433301
6.686645953232631 -0.6629582971145672
11.963350893147236 -1.51504487001209
9.92813733722528 -4.826053074839954
1.3117092981726948 -1.0356016228895775
16.952093436011516 -1.1034752202591653
19.96688716880653 -1.378809962541251
13.261864187599729 -1.5402525655502954
0.12253676637846275 -1.366355846625058
10.02178642944068 -5.66517201904425
5.311580065778069 -0.8219701693839158
15.69625226476724 -0.540527516564478
7.114438531269918 -3.774849632197626
9.941248483471176 -0.7051162492591591
6.227554873413286 -1.725255974556539
19.227166882967442 -1.237724113094319
13.666327504994474 -1.4903787621644522
4.8028705966108 -1.098547424238658
7.067992126009852 -1.2102851887443542
3.4173981661235087 -0.23476720282570854
4.314158479864309 -1.3039993089454565
0.9742317707955328 -0.21179254646433465
2.0716910093845313 -1.893105389125234
17.54423851190021 -1.8814713660604507
15.8693253184792 -1.1612150235935603
10.067205396459176 -3.3281843580212036
4.137296275829593 -0.5790214108444885
16.727155373332135 -1.088680120356266
8.108052204667482 -0.2108615631167855
1.9497851675167845 -1.5230077063567555
13.233023445596562 -1.1604149636412846
18.44939945243501 -1.427147146929391
15.879307881172425 -1.7467097458482552
6.5503487613033355 -3.654047420642567
12.287265353429891 -5.447733755038783
17.8764288725036 -1.0051675409229113
7.738068902887641 -0.5217110567081454
11.128219622972129 -0.8011687043966469
4.075045925545922 -1.002681582457401
9.11513928405977 -0.44456016287494465
15.125779862982414 -1.1292535020900691
10.72511941187543 -1.0220399519834196
7.3677219356585155 -4.108533809401097
10.402125400670199 -0.6292821176149558
11.59766803622447 -3.725754125001886
6.600252292136541 -0.7376117299711785
10.668092530967996 -3.22977244035687
6.806127601328148 -0.38871088127754216
9.384424988163124 -4.009995635773688
13.107343518105099 -2.4690035945532003
3.536824131241341 -2.2517578545824
4.339786944045686 -0.6442489665839314
2.1444081900488294 -1.2921042380466248
12.041284391458845 -1.0148016156356483
4.497774675072987 -1.5534536165974955
2.5234663950938256 -1.633511125108259
16.94205421240308 -2.369333582709
12.452097943413406 -1.4391137973744352
3.3637976437379167 -1.8683437322815113
17.71806384123682 -0.6424464839273651
10.073684278150415 -0.7098360025541052
8.193146981424132 -4.197830878607864
13.253413283798327 -1.252623300797034
10.945978046392003 -5.828337344217019
4.92670511480622 -1.0226900123783818
3.9116820041210523 -0.9556920325326492
19.272062352658946 -0.7814443332095407
8.483764078425608 1.1600764957682148
15.10596340620793 -0.6206653674185864
8.991920061739439 -4.7892119536567686
17.351483806457992 -2.2704574018790225
14.319755287087652 -3.1934942458577473
1.998039835135261 -1.2438889451186168
17.091843541789906 -1.5803151443115984
2.692205758327069 -2.263752951851486
17.37927250859929 -1.3752922577839708
16.376394664923613 -1.0479115464915878
4.227674136514947 -0.9694262187338912
8.988020391401928 -4.884937024837021
15.708380597670619 -1.5425524493751364
5.907891260700136 -0.8549180529802518
17.085139074351165 -2.5741651346089216
8.418931140318527 -4.710654803485296
15.801450013479782 -1.0942134188873343
19.894546769392974 -1.0094766211053712
13.198718187889584 -1.1220201841539013
16.076304382766306 -1.7574374433340665
7.157760911808259 -5.112210343045898
12.548303687287182 -3.478459874045699
7.446013383155801 -0.06865118655175494
12.01538755822537 -1.444304487693587
16.1243068119988 -1.1779584617718244
8.27991538336595 -3.2272588730431355
17.827524502987686 -4.257585149759293
9.64215376057247 -5.249013689762011
9.114293579545288 -0.6567683577492367
4.599330142504019 -0.9450755033810332
16.68996781611632 -0.5370054120085628
6.032717885522496 -0.35270570358918457
19.87307867062927 -1.2543474786342002
5.281308535252512 -1.3091192036201953
2.5545775692419146 -0.5868253630486323
11.305377127891303 -1.306788731077191
6.323974958595902 -0.7478299394763731
10.384771054642036 -1.1134739965417182
1.8920126964048378 -1.0733848939693436
13.85905643205621 -1.710007931043209
7.589089013201187 -0.5761925764868189
3.8361304395176554 -2.8589873819021143
8.882466343329748 -0.4506861557382503
11.750715670698469 -1.142393812187505
12.025486598648488 -1.0191415171088116
17.524515621493826 -2.814676471037772
13.4032023786309 -0.7918846918410661
8.098731974507807 -2.5779313244068023
0.831655333200017 0.12009283800764417
15.581905777091512 -1.9207968980546275
15.770172777703962 -1.0716385661079437
16.960217116842784 -1.7812763104793647
3.992843551912801 -1.6122320943660111
1.094415885541204 -3.042370592166666
6.665768909458594 -0.2927791221223981
11.233725497751074 -1.4837606445448515
4.879504972619734 0.47382758373012346
18.89494141320827 -1.4028549183151033
3.9376931800344477 0.023019638743210287
18.490234215890865 -2.057185989100504
17.20164998874141 -0.8074990129588274
12.744402015130277 -2.18497566761098
13.880348275406918 -1.3428041383961618
2.504194263046612 -0.5970842586148571
1.876422796270812 -1.134256867447954
2.759649794946324 -1.656307302871639
4.316470964436325 -0.6725685290842485
2.9832308023675105 -1.5222346442663655
9.699634790931542 -0.7167140547888482
15.725000360593956 -1.6340488610378483
4.81023855959839 -0.3778165754958882
6.827868671337661 -0.5679338710593151
11.637692489959173 -0.9179185491629278
11.621886649870522 -1.9963079583029608
10.521956041197594 1.1104053057274288
18.55103273204708 -1.2697918563778408
5.296706777904021 -0.8765713904340796
2.6272731917914585 -1.061646703283538
2.595449153021855 0.5429067450685219
2.7893432549978723 -0.018111813608947668
10.383127608317613 -0.7574221630436148
12.149462705744618 -1.0580314631668106
0.08105516869161405 0.2254474916148743
18.38094290792893 -0.9318827804687028
3.417470865872725 -1.1116019453385226
11.271336743700967 -1.100969444299295
2.4423485476117794 -0.9212193583982965
15.13750974495767 -2.884061955506957
7.176173117185461 -0.1727341698764276
9.386559464087464 -5.138789392787154
6.527233338840215 -1.4141708223043081
6.468924083514063 -2.3980238839909265
10.042591983141705 -0.37629654422568526
7.111514627561779 -0.5864727582372867
8.48739205447854 2.369069591500117
7.806879092167716 -3.0694739257754238
7.763512911706916 -0.2990110128056943
4.496137022344931 -2.058258024288822
5.177002195972509 -0.3220593410774882
0.9013594393782269 -2.719501483601603
18.948967473463057 -0.75410645010235
14.130297797143285 -1.8003432629040566
0.7299502053551286 -1.2385993890668856
0.7172657876240065 0.8569814078281374
10.084631831307924 -0.3207081749045452
4.600499970444457 -0.5887703123700475
11.863276882883586 -1.4384924311988763
17.08955292623608 -1.571929369148957
14.157244383374465 -1.3823516100778304
18.356538272213836 -0.8937528514568328
13.899672479639499 -1.3491503992003568
17.28801915684254 -0.9433100684695059
6.66175154817658 -0.35578567566741204
12.452623185535765 -1.7969739335007127
1.4550143412584657 -0.7904404629578774
13.295771922408665 -1.8945452830067662
3.2189110780180594 -0.9818213230369962
18.668498248842738 -1.1960734579142895
10.532319635730659 -1.0470407840438527
15.069418122357796 -1.1554791236421436
4.994723051576819 -1.0856966759717088
0.9456663413973554 -2.420627628590782
2.666825688732993 -0.3751327723478776
3.923179881810025 -1.5877077243504674
2.7410555787060105 -0.6622385658944566
19.038026113227012 -0.8820650300785817
4.912932183692506 -0.6899881654011368
14.150644643040012 -1.232910328958603
7.069099914949174 -0.6302287748600345
10.582480727572305 -0.4125854727440608
10.680976009241453 -0.6360304221747928
14.585522713167576 -1.232645087541749
8.727927261537832 -0.3219038125509679
17.41951573320288 -3.4980552266855103
17.66000469478438 -0.8425172564982308
18.867602007570316 -0.040448865388786774
14.612328359450663 -1.250882352625779
13.71398275934833 -1.4906960812219763
5.149444531676856 -0.5423581469766267
1.8021037506554725 -1.497842113571821
4.788155581874874 0.045019185191790934
1.0043231378408306 -1.0699048575498442
11.91682954431141 -1.1169839600592573
15.706937769263108 -0.5596293773204989
14.124861395722963 -0.8388801305853668
9.781201034913847 -4.378119196565581
4.435263624126083 -0.18676599057495885
6.764948212817984 -0.5053524117727612
6.952792908910822 -1.3770781090309856
19.89789241762121 -0.9057380579991293
12.917038057233446 -3.4067903666594432
4.849455127768977 -0.3890064804232826
16.718266080918468 -1.5334601467577587
15.270620162305057 -1.4447863334833382
12.036866543119725 -1.7010415157605958
11.983163858241916 -4.72504372129796
17.320365743586965 -2.0048202569065
4.13385482515709 -4.004164003355916
12.612677559243956 -1.9179707078462316
2.858546448594517 -2.5714066441412853
0.1613734497143098 -1.3607184045921656
10.883835542152763 -0.9350593793943109
15.533606482509734 -1.4583707389736562
6.645745946430795 -4.340976937510682
13.09121491735896 -1.6088602918552568
5.578028741162342 -0.835649002859152
7.692242403358753 -0.3519671754857111
4.724560450876592 -1.0145670294530271
17.10896299053509 -1.2403070784407277
16.321461595495492 -1.5373781392121197
12.735120981758511 -0.5650175611339859
2.8024554602841256 -0.6422149419260713
1.844986282961621 -1.0664613881018778
16.193504287930466 -1.6292033086656135
15.878175108843822 -0.5045856317900997
10.683232160673773 -3.1032818415614893
2.5612618851846145 -0.9530858625918046
14.61945341198906 -1.5838594167873525
16.80498507252794 2.143817768284575
9.595846143100799 -0.7992635729766551
5.459520434532071 1.5957251994604271
17.14308463525519 -1.1690076467582555
0.37356700573948254 -0.9886267747286607
10.35872336483672 -2.4653454334507754
12.725393612594596 -1.430259358469767
6.833182287584061 -2.1526878188828533
12.682576104201619 -0.5895032974474316
13.18243754751879 -1.5443978736445212
8.195834931709845 -0.036098928068599406
0.7036734183365454 0.6557472965636263
8.556223204119759 2.405251489133985
15.001322188184657 -1.4411425438527574
2.679873790292111 2.0065779899352
19.104745056158567 -1.1330232505250488
1.1324823744437336 0.5277524301628069
18.270296315012875 -1.5493448943116044
15.780093927156688 -0.2843862467271514
6.339078772174277 -0.1429432503413753
12.517062774559816 -0.4133457444323788
11.030542567548586 -1.4716329136874176
18.7012418738 -0.32077148975135755
9.071048108400907 -3.144458703604621
15.397455495326698 -1.120528678949791
8.046335373069432 -1.6206113080398865
9.335920487295517 0.14147790044141245
9.239164365666864 -0.22383025020191705
6.816484945746383 1.5983174842527224
15.868838209757616 -1.7769680196178053
6.096106315535582 1.2277677370762567
15.916067439384399 -3.5789432172865707
9.766675108922172 2.7249348318256206
9.51746305750432 -3.3840826969983935
17.010761034637675 -0.6714547060145855
3.169337769638896 -1.8918549938947247
13.96006158717261 -0.7571050725557944
2.8828389703409054 -0.9281936995730894
3.0014087299444627 -0.8567083540462298
10.663221091207252 -0.6088665965254667
11.650340259444643 0.6008178916458236
17.95021161297196 -1.762465664269051
17.521616136039214 -0.1685012650741597
7.4885193893329465 -1.4989574085993045
14.658083838067055 -1.2842450440799495
12.239425730917084 -4.108387579774761
2.3970546236106425 -0.5421885954997291
19.297964906987705 -0.9372686750637639
1.3189709940910008 -1.4407853374349608
3.74002446556262 -0.961077570879478
17.23887304198849 -0.7802305232534676
11.735969485094703 -0.4647737888062041
9.751219393932201 -0.13670207675085363
2.1854125302674285 -0.9383574260019907
18.965979602313553 -1.4863994725935779
10.695499067156947 -0.6264934596654939
12.795108132167908 -0.8371969978131861
10.618357663716816 -0.053645326242939745
4.612564126005356 -0.33457258124550143
8.211836280708036 -0.30551955432874695
14.923904545392128 -1.1571977270644476
4.961709466885212 -3.148724788699897
8.432914259724866 2.6574593791254078
4.350368823406825 -0.10673532766378246
15.633004940195422 -1.1641677050835002
10.736797754625632 -1.0289092979995915
8.827343931764702 1.6913569682092215
2.4213592522158485 -0.7827384478279
13.84598552252655 0.05596698754073199
8.539056237940734 -0.22028871399750366
9.586759166565896 1.2123313111296745
17.52430343522299 -1.126340291073084
18.082203863492044 2.3974124326652637
17.509293138160714 -1.2843725097701881
19.88814042455354 -1.3689061981224118
7.573623456026183 -0.4552302043727877
19.899110466415983 0.375339940311725
17.426273254955586 -1.1813701561442522
6.6680186256728335 -0.2746286417146555
18.5314186835991 -1.3323903372607888
4.823434382955436 -0.3260889052615488
19.781502240497172 -1.118976509523099
0.3382390374600223 -1.2317128823386196
9.95727176209211 -0.5686690816620062
11.420441545941765 -1.205308365246476
3.243532368129211 -1.3471966025465516
6.439201626913767 2.1723530775912407
16.234046946917555 -0.877381985586686
14.725898752058876 0.08869931284916388
9.286285236561316 -0.48173558691716023
15.412221745669383 0.19634520536659295
4.400072060068774 -0.7503906263916909
15.007018423801263 -0.572563945614482
7.952122791354152 0.827146915306807
2.5945817213273257 -0.2542349604347003
15.099788834569079 -1.2022952385577563
12.314457690715331 0.07025925286850407
14.830480632688841 -1.8013630083104764
6.296831274690623 2.3912265862022655
16.366395790269344 -0.8124768057338055
19.981016466906116 2.7410478259695727
19.524633470062685 -3.2293627388584687
3.6112526983544373 0.2401514834978247
17.92822787934624 -0.9290200852931871
1.048029990318383 -0.010415059699823745
13.572454312799696 -1.6472797110837147
17.32235120385448 -0.315905455931245
3.6343179576023554 -0.8520763904526911
18.0854919407978 -0.1603423525383976
4.937123015965962 -1.2069365971329924
11.00184476813688 -0.35517388832211266
0.846642050237842 -3.0526091183042925
4.150350240154914 -0.5247318647971639
10.433766446077822 0.6331382519656978
1.1248623965663258 0.569955405655121
15.377517299870721 -1.0078994632509435
8.91374243566548 -0.515282862325344
4.482476863295905 -1.4209371801815711
2.798748149522163 0.878141992617338
4.340591541851944 -0.5752059161372154
5.207716204116015 -0.18774053570959778
14.627426718453409 -1.2771097719735216
5.426401055014367 1.406189334001184
3.5843253613643826 -1.049994569495016
5.637111020692794 2.0864348162816895
17.412916361379693 -0.8855169056131436
15.174576481763928 0.854033373931174
19.03061354327715 -0.7056391769630481
6.661620167788124 -0.6709653181484277
0.9339909901713366 -1.186797962321442
8.047643498839502 -0.1530352215584424
13.819711387897613 -1.4730366904186565
8.173969685829748 2.666604355369686
18.016737023673034 -0.8802581128765354
17.63132060195849 -1.071445585559281
6.535698956865149 -2.19566860888203
3.5765789627029734 -0.6992419490643977
6.524641060963005 -0.6030803105573905
0.9902116643708022 -1.0335088384375617
5.7294692079800305 -1.0219713680575848
11.739808699223456 0.12252617275787221
15.078425203976117 -1.2729108964823204
13.399410104632357 -0.3568316523795925
12.977361615151214 -0.9538205697208707
6.414259374564388 -0.8227806574648359
19.07470362970314 -1.4719741266390542
13.579962945068417 -1.0283128333595168
2.4779263562265017 -0.05261860205995928
17.154347659347675 1.715479428659846
0.2787969561774162 -1.1923021297005914
14.774748009699717 -0.9704296801168867
4.672101304753847 -0.799572707641275
12.387188030953217 -0.22135111393504886
1.1990657820599895 -1.3311824293728456
15.045084706272078 -0.9249639656402674
3.8525199798293417 -3.1678909704535636
11.643579316300686 0.030888425880312972
4.655582531363487 -1.3769192407678237
6.008926573929864 -0.12542746088085166
14.718155139635588 -1.339170514968605
16.8208072977406 2.0990101693212133
18.604290884843437 1.4204381003305917
5.21347047952249 0.7163474902376376
12.36901116780082 0.18677128265021295
0.31301358872268764 -0.8999870112929232
15.566843938623812 -0.7634210033221932
6.590760912535616 0.09442599585432662
8.366022784883704 1.5524820366151344
1.5242959786078734 2.070007955402581
18.928079410899194 -0.7296792646224257
19.82367851793536 0.5008712502021162
7.050010758883605 -0.7377306106418837
8.511447961557716 1.8029900219698707
0.9725388225804216 2.0340290231338765
7.843748704650951 0.2662263399770644
6.120286128592483 -0.1730856805861381
4.574156226885902 -0.3054097370821694
18.642913919329327 -0.9489800555632408
18.028338535445567 -1.0349894895483547
12.998698704737057 -1.727057167931906
18.508517415521766 -0.8492806304268158
3.9017122033508502 -0.9568444221205278
0.462798255652767 0.9786165515873005
19.8235552739121 -1.039008810810761
13.564615904823091 -0.9195588241597066
15.765722133849252 -1.5108375224576722
12.798932819194023 -1.4765700560791293
1.4738743590217522 -2.7809801098533753
12.706170890488169 -1.5558546551991368
14.99494488751106 -1.0677169221508203
9.514654607263155 -0.6158669146748056
13.760717385868855 -1.9262537336346173
13.81901479248199 -1.6363214038982532
11.18066531821805 -1.1642928834633302
19.069613854895103 0.1328957867110493
17.419947499181866 -1.9992974386562095
3.6676277357290594 -0.7290474521718233
2.553108375467032 -2.88136663014692
15.082546603135492 3.0851121384952402
12.131114158176295 -6.469615689625767
9.273356755097101 -0.1989734429903433
18.619733913892777 -0.8738139624740038
2.4361955564620166 0.3414200607532702
1.5389449873428367 -1.2899144120844475
2.8894264316869878 -0.908419540667062
17.596327841593652 -1.3191280405426715
7.719829190100426 -1.0096482632751047
1.0257902283434137 -2.8916896359847075
17.629777277608277 -2.7106629872149375
10.399354720222533 -0.8150802462642858
13.13939428170039 -4.543940102673562
12.537035354213142 -1.370292597364357
12.836628918339652 -1.4136249857453866
8.384906398348019 -0.33875888629447265
5.743257905281018 -0.4972338886233543
17.905960082004185 -1.214485309351621
16.382402470751227 -1.28899895760825
16.95280033070819 -0.9012031201960613
15.404068510053289 -0.9065879074976778
17.25693305804708 -1.2260818667593287
2.833354869205345 -1.0042841486789627
3.470540439854431 -0.8901266408883206
3.1108316137234113 -1.1897664464438071
15.218634704110263 -0.2693263001075617
11.840776551915324 -1.8450631328278717
5.519079868877737 -0.594596310543085
12.04365758783947 -1.7673023871852829
11.30900776720554 -0.9614602715936797
4.742819994740531 -1.3820801028717613
13.45655814201999 -4.2605287176449576
7.835702744510575 -0.07679432993422337
4.587867701025048 -0.8053198781049423
10.829591710288653 -0.08888470809779447
19.005100862507284 -1.5058963799568292
3.680218719530252 -1.7560612449058108
5.864593590717359 -0.7891970301962108
4.445415446019705 -0.5323225177339863
2.6047141820455417 -0.8977491467912575
14.654681063187061 -1.411866774724052
4.82286559530556 -0.9017259960827099
2.9388523410375247 -1.3982748086304249
19.350890735509594 0.49815992482394594
14.852099938701313 -0.20246874706147333
16.747467582135513 -0.8759520206471559
0.6968941525390574 0.7106714046145991
6.074114660412159 -0.21518365277355947
3.0904509988922695 0.9297823404694486
6.071750849855966 -0.6730449984235973
7.814370397627667 0.2607310275078657
2.0051616927345277 -0.6823844775989225
18.921514181738303 -0.8099538353468463
16.34406155989587 -1.730978685677787
17.79931559310451 -0.5776743103380882
17.268119874789257 -1.4341581578790772
6.814399078279506 -0.08391185520977974
11.486058541626583 -0.25425796503559284
11.427318194718081 -0.12462764866331151
17.687904127478774 -0.8892437168169378
4.542689760332267 -0.06810801117195517
6.236197415308028 -0.4288742736569906
19.23419269088391 -0.9187947048393653
0.16403070671610148 -1.0289861815351786
11.995006916961025 -0.8980131471512139
7.79848192601119 0.4709739103494961
6.79793223486305 -0.710701216583651
18.006351733632787 -0.5808036948801298
11.883483220155735 3.265909091687395
2.3035295393553783 -0.5009933884875772
1.9750396730100925 -0.17506150708106824
3.0538951095057034 -0.9308889300310864
17.44075033344726 -0.5821742314921559
18.17513165378524 -1.1851235673235263
0.403913265681226 0.43238546521828086
3.5110413228891515 -1.9764564496152133
12.51051734532878 -0.4402939439308706
7.451457475217072 -1.9213360589228836
3.0230146556051585 0.8739075684120815
9.120623906762864 -0.6661333285737263
0.15139782217477954 -0.9039812557231319
17.661736532456548 -0.8096680620506913
16.609062252890414 1.8089573466962656
3.3432238598335733 -0.6164739937769892
18.850487311180046 1.1294887918872263
17.282995892548193 -1.4784983992204428
8.392723228649007 -0.132555907374721
7.685861236407028 -0.2706910738756382
12.407518097849563 -0.9468946282080805
18.01602556831974 -1.0517280653240797
18.95407779834566 0.1468005381035299
3.5075144491116363 -0.25672967101323285
0.033392025982656365 -0.6122280797405704
12.322179263030142 -1.37320412703241
0.09344878505044714 -0.03736265176126126
16.110316856581633 -1.1866760740336264
17.78589916793126 -0.39087454987279857
19.250540613570074 0.4489423350521128
7.532588207180284 -0.2203316423656428
7.840708959655733 -0.20661675890245507
13.698669291454332 3.070563560544219
19.12200749108455 -0.861370615760489
4.382455404916808 -0.36649993844986467
2.5050026517215858 -1.1179774028163842
19.671034972572283 1.2652392479404386
17.165936940485604 -0.9923563765061927
17.302266079104346 0.005830668100754756
15.789761888045787 -1.231939860469161
12.339023678724885 -0.4794327892557888
17.22820562582677 -0.055719938366419
1.8161590047919394 -2.6761772762312965
14.040789245572718 -0.6949489594597551
9.836591809906357 2.703652563085658
7.060317446110251 -0.3992846622256153
12.607913884458272 -1.6843607839703931
4.669291285037935 0.3259896452215511
13.11523673609456 -0.9932106323369279
6.445967082155014 0.2504299976387987
16.069107159986064 -1.269242633966836
10.575322514041114 -0.25320295928428355
6.019071864756976 0.10261798365142033
19.655972867379077 -0.7798754818309224
19.24745745025868 0.7475237989303456
7.123429074386835 -1.3867557694559065
13.878998941589556 -1.0312787249886985
1.7684644127083118 -0.9956670109716544
18.621651614906707 -0.5586963959723319
11.039746012282444 -0.6888894455316357
2.8434621687601305 1.4329650763834025
13.514420492766144 0.3353661162147202
13.601710637343668 2.7180023560079087
17.013828992775043 -3.8679293326648696
8.324986958132682 -0.2476888834647984
4.701550073452998 -1.3259608896265866
13.197684829114047 -1.0102704944199907
13.9831645451766 -1.2224729100165679
0.03675089010855137 -1.0631952224389627
15.6945602794729 -1.1138182586622123
13.203416432920791 -1.3803168030606539
16.327170389477693 -0.8252391471080194
6.453376547753484 -0.003416942735435635
15.66836137710226 -0.4978362011960184
10.428052269939812 -0.9913966886518147
4.662899678606997 -0.9481334468774455
10.611287967810618 2.750073802807307
7.045048156443811 0.9624506355552584
11.067846731071306 -0.7852622820933108
14.417707977810727 -1.2297951003847563
15.678218370698849 0.9661690636599086
18.992149063514926 1.3496162216294711
12.964711252174581 2.930783666787906
0.3338641449497264 -0.8393060997799443
1.1940717638867844 -0.05342763132883685
8.123226003606204 1.3277050880429015
1.7605504403444638 -0.3786634989571452
0.7641972691677392 0.9864169193022888
5.6305978173987405 -0.3302193863009594
4.938873932394228 0.4963097031681493
3.0973080238295587 -0.48350194057697776
7.19454584390865 -0.45408029555487894
8.568893675563656 0.2973463258161219
6.845311251187657 -0.7239597363287229
1.5786318550461562 0.8676470574667414
8.085113766665108 -0.5982103252789628
2.254365251887882 -2.4613795389616446
9.760525496501568 -0.322702860213371
15.338315714073827 -0.17545234626150855
9.286361107864426 1.2958385767726757
12.657374268132108 -0.17603984613730325
8.164220345352538 -0.22245429836009276
18.847487909610106 0.21653668675789223
2.813624888609605 0.3748472795796142
12.898386469416362 -0.9060573865138561
0.02837243165598255 -1.0979224520001785
2.8461114001222314 -1.18676951353084
4.398165245953595 -0.5637942754638005
2.516563032095465 -1.484447112301459
16.31249524038074 -0.817951847993633
7.540880625097013 0.34981271710282946
12.910898153244824 -0.48865895702214385
5.348667321014711 0.6153907534224682
4.015778157247611 -2.817720867220298
14.2781014756719 -1.2568341626567456
17.786387186396443 -0.6611818498358714
13.634202746839353 -0.041592463404080085
0.6143102407108793 -1.0407461660547843
1.178511769646196 -0.5400449295181873
11.375880900827902 -0.028353398527274337
17.977219011931556 -0.8847694041929959
1.644313853434215 -1.1465784269752692
5.311526701790203 0.05892028471878557
1.8259293718960692 -0.7336186835229068
18.345093683813715 -0.1079394983162291
1.2968189758834066 -1.1349227903501187
2.8138805860945393 -0.6075681788572135
4.655286821578683 1.5689304599322833
17.676293859493402 2.5265019725519213
19.799568244238007 1.067848383956482
15.85004032760553 -1.4372063705212743
3.3878546334674806 -1.0914541154205104
12.70459199948601 -0.2792726948024271
7.15859723733171 -2.4033039327807035
3.1208068948862753 0.7697878627251354
11.44205731727119 -1.0819047138084863
1.2426985937523756 -2.2018097062057618
9.354335634190353 -0.2458149945017773
13.65912761083778 -1.1320948759001557
17.191140707188417 2.6774657444319456
11.568495646210089 -0.8056187792186399
5.277199385066018 -0.6554493338337218
14.698389973190872 -0.5328559525451095
9.987035209221732 2.4941726105499544
12.54890786750417 -1.7681811114791157
2.324556905537232 0.0619934609003083
2.9875422015998105 -0.6217675557310549
6.549449759175555 -0.6240997079203173
2.8588740324284556 -1.8630885250891398
6.004740798980104 -1.8861788294719335
15.032246862166238 -3.357419127795548
19.161530383884244 -0.6111089130773542
2.930183970070036 -0.8194177950006745
19.512804454403856 -0.9854761530915219
8.041015524057286 -1.338204916959569
8.252398735656415 -0.28597539342508144
8.324583532550658 2.7385059099021762
16.315750530806284 3.049485378349256
17.857165990589614 -1.373287129503777
5.223297435731625 -1.0447339938614624
12.588435281899992 -1.8647647594434107
16.456037117422785 -1.3668414150753825
3.9640337506699512 -1.5914362623528762
1.9152671932849261 -0.6631053023132422
17.256109622227857 -0.861890305132701
1.4157345400095276 -1.0962583807020403
9.90746746246671 -0.48139752993652646
3.0621492168360005 -0.04839896985174689
11.928431616740014 -1.4129856816419835
2.791506452075198 -1.37869225343343
15.779176469208686 -2.1065231313849884
5.132951485350994 0.15499382711242699
4.13992003669179 0.0026229559045838832
13.78133337407418 2.769663170288827
7.055015029766647 -2.1051008837192913
11.601302880279926 -0.9766659720015407
9.007304191056072 -2.3429613175293773
16.45705892697303 -2.826927245341387
3.128115900986873 -0.6765616390370783
3.2732364600158905 -1.0807315361754228
18.185849748571755 -3.48003510013238
17.089080346803264 -1.4125627334490136
17.100174267613397 2.541745333857711
10.186913775471064 -0.8903302789735716
16.693302416423805 -1.8777334202041915
15.167804871666908 -1.3915399502589914
15.65547665178719 -2.7863485586180903
18.589547887845253 -1.5833949389622508
15.981303044137174 -1.2508372612486633
3.521194028319599 -0.9788748356668937
4.096185116185453 -0.9043538341891929
0.07387637021337667 1.487090444989315
16.425256599365547 -1.0306429346156771
16.569696812609966 -1.5362644222073785
1.8796978011745382 -0.21629941541253886
13.832940464709017 0.6322989371276501
8.302244285811128 -0.3654135279014627
1.718571891708598 -1.2827398221833666
15.795837096857616 -1.0618435820701362
14.527295335859588 -1.8282423617678372
1.079730963466594 -1.1608107432338208
5.228070040828667 -1.075129954118681
16.097403986902158 -0.8833531604346496
6.969121486482753 0.9309269959033458
11.872355576988811 0.7072820131112395
6.980446820157012 -0.42669374812094796
19.29734624231202 -0.8997836227629327
15.22811153139215 -1.1355820011076343
3.282832418688143 -1.9761501229777794
15.888843225767811 -1.2129087455743073
3.0841507433536326 -1.3116159428905367
4.625188549978228 -0.7774549801827679
13.550538114621315 -1.596946418108141
4.825986894579183 -0.8614283549592093
12.740471773012931 -0.9418916300647402
7.374923883274172 -0.5334987502303836
10.337511623856013 0.0538915456049051
5.88096404111933 -0.6790618404022248
10.550708099454614 0.8147405418817695
1.9852206691819096 -1.1651980531176416
13.744036129603757 -1.636627143130206
14.798691439380717 -6.128227950299673
3.298628307225492 -1.09495130463069
19.69813324003772 -1.0484657887951117
14.162079308130895 -1.5372136022466294
15.089352918963025 -1.7532151156855875
18.03246943704268 -1.5561552484390297
7.2945934824847845 -0.4288053126123027
11.99820357542882 3.155219358980942
6.737126398648282 -0.4963151597209817
13.737382408231838 -0.9937563996533134
12.875475781477219 -1.5773825481008537
14.796306735842288 0.09584491095954384
19.12897948772004 -4.105710528845531
13.54367666457822 1.8815804790349329
5.440149366507117 -0.5596941743648445
17.091194071683294 -1.3957463400275547
0.4196744034390778 1.4169853580654583
15.595391571565512 0.7538317499626396
5.959549760020058 0.5977653896528328
13.570892877591744 0.2643493519213977
8.45616250889119 -0.40388677294756875
11.021836282138791 2.9523677194132305
19.042610453323963 -0.14718325182237862
18.621263186068845 -0.5867540025933072
0.48510196042156223 1.0709523359143804
4.554024113518349 0.4656226774713706
2.2192831285975907 -1.2028282415320941
7.474954400801466 2.017673143703418
0.9767824564439553 -1.1235693604833166
15.570140417562436 -1.6580743584576896
14.390724856997767 -0.909527014152667
2.3080548333870206 0.22315023235630851
2.96620132146186 -0.8768505555182827
16.77171076132196 1.7441413220946647
15.584174833655528 -3.8482101332232874
5.973354483794506 -0.35952506139075463
7.8776635165867015 -2.6370423783573376
9.176615336441353 0.3835374139680631
7.28068781692158 -0.29439627765528054
12.814223039259609 -1.191342878578426
6.1190140395552834 -0.7893499294888179
12.558903041197624 0.49630015563882346
16.43893648208518 1.306648163421012
18.865474414887437 2.248999416071535
7.076017355108484 -0.5350919256291835
1.1835824250636517 -0.6807494152357487
16.279414899996194 1.3256788922536529
18.246970973342155 1.3250060178426675
6.908816179182684 0.34443033046809346
16.346210972407732 2.5011634457604868
18.34545887097667 0.35360027585116516
5.578564036022059 0.37785367014050814
18.926357819140687 -1.4077238148078026
8.943582466423335 0.5761009776531907
17.514146554831306 -0.5256662172732129
19.093969077651906 -0.5179018533761168
0.018708280018088386 -3.1389317390173703
10.151743645432369 1.3859775871924673
16.16604796810141 -1.2215154673389008
1.0270111486876516 1.0894601259851648
1.119966426835096 -1.062219328814721
13.678998444751883 1.841696230905233
1.2345440759517623 -0.9849720040359081
8.192896604359063 -2.757276718168583
15.300588184192893 0.0852322902949919
18.569235987502978 -0.5926344787864908
15.195095328191645 -1.3350464817072532
17.18462260160244 2.3300197158863662
14.631525248093117 -1.0784755037003797
10.141229587577664 0.909651408585208
6.785157177304367 1.3669342909755962
15.973690630748404 1.4502921975174154
19.82953265965673 -1.4024525844979239
11.307090549054953 0.4772360175760251
8.083870131743346 0.03178231083904186
11.991152641170016 -0.9224341957503802
14.683117273846735 -1.5682648466168103
15.169066908005982 -0.4108660909359776
16.667544811997555 1.2434481593606386
2.1953403879663074 2.0186484450329187
16.706521397442202 -0.41102503433024684
18.01268324912994 0.6411903662772984
3.274162097815214 -1.1417020549490142
2.2374705012074587 -0.7413678107388912
19.917472179068582 -0.8243623422935246
1.7591973482703247 -0.6323422627226185
6.791051176568765 -0.42944011781078895
18.760969382042298 -0.299631366108335
6.177098196441034 -0.7190129753733995
15.472265042473351 0.7212558053959567
8.968719021610816 0.0739131166219256
5.651950932016215 -0.7138052691932067
0.9057967825753906 -1.0518952744424834
19.027921526714035 0.9098795556015494
17.94897555913835 -0.5310599526360993
2.4178543828970813 -0.8554732202682362
19.44315288131458 0.34292483387398764
14.335274050237757 -1.600675376717018
17.21196914716065 -0.8341056008773347
16.463176019111053 -0.8719765634453917
6.054624716474576 -0.5948867794612399
9.802595361879197 -0.5375701396942866
14.268503127097304 -1.1247012276052006
7.84340313939845 -0.23829773028095425
2.3766215374476474 -0.9572041307573252
13.361810211008624 -0.8642636943166423
15.098247184048438 0.73004177503526
4.293385922535333 -0.8646798333017992
7.567441271049668 2.648282529657146
17.517679101874027 -0.890815742201924
4.0919606457505555 1.4437177167934565
13.364889601205961 -0.2035064092855925
2.0832635705850673 -0.14690236742184487
12.547372497736513 -3.60136427600171
12.622883800563809 -1.5454757781140103
7.459469356508463 -0.09743913741054581
9.062322122566151 -0.4104199319306053
2.9102340257100874 -0.7644673977318087
8.700331021327543 -0.24148449775483463
19.2272550916951 0.14427207188534438
6.798859643117762 -4.294897923397558
19.04962965595014 -1.9643678676413636
3.032019686639792 -0.13252320992968078
15.399787677133904 -3.864619568563356
13.604114541396058 -2.4871375178924304
17.03126668861526 1.88527995305863
8.30806861176141 -0.16057362280190124
0.37649518437585894 -0.6718568704067515
4.9685093137173 -3.0838977486960895
17.271714172950162 -0.2954697471171804
15.14343075985819 -1.3304045028017035
15.091228518091631 -1.2354395312680853
10.981710908650198 -0.8292836685808762
17.998437473134917 -1.0012438034854982
19.24575814251479 -0.9448126323514462
3.1850674876295506 -0.930629105978694
17.70732617517478 -1.7632903398867241
18.79127562321676 1.909929367613756
6.628339307282164 -0.6984158840504316
4.486401183431193 -1.3643408194844653
18.129845954521524 -3.754112511858494
8.291590926305014 -0.28696472184386174
0.09553215050428347 -1.1694169927454179
15.770237868031028 -0.8857184087842852
17.429015948257092 -1.2032095558792097
16.85336228919707 -1.606097918482588
2.533975337120559 0.8426134383150058
13.474851329985741 -0.8590632702174065
