8.545455597145478 -0.8565511746051443
11.76205881744923 -1.8962195240802189
17.77828854256226 -4.567982125400634
19.031836200750185 -0.7817564825617287
17.882351608080498 -4.49139937910269
19.348561457517928 -0.8838858180271554
1.434703988705347 -1.081823646464945
13.002092046204487 -1.175011429109357
3.9981546030547395 -0.5786724244093153
19.14371621261866 0.41998109808030637
8.615291104458747 -0.4033522186225728
0.667459374737928 -1.3032171027656048
11.69066103235525 1.8031450668718547
15.357268003273298 1.0048597977575346
10.021117032715274 -0.9243011431700473
5.713765518487901 -2.2239544391780766
16.788793847285103 -2.157336530646937
15.30038199418665 -0.5749560404545577
19.055682931873168 -3.5374063814560834
5.255700776625124 -1.1505500705077438
11.228017136343718 2.3637062650891982
2.0403082092129434 -4.427133870371215
18.158250454736983 -0.27675217962952
0.8730871767885895 -0.5220023601939194
5.921687087377219 1.1692683651774265
19.79768288585733 -2.865163348038688
18.388811031655 -0.23034535042542137
7.760790703533952 -1.8172375419370668
5.176872583604665 0.3475698178264047
5.424757489379468 -1.1750043254110782
19.234791989421012 -0.681942304269158
18.35154372302484 -1.6885826612378296
3.189426030640982 -0.8347091896239383
7.994847476810935 -1.3285612313524278
9.7967503113332 -1.3882171050493677
12.634132973934118 -0.9649224759098982
6.993770010867314 1.2486160654453138
15.76314766086106 -2.7657884954982594
18.903901734099573 0.9619372318678716
8.557079417657686 -1.203723878988859
6.443549724725249 -0.5896305894278154
12.757803381150694 -0.7308772271003023
4.727131739521548 -1.227585907607429
14.790639154228078 -0.7895210113488716
14.763391662568193 -0.23036040052833215
8.197512755483128 -1.7487830428848823
9.561307465088891 -1.4200401510176386
5.7348023607397876 -1.2499480248211565
0.3772462181951875 -0.4862719711469657
15.121827589744324 -0.8253885729716277
15.743776696971416 -0.7838684112736017
12.595638348440342 -1.0280229324637198
8.278961391247806 -1.0093661481705423
17.94737812868654 -0.4281380779698767
1.1617970883983288 -1.0829862684980471
6.928220097776981 -1.2079273645540567
8.560081676913061 0.4217750957501529
17.366088571065244 -0.8625770034248627
1.8480239667245661 -1.0483187713306539
14.043553221834163 -3.346022211866847
18.049071533147668 -0.6427198615382108
15.168133028356085 -4.793651438640045
15.643234324914664 -0.9042412544667529
5.176823640221393 -0.8509873698476303
6.193507796824351 -0.7184792014002586
8.323420558610575 -1.8829482490452567
12.021620261422285 -0.5489226933154547
6.261346316331391 0.1410801947947518
19.265749873030924 0.36934516174196746
6.269329321245384 -2.981521615112406
1.5530026386322628 -2.282051762140542
15.41200736247475 -2.5383978816430055
16.459031200172916 0.11361326747017363
11.32673650154171 -0.9247800566945221
19.465674462769062 -0.9256094804671742
1.6650358431802104 -1.2801115088976713
15.57603085166149 1.2764698028549106
17.33595906615038 -0.7947008229772907
14.215474784905016 -0.13774694938909296
18.723249391348993 -0.6817755733295537
2.5183006553636034 -0.10947025474192837
3.735132594064526 -1.6567151696594669
11.457623852089672 2.0247789154517366
5.712567381333322 -1.4399852732112168
0.9078751074753427 -0.653214421731952
10.488138862734859 -0.8083901818756357
16.615739493979138 -0.24531447455583463
2.940458559562191 -3.840561565254764
6.624045771470395 -0.27895550653100476
6.606271802977198 -2.9085216529929676
6.467063058801984 -0.7961361426974952
1.514648341136727 -1.3193957990701366
9.548947518386658 3.144549728872528
0.47909790778953637 -0.644520725814571
0.5800515559051985 -1.0821701528209722
10.2769762808292 -1.2473651910331975
0.8873240213958147 0.6668175939620197
17.701960064109294 -4.598784967953699
12.123858670699395 0.7676002456181868
4.622499020370143 -2.9377720732860184
0.6518206155368111 -0.3350873144753446
8.223686130091322 -0.9700130903168043
9.048954115532066 -1.16601783645653
3.2451219177307022 -1.0199437626106456
13.814586518594615 -0.158512844638348
1.7961123363287115 2.5020605888285328
4.546245985424664 -0.6272182584207832
17.520898734078322 -0.9357906213546676
16.295021478493194 -5.055353813040557
3.3383776299178534 -1.38460590660106
1.7177448025536215 -1.0629589713323178
11.765159078645661 -3.397601874439453
17.727288026221085 -0.03840079918078482
12.428948760289412 2.515351382384335
1.9749958942576602 0.02724601624152921
12.753037854173323 -3.763823189191088
5.724009683100697 -1.3908649878317085
9.121374247272543 -0.7907253861909268
18.07200518316429 -0.26572805946599776
10.99297807618596 0.21473148897682726
16.210778286842423 -0.5618975685481364
17.455676429198128 0.11042194127765881
9.944850468737688 -1.3961970879247514
14.000990032751023 -3.6594085404184966
12.092582430802242 -0.36161161887461424
17.965275275621163 -0.6119703700476334
7.882609031283882 -1.1697804944800365
13.905842515446302 -0.0343400354236087
9.560406223387485 -3.52429411949767
6.2450478465890535 -1.1924236729341908
2.1320573031648724 -2.2879152886365532
2.7359357352842335 -0.9438455381337246
6.057823750438773 -1.194725869138306
12.422686697279902 -0.6567494455954457
9.657293626690132 -1.2631281858188907
2.6736754408420933 -1.0462278476053986
18.361671431645142 0.6906716883016053
15.767484093658128 -0.052853377508234836
12.209088037223104 -1.4344013231844488
19.86017376627252 -0.8464692023810152
2.7828167173273957 -0.8198597360153252
1.9940832392079604 -1.129418237289213
15.403817146223153 -3.839868284071423
10.969382728689814 -2.1929169339426022
0.028102153044243128 -3.5126586775232798
1.2746824501049618 -0.6260679973053087
3.2018836625790437 -0.8124566195735338
5.405060496037623 -1.1739861667230183
15.71171681185907 -3.962278623393321
18.461113246458773 -1.0087301763558172
10.171963185599417 0.17276581744757086
9.580310215849025 -3.965135648885514
6.6427344974440485 0.4972285771417514
6.506208851907387 -1.6232200201041813
16.458982964520082 -0.4510002353831602
18.478273288381715 0.8521346932562235
11.50155118480688 -0.6843587376308549
13.64390200669613 -0.6472191079310647
15.847149302551925 -2.477381539696396
5.80470400921462 -1.3761010261657232
7.020449745392957 -0.41142333862312697
15.22215380664181 -4.248562825374421
3.5856943101249734 -2.5681634765893477
11.058174453197832 -0.5553802814418336
5.264653440021967 -1.0217788173866935
2.1863187340728847 -1.0877049534540344
19.454075588224597 -4.781994531155162
18.985998602673714 -0.8835800447304436
19.473502202390705 0.059089444049658116
0.4878470313172663 -1.968352965498935
12.793343296025396 -0.6948438826649429
7.291860839529672 -1.1337202804063
18.272637086039683 -2.135133158122632
13.217977601814738 0.012982614928190781
10.033322122494022 -1.1510718500937671
9.198058134576483 -3.231872468289938
3.234981694219775 -1.5898302342155082
11.824741161160004 -0.4214628428657532
17.839364701911485 1.5398453250049258
6.203163397676966 -1.042117857200053
3.621204379621071 0.9715346756539979
2.5798596342455653 -3.4669757763317826
17.428564736576593 0.3354207445453915
18.620068253384908 -3.101345553003774
13.388373347172367 -0.8920584801954249
13.003123147775044 -0.9335441243075636
13.304271487485025 -0.6158812611366142
19.487513987341536 -0.8573993760938707
1.2817185959247774 -0.9532310593431642
14.07514844009347 -3.613615187498272
19.839305591176778 -0.8198411285787026
11.897872875377956 -0.9172578793745405
18.763791841413983 0.05193844339495491
15.58903915378954 -1.12118972754071
0.7758878117557577 2.0809355800236875
2.235445633787775 -0.9116050571215939
5.573500462975037 -1.1651612540832976
1.497339797770407 -0.9894926177541231
18.826605389698933 -0.5128056121926071
13.16588609656895 -0.809355203182853
5.7754541917065705 -0.32481341510088035
18.221122861578348 0.4896902757993715
4.546048201062601 -2.0173726742882687
15.13302044336724 -0.5312422673283635
3.4865972861892813 -1.012025062848973
19.402877826015608 -0.7193542157409809
15.908082453425079 0.06563693509933376
19.917483404903344 -0.9819011073327999
16.20841506872715 -3.750156664807595
13.46557169789355 -0.956738103089969
18.969808509307228 -0.6330688543838284
18.235188083221203 -0.6230677421449308
19.153079362731305 -0.2340525848915824
12.687817369657063 -0.8015817285984795
2.3727704520835107 -0.7459144984874807
14.076027044366063 -0.14893870609158494
17.79506181120556 -0.9088598762120134
3.253357162046652 -2.3395316346956987
2.4591993279991504 -0.843832211738776
2.2409356242914775 1.731731622878824
1.2344719442715568 -1.0913931368909284
2.9452636301466324 -0.3655507405782968
9.265732505418066 -0.9824717344023572
2.799947765615896 -0.7080637491096581
7.490548291851315 -1.3143227350545654
13.936517894224524 -0.5727053383732337
14.354637639133772 -0.62342466266663
13.991635734350995 -0.7079469658264974
15.187398111880311 0.8637905260470253
6.448191888077474 -1.1262277458730794
10.310800200133489 -0.8354744152096557
6.30222009503312 -0.9724350999771703
5.728551976525021 0.22492541873339353
12.06541272563737 -1.0446315104524901
7.377210335784855 -2.540198842043085
6.4838052699497855 -0.7077840172261969
13.147165673805691 -1.033310463705142
6.921964877284405 -1.0039197931263928
12.287580160701664 -2.9076961394695524
0.6345643571049223 -1.0724066867417164
8.578847375260525 -1.1509310755436082
6.666162926437486 -1.1387296042853192
0.8726495097865163 0.35982160223096543
7.239325950726236 -1.4355256380573438
3.1327781503082375 -1.389147466797457
18.61726031096306 -0.7744704812251249
7.7718131991040815 -1.9263114221073097
16.08581424952326 -0.7612953022657712
19.773202737060007 -0.9248175677934598
11.62058078142709 -1.0619629617055801
17.644510510702876 -0.504805669308367
19.22195819548658 -0.6858792604326478
18.8466927387305 -1.0177864737665945
13.006495240555383 -0.6717946182672789
17.147024242751982 -0.47589963641461697
8.130129324478828 -0.9818623976323009
19.681062337338005 -1.2522513521467495
13.225746398113483 -0.4506266956156455
11.971372793313959 -3.2191914901032597
17.424517533904904 0.02829729663682042
0.8998656697764065 -0.545470271852989
16.667743358263884 -2.0311682856008013
14.908250099376732 -0.3620053143158625
5.766242886718147 -0.7422324731265837
18.439313697635665 -0.4390833714495276
3.0404978594646015 1.0177546677456388
9.725838978331128 -0.9971448767550612
6.314855921520643 0.9818926805769029
10.380228850208571 -2.4778945256813905
15.966126876980642 0.22445762522892024
11.334818797339564 -0.5318383235985126
6.956171798527877 0.2857293293014393
5.004579781196618 -3.286669537193855
10.70002506330027 -1.4496934107059813
18.39249101480207 -0.5162174503221216
7.300560945613046 -3.3047734576078573
14.384508517184047 0.059017007109757075
15.13063942391226 -0.6739242372769169
9.036776711950433 -1.4066181424327635
11.972741990852278 1.4152915527659375
11.902294050029097 0.31516734764258114
11.464676685816535 2.0803460781971412
19.920008166018476 0.03915656587545758
18.392914254619793 -0.8277137005469655
12.105769966645068 -0.2852714258972777
8.285235109553518 -1.3437785107526001
2.065637771930971 -0.7037095644021734
12.030733038889034 0.1708911873523627
2.824074530127893 -2.4351786062845826
6.455721731596457 -1.6016302866879493
7.774903233721612 -1.7150742820132576
1.9163856598501348 -0.9501482180946116
11.371406574341936 -1.844363802975566
17.98660015845338 -2.8805993940280112
19.100232317756298 -3.739489203979888
18.942429044031016 0.4009494715807965
6.115312042806654 -1.5010752704179495
16.1806272372492 -1.9949874984206886
2.204698910511062 -1.905833655398366
14.191407171317106 -1.4498264880917198
19.364257987967513 -3.3955233223437826
1.2882822578907913 -0.8603047539552334
5.120637409432772 -2.18701797103581
12.575327820917902 -0.9753167930523271
10.421944097331629 -2.455418626160657
12.151280371184175 -1.6119239919892063
2.8693774730694357 -4.810312250226467
0.7511939602258143 -1.1296980234992362
8.67006211167468 -1.5629027879273447
18.087534913354137 -3.0619746781916355
0.9123669047793028 -2.03733153390585
7.341880069231832 -1.838891837040466
19.334960848823403 -2.0003256195807158
14.400276206358068 -0.2651445404084889
17.622161249141925 -2.4392241274222504
10.806793372488675 -0.8568712876897243
1.3964371561591733 -3.2628661751589374
13.094746540093903 -1.0702346868266819
17.21080062788978 -4.873820804492655
2.3088997405894793 -0.43575532096077896
7.473998915353241 -1.521531557153542
0.5742874811563898 -0.8275328147401544
18.757319389076404 -1.3197118490724764
5.970456620806806 -1.5269915031699732
13.94619701318165 -1.4617056695912838
1.9509278540429535 -0.7472395380427895
14.96075127947476 -5.194045807289334
17.059662418391255 -2.7810255343458916
18.012756089728377 -1.107396196612596
15.278962410201988 0.009112098549862321
11.359814262082722 -3.2526743643223286
5.057514282589908 -1.2967673384879987
1.689674889009337 -1.5899819164429514
9.07163331222557 -1.3711947540331682
6.680976365119687 -2.6245157594558273
4.154444843479675 -0.9946241775121958
3.4235431187204 -1.3454802006265503
7.0147372697571235 -1.7914482506026326
12.41809072978318 -2.200723416299255
15.8862170868408 0.29307095730478055
7.275157810651245 -3.766138282931696
3.1665315987966536 0.9490826380418688
7.179097518106888 -5.134399353963057
4.2549323772569085 -0.5977432442025707
2.6540697413482897 -1.651168395772018
8.28491032526595 0.2164013519532764
8.315047930759274 -3.8946654786148716
5.927900113760051 0.0610740329827612
1.5191238837192378 -2.4256213468384638
10.288062230404012 0.3312575768622375
16.510068401701165 -5.018267530341749
12.173708045933871 0.9295981683689868
13.64983020743342 -1.038265104163537
12.231688327602043 1.8344785920877058
5.325555274916877 -4.731695388539047
12.471854399987642 2.4635227145252077
15.032009391158576 -0.8149383373004825
9.715276998817483 1.5184514458606337
0.839546127437083 -3.9911150623834084
4.491405527938614 -1.0231672278872739
8.111760107472666 -1.5348058161526532
11.87313036428179 -0.45260776877282727
18.502217684511642 -1.1614011905806312
8.517575208241327 -1.1141378227546397
7.9980349752023745 -2.1048148166712024
3.4514400481296432 1.7871525839864935
16.758379513171786 1.1696804844650488
2.538333685324264 0.8726923374926563
16.453343128110276 0.9981577658778541
5.615605240929255 1.8704769240833279
4.604419921598489 -1.1124311562938436
4.681906254280849 0.8088846091271886
17.833125984124063 -1.113337719782386
10.872407744764152 -3.7316976265159156
11.115997703441652 -4.115325464220412
11.314743032995816 -2.966472644399434
12.109840692322305 -1.9569806597458834
3.6689948293655936 -1.3417086953051025
8.3113000386373 -1.2385574023794699
12.609115634983898 -0.21426375759778943
18.919358436715648 -2.436228447930637
2.226144119397585 -0.5479888830999098
3.4503895066958927 -6.185173504968952
14.12880552759435 -0.5885470375943013
2.436249402588336 -4.964420992465997
16.804306898725756 -0.7718218063426447
16.879625800859852 -4.720930420631255
10.749166247784913 -2.0272445575570948
0.17589992721429176 -3.9003698516538305
19.579125781918233 -4.954291492167933
4.26188337973035 -3.569825645007168
0.20485714726250936 -2.9802126389907326
1.7406129380802322 -2.834194427721407
5.834584872523108 -2.870003588765555
7.808894874062453 -1.915676948113238
16.23014309424693 -0.7638616337830207
6.298100436797424 -1.3759773467007546
17.02012392445054 -0.6136462838616112
13.023566164446272 -1.029373539175255
8.614195459941493 -1.4127562463835859
15.38212054525326 -0.06290855004031864
7.360395427909075 -1.9912870803873413
2.297494688897625 -1.2985154667466643
0.46728499936308704 -0.5599760521885582
12.144185550144178 -0.8762218402580251
12.807015279303577 -3.6790322758630545
13.742613922614087 -2.985852088433028
7.784870486949779 -1.207468606833759
10.217632804506787 -3.0156048387912326
15.587333503344794 -0.37228427731473646
14.355559318149503 -0.6873498925070377
6.4207315654149815 1.2224672043975084
15.507128895771167 -0.6981619021938216
10.713031358202386 -2.0729037391846505
3.6984181553513897 -0.9103591953475868
7.279284206854806 -1.051588172652379
3.2063039832988105 -1.5139837501865634
14.864982769522896 -0.8223113296253135
19.73079735093572 -1.504503459516832
7.563128080152811 -3.351836680784244
16.8791500794699 -4.625658559900496
9.44162220310931 -1.179235558382861
12.706283604053311 -0.5047615257337535
19.02510563888592 -1.9792535739446182
6.433289395336991 -1.1252872948707748
19.06239644565508 -0.7206348007738904
8.035103241732465 -0.86838227670066
9.966078418510959 -1.1664021750317561
14.72430288388366 -3.2106072349176493
6.753342039782707 -1.5351993726681614
15.02059419342707 -0.9496800585692521
0.9945679531117769 1.3616653376037677
12.54256812181861 -0.40991698479365246
16.505270864855927 -4.629194887441771
15.65727610923611 -1.830915418776103
18.88457740568625 -0.6283806667339823
17.893949807301386 -0.6244360856283495
14.470819942235588 -0.008481346018591778
15.353298825275683 -0.7521271457064189
19.2587815214562 -0.6589259788062293
4.816370344933738 -3.015392730959082
19.200563653059547 -1.7432662557405878
1.4499039770670286 1.536877957525981
11.191195130990726 0.5509885129935451
10.647846069815973 -0.8768910139890211
11.820344897686299 -0.33031364428492466
14.940460754805315 -0.7248781057905305
7.206055499410544 3.406301440164342
8.729286774636984 0.6375669581241407
10.984948380344964 -0.9044325447289268
17.048355144921914 -1.6280529208960381
3.8820021330609675 1.46612806723899
14.904885386900315 -0.76148609550273
15.41495827356838 -0.6437986927095875
4.853200130503101 -0.745387014105562
15.097141947312089 -0.6824682650414137
7.614227013241532 -1.0124350602848342
13.341303264166864 0.19420470559354022
9.444202832239752 -2.7395099917097934
18.676287080148352 1.7483856773649198
4.869403541432909 -3.7507128729520813
1.6717446801333067 0.7751970790501429
17.98390681019483 -0.6805803343669725
8.462075546358172 0.3363027453559625
2.2342069589889215 -0.5280697058887973
1.1952907027621462 0.28040033413482446
17.75636882556081 -0.7343215611071429
11.108001874356498 -1.1590553395142158
13.9992573171098 -0.7248941620967964
3.8847018697332882 0.26347908939596226
5.849089844647072 -2.790411665379205
2.7814850811913057 -0.5111274691695483
17.780282272802403 -0.7774954385611516
13.83432002353352 -0.6770578688845501
4.281906863878508 -1.2711066297905727
1.1075096145012648 -1.2597860128745892
16.64900108742181 -0.44949507789078497
0.07099794937375345 -0.9153873484342946
19.778746726435507 -5.366101735904794
19.711023028927087 -1.5691078660995996
17.186745840305914 -0.8276827027591225
9.97656064107708 -0.6877135174309543
13.816495867335567 -2.103900137128691
12.454047851255405 -0.4075751767181706
14.116044642399313 -0.5403440361893742
14.241481061818032 -0.592594924960079
1.930853833997969 -1.1277858365044569
2.8463724083051303 -4.261950884578879
19.3746046942484 -3.507242730051687
18.028328931522847 0.3091779344186236
2.0010082871852974 -1.0625096685089184
10.611059857233093 -0.5114533092148066
4.218052754923141 -0.7189439601239445
12.518714271637435 -0.07556595651050238
1.664785627368648 -1.1972395414530836
2.7838710066915127 0.13175060862564344
14.555986442623702 -4.00443678468562
0.7787255043433886 0.13023945078756963
11.903195937917552 -1.5845488243154544
3.616089309395452 1.8657611973913724
14.351834682472088 -0.6796425012559918
0.567857573566567 2.5002293369565582
15.093600811036193 -0.34737584629924756
19.700228341361093 0.22902854152398208
3.5186263208787736 -1.3493763311819542
17.465240399335123 0.6468352539634632
14.504569065200561 -0.9148118778308305
10.395153579105349 -0.7748780495830089
0.8617627401479957 -2.5873824727583816
6.306881764497694 -1.062654304405548
8.21322937669736 -1.2848762172195771
12.322694390909865 -0.5386906830487119
8.342138277750092 -3.316160764452018
17.760241713029007 0.6327466198483807
8.862105240995483 -1.2853443997143583
16.071020260089416 -0.6664198520411072
4.174679782758038 -3.573548847353414
16.012935126898807 0.9938067809284397
10.782298808177684 -0.18234615634082638
0.1832856518167836 -1.0922526854337664
11.83232165041615 -0.7831283761453359
12.377982841748045 -0.6999575963027971
10.79274113585209 -1.1221256046863715
17.635605295651192 0.1838340428971914
18.15692932382388 -1.2263928481223942
10.252470670971109 -1.1592899172306328
18.647235391279295 -0.41124321616939913
0.5636587407992633 1.509888910674993
6.941766115505759 -1.7390117793255797
7.5251343991386355 -0.5008917372879442
8.564828910393185 3.0622588827204336
3.300146183164543 0.07736753691128519
4.919659679990945 0.10013851521203282
2.2373231617138014 -0.8702497710253708
10.55801507411589 -0.670459459760934
5.385367442429394 -1.0575071952967698
17.341710179823295 -0.5575924751054049
10.730109465906686 -0.884572118105547
17.104204248554762 -0.7751786594608642
0.2266270500852301 -1.0087888896285975
3.1726468099206495 -1.0778882257501652
12.348078734523515 0.03236276182793257
2.983317368873518 -0.7696880300198252
7.383468737947283 -1.171850763560539
10.203706060698057 -1.0185139381776427
1.9464590799797774 -1.927142574843176
10.773625103693105 -0.5653101108707633
16.70095030591993 -0.739736917003905
11.613255312364778 -4.120064467677165
11.85135100564184 -0.8201463321140081
1.1355018401258152 -0.9478592365223996
12.64585063367352 -2.4828549629354546
11.9526494793011 -3.4579188210689193
1.8051134182221158 2.2792238473808863
12.796597320050873 -1.2436228557603533
19.954808023059996 -0.9172193599113294
17.522481690089613 -0.5254703201031437
8.854641827203677 -0.3332101464164213
2.839667304900641 -0.6801932250474089
15.973553916814907 -0.3299575682797387
6.540465201070637 -0.002359739697038921
4.3360207003294065 -0.9522694999139759
12.791030614716256 -1.207986490198066
1.3185817755475884 -1.2674753790926057
3.5514170191090297 -1.189221346228298
19.303146378113645 -3.8304125351563294
13.268995464730086 -0.3747188625165972
11.842001580824084 -1.56358995507452
14.492972300141654 -0.16507329350153283
5.010730699459401 -3.536406785878783
12.97911368323614 -1.1812469719045429
14.462751085455702 -0.8499408489940342
10.804833747349461 -0.7831970801419346
4.171239343014309 -0.9754578826028732
3.819242164875024 -0.8772101463067103
10.678087179612964 0.4212091458570799
4.735656604487334 -2.9599613354729546
8.135565377636167 -1.4025936069964202
6.8520358888596276 -1.044963768702889
4.963652991660454 0.02885385383601268
14.78556699029378 -0.6347716350054072
6.275570454792251 -3.327334743961011
19.256019130955266 -0.7301011666093393
18.716399527179316 -0.696163054715354
4.736259034319828 -3.7273211559122887
3.1214131339147553 0.2880378806663641
18.140440004410888 -0.7608586072835872
7.050663834246724 -2.6279322924918325
10.631633593948678 -0.40618828724267414
9.469543571269858 -0.946691925020997
17.451632537369722 -0.3950338010536244
10.088099742966616 -0.9329053571871544
10.726743421801984 -0.17076616710647494
10.84972109004764 -0.3708420468509421
5.847248569762464 -1.1484504456936189
18.17208044992147 -0.7526090667844441
4.890938303131344 -0.9448255955762423
6.000759489648912 -0.7678404615056548
9.641313576156362 -0.930018607678174
13.034127856291725 0.9893496461146856
0.2785374862851036 2.476131472985516
16.277473954359536 -0.6297838491461578
12.133204303555614 -0.8602693218427575
14.869099926309937 -4.339771524636786
4.016726059649496 -1.1949908061363719
5.472856730212736 0.40094787263257836
14.521789641152267 -0.6600345363588777
5.105154382369238 -2.794446053687213
15.334684541818316 -0.5083184768959119
3.632174334805301 3.157455708016078
9.43527128430027 -0.7770180723735441
6.773866497941598 -0.7304924537896349
19.3050402401939 -0.6135010548089113
1.333184769005042 -1.000780273872215
9.826761876131602 -1.3207803007081795
5.897956285014369 -2.793998993217432
3.8370797061376916 -0.4687375258579107
18.782626570427073 -1.115667514124111
0.8150179030019258 1.4165855758288048
14.597426781834042 -1.4307328117515694
11.452047595121936 1.3494666220735017
10.497503859266772 -3.003850207424098
7.239120522124323 -0.9141636214261714
18.72421052357434 -0.66965232238034
11.292313952379729 -0.8397090106958787
12.12661980524687 -0.5321440772097995
7.720609739534014 -1.2745137339936727
2.1754530887466035 -0.06263757708102557
10.861256424876432 -0.24019467072021902
2.4530588391773787 -1.125631442743965
11.612393167113307 2.5797787816300075
2.2082104778342195 -2.310254497812078
19.357143239766128 0.4595187852824415
2.0083361615079722 -1.5460240231027527
3.0496890642620937 -0.766655655766597
15.653119307557912 -0.6376769705946864
12.388298436509158 -0.2528378136607701
14.472052852028455 -3.9160271312379002
6.2316080228800415 0.312547780783373
11.480583472173686 -0.7111617772662384
12.759887223394717 -0.4343076593512674
18.292056800983538 -0.9333913047349467
18.697801436110336 1.4764488622913092
1.9642305133588944 -1.1263318385479726
1.7283970560011925 0.674258027883856
19.884014402288926 -0.7374464496589433
7.851045229488303 -1.5774589593283872
13.348384312044898 -1.0090179303505773
8.163143503025278 -0.43134610757676267
2.021259044339901 -2.9204944622222917
4.945775426537296 0.8952253714122006
15.74665729837324 -0.5571224761931725
12.039959408839493 1.8168927097375245
1.3220686195120614 -0.9829075281969106
7.875992286582652 0.03658236572465674
3.814382454671942 -1.1592160113359553
17.734985792744425 1.2785994113779626
6.392961944752193 -0.7639826976000458
19.825678527505083 -0.4003725291410627
6.59477048725304 -1.0007637708310386
9.395429240437494 -0.29066157493307904
14.127849738662865 -0.42660008836119956
1.4114889738794916 -0.9615110473853449
9.335692219787045 -1.5581175698423313
3.5944916723733513 1.195319775379909
17.820741163897235 -0.30664600965791033
13.45573800055871 0.5849158655896622
12.459726576056593 -0.571405417938583
5.321419886091641 0.25206714702927285
5.000083901158299 -0.9864501124598513
14.502293695243111 -0.8255122422770025
0.7413935098337264 -4.4132457559648195
1.377442224016943 1.5826952182510183
12.276649260852182 -2.532611562159392
17.681793241742646 1.4530670577352207
16.864835248026974 -0.7091702622086402
12.04871910787761 0.6756152231558747
18.642683716442153 -1.7622151162840727
18.830563856388892 0.9452715126377925
2.781038737789818 -1.3762932012080384
18.06865470284436 0.8482908639300143
0.4187429813335691 -3.0207668540440866
15.117204833690073 0.11149411316591122
15.632645822789302 -0.506270408284822
9.315015158626828 -0.8700918565906245
1.2367821467431925 -0.9963206237976467
6.7951682767044685 0.30232306899830164
12.72962271612234 -3.898918807474774
19.735880114880075 0.6220148116140549
0.18997763333690498 -2.430291596625848
5.2962300349490565 3.4899652722527343
1.0902670696239827 -2.8510422096845165
4.578300736945644 -0.7165252379171703
7.735987119333043 -2.330619836043804
2.2158219090192226 -0.597877672094444
8.383256207151641 -1.194443442545831
18.645160705680205 -0.054881169878966914
10.705351749882093 -1.0266434993841336
17.09621957608763 1.8323256277003757
6.146027923996526 -1.4148135539226163
7.7780307143075795 0.11482035855618222
6.337612403695582 -4.223149118040102
18.467590796540545 1.184570174110099
8.467620394629567 -2.9265534305385588
16.97188716385175 0.7988228572658287
5.015516838555817 0.4407597498162872
16.779147746229143 0.32771430251499356
12.513602094044234 -0.908057822382676
18.24832906521216 -0.6867020610671329
6.707818317648651 -0.22272543135630482
18.1997475274025 1.58892852868991
1.9085349184506872 0.2809163928760368
1.9765164049138253 0.43972705001459694
1.2805736345669196 -1.0613583105913025
18.355297819174996 0.07822570625428517
14.381308700424478 -0.03924209021507069
0.9048155916218785 -0.6623898617805246
11.634915448190034 0.1468840688631741
12.034157482128878 -0.7922304784564207
6.00386729206194 0.6618659207146469
16.99773434464227 0.7155199050936853
11.31929590916359 0.6555834185359218
9.297635701254091 -0.18551747875167962
13.70843707749039 -0.229490594533458
11.442338070485738 -0.844142659502981
3.0294648531938075 -0.2564245254935422
3.5545518957596007 -1.0726210228628947
13.979765049813711 -0.7149986654874989
1.1069245740688907 0.1114120729118248
13.984215022764689 0.8323619139939028
1.5406637366431282 1.2243329396349905
9.149317745079083 -0.970423910266273
15.513493042817512 -0.4647392932457307
14.197724314534321 -0.060457388550009594
11.057496886343158 1.3940868643279747
7.331823337030131 1.4026061133027543
0.6617701204783212 0.3782094898271491
4.423205715462955 0.145990972359762
17.83662167908606 -0.6817281381215875
16.626451134750546 -0.03809756965377386
14.52471621909887 -0.17405435194334434
12.920239866589652 1.0492868092317962
9.146469803540812 -0.9478422924661385
18.448357871149124 0.1251708346624998
15.024094522760596 -0.574722605612605
18.7628670020104 0.03921139781185202
0.8451875732268151 -0.29733667555022625
7.35032398818074 -0.7837473883493621
5.250663628072766 -1.0340149122385385
11.788096731704453 0.33890845739046604
1.1792050851013147 -1.2551975971758156
18.699822921605794 1.6878852389391592
18.434875853932716 -0.7124585642829475
16.525582854568896 0.0687797449867034
11.751460238854117 -1.0937234121184558
3.6333803131379114 -1.0346583762106423
19.585840047378056 -0.7012674069947842
16.41207575268194 1.3756564615719913
19.93757737111829 -0.399101065148787
12.107817625582095 -0.14661959384366194
16.34685861533811 -0.21570289635382017
5.132684783543349 -1.0344503369993392
18.164443849734557 0.02637891486937808
9.04422614173703 -0.46401036831333925
8.886361342407966 0.2736644593610117
13.620598838729794 -0.6260143144611228
1.9203690530633482 -1.0651872965676679
6.812637253275927 -0.44993394994409786
7.994044897256352 2.949664880652642
11.864579211839237 0.11631637406076219
17.168359113476598 1.9465314375385803
3.5796391988197627 -0.40595073013948674
2.488096945437221 0.7069246471482035
15.018790035166438 -1.2769511788044405
3.7845104000329464 2.453971408170796
7.625520562306304 -0.7092682955796588
7.246833704831019 0.04256679582325095
4.750257138302882 -2.9368748042922497
9.148049993064383 -0.5883069714725055
15.176309136555794 -0.12484075579103285
0.590851901160017 0.17811095950371214
5.906214308099889 -1.8698424682661834
16.357427705989217 0.26883106492346187
13.643456522222156 -0.7015894701517245
15.882350081504883 -0.7998955705153868
3.0434751221817837 -0.8654297216618737
5.51534493525899 -1.377300224058567
3.4337862519448197 -1.1983493213130432
10.47674295286542 -0.8282612188909888
9.670464675959186 -1.1222101413953816
10.869501381359369 -0.39056134556110983
6.512190320186836 -1.143940178100937
13.57243342256338 0.514874189770779
16.34239626267709 1.701179705925683
18.288707176739546 -0.2044589735791294
12.243963571248614 -1.0812881664163456
9.449920812370635 -1.417134857712055
16.042771997144463 -0.548613814311895
15.946684230077041 -0.27997658446084284
0.4744288087862823 -0.4995926789305046
0.901280483471867 -1.1091031001292548
10.780659590433505 -1.014839017273147
3.110016803336997 0.4261189371973327
2.074435096472752 0.6633420836968067
11.037975249180953 -0.3845374324844106
13.503436970133745 -0.45289362993192955
14.63282177103702 -0.6472428727998365
18.842587299978327 -0.6985255666430987
3.9556792600039823 0.10107559572236866
3.0852112003955416 -0.668537765143478
3.9914281836048917 -0.16581729241727125
0.4321486536250423 -1.1021581093229074
9.479628192961995 3.50860420023647
18.87476202152953 -0.673368138426763
16.67840087407875 1.1330935381218652
11.459360922092815 -0.9824208855630288
9.51945552276358 3.177657544691995
13.211626522790299 -0.33814787305836025
8.585464753830502 -1.323928002243659
3.7685139055262913 2.474786074671504
6.945821558816209 -1.3562435258828875
11.185461106550488 -0.34469975546895903
16.706132361855545 0.6290268675281332
2.1511837189453957 2.3248167686382004
15.214166764538511 -1.4720139702377917
15.130552263600512 0.6179719556575846
13.444327897673254 0.5977973421528462
2.4552449574285644 -0.8323030087492935
0.62454917456276 2.00464771328025
18.13060317595145 0.16426830372357304
4.399401398226167 -0.7893205329666478
6.549307595588237 -0.5006374794596193
10.07399002641602 -0.21236175384841893
19.69950957826437 -0.6221531781827019
12.15885710950676 2.3770231888732445
19.592845967160653 -0.6399467908840494
19.219149318061582 0.4629624500671729
9.022719140870088 -0.19226571579350984
17.315863988338254 -0.5294420401574584
16.737514123743807 0.3724084668323677
19.432457856367222 -1.1281435203040227
0.2663314850430363 2.1262811983184418
8.479362037724702 1.224174491005424
13.843939212425301 -0.5068749303433074
9.287415736368708 0.10832836154836127
6.323374043135134 -1.1454932130351765
9.43508346942323 0.07013688430308712
14.825509060006532 -0.24797726363245204
11.936978591880525 -0.344060551247559
0.31496598542177345 -1.1922619043966292
14.29078493525606 0.7056989421242204
17.90655911236842 -1.7973215036428212
13.45793295211471 0.9910054608633114
7.771769592876648 1.1361157813341622
16.309394306573544 -0.46297904522893324
1.5125041970946806 0.852661311819679
12.285456927664015 -0.7447425573465846
0.7902955988084682 -1.1725176913181394
16.382509180938563 -3.716257790195894
18.823697884716985 -0.5344072792118327
14.60364493416184 0.14741188068578398
8.255582268655107 -0.9631856967266645
0.33542059231363586 1.8893215760316173
4.464435820144773 0.5518797596028692
14.349818979737815 -0.4730553822533201
15.916451208453628 1.059044985780913
8.528849533792464 -1.5957375286741544
7.26060746809675 -1.0762851510317655
2.4937673924592616 0.19665989745548407
7.871131784948395 -1.2269920641944443
7.1509738198984065 -0.14587735180052078
12.65271674914436 -0.2057809955625859
18.183148609735834 -0.34594558610498405
2.5652745530280967 -0.9105267590249191
8.210898502660946 -0.4256680951857017
10.032213522940573 3.4833798769855258
16.51862826598243 -0.4127378636626255
7.16521154856376 -1.2279434112004708
17.610850087585607 -0.14036895655690018
18.07541404216254 -1.0574527973458858
9.088914971567432 -0.6223897421755018
7.160810745167952 -1.1044945462805622
0.3151248792403776 1.3138518351854704
3.2106071936328213 -0.8598815084452666
9.239074079019979 -1.1793436398534494
14.96093997154304 -0.40192115990998534
9.130510298623248 -1.5113131586810777
7.2865327792008765 -1.1129558877285226
13.322794477690852 -0.9255182735794216
18.337585650575953 -0.08958665922983357
5.033340644436169 -0.8953983343844378
7.657604506602659 -0.5608518106478992
0.41390592300581286 -2.214686320253984
5.8198496367221 -0.9237270508800873
0.18161645154390496 -1.3170393992453642
12.43398666874154 -0.18799274223480494
16.478164388506524 -0.8979470242360635
4.531265222110139 -1.2001215965626135
8.158991207760405 -2.833833536407699
17.195906842487833 -0.24548203064346114
3.1131061377701124 -1.5275766139865297
10.158705071831083 -0.387855272605154
1.7188066276410672 -0.6594855917444898
6.871158876923336 -1.1683769304497515
3.361881293645468 -0.5522570838571169
0.27295714643127106 -0.8996447654712066
19.097487392484425 -0.5359639678867972
9.031233050252798 -0.39460727609231777
17.640208735411733 -2.261707587186619
14.468663042368622 -0.09886991245113334
15.045203055317472 -0.5762289615496295
16.195289232488946 -0.6880573272078819
16.55538544806239 -4.447256683217337
12.161011799626722 -0.2247602707295606
17.397021523122334 -0.47512734335709317
1.6409893093291776 -1.2029990873951657
6.738937601646542 -3.7665415253772583
16.94765264639803 0.22912870032109706
15.226793120208397 -0.6028003331313542
14.344382895777274 -0.07930968026151045
0.5994381408984621 1.2346917699149405
16.47102259980135 -0.6462503314307144
1.6863732266234566 -1.6566464110163641
13.957039208371542 -0.25725423580613044
7.464340934073015 -3.5585133940412006
3.8839030730838977 -1.154754166022061
8.99138803564454 -1.5129063860608931
6.7467300507728085 -1.0184560838216787
17.950014177823274 -3.709403288629061
1.3648408049176188 -1.0401487843268133
10.020185443639724 -1.352227076818969
3.315399940259929 0.28874768193735784
6.488835821387964 -3.006777269308833
4.32397442724896 -1.4062852312396774
8.29581132311341 -1.2705917316846909
16.153842724169483 -0.6217540942990637
9.248781088621346 -1.3352238396531138
10.073290346589127 -1.1135542206941615
8.55103919155013 -2.113354463523626
11.600536931256778 1.8071349892190849
13.364837877231244 -0.7475032012311904
11.688729545236361 -0.2658237150437178
18.878555614811294 -1.3436943167359423
12.753292561035797 -0.7433004409861823
12.713105346703516 -3.6251148113269083
17.684463402046465 -0.1856823067469207
1.9711030111358876 -1.6467402664204662
5.798018254551395 -0.9917904751367327
15.113718511538798 -1.4398994768178388
11.974320192391387 -0.23094168409539312
4.20405312500381 -2.884378846451294
19.84549491939687 -0.7208045220660143
3.6796448487480067 -1.42801495403063
12.756632097109764 -0.8625269619174057
14.009125220734678 -0.7293494677706005
18.392144883970108 -0.051267883268589706
18.62048081913754 -1.0216709446015901
8.0526491154822 -1.0093913992662276
13.158098584108375 -3.246181415710015
18.78623804705067 -0.6809442499304441
11.485042749944396 -0.8300071888580406
6.846190746386678 -1.383734775314429
18.751223942566984 -1.726736078860871
11.81538011410276 -0.847329157023462
17.91181700777905 -1.8455863747468704
6.1928648809610625 -0.8397989672503582
14.025314251448117 -3.4338702156573917
9.697787325117684 -1.1772282837352095
18.211444938517154 -5.554489763601384
18.88228509275311 -4.606169137699053
17.67930458088979 -1.440885362036062
14.849218787448441 -0.7429296674592365
5.800384585585674 -1.2807553616633351
6.334045960099268 0.3010215591202425
1.586064535524879 -1.9435997219759034
18.51515412860417 0.8872986879729323
4.125422482345679 -3.6833477193239728
17.83065092291609 1.9204265132842593
2.324369397147947 -1.3439671556104706
19.31255073705562 -0.3395916805816059
0.42449561372508104 -4.035410380621268
12.918284259167473 -0.24666395081648043
18.097682371538305 -3.4269265220021192
2.710778537523643 -0.976324962428171
13.082933381310138 -3.0234135166576084
16.392360827360406 -0.5416629097952501
10.427829678777172 -0.1195450390697189
14.129730716598916 -0.611474976330637
18.063011319676043 -0.6831927190017159
0.774502087022695 -0.9948017092859875
7.855599995847247 -1.3838760280502442
17.436453346770392 -0.7204192790730516
4.79214050910302 -1.3587018667333675
11.968564308461836 -0.8032405845450895
9.039298871663346 1.2427886530007453
18.152907441984965 -0.5154897181590343
12.870655413704414 -0.3719239653260777
2.3366527176589305 1.2446962755840503
14.037527454213643 0.3675719782207944
3.1321695082773977 -0.9350798725801638
3.8546221327821817 -1.2660051235499898
11.896808931138967 -0.8942526891936622
8.33550370752031 -1.449062795287372
9.951064511796766 -0.40948223799172384
12.592903139623168 -1.099624713594799
13.71767726351068 0.6225548193039917
8.157027423421637 -1.430037872525593
3.0582550925501604 0.891333000141321
3.8712139482199306 -1.1885322751946044
15.59131726708958 -0.04009330653975905
18.59852718191394 -1.2258779918981209
19.22305978700114 -2.851581173610622
17.665372439363825 0.8430511731573035
3.2596400751034786 -1.4702344819465194
9.5523743239291 -0.4405530800486281
14.984257906328246 -1.300305962320067
4.89242296374554 -0.6717561349925062
12.928152134200102 -0.5645330819795461
12.247349776419531 -1.7833509252969797
15.858685215493912 -0.8960865762748673
1.9907518137460323 -5.096309614339774
18.410277566526048 -0.6630850680705174
16.53323436259174 -1.7892787506010648
8.289860276778024 -0.9133794081977589
17.477731076840286 -4.975152228762276
5.161621020160544 -0.64653571600132
17.358619189147944 -5.647148645349303
13.371955034427423 -0.3078535235615198
16.292462023994652 -4.356391905494916
7.677850316661416 -1.377754193032208
6.734791555713333 -6.457921600942988
17.748124834539432 0.2416174896218432
8.15674632924591 -1.4176374830115277
5.867231958217397 -0.2201158047893071
12.923938778945404 -5.079291537410832
7.323609628468603 -4.088004180269075
2.314311117542376 -3.8309943230855183
16.887053012377365 -0.7859381906014252
14.316868455877605 -0.6349699590404458
5.674465327392929 -1.8858719080863513
13.879667440474128 -0.5461218781165358
0.15414659922398855 2.7330782247339744
16.534440706343364 -1.0212110147392448
7.219843999028146 -0.4926525370931021
13.45408193342019 -0.959366678443842
13.49440222701937 -0.1528662494459741
5.483088438223259 -1.4682849577234476
3.1555601309824195 -1.259725731859189
18.01120881275343 -0.8831393017585504
1.548046352324193 -1.0132325265159408
10.301959376421136 -1.0549436506632814
14.839834081131766 -1.2987204971655968
2.0681046511129333 -1.0067910289073265
10.70483768000705 -1.0608780309220855
2.1765766136887237 -2.69487238229701
13.709539497933811 -0.42790176838368954
14.337499927979819 -2.3665177194709206
12.616235604296497 -3.864266638324651
4.074234917502143 -1.4332167649371272
2.078977032826664 0.23242123593825575
17.826852117365682 -1.2894470990030467
0.4368913180279827 1.1062769142872675
6.486273781274778 -1.5994355354247718
3.813383102350534 3.3456894978064904
0.20398885623749768 -0.9704272782512027
3.2532257669124838 -0.03936288946727119
4.6186881845536085 -1.1466886520118817
6.594848666846058 -0.38301356803409803
19.485485996899115 -0.8847412493811472
18.811796681711755 0.1885878166512059
11.444515020485635 -3.497742454820138
0.16336153073129378 -0.6252344607769063
14.055757545459835 -4.0175702223478975
19.853955142546525 1.1968440333497101
0.8104910961318814 -4.086978327292082
6.489696875678619 -0.14905085535906407
1.217429060129615 -1.9400599843542585
11.972694259118045 2.1014087384083457
0.295265659490868 -4.287953764316227
7.792870754038277 -1.575586552986326
8.965118023735062 -3.830773255704997
8.341733832521914 -1.3133878807946242
5.281207325094668 -3.123367529701805
6.599603510431393 0.19659724740378573
16.33474051662542 -2.7852094674284817
1.2677360782233729 -0.9053951319796535
16.123864224663006 -0.7032249499208559
7.565355387401147 -1.688446314735801
17.662505794188984 -0.5356266275310337
17.874123734981588 -2.616543081761859
18.492947844196294 -1.5961728250000924
5.95709560169605 -3.5787804126966876
11.24772380496349 -1.411708943353387
17.262905162603598 0.5427383564839605
6.151235169578804 -1.4454221986057185
1.822389236550901 2.3954220467717087
4.279645186461131 -1.24518580902336
12.102139999598313 -0.647200484530766
4.436556317436013 -2.3256328144465277
15.488642632137964 -2.6615406355777065
2.9109204632959615 -2.301241058165625
11.739280387540346 -0.6959887655508098
4.644171218632154 -2.2516846206355785
8.044406074368373 -1.2263714642039492
1.7310982930885763 -1.6375592433323154
18.494280672991824 -0.7063799688002554
13.458784458460348 -0.381541998783817
3.4967886929016045 -1.756144760399042
2.276906059487897 -1.3272740344492762
15.603834543642641 -1.6351664160910062
19.17830538112995 -0.8809881547984955
6.204371656423171 -1.4814504018000163
8.888898132292763 -1.1547607241387345
0.012772194781970433 -1.1605776827395533
10.85639230802913 -0.8676268336910219
17.58233058373215 -0.3040543300461098
10.387378449539787 -1.0745251261076296
0.5115094890869364 -2.4177565735192084
3.9060267890252094 -1.3409232307627659
11.251312880207747 -0.8209344545846542
17.556685180323402 -2.4448232510609627
9.974491122078138 -1.2173788780469739
7.939977824097627 -2.073677676859399
12.654386499845197 -2.191010830990895
9.861090491394208 -0.7405083467363254
3.8074059692069575 -1.0626286191506689
18.64800072279368 -1.1896155110230764
15.507242428879495 -0.6895947912293019
19.1379369667579 -1.1415252882217863
8.882615409313702 -4.5329768143619065
9.199848729772487 -1.174139750732173
6.449655467444123 -0.9706818529906097
1.5079218946887085 -2.978850723543132
7.668213639310923 -1.854829885917737
17.71586135087281 -1.7741130906684197
2.485737485549447 -1.041140872325366
16.396906658041022 -0.6713891564545477
5.1035910106299855 -1.5760796332147764
0.03369285706447023 -2.0338490526033204
15.08870263194583 -0.2792049416174711
0.38832946457856793 -1.731764249976578
0.3903186902951479 0.4281390008287147
6.2484240300428935 -3.234073190422584
14.209011846147433 -1.0251342144429123
3.8791242850208856 -0.8841213796369957
15.61657550088173 -3.484060488077462
12.067421188822733 -0.7377419273180976
3.154122710899337 -0.9291559541846344
16.542705928282686 -0.31980593661609535
19.800197655553188 -1.3483645717949047
0.632501064137768 -0.8260859396634929
19.254610845848337 -0.9961890837347198
11.186555326000404 -2.013932571996992
1.8695707662842425 -2.9359534438999706
12.024594222409503 -4.804037843614677
3.396595478498541 -1.3136252205241412
9.076298321237354 -1.4403675096544628
18.736071802999906 -0.6527928004442339
8.848566304608353 -1.2359950433822735
13.083584381054857 -0.9895968251665386
1.8168996584843091 -0.9291535820192914
11.143956733457722 -1.0748463087305393
17.592709724554247 -2.8841319791247324
15.231390858289005 -0.5832616613968112
12.746937868631935 -2.7533495280715967
9.418353886047734 -1.1232588595814268
14.701021158255935 -3.451655179328181
14.305449609313534 -0.5927250398966388
16.65548148014717 -3.2406525552581784
13.02395406402125 -3.923205092814769
3.795771704197286 -3.6937318806865194
9.758167291807744 -1.146158647099881
4.841276692366024 -1.374935865435628
0.7582828247958927 -0.6867544985206607
17.514151875764615 -1.749081688484506
19.015243353905834 -1.2712902604391962
4.478509714808602 -2.2206670280332776
12.272150745398422 -1.3233181203338538
17.569832305149397 -1.555884889097552
8.987524366314208 -0.8420813416093488
10.487430792928443 -1.1359622641742748
18.20866603201427 -2.921111108655852
0.8935236511624853 -0.750789852354579
4.9084132014345006 -5.087859833271986
6.093246274133205 -1.5123924620471016
8.843114115878137 -1.2342782903237535
8.472513311801752 -1.1049210369331146
0.1212775500431153 0.8269233033863141
8.392346442908078 -0.8081441315908354
11.95970235351044 -2.4057861768867284
11.359576037060753 -1.2003099711451934
8.060911185995025 -3.948461481789063
5.693513587587802 -1.2670366189999096
15.734190248946787 -0.9103924354604792
5.0250672182008245 -3.2567111153968917
0.30276525507009316 -1.169197348665216
3.6229233241219854 -1.0203608820478338
8.660806593667514 -1.2905047566821555
5.818546649690791 -3.9376450169364707
12.103815528686427 -1.7254974338335423
7.25679328643869 -1.5856191834034685
4.462227570961195 -2.0012653851574886
8.857962649112459 -3.150212394987207
4.151186399560002 -0.9501935901323226
6.675652929667031 -1.0498983217418019
0.5268949456063566 -0.8987968419662292
10.977134635930659 -2.083645133215114
12.148874451611809 -4.460572145548811
11.510084875533765 -2.999465237941268
2.5400829866845647 -0.3841877246767468
12.52349778918768 -1.118938849167104
4.061431484117066 -0.9766101117388539
18.937981563263545 -3.416305511838893
19.324324377656776 -5.600357105302024
17.254585375920893 -4.9498272485784005
1.8560557693201065 -1.930785757074205
7.221768550059877 -1.4221516413180775
9.661424717566984 -0.6287192848568399
13.837366419661999 -0.635046605200849
1.2485558722713397 -1.2902708866024482
4.170416766052609 -1.5802848278578203
10.899441853548204 -0.7839799440115357
7.519685272314499 -2.020015403315338
9.665803945578 -1.0492757403452875
16.36751761584183 -4.400959220646658
7.419807840101166 -1.2266766412187378
13.352138087711742 -1.0169751412397081
9.755083129115762 -1.2837320444004805
2.9790093426796966 -2.998025148117661
11.284586222400469 -1.1102985926091398
15.203111362519175 -0.6265005892314608
0.2867892802035733 -0.6568466259821497
3.5761037633401282 -1.9210709037716693
6.72030178034534 -0.6674652123985811
1.7182075554280452 -4.009807413966521
0.5094008469658228 -0.3586135594514039
11.197228807502846 -1.2155217007209056
4.861234981226925 -0.9366841992817357
13.87506397540743 -1.0764187038910076
19.213528773277545 -1.4106858459706215
1.100379645388457 -2.393003254564566
17.36119475004407 -0.2913817319302125
15.548142582320567 -4.226171176590599
4.201539396463014 -0.5305816132616549
17.879967354311407 -1.2747575917000074
16.112649343321852 -0.3027397771667482
8.744619272255981 -2.5902542450364363
5.541167496044659 -1.0693710653631934
15.752152784763416 -4.2304098276849835
18.17323600282462 -0.6854298845775681
11.037393588504463 -0.6399025327012846
6.509492590474918 -1.2418966814981949
0.820099336065461 -1.306670636489042
10.196106471708859 -0.9852820659972137
1.3112831298856886 -1.5926113945697697
19.149538516459966 -1.934096162438795
10.878227429289286 -2.1571867512651957
13.828927834996955 -0.5851204510995156
12.112245001728853 -0.8685984069725928
19.691443172748503 -0.6724916428346643
13.565806541553448 -3.8295706311246187
10.92949987211362 3.3705025312251267
1.3728719939750986 -1.180411254740693
8.149961002179161 -1.505836068809913
4.761308138996967 -1.435626815588901
5.977826922749486 -0.1398171932414932
14.85087870350005 -0.2890758615699471
16.53012906678719 -0.3655058210482344
1.1753214087610129 -0.8029170864727886
3.899883049261022 -0.05745102656618974
5.194017476501922 -1.1855053102368676
5.198764618425149 -1.4395379320351478
14.43546175474746 -0.6170793321851017
7.777452913600901 -1.291936059820695
6.320300064349937 -3.558559151389467
17.891960802495124 -0.3682039417834341
0.8612034882275925 -4.652212992365465
18.771980777883133 -1.5145985885825848
4.334109246950572 -3.7332082824408994
19.096432939604973 -0.5758863190075815
13.041353310580963 -0.6855874316563402
8.215228795907935 1.451319523317615
0.5268446374731808 -3.4209358327843495
13.235884690950922 -0.8769541742095498
18.21758136262656 -1.5069735143924436
19.073486570668617 0.020604136827689135
3.8576387815121795 -2.9330522167704536
8.672398138122485 -0.9751172752112873
12.036784249585738 -1.312414954646663
2.306733564963728 -1.3309232457129732
7.05594125680308 -0.10437145909309092
1.4964749540409175 -0.7863401371987219
11.910368932532844 -0.8065454176067872
12.252277069868855 -1.0270232025268817
16.260959598654253 -0.832142253440793
16.770129804018428 -0.7119026646557857
6.000080416594367 -1.153110200510902
17.642402465160654 -0.7977995349278366
4.586218046484071 -1.168339976891622
15.395958243033688 -0.476030596583274
8.599801422767866 -1.7090581693054496
12.404480830770929 -0.32420607480247066
5.7842947886318585 -2.651134103641894
7.8389798588135235 -1.3683873874454986
1.485274328528803 -1.2148675178294412
1.1866477827639597 -4.385190931654056
0.38114283763572865 -1.0703453518643702
4.809068334464368 -1.694702255246957
10.590798785417368 -1.4919955001204304
16.286404261251732 0.02298748830943372
19.393103798732465 -1.4352285378132015
11.420190172039893 -0.6073688235102503
5.788255348612617 -1.1870351502678433
10.582237600335334 -0.9848664924019849
18.433267701177893 -0.8107708935887034
11.560256550986521 -0.9888951918607376
2.5949364950476843 -0.7298843295856314
15.890028644040251 -0.6470808515539918
0.05543220425518604 -0.7863154884547245
17.30192274426734 -0.4033238137269774
14.247173051669494 -4.178890567968316
6.2276978966406205 -1.095242070177923
4.1141619749781055 -0.002666294751128724
0.12305098402312706 -0.739848751607965
16.229560361462124 -0.7141522013785634
13.660214866723459 -0.31664077376459293
18.502914627760543 -1.378410434043599
1.6010775584427792 -0.649961746252286
7.315967314805275 -1.1812990698400743
18.011924787369423 -0.625454656067931
5.978650998112486 -1.0236538785326954
8.28385383224245 -0.8062084411841473
15.218976174262947 -2.971757606803128
14.841430209758586 -0.3967362215329514
13.279993626280783 -0.6520574544148108
16.00988742804256 -1.863363808695828
7.962984475794831 -1.1396399747706463
10.338914983914448 -3.308564686182011
14.303339548446559 -0.43923557590897655
17.35083317733867 -0.8540580626289863
11.587719666053607 -1.9425902125732857
4.408865569051118 -1.8137699828302547
5.68945768824585 -4.061821514856556
9.544848378062554 -2.2679464296965723
12.29154226808494 -2.0898263853445163
8.871179775253117 -1.5566482936898087
6.679679228942461 -2.6281482875320417
19.55050662692997 -1.2498374704461053
16.317666318982145 -0.39214081890232416
15.406030809499297 -0.80870458049063
10.580973601714808 -2.774485938605926
14.72287301250923 -0.7192054785395156
7.561375602880642 -1.7460637825311571
12.806214684865381 -0.9148820762472155
5.829825865757524 -1.5559868563518073
1.9404116921007504 -1.0249035720511903
18.303767133100145 -0.8666079081409963
8.714909887984343 -0.6268588031014121
11.766502807093715 -0.7269039311247737
7.479467428373991 -1.2257229494667257
13.85482054404142 -1.0740192735810419
10.643985929779122 -0.3314367953903795
15.548891202254675 -3.576576261945268
6.3356190481203 -1.3517507272801847
12.70347791609884 -1.4243336116886458
4.161097371090223 2.8371692152290224
7.145816371565732 -3.38063455742679
5.059141269512479 0.5279494606318949
2.6608823954250314 -0.9436817151645247
7.729073120761859 -1.147591680721123
18.18446459332986 -3.7678862074628046
16.55401837624924 -0.5845316763664156
9.165350938310665 -2.7677763373045647
7.680429760399179 -0.7255442170158134
15.457012206663276 -0.6870156995571143
2.9257659041914055 -0.30856874946166785
1.4135624618950386 -0.5261688851726279
8.809233436811718 1.510180198191202
11.096429055763062 -2.134092598266068
8.64112292469949 0.9794761101613629
2.8856147784539883 -1.1962262128290346
19.663431784824496 -0.11421316876754281
18.15500108968371 -1.1616829117419378
12.330738797602175 -0.1421085057948776
18.759713033440484 -0.23995914104067856
14.126011060288826 0.6409921727396679
15.243456667647983 -4.144272600916403
1.4621426812884077 0.16093688539264092
18.008828540496186 -3.533250759328586
3.0925265432668065 -0.786939098982472
13.733977339554142 -1.4384272439320545
10.454592331351225 -0.07661933366499356
17.184590528825826 -0.5722319331943496
2.796737874574143 0.2744063063340864
11.14310702282498 -2.000412719412609
0.7435411994198114 1.2608282146444618
7.859466812250302 -4.01989912981092
9.117388736361898 1.4334571497394424
16.611593923568574 -3.4292247217411247
8.15748237058216 -0.9558909970459516
16.660937238297745 -0.9966194584635407
12.306878818718301 0.01360053647395542
7.491381137845635 -1.3021110776141096
9.334763530190992 -0.9734042514583562
17.855750450680784 -0.5932784186387047
4.360498462277392 0.20498321105678918
17.68110767033628 -0.8575634907257254
2.0259302666248216 0.020061069879458708
16.454452029972085 -1.9471088899207891
17.738769077796253 -0.7918349853402996
11.273995292812597 -2.8614644705578574
11.058208036549788 -0.7693598450190805
4.879143641136896 -1.2777099790705042
18.49789531045336 -1.3314840892432325
9.116676922923187 -1.0996832637122922
6.454212470663031 -1.0318701393184437
9.904299971241404 -0.3118711603277639
2.5198631666028626 -0.7293365093619282
8.03562556733191 -1.3153549928526798
16.733965083811135 -0.8990702765719738
17.231914376945504 -0.5739894134700846
5.577556179210503 -0.7863346032791345
15.916105648682127 1.1049070831813501
13.015463948380294 -0.6266646907180842
12.41572111874846 -0.9723584896126278
0.25429816506780145 -1.035934620417577
3.4699309920270203 -3.0861095199928745
12.599782667009107 2.081368011992322
15.830283009155467 -0.3582972987290249
19.155523688139215 -0.9671668353601021
10.061528930700268 -1.2522821897551764
11.164654104690312 2.333964512713286
10.210664187646303 -0.7760313600710975
15.031554749930034 0.4414627418868466
16.886113084165828 -0.5007907815570093
19.06620927680584 2.4864219587444256
3.7141377866145637 -1.1477287283233977
7.13668051860863 1.0366042570050586
2.674024025384419 -0.9432744292461634
18.49962821821109 -1.2097911984103178
12.133337784025022 -0.8616302636185438
7.5937071413990695 0.04897484164064071
4.374926131397238 -0.9855096711004648
17.817539774065818 -0.22607927244091627
0.6208233619754888 -1.16250427466132
14.97744114233806 -0.5394218112855227
2.4146985529927307 -1.1394545751317766
1.4215127227593805 -1.2914421782435666
16.48779527485151 -0.41339693402474736
12.776183155502638 -1.1314605435206109
0.6732065838526733 -1.8897556080550815
11.560577693559182 2.73993250814275
5.195826313906638 -0.9816561864336915
14.462667100589968 0.250102668246531
12.239640134804388 -0.9828985439324016
19.211727819782382 0.47083610176786544
9.082396794828544 -1.1990265340615383
9.864959847629 -0.41757856906768837
19.3278581185057 1.4895281507833573
16.135404625246572 -0.15325665615050746
0.055252478349431325 -0.971746395179262
16.29216757321223 0.5173220592938259
13.653924527379473 -0.8914500444836821
13.772258277208225 2.726244137583743
5.610497751157081 -1.0179189560205504
10.906962925265661 0.8278454938005326
19.488968271262994 -2.377403008935096
2.0342987877803975 -0.5228806924158397
5.060433686337099 -1.1884452426345748
0.581325035884679 -0.011518478088391716
12.888544732492463 -1.2441429990131632
13.575384735221553 0.04764048823049193
10.211719739687618 -0.8914354286531534
4.037256406692782 0.022703069178306567
4.787543904205726 -1.6708796760817508
10.85392546433167 -0.050745565295889965
0.8431968458491095 -2.382771086602407
14.70747035274977 0.0826674857569897
19.26930177163061 0.7308472239801242
19.960949889233984 -0.41043861375972046
5.28049218044067 -0.9132080583421341
9.604455404492828 -1.3562704704696247
18.23399056405179 -1.612310654155745
5.88401137571382 -0.5203093056626192
12.341932422391489 -0.6587255254434994
18.947571242171374 -0.27707417801756384
17.52715280655846 -0.8111656176989468
3.093356161911187 0.6699850341056943
8.825231709910746 -1.1229010854032444
9.979619228307612 0.3495661209177913
4.510325536017148 -1.200501826941861
8.900448346025904 3.287906523938728
9.071756058951754 -1.001256838785809
8.759695173021411 -1.5283516043979042
3.0719846927308585 -1.576702565068395
17.12293000353722 -0.5014707181437897
16.516214609714073 -0.6586917114041501
11.631191517283046 1.8669456507366005
5.939262054452672 -1.1491269785558766
3.7614361595447345 -1.16989559313839
8.245940126635082 -2.9616399452512394
12.906437152979992 -0.4718191717591338
12.64991830166571 -0.5986138697446678
8.203626280280128 -1.212739643222039
3.1589026578840835 -1.7394291075584776
16.97255935104681 0.6607973809607994
19.373720943038666 -0.8320126387461825
16.53240361619808 0.9179936336919177
2.740125548895948 -0.7460567166155405
6.984113724567758 -1.5477504481818039
17.649058327788595 -1.0653611069600577
0.6902717614720227 -1.0443875815878023
15.635244113208609 -0.17449875377741592
1.55015671344358 2.6900122894448546
2.295169904722449 -1.2793592342442002
6.9886820245080195 -0.730097754570982
9.279616911844675 -1.1303405600301857
17.63669639408039 1.1739965056553667
2.1272243977259793 -1.3611786969350539
9.799645876901424 -0.4007359241098408
0.890279743380872 -2.6532477899994933
17.138748084347643 0.9393258603177791
0.7924563548116703 -1.9161435816536463
18.544374827984928 -0.10050162248058567
15.741626303126559 -0.8163328563554816
3.9912598349246777 2.8093494477735175
15.314192068096304 1.2702413112936908
17.78033694226422 1.4868830103485047
16.89755330215928 0.5301492808306648
9.087105547844034 -1.0107937230098551
7.084954141293121 -0.8119564330316376
4.1136910268842035 -0.26473906583755213
14.710945177736475 1.3973608355878377
6.903897598797076 0.9138636936159287
8.591875834920414 -1.0343608560170108
8.94839517132817 0.021135499734769286
12.617990284644797 -0.6268837920020559
11.5445248620199 2.419516034020513
4.486867855579973 0.749624855855194
8.06249299607218 -0.49349411544329297
17.79699562805822 -0.21123788402348728
13.41666771570189 -0.4987896768873581
3.7227147990814142 -1.2994444787162123
3.157418600937366 -1.2587898085298288
11.604050425928685 -1.129039586384845
6.616087100543022 -1.0184346997647717
9.15315062147878 -1.14270430070298
8.298185478645104 -0.14195025264972375
3.5418305639647647 -1.3814276461433403
3.7233670357227053 -0.8063159005669382
16.753791952821985 -0.7681619296166344
15.917536710121434 -0.6772029152341802
3.498772487880127 -2.8276582418636163
12.332704411342341 -1.2543883016651078
4.80353232054166 -0.8880358291005495
7.860824679847278 -1.75781622431939
5.14248738815223 -2.6625675857260442
14.99958088861813 -0.7771092490597008
11.59440632740905 -1.0856869014306165
1.7636096264423957 -0.4425303010824552
8.892285355175924 -2.4619171524477883
14.107046063481944 -0.13444133388691754
2.489000978474988 -2.6012192860831123
4.115897220763127 0.8646444922257198
7.754954990453231 -6.734623512085964
17.87936250671675 -0.6047738955611682
5.8506576902334455 -1.170318602024838
19.513928989129788 -0.24837906510667937
4.048236104734822 -1.2666511927989577
7.9220214035988485 -1.3504988726640694
1.7367150379260434 -1.097354047328328
1.038823878684553 -2.0955583086901775
3.0726605616416807 -2.3842640389852052
3.98822184841398 -2.074372699130854
10.113204786651796 -1.2926602693835947
3.7450351969111964 -4.566368086097173
15.066409440275986 -0.7299818713965013
17.58310112935269 -0.686777948482655
12.020001743060226 -0.9609981865641534
14.289520133564366 -0.5107399376889824
3.208266497687361 -1.017971480125815
3.3881087006749167 -0.845581968721847
5.990842087891216 -1.073248081871405
8.471992954236145 -0.7465467866110677
2.434502267769297 -0.9281916048107188
6.80308057390991 -1.238603573779421
9.278977290755934 -1.0902337474708133
4.431630000371752 -1.4347148571335036
11.020197514240252 -0.308023396298291
13.672188677926979 -3.971503466730157
12.73897041608184 -0.6998285508248978
9.336695656866226 -2.8041240639095015
14.759074119547986 -0.679537951933373
4.91289322111974 -1.4852790552976476
4.746620020515235 -4.359959122040182
18.387079386632195 -0.43962260510850126
7.880212818649075 -1.6006415125818323
19.016993162989596 1.7530756115849868
15.21210094148375 -0.9717974398615906
1.453578729263227 -1.3888059263165906
9.137936945607315 -1.2090984600906973
13.396584221187082 -0.3729104089011917
8.559795696180695 -1.1752192336266762
13.36126628205172 -1.1670693798756875
8.007973007869738 -1.5424620523943753
1.093203694410652 -1.8182448139802765
13.249094150483636 0.9200498843489675
11.859071604659489 -0.23167932570939279
7.441364592150044 -0.952135340672504
5.370758397701433 0.08868353975705841
14.311924813092894 -0.5739042707409971
15.537644698199548 1.2730149248771652
10.39057135048676 -1.090523293817759
7.280741713949049 -0.4776466723738224
11.607523562924484 -0.5558667456351449
7.728575727231387 -1.0890832151677334
9.41573335745818 -2.4145510276183826
10.888950187018896 -0.48210741330321005
0.584550861378428 -1.130116041218507
18.762781600116544 -0.44284244599568423
15.191445754382238 0.9070950231447255
18.590595542642234 1.5650023437797225
5.419580237350647 -1.09538819152262
1.9424440403500167 -0.5502512777149188
13.418299112314537 -0.5428666584961283
5.133919621310663 -1.2300760011881091
7.55612667632848 -1.0973269964839192
3.80033199258275 -0.7276784620173511
13.74370209579974 0.6531717823418082
9.547377612438536 -1.2913529406435245
12.965698040218337 -0.003686886104691094
12.889123012989382 1.9668519626422716
12.523596267597313 -0.5680194778398279
16.46774807998878 -0.12939972359525764
7.509852372393907 -1.3123432060435878
9.27514599168056 -0.8546407382121518
2.9216221698163323 -0.974387395269027
5.642257777066587 0.13188889906369974
17.111554422060497 -1.2172761459099657
11.411368762943786 -0.011832901801987157
13.136362691324218 -1.5108251234123091
9.544340530088796 -0.14038278175290572
19.801326552931396 -2.1992165946818463
8.277688948972605 -1.1155872433982186
6.683499329205696 -0.9843843588319681
4.116879298944894 2.9682814633317816
15.145870865727963 0.16631257468419852
13.634694149829729 0.9680873578683045
0.17985014438668578 -1.1289957904305
19.238134156343573 -0.5482201799124921
14.719520481010585 -0.6013032823399824
5.078913673538002 -0.7695368261460716
3.214515930552122 -1.2389462678745384
3.1652945065071436 -0.14244028622203408
14.90553501066299 -0.30286115111361245
18.170132694568988 0.11414691640900387
11.930372738739866 -1.6129241215346322
0.9541030422600201 -0.060053079632393015
3.9492782957602635 -0.971474683595583
13.678504214676206 -0.17043334889895823
9.870891314772614 0.15666982957568082
17.4671748512017 -0.3450109051432205
17.48870677799481 -0.34708487934338966
5.141259827660926 0.9086247150435229
6.40378447041053 -1.127820547996193
14.21429956996924 -0.1745345502860519
5.28925849767688 -1.284165624108066
13.056537694094072 0.7069233885557107
4.454087680013152 -1.137045121852001
6.667660399865999 0.26652554295193653
18.409632858629774 -0.9789884101420945
8.248203953608648 -0.7781921099348371
2.7011938483482725 -0.09493469287482685
3.9187442566243793 -2.9809749777677217
14.098018516843823 0.6011181365460563
8.144054280521667 1.3112168352093572
13.651535451215876 -0.7841053079928069
10.816100165650763 -1.1856125176547059
5.158073096692989 -0.3696404454289721
1.8456337038547745 -0.8629490750395817
5.9839408375057666 -0.6053517681874717
19.088115042950438 -0.9886554524633163
8.640463776920013 -0.48903440657815794
18.257322120704213 -0.4681539318952257
10.901899210566068 -0.4944080322402502
12.866408441617155 0.7942485386914001
16.229652045914637 -1.9641899489879544
0.7590322993479722 -1.0531835932260314
9.449521235875155 -0.8898699282857537
13.248285306688212 0.05750667376965552
1.528474265159372 -0.7929422800733963
1.2945790006314506 1.8013225224019942
19.202932381296158 0.4984541914342365
4.392618533155398 2.18915964653043
3.9702592511943946 -4.833730812985433
17.15800989271628 -0.3335606006912369
6.510959088280481 -1.3140606345194197
1.7453144674094794 -0.8941099327700978
19.42093899130962 -0.7141962335583555
4.965608818899156 -1.3122346425822518
3.752839942064999 -0.8843394287228414
19.112759397589656 -0.6476254351900487
4.750229468840076 -1.1377294275548846
18.175112666616638 -0.36848604080913794
7.5906379982029195 -0.9454985539589781
3.065654485917516 -4.227725856640324
7.001775041406499 -1.3847333934038537
4.57756529221858 0.9957167615394004
18.783295836022607 1.0983529285507905
18.488172502558186 -0.49439038998702606
19.897887968190158 -0.740450085493723
9.167259132220641 3.098997546377095
14.478035509086537 1.0909205946488376
3.421187357052183 1.5490453150582
12.167420165546753 -0.3301404674642754
0.25014870410253964 0.4852819630818298
1.1097567731484321 0.6327567465121895
16.176697946015896 0.10301217067591556
9.807563247744762 0.009472721038929642
17.270858114142758 -0.2772176052027105
4.659979934048507 -0.6281621578969229
15.49830558838244 -0.06563761460808215
13.066010452244155 -0.853820516597342
9.777842181970287 -0.16689448320617364
9.984345955028928 -1.2141187154653652
8.0222038644122 -0.1939757132850932
4.315202468426474 -1.8148287465586757
8.105272079473131 -2.0810814411136973
17.879262159224552 -0.6101915846705755
11.624846731116037 -0.28280342509675627
17.7005444873666 2.098211018937377
16.51441887002357 0.7412866831597658
15.459035354837091 -0.46904316148111475
8.220522360101862 0.13386382921234188
0.4779351844029141 -0.4658992357416332
3.59017615256006 -0.7821215821725852
3.5736417283244615 -1.3677201618307675
3.395948917674553 -1.4820386790836158
12.543004925838051 -0.602061445651989
1.4786414098550198 -1.6147600445933477
4.910675235734551 -1.1410969732165495
11.305702517695737 0.176120629698259
16.955044218661968 1.2116297499283106
15.080538197181687 1.065924805704201
7.720168962558801 -2.2706591724203
18.07022590039868 -0.7177049752751282
8.9780937860832 -0.8382912930120946
15.35539628074435 0.5886009880057698
7.2831485956577575 -1.1267884088616287
14.33088887289014 -0.029673113972010515
18.182483695579624 1.3083150874963065
5.71127585637181 -1.146779832044237
6.656068641498563 -1.2074974574705561
0.04087828924902121 -0.5792917315093205
11.084497905277665 -0.5860641138943825
5.7163907052919125 0.20316420296280066
6.8244891917406685 -1.1515358395061976
12.51740332839269 -0.5792964278088643
4.757543929931629 0.5917831996798218
9.36631647913667 1.3229357937844866
10.227954461946478 0.17656101975561314
19.043070743097687 -0.7727113375495215
5.265745537353271 -1.4601262433722575
17.122924877997722 1.0266898055612403
3.988691605359649 -3.8401258985963205
5.299738653867801 -0.5500269347520452
12.324063659317167 -1.4267207502568724
9.143114588978541 -1.8358367657612316
17.280543891276228 -0.5463834902778301
0.24156466166152527 -0.8687054633389406
10.93154503240409 1.427921328475105
1.2784950445148036 -0.9562688120993207
9.302428265958984 -1.3073519782226228
12.015447307562301 -0.12640000766112558
5.68114108075867 1.0944929459094885
6.854206224833023 -2.4321759244185657
16.78710198146537 -0.08983047415078643
11.96433649352303 -0.7217322565700273
11.021673002332268 -0.9580245998190634
13.380970917391613 -1.3051919882778475
16.016665181474213 -1.278437599543809
8.704200560881752 -3.7966544995449674
13.14647234016941 -0.09504220515635037
9.578125166444387 -0.8816063913851955
3.107932182658077 -1.5438604525260005
18.495133492424014 -1.6340044988115077
12.794175371965629 -0.9577981159749239
14.301927648719053 2.332490751118211
12.923918832061922 1.5398385776738952
0.4170150396857676 -1.1722372054937917
7.524243390599201 -1.525615148646209
8.34281937104121 -1.7966437733343854
18.29627951620997 -1.0498177488969216
19.87088246001058 -1.4538420826835208
11.828930151762801 -0.5388390408523076
4.7223450956015345 -1.205725278980466
7.688903391045053 -1.2328976471821873
15.84473510648495 -0.504442629615647
15.741339000157415 -0.37531312884451307
12.667355453815993 -1.0743719321422596
1.6541966249979891 -1.6620974017821386
5.33328663067058 -2.210193495387756
5.08592051771748 -0.2130992838264738
17.289038261739872 -0.24909137978593254
3.5227495100544517 1.8562674968906214
9.994550313393564 -2.5806461923150046
18.557246296142125 -0.627648365291403
0.5228678742892836 -4.1983608484116255
4.883737558012744 -1.7306610910223688
11.318976879811885 -0.7899213932103589
4.899972282398862 -1.4348313662488696
16.390010637104606 -2.0881399008019974
0.800625373710099 -1.1055462001700564
2.309032411231592 1.4773824583005595
15.53600234088822 -1.7794747934937385
9.837908680230544 -2.27458125940773
14.297857432480905 -0.9865355360320835
19.97476080088405 -2.2495648234116596
16.155031950620945 -0.901665708519775
18.23134454266026 -1.0554728823280923
8.734752412419283 -1.181794508245918
10.685082507753835 -0.7654647474045653
15.412097134629455 1.2485264219477592
3.422601581178777 -0.9672297667327914
17.568561538286875 -0.8419722597614454
16.57399300950839 -0.1051743003936572
16.189325801766508 1.686360929701031
12.517317738149199 -0.8619530242517394
4.864710172085905 -1.3562648349710638
5.512294132810092 -0.8863552609031841
11.989173844724968 -1.2439919301423508
6.856905788946733 -1.0784656526774008
5.999778835141533 -1.5372425540280281
5.491751330793489 -0.9074987889417516
19.456579037774127 1.482741425303558
10.137384260524128 0.3062851895108896
13.744378000220578 -0.7585838538389081
6.347668551090161 -1.1422001634511325
2.0793959593777607 -0.9314316501650585
9.525065363494013 -2.644528090740897
18.925601718601968 -1.011209003739171
0.7854149385112911 -1.8676616510521444
9.654713761521283 -1.0053117466471508
14.490207632646785 -0.8557518592810955
10.489313328184727 -0.8606566312269611
3.6311575871691533 -0.778609458565742
11.193871708008823 -1.055452767357377
16.225729184421358 1.1783712890600226
11.313500884299941 -0.92999620207674
5.418462719223432 0.33110175821359045
6.202336519984489 -1.2962141895973076
14.65383496379443 -0.8380724715270914
2.8301528090083785 -5.596682091517075
5.0162158032836155 -1.404120355303034
2.7220665742997423 -1.2726273016457055
15.513399952774302 -0.7281474669477571
13.947759641143495 -0.8422418599326007
17.777875781134508 -1.1102637985984414
12.820969019661016 -0.8848954045121983
6.4211977723227855 1.0431386847416555
13.15599456122329 -0.7267674570784038
1.4982752717235173 -0.983194533184588
14.67391220096891 -0.6974632293643579
14.394888592059964 0.18359752295329765
10.808961662849025 -4.13123141216801
7.369751019397872 2.252651541838809
13.596178497292877 -0.46490802679202564
1.7026172064394651 -0.980520200361359
15.152332244795552 1.1721002531993165
8.566659340201612 3.241428473819455
16.155853782790693 1.2598844686067847
18.564875055829503 0.6942502784980502
11.097944189057216 -1.0699818095630458
4.997201736652109 0.922646082235797
1.8829433656711796 -0.38190819527766934
13.1276352059891 0.05858500390509854
10.771610476291178 0.2980575409630432
4.186546796097936 -0.4473404416716946
6.027953584427485 -1.3242313973739839
11.46816075905595 2.4687931290262894
7.074814494742191 -1.1199197099157647
11.622823649684962 -1.8658430568281543
7.414134668939826 -0.7645544084689005
17.22863264147498 -0.18253115120428656
8.5842389116271 -1.184546218086398
2.9765960341652313 2.887884187257797
3.3850446256281224 -4.807775074321187
14.0822658610066 -0.6006150605376962
0.23206784758177745 -3.862744335962746
18.002390371050208 1.5068864745878614
16.865692905196084 -0.2529150070886993
0.8350890014384929 -0.9902271082247484
7.776998548925559 -1.7010481688636963
4.967099036846443 0.2227386165203314
6.600417871599464 3.142675467931128
3.8031286399919715 0.8750588924246182
12.875123863815023 -0.8950435709354709
11.98982167746703 -0.5801746792628001
6.957555245324387 3.1468306756883133
16.898244809496692 1.7305999988591974
11.073793169195254 0.14650969334208927
3.7483751613593217 2.4750895870632874
17.139661930398947 1.8965887209803642
3.403744137025504 -0.551093531654914
17.90516293520316 -1.2590120026034142
19.463805146001164 1.6064195509056327
10.868208881610057 -0.483675452684164
17.13925368916979 0.45957657384664935
0.7230718099686813 -2.366542282893718
11.640040464521016 2.396761410997519
4.137552462538277 -0.9183462465119647
10.67548555102418 0.2067962104702917
7.713692646709696 -1.2229612806314827
7.327039368252783 2.2993159951448687
11.752292818716878 -0.39783656150202984
0.09748600787571177 -3.724350904920732
16.48990546746079 0.36962099232627316
12.445239623735215 -0.13136916694997322
0.04981264573341039 -0.7616258136062575
4.14648175643031 2.4868821278959747
2.1779230038045108 -0.8950585413918729
3.6907823938436928 0.24142432839376282
2.7247694064909957 0.5737040238980428
7.672558336474164 2.896747250440869
18.21082381983972 -1.2177729285250973
19.070273245861486 0.4858593605554873
2.1309539028161764 -0.5591885768045431
3.1354206687422024 -0.663920706439568
12.704585080661033 -1.433466384842403
10.517685846584609 -0.27595121071894946
5.572522137793998 3.198369796864826
7.469521880652101 0.9854302029935533
9.898005021266966 -0.6380147808694607
3.0952763644517542 3.067475578308788
4.032861716017441 -1.386324358538124
10.488981326581385 -0.7752805796190663
11.286227099260984 -0.3908331148589058
11.308525655280345 -0.7392231270966878
13.608067022010516 -0.7838042571984507
2.49125024249064 -0.16938497328590518
8.51696628993216 -1.5490100653526122
7.348451868109166 3.427193542901846
2.6000406436774584 -0.7174573016300707
8.746939654901375 -1.4752287842532856
7.089603915863896 -1.1801736788383648
13.743253768962568 1.0275206882964079
13.373724335060945 0.08856198067587583
10.055861052451005 -0.7116090198321083
6.995810925565317 0.22427100241236939
13.80326275111499 -1.0061306817687208
4.973362681325584 -1.1895352609422398
5.076987680917083 -1.1078083759947432
12.67020907631522 -0.7560836092037959
13.440947154021087 -0.9295196794876176
0.144367130412393 -0.9431819626216036
14.930051579170197 -0.5998738765105891
6.609047979380144 -1.265752014284141
4.406245873727226 -0.8313906794942826
6.383237658524241 3.5030932787386506
9.501027545518161 -1.0223086227864995
11.23888581241245 1.7704699341178451
4.999917551432565 -1.1944382132614526
1.9347232270066075 0.7218422175709992
15.867074324151844 0.7095930856681831
17.156558710390346 -0.1175558049728105
10.612034470949851 -3.1779449565972766
12.248912881331982 -1.2174065904673455
18.583976946397257 -0.4293730163775785
13.447889794736486 -0.9177341971956955
9.528898864893005 -0.9719987507865444
17.236074741363257 -0.5363462547586061
5.0766704783699454 0.08605426691954036
14.23128002260487 -2.3021773362747693
8.381530288395876 -2.69691329086452
14.272899184271905 -0.38676340972251255
1.046379098127002 -5.22183878010409
1.6811704036067707 -4.385023686069205
3.9911501434918564 2.9021224465633826
17.309613540549908 -0.5093690769744975
17.345377937205267 0.41311290058224875
6.426563529189642 -2.73035796832213
13.470610063865585 -0.03809792661615314
19.689856543774724 -0.739355191928673
19.85260535965563 -0.9180118998960198
13.042557621671046 -1.1582702455437823
3.4119709905478732 -1.3245790132183353
3.148333726381857 -1.5355442027542063
9.582864154264767 -0.8809441430747946
16.482806607929827 -0.8447115981067912
1.8195904096696585 2.3980863827119494
8.262097158417165 -1.6651502721867129
0.09057889999578012 -1.4653418867574894
13.505778163385456 -4.115842568303574
13.099382743047128 -0.9709047046450123
2.4874063180193353 -1.1671514573699022
6.585761310768729 -0.8748175012738619
4.406737535243389 -0.9872426256885464
16.733727206000115 -0.8251131170537778
6.948573376912958 -0.34567690712990484
4.640479764456622 -0.8245990083777234
