9.90194967966708 -1.0023420621140142
10.118020086419893 1.002375406156411
9.921949640188988 -1.0023420621140142
10.138020125897985 1.002375406156411
9.941949561234363 -1.0023420621140142
10.158020204852612 1.002375406156411
9.961949442806318 -1.0023420621140142
10.17802032328066 1.002375406156411
9.981949284909529 -1.0023420621140142
10.198020481177444 1.002375406156411
10.001992287409664 -1.0023989524283707
10.218046311093651 1.002319539802989
10.02199205059565 -1.0023989524283707
10.238046547907663 1.002319539802989
10.041991774336271 -1.0023989524283707
10.258046824167044 1.002319539802989
10.061991458642428 -1.0023989524283707
10.278047139860886 1.002319539802989
10.081991103526587 -1.0023989524283707
10.298047494976728 1.002319539802989
10.102034324559307 -1.002462789748499
10.318062156079314 1.0022578002061246
10.122033890643083 -1.002462789748499
10.33806258999554 1.0022578002061246
10.142033417351582 -1.002462789748499
10.35806306328704 1.0022578002061246
10.162032904703493 -1.002462789748499
10.378063575935128 1.0022578002061246
10.182032352719053 -1.002462789748499
10.398064127919566 1.0022578002061246
10.202100337512217 -1.002518510595876
10.418065955776445 1.0021968149047955
10.222099706922002 -1.002518510595876
10.43806658636666 1.0021968149047955
10.242099037065465 -1.002518510595876
10.458067256223195 1.0021968149047955
10.262098327969053 -1.002518510595876
10.47806796531961 1.0021968149047955
10.282097579660757 -1.002518510595876
10.498068713627905 1.0021968149047955
10.302152519683279 -1.0025777267987062
10.518065192234534 1.0021250100835817
10.322151693041391 -1.0025777267987062
10.538066018876423 1.0021250100835817
10.342150827280886 -1.0025777267987062
10.558066884636927 1.0021250100835817
10.36214992243594 -1.0025777267987062
10.578067789481873 1.0021250100835817
10.38214897854228 -1.0025777267987062
10.598068733375534 1.0021250100835817
10.402217624547973 -1.0026297870315988
10.618073368876596 1.0020556099857536
10.422216602670208 -1.0026297870315988
10.638074390754362 1.0020556099857536
10.442215541860133 -1.0026297870315988
10.658075451564436 1.0020556099857536
10.462214442159631 -1.0026297870315988
10.678076551264938 1.0020556099857536
10.48221330361211 -1.0026297870315988
10.698077689812457 1.0020556099857536
10.502294213082022 -1.0026835325237275
10.718063057044287 1.001972036092621
10.52229299697685 -1.0026835325237275
10.738064273149458 1.001972036092621
10.542291742164098 -1.0026835325237275
10.75806552796221 1.001972036092621
10.56229044869331 -1.0026835325237275
10.778066821433 1.001972036092621
10.58228911661554 -1.0026835325237275
10.79806815351077 1.001972036092621
10.60238294388048 -1.0027271190421052
10.818031586477513 1.001888081202698
10.622381534748053 -1.0027271190421052
10.838032995609947 1.001888081202698
10.642380087170972 -1.0027271190421052
10.858034443187025 1.001888081202698
10.662378601206393 -1.0027271190421052
10.878035929151604 1.001888081202698
10.68237707691298 -1.0027271190421052
10.898037453445019 1.001888081202698
10.70246759707902 -1.0027745814178848
10.917987006886488 1.0017985875030586
10.72246599630997 -1.0027745814178848
10.937988607655535 1.0017985875030586
10.742464357397145 -1.0027745814178848
10.95799024656836 1.0017985875030586
10.762462680405248 -1.0027745814178848
10.977991923560257 1.0017985875030586
10.78246096540048 -1.0027745814178848
10.997993638565028 1.0017985875030586
10.802555675275533 -1.0028135996806729
11.017942618536404 1.0017180846339961
10.822553884449638 -1.0028135996806729
11.0379444093623 1.0017180846339961
10.842552055818478 -1.0028135996806729
11.05794623799346 1.0017180846339961
10.862550189454252 -1.0028135996806729
11.077948104357692 1.0017180846339961
10.882548285430628 -1.0028135996806729
11.097950008381313 1.0017180846339961
10.902662281495296 -1.002853695631493
11.117894628292568 1.0016333347929014
10.922660302379882 -1.002853695631493
11.137896607407985 1.0016333347929014
10.942658285835023 -1.002853695631493
11.15789862395284 1.0016333347929014
10.962656231940336 -1.002853695631493
11.177900677847527 1.0016333347929014
10.982654140776905 -1.002853695631493
11.197902769010959 1.0016333347929014
11.002774267081266 -1.0028808313247661
11.21783849603687 1.001550957816181
11.022772101629473 -1.0028808313247661
11.237840661488661 1.001550957816181
11.04276989916101 -1.0028808313247661
11.257842863957128 1.001550957816181
11.062767659762814 -1.0028808313247661
11.277845103355324 1.001550957816181
11.082765383523297 -1.0028808313247661
11.29784737959484 1.001550957816181
11.102880862112047 -1.0029077916571119
11.317773186841046 1.0014606209182804
11.122878512460927 -1.0029077916571119
11.337775536492169 1.0014606209182804
11.142876126242419 -1.0029077916571119
11.357777922710676 1.0014606209182804
11.162873703550728 -1.0029077916571119
11.377780345402366 1.0014606209182804
11.182871244481499 -1.0029077916571119
11.397782804471595 1.0014606209182804
11.203014252128972 -1.0029238610254583
11.417699818692167 1.0013738712701084
11.22301172059734 -1.0029238610254583
11.437702350223802 1.0013738712701084
11.243009152983701 -1.0029238610254583
11.45770491783744 1.0013738712701084
11.263006549389422 -1.0029238610254583
11.477707521431718 1.0013738712701084
11.283003909917282 -1.0029238610254583
11.497710160903853 1.0013738712701084
11.303173263089954 -1.0029429444887255
11.517618527182083 1.0012794642507346
11.323170552176128 -1.0029429444887255
11.537621238095912 1.0012794642507346
11.343167805701283 -1.0029429444887255
11.557623984570757 1.0012794642507346
11.363165023773847 -1.0029429444887255
11.577626766498192 1.0012794642507346
11.383162206503647 -1.0029429444887255
11.597629583768391 1.0012794642507346
11.403334271884482 -1.002962036734711
11.617529584958033 1.0011901343329879
11.423331384263804 -1.002962036734711
11.63753247257871 1.0011901343329879
11.443328461638192 -1.002962036734711
11.657535395204324 1.0011901343329879
11.463325504123027 -1.002962036734711
11.67753835271949 1.0011901343329879
11.483322511835066 -1.002962036734711
11.697541345007451 1.0011901343329879
11.503478497467304 -1.0029926425939293
11.717434294876202 1.0010938649777823
11.523475435989509 -1.0029926425939293
11.737437356353997 1.0010938649777823
11.543472340097411 -1.0029926425939293
11.757440452246097 1.0010938649777823
11.563469209913224 -1.0029926425939293
11.777443582430283 1.0010938649777823
11.58346604556053 -1.0029926425939293
11.79744674678298 1.0010938649777823
11.603624577190747 -1.0030133209948098
11.817331726973599 1.0010015009670228
11.623621344877144 -1.0030133209948098
11.837334959287205 1.0010015009670228
11.643618078773827 -1.0030133209948098
11.85733822539052 1.0010015009670228
11.663614779009738 -1.0030133209948098
11.877341525154613 1.0010015009670228
11.68361144571514 -1.0030133209948098
11.897344858449205 1.0010015009670228
11.703778466881202 -1.0030317864203273
11.917221426938152 1.000903288856597
11.723775066921691 -1.0030317864203273
11.93722482689766 1.000903288856597
11.743771633830407 -1.0030317864203273
11.957228259988943 1.000903288856597
11.76376816774288 -1.0030317864203273
11.977231726076472 1.000903288856597
11.783764668795945 -1.0030317864203273
11.997235225023408 1.000903288856597
11.803958472116047 -1.0030370898806324
12.017103793063566 1.0008089792068235
11.823954907865982 -1.0030370898806324
12.037107357313628 1.0008089792068235
11.843951311174777 -1.0030370898806324
12.057110954004832 1.0008089792068235
11.863947682184424 -1.0030370898806324
12.077114582995188 1.0008089792068235
11.883944021038186 -1.0030370898806324
12.097118244141425 1.0008089792068235
11.90413181625801 -1.003044953969937
12.116979354308985 1.000708628515548
11.924128091234879 -1.003044953969937
12.136983079332119 1.000708628515548
11.944124334493251 -1.003044953969937
12.156986836073743 1.000708628515548
11.964120546181446 -1.003044953969937
12.17699062438555 1.000708628515548
11.984116726449015 -1.003044953969937
12.19699444411798 1.000708628515548
12.004316747121818 -1.003050514113047
12.216847176707637 1.0006125483683797
12.02431286500176 -1.003050514113047
12.236851058827693 1.0006125483683797
12.044308951917165 -1.003050514113047
12.256854971912288 1.0006125483683797
12.064305008022513 -1.003050514113047
12.27685891580694 1.0006125483683797
12.084301033473503 -1.003050514113047
12.29686289035595 1.0006125483683797
12.104508768341184 -1.003063505702537
12.316709266623944 1.00051091665171
12.124504732955387 -1.003063505702537
12.33671330200974 1.00051091665171
12.144500667389561 -1.003063505702537
12.356717367575563 1.00051091665171
12.164496571804214 -1.003063505702537
12.376721463160912 1.00051091665171
12.184492446361027 -1.003063505702537
12.396725588604099 1.00051091665171
12.204705136585316 -1.0030688755396417
12.416561517878575 1.0004134892546535
12.224700951916217 -1.0030688755396417
12.436565702547673 1.0004134892546535
12.24469673788139 -1.0030688755396417
12.4565699165825 1.0004134892546535
12.264692494647191 -1.0030688755396417
12.476574159816698 1.0004134892546535
12.28468822238114 -1.0030688755396417
12.496578432082751 1.0004134892546535
12.304876837208393 -1.003075696655464
12.516410090456242 1.000312699313514
12.32487250738576 -1.003075696655464
12.536414420278875 1.000312699313514
12.344868149040671 -1.003075696655464
12.556418778623966 1.000312699313514
12.364863762345184 -1.003075696655464
12.576423165319452 1.000312699313514
12.384859347472478 -1.003075696655464
12.596427580192158 1.000312699313514
12.40506652246986 -1.0030719018318899
12.616254285361975 1.00021604817579
12.425062051766703 -1.0030719018318899
12.636258756065134 1.00021604817579
12.445057553412513 -1.0030719018318899
12.656263254419326 1.00021604817579
12.465053027584874 -1.0030719018318899
12.676267780246961 1.00021604817579
12.485048474462461 -1.0030719018318899
12.696272333369373 1.00021604817579
12.505279683265144 -1.0030645441904102
12.716093258635544 1.0001151051759036
12.525275076093504 -1.0030645441904102
12.736097865807183 1.0001151051759036
12.545270442169542 -1.0030645441904102
12.756102499731144 1.0001151051759036
12.565265781676203 -1.0030645441904102
12.776107160224486 1.0001151051759036
12.585261094797467 -1.0030645441904102
12.796111847103221 1.0001151051759036
12.605494375263014 -1.0030512365311877
12.815924167736943 1.0000171744848778
12.625489636169611 -1.0030512365311877
12.835928906830341 1.0000171744848778
12.645484871249003 -1.0030512365311877
12.855933671750947 1.0000171744848778
12.665480080689306 -1.0030512365311877
12.87593846231065 1.0000171744848778
12.685475264679624 -1.0030512365311877
12.895943278320326 1.0000171744848778
12.7056915799881 -1.0030416232868555
12.915749108646535 0.9999153790040913
12.725686713649855 -1.0030416232868555
12.935753974984777 0.9999153790040913
12.745681822435005 -1.0030416232868555
12.955758866199627 0.9999153790040913
12.765676906536646 -1.0030416232868555
12.975763782097987 0.9999153790040913
12.785671966148849 -1.0030416232868555
12.995768722485785 0.9999153790040913
12.805896443403958 -1.0030228782679342
13.015568528000248 0.9998176973059432
12.825891454623358 -1.0030228782679342
13.035573516780847 0.9998176973059432
12.845886441941301 -1.0030228782679342
13.055578529462903 0.9998176973059432
12.865881405555681 -1.0030228782679342
13.075583565848522 0.9998176973059432
12.885876345665329 -1.0030228782679342
13.095588625738873 0.9998176973059432
12.90612400172155 -1.003000240404036
13.115382722534015 0.9997173740848998
12.926118895421913 -1.003000240404036
13.135387828833647 0.9997173740848998
12.946113766219566 -1.003000240404036
13.155392958035996 0.9997173740848998
12.966108614316996 -1.003000240404036
13.175398109938566 0.9997173740848998
12.986103439917587 -1.003000240404036
13.195403284337974 0.9997173740848998
13.006356506355639 -1.0029717371716236
13.215191681843766 0.9996208526157444
13.02635128757627 -1.0029717371716236
13.23519690062313 0.9996208526157444
13.046346046915533 -1.0029717371716236
13.25520214128387 0.9996208526157444
13.066340784580314 -1.0029717371716236
13.275207403619088 0.9996208526157444
13.086335500778363 -1.0029717371716236
13.295212687421042 0.9996208526157444
13.10657416140331 -1.0029468326169921
13.314995327559938 0.9995218209891811
13.126568835294519 -1.0029468326169921
13.335000653668729 0.9995218209891811
13.146563488347288 -1.0029468326169921
13.355006000615958 0.9995218209891811
13.166558120772711 -1.0029468326169921
13.375011368190538 0.9995218209891811
13.186552732782689 -1.0029468326169921
13.39501675618056 0.9995218209891811
13.206797493260808 -1.0029155319194905
13.414793828282697 0.9994267679738936
13.226792065078815 -1.0029155319194905
13.43479925646469 0.9994267679738936
13.246786617121888 -1.0029155319194905
13.454804704421619 0.9994267679738936
13.266781149605098 -1.0029155319194905
13.474810171938406 0.9994267679738936
13.286775662744297 -1.0029155319194905
13.494815658799206 0.9994267679738936
13.307036741243248 -1.0028800599744971
13.514589031568013 0.9993299005682241
13.327031216345016 -1.0028800599744971
13.534594556466248 0.9993299005682241
13.347025672754864 -1.0028800599744971
13.5546001000564 0.9993299005682241
13.367020110691644 -1.0028800599744971
13.574605662119618 0.9993299005682241
13.387014530374937 -1.0028800599744971
13.594611242436324 0.9993299005682241
13.407280620761906 -1.002839799885433
13.614379139636917 0.9992365340173288
13.427275004599839 -1.002839799885433
13.634384755798981 0.9992365340173288
13.44726937084732 -1.002839799885433
13.654390389551503 0.9992365340173288
13.467263719726752 -1.002839799885433
13.674396040672068 0.9992365340173288
13.48725805146124 -1.002839799885433
13.694401708937583 0.9992365340173288
13.50751846784881 -1.002804355118934
13.714167238236048 0.9991408959648292
13.527512765965389 -1.002804355118934
13.734172940119471 0.9991408959648292
13.54750704761033 -1.002804355118934
13.754178658474526 0.9991408959648292
13.567501313009393 -1.002804355118934
13.774184393075465 0.9991408959648292
13.587495562388964 -1.002804355118934
13.794190143695893 0.9991408959648292
13.607762181250807 -1.0027630247597181
13.813948651608616 0.9990485525408976
13.627756399273098 -1.0027630247597181
13.833954433586328 0.9990485525408976
13.647750601958831 -1.0027630247597181
13.853960230900594 0.9990485525408976
13.667744789536878 -1.0027630247597181
13.873966043322547 0.9990485525408976
13.687738962236702 -1.0027630247597181
13.893971870622723 0.9990485525408976
13.70799710666198 -1.002720412200636
13.913729222623697 0.998955178766051
13.727991250296094 -1.002720412200636
13.933735078989582 0.998955178766051
13.747985379743868 -1.002720412200636
13.953740949541809 0.998955178766051
13.767979495237059 -1.002720412200636
13.973746834048617 0.998955178766051
13.787973597007982 -1.002720412200636
13.993752732277697 0.998955178766051
13.808242903563215 -1.0026732797659674
14.013504217426037 0.9988645257882564
13.828236978588684 -1.0026732797659674
14.033510142400571 0.9988645257882564
13.848231040592022 -1.0026732797659674
14.053516080397232 0.9988645257882564
13.868225089807655 -1.0026732797659674
14.073522031181598 0.9988645257882564
13.888219126470513 -1.0026732797659674
14.093527994518743 0.9988645257882564
13.908497524116585 -1.0026247609483183
14.113278529509627 0.9987726442507492
13.928491536380635 -1.0026247609483183
14.133284517245574 0.9987726442507492
13.948485536799625 -1.0026247609483183
14.153290516826582 0.9987726442507492
13.968479525610407 -1.0026247609483183
14.1732965280158 0.9987726442507492
13.988473503050296 -1.0026247609483183
14.193302550575915 0.9987726442507492
14.0087421226809 -1.0025734912777104
14.213046376879657 0.9986836240917231
14.02873607809271 -1.0025734912777104
14.233052421467843 0.9986836240917231
14.048730022848215 -1.0025734912777104
14.25305847671234 0.9986836240917231
14.068723957186464 -1.0025734912777104
14.27306454237409 0.9986836240917231
14.08871788134692 -1.0025734912777104
14.293070618213637 0.9986836240917231
14.108981591584003 -1.0025231956018146
14.31281425351431 0.9985943252972218
14.128975496108852 -1.0025231956018146
14.33282034898946 0.9985943252972218
14.148969391176665 -1.0025231956018146
14.352826453921645 0.9985943252972218
14.168963277028459 -1.0025231956018146
14.372832568069855 0.9985943252972218
14.1889571539056 -1.0025231956018146
14.392838691192713 0.9985943252972218
14.209236987599533 -1.0024647898294887
14.412576562646708 0.9985073219848998
14.22923084725292 -1.0024647898294887
14.432582702993324 0.9985073219848998
14.249224698657875 -1.0024647898294887
14.452588851588368 0.9985073219848998
14.26921854205713 -1.0024647898294887
14.472595008189108 0.9985073219848998
14.289212377693746 -1.0024647898294887
14.492601172552492 0.9985073219848998
14.309491621899785 -1.002403260630378
14.512339383961246 0.9984204335305458
14.329485442741486 -1.002403260630378
14.532345563119543 0.9984204335305458
14.3494792565515 -1.002403260630378
14.552351749309528 0.9984204335305458
14.369473063574052 -1.002403260630378
14.57235794228698 0.9984204335305458
14.38946686405362 -1.002403260630378
14.59236414180741 0.9984204335305458
14.409747679468488 -1.0023406781020467
14.612096478771853 0.9983364675171276
14.429741467596589 -1.0023406781020467
14.632102690643752 0.9983364675171276
14.449735249916689 -1.0023406781020467
14.652108908323655 0.9983364675171276
14.469729026674248 -1.0023406781020467
14.672115131566095 0.9983364675171276
14.48972279811495 -1.0023406781020467
14.692121360125391 0.9983364675171276
14.510008595572694 -1.002277400193071
14.711854141251644 0.9982527239874791
14.530002357117562 -1.002277400193071
14.731860379706774 0.9982527239874791
14.549996114083845 -1.002277400193071
14.751866622740492 0.9982527239874791
14.569989866718005 -1.002277400193071
14.771872870106332 0.9982527239874791
14.589983615266677 -1.002277400193071
14.791879121557661 0.9982527239874791
14.610264577691876 -1.002214022368493
14.811606816330286 0.9981714523239692
14.630258318810114 -1.002214022368493
14.831613075212047 0.9981714523239692
14.6502520565837 -1.002214022368493
14.85161933743846 0.9981714523239692
14.670245791259855 -1.002214022368493
14.871625602762307 0.9981714523239692
14.690239523085925 -1.002214022368493
14.891631870936237 0.9981714523239692
14.710529243933404 -1.0021518464872374
14.911360691911865 0.998091267628191
14.730522970801772 -1.0021518464872374
14.931366965043496 0.998091267628191
14.750516695562723 -1.0021518464872374
14.951373240282544 0.998091267628191
14.770510418463992 -1.0021518464872374
14.971379517381274 0.998091267628191
14.790504139753388 -1.0021518464872374
14.991385796091878 0.998091267628191
14.810779584308563 -1.002091149486094
15.011110393234814 0.9980136580853574
14.830773303117887 -1.002091149486094
15.031116674425492 0.9980136580853574
14.850767021059106 -1.002091149486094
15.051122956484273 0.9980136580853574
14.870760738380227 -1.002091149486094
15.07112923916315 0.9980136580853574
14.89075445532928 -1.002091149486094
15.0911355222141 0.9980136580853574
14.911026242024416 -1.0020289771182624
15.11086168275743 0.9979378604038591
14.931019958973472 -1.0020289771182624
15.130867965808378 0.9979378604038591
14.951013676294593 -1.0020289771182624
15.150874248487256 0.9979378604038591
14.971007394235812 -1.0020289771182624
15.170880530546036 0.9979378604038591
14.991001113045133 -1.0020289771182624
15.190886811736714 0.9979378604038591
15.011267418155791 -1.0019624744083524
15.21060766655107 0.9978638316014538
15.031261139445187 -1.0019624744083524
15.230613945261673 0.9978638316014538
15.051254862346456 -1.0019624744083524
15.250620222360405 0.9978638316014538
15.071248587107407 -1.0019624744083524
15.270626497599453 0.9978638316014538
15.091242313975775 -1.0019624744083524
15.290632770731087 0.9978638316014538
15.111515554258691 -1.0018900673102575
15.31035796353533 0.9977937249970648
15.13150928608476 -1.0018900673102575
15.330364231709263 0.9977937249970648
15.151503020760916 -1.0018900673102575
15.350370497033106 0.9977937249970648
15.171496758534502 -1.0018900673102575
15.37037675925952 0.9977937249970648
15.19149049965274 -1.0018900673102575
15.390383018141284 0.9977937249970648
15.211761190909158 -1.0018169666385566
15.410106495665293 0.9977257952117518
15.23175493945783 -1.0018169666385566
15.43011274711662 0.9977257952117518
15.251748692091986 -1.0018169666385566
15.450118994482462 0.9977257952117518
15.271742449058273 -1.0018169666385566
15.470125237516179 0.9977257952117518
15.29173621060314 -1.0018169666385566
15.49013147597131 0.9977257952117518
15.312009160301491 -1.0017407920678576
15.509858839379651 0.9976596429354148
15.332002931742194 -1.0017407920678576
15.529865067938948 0.9976596429354148
15.351996708499753 -1.0017407920678576
15.549871291181388 0.9976596429354148
15.371990490819853 -1.0017407920678576
15.56987750886129 0.9976596429354148
15.391984278947954 -1.0017407920678576
15.589883720733189 0.9976596429354148
15.412247246909674 -1.0016640890740678
15.609606736537732 0.9975938389552647
15.432241047389246 -1.0016640890740678
15.629612936058162 0.9975938389552647
15.452234854411794 -1.0016640890740678
15.649619129035614 0.9975938389552647
15.472228668221808 -1.0016640890740678
15.669625315225598 0.9975938389552647
15.49222248906351 -1.0016640890740678
15.689631494383896 0.9975938389552647
15.512487674972956 -1.0015838155816281
15.70935848063598 0.9975315682879509
15.532481510609571 -1.0015838155816281
15.729364644999364 0.9975315682879509
15.55247535400883 -1.0015838155816281
15.749370801600106 0.9975315682879509
15.572469205413782 -1.0015838155816281
15.76937695019515 0.9975315682879509
15.592463065067168 -1.0015838155816281
15.789383090541767 0.9975315682879509
15.612728675585654 -1.0015024496535856
15.809105389208836 0.9974704624788326
15.632722552462798 -1.0015024496535856
15.829111512331693 0.9974704624788326
15.652716438314588 -1.0015024496535856
15.849117626479902 0.9974704624788326
15.672710333382401 -1.0015024496535856
15.869123731412088 0.9974704624788326
15.69270423790725 -1.0015024496535856
15.889129826887238 0.9974704624788326
15.712970515727473 -1.0014182293275156
15.90885773879647 0.9974126406760425
15.732964439887926 -1.0014182293275156
15.928863814636017 0.9974126406760425
15.752958374226179 -1.0014182293275156
15.948869880297767 0.9974126406760425
15.77295231898168 -1.0014182293275156
15.968875935542261 0.9974126406760425
15.792946274393493 -1.0014182293275156
15.98888198013045 0.9974126406760425
15.813203014411801 -1.0013359199820109
16.00860770270163 0.9973561335268022
15.833196991851686 -1.0013359199820109
16.028613725261746 0.9973561335268022
15.853190980662468 -1.0013359199820109
16.048619736450963 0.9973561335268022
15.873184981081462 -1.0013359199820109
16.068625736031972 0.9973561335268022
15.893178993345515 -1.0013359199820109
16.088631723767918 0.9973561335268022
15.913436198852065 -1.0012508989080633
16.108362732853998 0.9973040143922625
15.933430235514923 -1.0012508989080633
16.128368696191142 0.9973040143922625
15.953424284730556 -1.0012508989080633
16.14837464697551 0.9973040143922625
15.973418346733894 -1.0012508989080633
16.16838058497217 0.9973040143922625
15.99341242175936 -1.0012508989080633
16.188386509946703 0.9973040143922625
16.013662590328384 -1.0011663266046695
16.208115916190835 0.997252664201972
16.033656692099303 -1.0011663266046695
16.22812181441991 0.997252664201972
16.053650807592497 -1.0011663266046695
16.24812769892672 0.997252664201972
16.073644937040267 -1.0011663266046695
16.268133569478948 0.997252664201972
16.093639080674382 -1.0011663266046695
16.288139425844832 0.997252664201972
16.113889394052148 -1.0010774121914083
16.307873234622136 0.9972055893135582
16.133883566751972 -1.0010774121914083
16.32787906192231 0.9972055893135582
16.153877754330022 -1.0010774121914083
16.347884874344263 0.9972055893135582
16.17387195701576 -1.0010774121914083
16.36789067165853 0.9972055893135582
16.193866175038043 -1.0010774121914083
16.38789645363624 0.9972055893135582
16.214106875384918 -1.0009901421974492
16.407630375311804 0.9971591783849493
16.23410112476449 -1.0009901421974492
16.42763612593223 0.9971591783849493
16.25409539016355 -1.0009901421974492
16.44764186053317 0.9971591783849493
16.274089671808493 -1.0009901421974492
16.467647578888226 0.9971591783849493
16.29408396992507 -1.0009901421974492
16.487653280771653 0.9971591783849493
16.31433264343967 -1.0008984438301045
16.50739540293605 0.9971178113323278
16.334326975174154 -1.0008984438301045
16.527401071201567 0.9971178113323278
16.35432132405359 -1.0008984438301045
16.547406722322133 0.9971178113323278
16.374315690301067 -1.0008984438301045
16.567412356074655 0.9971178113323278
16.394310074139003 -1.0008984438301045
16.587417972236718 0.9971178113323278
16.414546392277693 -1.0008103504734633
16.607158341212426 0.9970762029284318
16.434540811960986 -1.0008103504734633
16.62716392152913 0.9970762029284318
16.454535249897766 -1.0008103504734633
16.647169483592354 0.9970762029284318
16.474529706307617 -1.0008103504734633
16.667175027182505 0.9970762029284318
16.494524181409382 -1.0008103504734633
16.687180552080736 0.9970762029284318
16.514757236250784 -1.000719930434096
16.706926270555158 0.9970382859892047
16.534751749389986 -1.000719930434096
16.726931757415958 0.9970382859892047
16.554746281873197 -1.000719930434096
16.746937224932747 0.9970382859892047
16.57474083391627 -1.000719930434096
16.766942672889673 0.9970382859892047
16.594735405734276 -1.000719930434096
16.78694810107167 0.9970382859892047
16.61495927483771 -1.000631195242892
16.806693025170016 0.9970004704841725
16.634953886847683 -1.000631195242892
16.82669841316004 0.9970004704841725
16.654948519273105 -1.000631195242892
16.846703780734618 0.9970004704841725
16.67494317232588 -1.000631195242892
16.866709127681847 0.9970004704841725
16.694937846217083 -1.000631195242892
16.886714453790642 0.9970004704841725
16.715162220314163 -1.0005373060303429
16.9064661272128 0.9969688034930492
16.735156936512208 -1.0005373060303429
16.92647141101475 0.9969688034930492
16.75515167417699 -1.0005373060303429
16.94647667334997 0.9969688034930492
16.77514643351625 -1.0005373060303429
16.966481914010707 0.9969688034930492
16.795141214736887 -1.0005373060303429
16.98648713279007 0.9969688034930492
16.815356605232786 -1.0004458103170073
17.006239074065935 0.9969371266935101
16.83535143083338 -1.0004458103170073
17.026244248465343 0.9969371266935101
16.85534627893081 -1.0004458103170073
17.046249400367913 0.9969371266935101
16.87534114972846 -1.0004458103170073
17.066254529570262 0.9969371266935101
16.895336043428827 -1.0004458103170073
17.086259635869897 0.9969371266935101
16.915550680912673 -1.0003498510854605
17.10601844394853 0.9969111312669252
16.93554562102232 -1.0003498510854605
17.126023503838883 0.9969111312669252
16.955540584636704 -1.0003498510854605
17.1460285402245 0.9969111312669252
16.975535571954648 -1.0003498510854605
17.166033552906555 0.9969111312669252
16.995530583174048 -1.0003498510854605
17.186038541687154 0.9969111312669252
17.015735887594968 -1.0002565513629285
17.20579813862739 0.9968851593125272
17.03573094720717 -1.0002565513629285
17.225803079015186 0.9968851593125272
17.05572603130881 -1.0002565513629285
17.245807994913548 0.9968851593125272
17.07572114009396 -1.0002565513629285
17.265812886128398 0.9968851593125272
17.095716273755716 -1.0002565513629285
17.28581775246664 0.9968851593125272
17.115919693145067 -1.0001592541678492
17.30558473967242 0.9968657707690413
17.13591487713539 -1.0001592541678492
17.325589555682093 0.9968657707690413
17.155910086575688 -1.0001592541678492
17.345594346241796 0.9968657707690413
17.175905321655083 -1.0001592541678492
17.365599111162403 0.9968657707690413
17.195900582561684 -1.0001592541678492
17.385603850255798 0.9968657707690413
17.216096008475624 -1.0000651576284554
17.40537377633499 0.9968462415081436
17.236091321596888 -1.0000651576284554
17.425378463213725 0.9968462415081436
17.256086661103545 -1.0000651576284554
17.445383123707067 0.9968462415081436
17.276082027179587 -1.0000651576284554
17.465387757631028 0.9968462415081436
17.296077420007947 -1.0000651576284554
17.485392364802667 0.9968462415081436
17.316269497998416 -0.999966763296573
17.505169667047706 0.9968325557600058
17.336264944876003 -0.999966763296573
17.525174220170115 0.9968325557600058
17.35626041904837 -0.999966763296573
17.545178745997752 0.9968325557600058
17.376255920694177 -0.999966763296573
17.565183244351946 0.9968325557600058
17.396251449991016 -0.999966763296573
17.585187715055103 0.9968325557600058
17.416433528678752 -0.9998722517071079
17.60496811083949 0.9968181479374363
17.436429113806046 -0.9998722517071079
17.624972525712195 0.9968181479374363
17.45642472711056 -0.9998722517071079
17.64497691240768 0.9968181479374363
17.47642036876547 -0.9998722517071079
17.664981270752772 0.9968181479374363
17.496416038942836 -0.9998722517071079
17.684985600575406 0.9968181479374363
17.51659692702894 -0.9997731382012686
17.704772360685745 0.9968100940189912
17.536592654762888 -0.9997731382012686
17.724776632951794 0.9968100940189912
17.556588411528693 -0.9997731382012686
17.74478087618599 0.9968100940189912
17.57658419749386 -0.9997731382012686
17.76478509022082 0.9968100940189912
17.596580012824766 -0.9997731382012686
17.784789274889917 0.9968100940189912
17.616747089584905 -0.9996787941108529
17.804579035557317 0.9968011503918375
17.636742964141717 -0.9996787941108529
17.824583161000508 0.9968011503918375
17.656738868556367 -0.9996787941108529
17.844587256585854 0.9968011503918375
17.676734802990545 -0.9996787941108529
17.86459132215168 0.9968011503918375
17.69673076760475 -0.9996787941108529
17.884595357537474 0.9968011503918375
17.716898087246722 -0.9995797712984889
17.904392849910806 0.9967997245104839
17.736894112697712 -0.9995797712984889
17.924396824459816 0.9967997245104839
17.75689016880306 -0.9995797712984889
17.944400768354466 0.9967997245104839
17.776886255718466 -0.9995797712984889
17.964404681439063 0.9967997245104839
17.796882373598407 -0.9995797712984889
17.98440856355912 0.9967997245104839
17.817034048188514 -0.9994855777114793
18.004207565527196 0.9967973364928226
17.837030228456083 -0.9994855777114793
18.02421138525963 0.9967973364928226
17.857026440144274 -0.9994855777114793
18.044215173571434 0.9967973364928226
17.87702268340265 -0.9994855777114793
18.06421893031306 0.9967973364928226
17.897018958379515 -0.9994855777114793
18.084222655336195 0.9967973364928226
17.917169880822918 -0.9993862010485248
18.104035405502625 0.996803636649876
17.93716621967668 -0.9993862010485248
18.124039066648862 0.996803636649876
17.957162590686327 -0.9993862010485248
18.144042695639218 0.996803636649876
17.977158993995122 -0.9993862010485248
18.164046292330422 0.996803636649876
17.99715542974506 -0.9993862010485248
18.184049856580483 0.996803636649876
18.017291167235314 -0.9992917230635352
18.203864879731398 0.9968089550735793
18.03728766828838 -0.9992917230635352
18.223868378678333 0.9968089550735793
18.05728420220085 -0.9992917230635352
18.24387184476586 0.9968089550735793
18.077280769109567 -0.9992917230635352
18.263875277857146 0.9968089550735793
18.097277369150056 -0.9992917230635352
18.283878677816652 0.9968089550735793
18.117412032537256 -0.9991915374789767
18.303706194437968 0.9968201964976974
18.137408699242666 -0.9991915374789767
18.32370952773256 0.9968201964976974
18.157405399478574 -0.9991915374789767
18.343712827496653 0.9968201964976974
18.177402133375256 -0.9991915374789767
18.36371609359997 0.9968201964976974
18.19739890106165 -0.9991915374789767
18.383719325913574 0.9968201964976974
18.217519645103707 -0.9990962396350797
18.403549972047863 0.9968276318868805
18.23751648075101 -0.9990962396350797
18.42355313640056 0.9968276318868805
18.257513350566825 -0.9990962396350797
18.443556266584743 0.9968276318868805
18.27751025467473 -0.9990962396350797
18.463559362476847 0.9968276318868805
18.297507193196935 -0.9990962396350797
18.48356242395464 0.9968276318868805
18.317626831253484 -0.9989952429076691
18.503400005889766 0.9968413789793086
18.33762383896552 -0.9989952429076691
18.523402998177726 0.9968413789793086
18.357620881450355 -0.9989952429076691
18.543405955692894 0.9968413789793086
18.377617958824743 -0.9989952429076691
18.563408878318505 0.9968413789793086
18.397615071204065 -0.9989952429076691
18.583411765939182 0.9968413789793086
18.417720066087735 -0.9988999614164772
18.60324658989194 0.996852987866239
18.437717248817535 -0.9988999614164772
18.62324940716214 0.996852987866239
18.457714466890103 -0.9988999614164772
18.643252189089573 0.996852987866239
18.477711720415257 -0.9988999614164772
18.663254935564417 0.996852987866239
18.497709009501428 -0.9988999614164772
18.683257646478246 0.996852987866239
18.517811925961418 -0.9987999032595141
18.703102741217137 0.9968746597771981
18.53780928648928 -0.9987999032595141
18.723105380689272 0.9968746597771981
18.557806682895002 -0.9987999032595141
18.74310798428355 0.9968746597771981
18.577804115281364 -0.9987999032595141
18.76311055189719 0.9968746597771981
18.59780158374973 -0.9987999032595141
18.783113083428823 0.9968746597771981
18.617890375014767 -0.9987060728192463
18.802967272714294 0.9968964591604236
18.63788791594554 -0.9987060728192463
18.82296973178352 0.9968964591604236
18.65788549325385 -0.9987060728192463
18.84297215447521 0.9968964591604236
18.677883107035342 -0.9987060728192463
18.862974540693717 0.9968964591604236
18.69788075738422 -0.9987060728192463
18.88297689034484 0.9968964591604236
18.71796658941571 -0.9986069254129066
18.902841864529325 0.9969271019501964
18.737964313176192 -0.9986069254129066
18.92284414076884 0.9969271019501964
18.757962073777996 -0.9986069254129066
18.942846380167037 0.9969271019501964
18.77795987130953 -0.9986069254129066
18.962848582635505 0.9969271019501964
18.79795770585774 -0.9986069254129066
18.982850748087294 0.9969271019501964
18.8180268370042 -0.9985166776673977
19.002721942341932 0.9969549351799784
18.83802474584077 -0.9985166776673977
19.022724033505362 0.9969549351799784
18.858022691946083 -0.9985166776673977
19.04272608740005 0.9969549351799784
18.878020675401228 -0.9985166776673977
19.062728103944906 0.9969549351799784
18.89801869628581 -0.9985166776673977
19.082730083060323 0.9969549351799784
18.918085112939984 -0.99842117597186
19.102606916437118 0.9969905868256627
18.93808320891636 -0.99842117597186
19.122608820460737 0.9969905868256627
18.958081342552134 -0.99842117597186
19.14261068682497 0.9969905868256627
18.978079513920974 -0.99842117597186
19.16261251545613 0.9969905868256627
18.99807772309508 -0.99842117597186
19.182614306282026 0.9969905868256627
19.01813053647193 -0.9983318524106577
19.202498992493666 0.9970238855409138
19.03812882146716 -0.9983318524106577
19.222500707498437 0.9970238855409138
19.05812714447526 -0.9983318524106577
19.242502384490336 0.9970238855409138
19.078125505562436 -0.9983318524106577
19.26250402340316 0.9970238855409138
19.09812390479339 -0.9983318524106577
19.282505624172206 0.9970238855409138
19.118172344753642 -0.9982376270098647
19.302400420184746 0.9970679918720498
19.138170820460225 -0.9982376270098647
19.32240194447816 0.9970679918720498
19.158169334495646 -0.9982376270098647
19.342403430442737 0.9970679918720498
19.178167886918565 -0.9982376270098647
19.362404878019817 0.9970679918720498
19.198166477786135 -0.9982376270098647
19.38240628715225 0.9970679918720498
19.218199734427138 -0.9981520084952861
19.402308849654055 0.9971106124719961
19.238198402349372 -0.9981520084952861
19.42231018173182 0.9971106124719961
19.25819710887858 -0.9981520084952861
19.44231147520261 0.9971106124719961
19.27819585406583 -0.9981520084952861
19.462312730015363 0.9971106124719961
19.298194637960655 -0.9981520084952861
19.482313946120538 0.9971106124719961
19.318224439569622 -0.9980612360381237
19.50222987078386 0.9971614538206516
19.338223301022104 -0.9980612360381237
19.522231009331378 0.9971614538206516
19.3582222013216 -0.9980612360381237
19.542232109031882 0.9971614538206516
19.378221140511524 -0.9980612360381237
19.562233169841956 0.9971614538206516
19.39822011863376 -0.9980612360381237
19.58223419171972 0.9971614538206516
19.41823514378028 -0.997978656649679
19.602162290454135 0.9972076894392703
19.438234199886615 -0.997978656649679
19.622163234347795 0.9972076894392703
19.458233295041673 -0.997978656649679
19.642164139192744 0.9972076894392703
19.478232429281167 -0.997978656649679
19.66216500495325 0.9972076894392703
19.49823160263928 -0.997978656649679
19.682165831595135 0.9972076894392703
19.5182432474312 -0.9978914248645001
19.702099034865952 0.9972595968213983
19.538242499122905 -0.9978914248645001
19.72209978317425 0.9972595968213983
19.558241790026493 -0.9978914248645001
19.742100492270662 0.9972595968213983
19.578241120169956 -0.9978914248645001
19.7621011621272 0.9972595968213983
19.59824048957974 -0.9978914248645001
19.782101792717413 0.9972595968213983
19.61823468752222 -0.9978163979754181
19.802034822737486 0.9973061203415832
19.638234135537783 -0.9978163979754181
19.822035374721924 0.9973061203415832
19.658233622889693 -0.9978163979754181
19.842035887370013 0.9973061203415832
19.678233149598192 -0.9978163979754181
19.86203636066151 0.9973061203415832
19.698232715681968 -0.9978163979754181
19.882036794577736 0.9973061203415832
19.718222476388974 -0.9977375357156909
19.901977969132034 0.9973627039232673
19.738222121273132 -0.9977375357156909
19.921978324247874 0.9973627039232673
19.75822180557929 -0.9977375357156909
19.941978639941716 0.9973627039232673
19.77822152931991 -0.9977375357156909
19.961978916201097 0.9973627039232673
19.798221292505897 -0.9977375357156909
19.98197915301511 0.9973627039232673
19.81819646724458 -0.9976681918268417
0.0019283248298336275 0.9974184258186436
19.838196309347794 -0.9976681918268417
0.021928482726618626 0.9974184258186436
19.85819619091975 -0.9976681918268417
0.04192860115466601 0.9974184258186436
19.87819611196512 -0.9976681918268417
0.06192868010928976 0.9974184258186436
19.89819607248703 -0.9976681918268417
0.08192871958738479 0.9974184258186436
19.918165751358366 -0.997594492278218
0.10188817401982028 0.9974920816124309
19.938165790836457 -0.997594492278218
0.12188813454172795 0.9974920816124309
19.958165869791085 -0.997594492278218
0.14188805558710335 0.9974920816124309
19.978165988219132 -0.997594492278218
0.1618879371590551 0.9974920816124309
19.998166146115917 -0.997594492278218
0.18188777926226926 0.9974920816124309
0.018122312672036386 -0.9975373513602545
0.20185792632000993 0.9975634662135205
0.03812254948605147 -0.9975373513602545
0.22185768950599932 0.9975634662135205
0.05812282574543086 -0.9975373513602545
0.2418574132466173 0.9975634662135205
0.07812314143927306 -0.9975373513602545
0.26185709755277425 0.9975634662135205
0.09812349655511336 -0.9975373513602545
0.2818567424369331 0.9975634662135205
0.1180770368195458 -0.997474896867856
0.3018386623242847 0.9976396083447095
0.1380774707357692 -0.997474896867856
0.32183822840805687 0.9976396083447095
0.158077944027269 -0.997474896867856
0.3418377551165598 0.9976396083447095
0.17807845667535788 -0.997474896867856
0.36183724246847 0.9976396083447095
0.19807900865979605 -0.997474896867856
0.38183669048403096 0.9976396083447095
0.21801711645656993 -0.9974166449527732
0.401827625601034 0.997711279942044
0.23801774704678422 -0.9974166449527732
0.4218269950108189 0.997711279942044
0.2580184169033203 -0.9974166449527732
0.441826325154282 0.997711279942044
0.27801912599973344 -0.9974166449527732
0.4618256160578733 0.997711279942044
0.2980198743080301 -0.9974166449527732
0.481824867749574 0.997711279942044
0.3179543791032957 -0.9973543077996374
0.5018264820217242 0.9977919642234653
0.3379552057451827 -0.9973543077996374
0.5218256553798364 0.9977919642234653
0.3579560715056891 -0.9973543077996374
0.5418247896193344 0.9977919642234653
0.3779569763506343 -0.9973543077996374
0.5618238847743884 0.9977919642234653
0.39795792024429577 -0.9973543077996374
0.5818229408807243 0.9977919642234653
0.41788573732149364 -0.9973010318116255
0.6018320198083644 0.9978688315133157
0.43788675919925785 -0.9973010318116255
0.6218309979305958 0.9978688315133157
0.45788782000933187 -0.9973010318116255
0.641829937120528 0.9978688315133157
0.4778889197098363 -0.9973010318116255
0.6618288374200192 0.9978688315133157
0.4978900582573535 -0.9973010318116255
0.6818276988725047 0.9978688315133157
0.517810700968766 -0.997245247643453
0.7018451979500171 0.9979534108143255
0.5378119170739413 -0.997245247643453
0.7218439818448446 0.9979534108143255
0.5578131718866906 -0.997245247643453
0.7418427270320926 0.9979534108143255
0.5778144653574819 -0.997245247643453
0.7618414335613004 0.9979534108143255
0.5978157974352487 -0.997245247643453
0.7818401014835346 0.9979534108143255
0.6177228819079037 -0.9972017732678237
0.8018691462481939 0.9980339304862599
0.6377242910403353 -0.9972017732678237
0.8218677371157597 0.9980339304862599
0.6577257386174153 -0.9972017732678237
0.8418662895386788 0.9980339304862599
0.677727224581993 -0.9972017732678237
0.8618648035741003 0.9980339304862599
0.6977287488754094 -0.9972017732678237
0.8818632792806866 0.9980339304862599
0.7176303266087681 -0.9971562974774797
0.9019048212529913 0.9981261447041375
0.7376319273778139 -0.9971562974774797
0.9219032204839411 0.9981261447041375
0.7576335662906376 -0.9971562974774797
0.9419015815711166 0.9981261447041375
0.777635243282539 -0.9971562974774797
0.9618999045792197 0.9981261447041375
0.7976369582873079 -0.9971562974774797
0.9818981895744517 0.9981261447041375
0.8175218639375488 -0.9971204026156719
1.0019446191395922 0.9982134123481106
0.8375236547634448 -0.9971204026156719
1.021942828313697 0.9982134123481106
0.8575254833946055 -0.9971204026156719
1.0419409996825373 0.9982134123481106
0.8775273497588363 -0.9971204026156719
1.0619391333183075 0.9982134123481106
0.8975292537824573 -0.9971204026156719
1.0819372292946838 0.9982134123481106
0.9174058213946844 -0.9970802887035144
1.1019955882874952 0.9983088059711932
0.9374078005100995 -0.9970802887035144
1.121993609172081 0.9983088059711932
0.9574098170549573 -0.9970802887035144
1.141991592627226 0.9983088059711932
0.977411870949645 -0.9970802887035144
1.1619895387325356 0.9983088059711932
0.9974139621130754 -0.9970802887035144
1.1819874475691043 0.9983088059711932
1.0172792744307906 -0.9970476031288323
1.2020538723440088 0.9983993074523305
1.0372814398825831 -0.9970476031288323
1.2220517068922225 0.9983993074523305
1.057283642351048 -0.9970476031288323
1.2420495044237532 0.9983993074523305
1.0772858817492434 -0.9970476031288323
1.262047265025557 0.9983993074523305
1.09728815798876 -0.9970476031288323
1.2820449887860397 0.9983993074523305
1.1171573553249534 -0.9970090061796716
1.3021260676768618 0.9984975887767855
1.1371597049760755 -0.9970090061796716
1.3221237180257388 0.9984975887767855
1.1571620911945832 -0.9970090061796716
1.3421213318072303 0.9984975887767855
1.1771645138862727 -0.9970090061796716
1.36211890911554 0.9984975887767855
1.1971669729555015 -0.9970090061796716
1.382116450046314 0.9984975887767855
1.217025148790889 -0.9969804755693739
1.4022025927276083 0.9985900751752331
1.2370276803225217 -0.9969804755693739
1.4222000611959764 0.9985900751752331
1.2570302479361595 -0.9969804755693739
1.4421974935823378 0.9985900751752331
1.2770328515304397 -0.9969804755693739
1.4621948899880586 0.9985900751752331
1.2970354910025752 -0.9969804755693739
1.4821922505159222 0.9985900751752331
1.3168897309574163 -0.9969509670338943
1.502280635236827 0.998687368199061
1.3368924418712436 -0.9969509670338943
1.5222779243229971 0.998687368199061
1.3568951883460898 -0.9969509670338943
1.5422751778481554 0.998687368199061
1.3768979702735245 -0.9969509670338943
1.5622723959207199 0.998687368199061
1.3969007875437243 -0.9969509670338943
1.5822695786505192 0.998687368199061
1.4167393355277158 -0.9969319093150038
1.6023657886552158 0.9987815551291184
1.436742223148393 -0.9969319093150038
1.6223629010345377 0.9987815551291184
1.4567451457740044 -0.9969319093150038
1.6423599784089256 0.9987815551291184
1.4767481032891718 -0.9969319093150038
1.6623570208937608 0.9987815551291184
1.496751095577132 -0.9969319093150038
1.6823540286057963 0.9987815551291184
1.516587465199942 -0.9969100877609688
1.7024612990447678 0.9988848673669745
1.5365905266777382 -0.9969100877609688
1.7224582375669761 0.9988848673669745
1.5565936225698387 -0.9969100877609688
1.7424551416748748 0.9988848673669745
1.576596752754023 -0.9969100877609688
1.7624520114906879 0.9988848673669745
1.596599917106719 -0.9969100877609688
1.782448847137993 0.9988848673669745
1.616423722436383 -0.9968957265085018
1.8025668813978393 0.9989841541909835
1.636426954749987 -0.9968957265085018
1.8225636490842327 0.9989841541909835
1.6564302208533033 -0.9968957265085018
1.8425603829809156 0.9989841541909835
1.6764335206173933 -0.9968957265085018
1.8625570832168266 0.9989841541909835
1.6964368539119896 -0.9968957265085018
1.882553749922233 0.9989841541909835
1.7162572478643798 -0.9968778363059803
1.9026815707939484 0.9990897034294174
1.736260647823888 -0.9968778363059803
1.9226781708344411 0.9990897034294174
1.7562640809151726 -0.9968778363059803
1.942674737743154 0.9990897034294174
1.7762675470027012 -0.9968778363059803
1.9626712716556298 0.9990897034294174
1.7962710459496356 -0.9968778363059803
1.9826677727086945 0.9990897034294174
1.816087780560227 -0.9968674148364887
2.0028000561565356 0.9991901640910014
1.8360913448102896 -0.9968674148364887
2.022796491906474 0.9991901640910014
1.8560949415014953 -0.9968674148364887
2.042792895215269 0.9991901640910014
1.8760985704918494 -0.9968674148364887
2.062789266224916 0.9991901640910014
1.8961022316380867 -0.9968674148364887
2.0827856050786777 0.9991901640910014
1.9159167600146942 -0.996855377137172
2.102926065348216 0.9992953786619483
1.93592048503783 -0.996855377137172
2.122922340325081 0.9992953786619483
1.955924241779455 -0.996855377137172
2.142918583583457 0.9992953786619483
1.975928030091261 -0.996855377137172
2.1629147952716483 0.9992953786619483
1.9959318498236913 -0.996855377137172
2.182910975539217 0.9992953786619483
2.015737674589064 -0.9968538456492473
2.203062555368125 0.9993967345132376
2.0357415567091253 -0.9968538456492473
2.2230586732480733 0.9993967345132376
2.055745469793719 -0.9968538456492473
2.2430547601634787 0.9993967345132376
2.0757494136883694 -0.9968538456492473
2.2630508162688203 0.9993967345132376
2.095753388237379 -0.9968538456492473
2.2830468417198135 0.9993967345132376
2.1155538737547617 -0.996853117331632
2.303204307094215 0.9995029346427909
2.1355579091405557 -0.996853117331632
2.3232002717084184 0.9995029346427909
2.155561974706379 -0.996853117331632
2.343196206142596 0.9995029346427909
2.1755660702917266 -0.996853117331632
2.363192110557246 0.9995029346427909
2.1955701957349167 -0.996853117331632
2.3831879851140587 0.9995029346427909
2.2153593854683855 -0.9968607507360187
2.403350867000903 0.9996052018414864
2.23536357013748 -0.9968607507360187
2.4233466823318115 0.9996052018414864
2.255367784172309 -0.9968607507360187
2.443342468296976 0.9996052018414864
2.275372027406508 -0.9968607507360187
2.463338225062785 0.9996052018414864
2.295376299672558 -0.9968607507360187
2.4833339527967344 0.9996052018414864
2.3151591819644186 -0.9968667611606339
2.5035033109315634 0.9997129167516622
2.335163511787052 -0.9968667611606339
2.5234989811089292 0.9997129167516622
2.3551678701321443 -0.9968667611606339
2.543494622763845 0.9997129167516622
2.375172256827631 -0.9968667611606339
2.563490236068354 0.9997129167516622
2.395176671700334 -0.9968667611606339
2.5834858211956515 0.9997129167516622
2.4149525333900006 -0.9968787969093015
2.603667728395234 0.9998167596298588
2.434957004093159 -0.9968787969093015
2.6236632576920838 0.9998167596298588
2.454961502447351 -0.9968787969093015
2.6436587593378857 0.9998167596298588
2.4749660282749883 -0.9968787969093015
2.6636542335102473 0.9998167596298588
2.4949705813973986 -0.9968787969093015
2.6836496803878416 0.9998167596298588
2.5147458524774597 -0.9968886667813984
2.7038399284009764 0.9999250615052471
2.534750459649101 -0.9968886667813984
2.7238353212293407 0.9999250615052471
2.5547550935730614 -0.9968886667813984
2.7438306873053793 0.9999250615052471
2.5747597540664033 -0.9968886667813984
2.7638260268120356 0.9999250615052471
2.594764440945137 -0.9968886667813984
2.7838213399332994 0.9999250615052471
2.6145342324856657 -0.9969051248865144
2.8040129666130804 1.0000289766899695
2.634538971579064 -0.9969051248865144
2.8240082275196814 1.0000289766899695
2.6545437364996674 -0.9969051248865144
2.844003462599077 1.0000289766899695
2.6745485270593705 -0.9969051248865144
2.863998672039373 1.0000289766899695
2.6945533430690483 -0.9969051248865144
2.883993856029698 1.0000289766899695
2.7143171947641784 -0.9969213824335657
2.904193531666124 1.0001357158287743
2.734322061102419 -0.9969213824335657
2.9241886653278826 1.0001357158287743
2.7543269523172684 -0.9969213824335657
2.944183774113032 1.0001357158287743
2.77433186821563 -0.9969213824335657
2.964178858214673 1.0001357158287743
2.7943368086034264 -0.9969213824335657
2.984173917826876 1.0001357158287743
2.8140954250162817 -0.9969439747249068
3.004387020743366 1.0002385455668792
2.8341004137968806 -0.9969439747249068
3.024382031962763 1.0002385455668792
2.85410542647894 -0.9969439747249068
3.04437701928071 1.0002385455668792
2.8741104628645555 -0.9969439747249068
3.0643719828950933 1.0002385455668792
2.894115522754907 -0.9969439747249068
3.084366923004741 1.0002385455668792
2.9138733832995327 -0.9969658969429499
3.1045860756362 1.00034260239314
2.933878489599168 -0.9969658969429499
3.124580969336564 1.00034260239314
2.9538836188015156 -0.9969658969429499
3.144575840134217 1.00034260239314
2.9738887707040873 -0.9969658969429499
3.1645706882316427 1.00034260239314
2.993893945103492 -0.9969658969429499
3.184565513832241 1.00034260239314
3.013647007482814 -0.9969934479573538
3.20478274301079 1.0004403585620725
3.0336522262621815 -0.9969934479573538
3.224777524231429 1.0004403585620725
3.05365746692292 -0.9969934479573538
3.244772283570684 1.0004403585620725
3.073662729258138 -0.9969934479573538
3.2647670212354654 1.0004403585620725
3.09366801306009 -0.9969934479573538
3.2847617374335143 1.0004403585620725
3.113415535946047 -0.997022048298708
3.304983116931613 1.0005397869520483
3.1334208620548396 -0.997022048298708
3.324977790822821 1.0005397869520483
3.1534262090020673 -0.997022048298708
3.344972443875591 1.0005397869520483
3.1734315765766454 -0.997022048298708
3.3649670763010135 1.0005397869520483
3.1934369645666707 -0.997022048298708
3.384961688310991 1.0005397869520483
3.213181344901411 -0.997055250706184
3.405193040478552 1.0006370782894973
3.2331867730834034 -0.997055250706184
3.4251876122965625 1.0006370782894973
3.2531922210403295 -0.997055250706184
3.4451821643396356 1.0006370782894973
3.2731976885571186 -0.997055250706184
3.4651766968228457 1.0006370782894973
3.2932031754179185 -0.997055250706184
3.4851712099620484 1.0006370782894973
3.3129439690014575 -0.9970886213206896
3.5054065280872027 1.0007358236058954
3.33294949389969 -0.9970886213206896
3.5254010031889638 1.0007358236058954
3.352955037489844 -0.9970886213206896
3.545395459598818 1.0007358236058954
3.3729605995530623 -0.9970886213206896
3.565389897535599 1.0007358236058954
3.3929661798697683 -0.9970886213206896
3.585384317218892 1.0007358236058954
3.4127061928895577 -0.9971266209528673
3.6056243983041623 1.0008296130239243
3.432711809051624 -0.9971266209528673
3.6256187821420984 1.0008296130239243
3.4527174428041443 -0.9971266209528673
3.6456131483895757 1.0008296130239243
3.472723093924711 -0.9971266209528673
3.6656074972690083 1.0008296130239243
3.4927287621902243 -0.9971266209528673
3.6856018290034958 1.0008296130239243
3.512463474536285 -0.9971654910072275
3.7058457462495134 1.0009246213923852
3.5324691764197085 -0.9971654910072275
3.7258400443660924 1.0009246213923852
3.552474894774767 -0.9971654910072275
3.745834326011033 1.0009246213923852
3.5724806293757063 -0.9971654910072275
3.7658285914100964 1.0009246213923852
3.5924863799961337 -0.9971654910072275
3.785822840789668 1.0009246213923852
3.612216109935362 -0.9972092595695321
3.806066000391664 1.0010157799595742
3.632221891913074 -0.9972092595695321
3.826060218413951 1.0010157799595742
3.6522276892273395 -0.9972092595695321
3.8460544210996845 1.0010157799595742
3.6722335016492926 -0.9972092595695321
3.8660486086777306 1.0010157799595742
3.692239328949469 -0.9972092595695321
3.886042781377559 1.0010157799595742
3.7119675819714018 -0.9972531102481318
3.906291849236172 1.0011090719606783
3.731973438337286 -0.9972531102481318
3.926285992870287 1.0011090719606783
3.751979308889513 -0.9972531102481318
3.946280122318061 1.0011090719606783
3.7719851933963215 -0.9972531102481318
3.966274237811255 1.0011090719606783
3.7919910916254014 -0.9972531102481318
3.9862683395821743 1.0011090719606783
3.811718516394536 -0.9973003440277538
4.006524868627291 1.0011999901878117
3.831724441369066 -0.9973003440277538
4.02651894365276 1.0011999901878117
3.8517303793657307 -0.9973003440277538
4.046513005656098 1.0011999901878117
3.871736330150097 -0.9973003440277538
4.066507054871731 1.0011999901878117
3.891742293487238 -0.9973003440277538
4.086501091534589 1.0011999901878117
3.911466910442405 -0.997348494035086
4.106758542520048 1.0012906332206075
3.931472898178354 -0.997348494035086
4.126752554784105 1.0012906332206075
3.9514788977593636 -0.997348494035086
4.146746555203094 1.0012906332206075
3.9714849089485806 -0.997348494035086
4.1667405440138765 1.0012906332206075
3.991490931508695 -0.997348494035086
4.186734521453758 1.0012906332206075
4.011214891397283 -0.997400314691288
4.206995500488884 1.0013770442861525
4.0312209359854725 -0.997400314691288
4.226989455900697 1.0013770442861525
4.05122699122997 -0.997400314691288
4.246983400656199 1.0013770442861525
4.07123305689172 -0.997400314691288
4.266977334994448 1.0013770442861525
4.091239132731263 -0.997400314691288
4.286971259154904 1.0013770442861525
4.110960459023358 -0.9974535173738802
4.307232713534717 1.001463614541431
4.130966554498508 -0.9974535173738802
4.327226618059566 1.001463614541431
4.150972659430694 -0.9974535173738802
4.347220513127379 1.001463614541431
4.170978773578904 -0.9974535173738802
4.3672143989791685 1.001463614541431
4.19098489670176 -0.9974535173738802
4.387208275856313 1.001463614541431
4.210707377078087 -0.9975099645988741
4.4074735359448916 1.001547773982527
4.2307135174247 -0.9975099645988741
4.427467395598274 1.001547773982527
4.250719666019748 -0.9975099645988741
4.447461247003229 1.001547773982527
4.270725822620488 -0.9975099645988741
4.467455090402488 1.001547773982527
4.290731986983872 -0.9975099645988741
4.487448926039104 1.001547773982527
4.310451510237895 -0.9975681363512889
4.507716310786743 1.0016323701526983
4.330457689396193 -0.9975681363512889
4.527710131628445 1.0016323701526983
4.350463875586179 -0.9975681363512889
4.547703945438463 1.0016323701526983
4.37047006856363 -0.9975681363512889
4.567697752461011 1.0016323701526983
4.390476268084059 -0.9975681363512889
4.587691552940579 1.0016323701526983
4.410196836753698 -0.9976292979842938
4.6079597118504525 1.00171291051735
4.430203048625598 -0.9976292979842938
4.627953499978557 1.00171291051735
4.4502092663054995 -0.9976292979842938
4.647947282298657 1.00171291051735
4.47021548954794 -0.9976292979842938
4.667941059056216 1.00171291051735
4.490221718107236 -0.9976292979842938
4.687934830496919 1.00171291051735
4.509939688772537 -0.9976924779786484
4.708209526821666 1.001792174684936
4.52994592722767 -0.9976924779786484
4.7282032883665375 1.001792174684936
4.549952170261388 -0.9976924779786484
4.748197045332817 1.001792174684936
4.5699584176272285 -0.9976924779786484
4.7681907979669775 1.001792174684936
4.5899646690785545 -0.9976924779786484
4.788184546515649 1.001792174684936
4.609685058426082 -0.9977584471781313
4.808455711826892 1.0018687637792247
4.6296913173078424 -0.9977584471781313
4.82844945294513 1.0018687637792247
4.649697579534258 -0.9977584471781313
4.848443190718712 1.0018687637792247
4.669703844858101 -0.9977584471781313
4.868436925394868 1.0018687637792247
4.689710113032034 -0.9977584471781313
4.888430657220938 1.0018687637792247
4.709429348005329 -0.9978258361288189
4.908695667813757 1.0019438164172285
4.72943562113696 -0.9978258361288189
4.928689394682125 1.0019438164172285
4.749441896376008 -0.9978258361288189
4.948683119443076 1.0019438164172285
4.769448173474738 -0.9978258361288189
4.968676842344348 1.0019438164172285
4.789454452185345 -0.9978258361288189
4.9886705636337405 1.0019438164172285
4.809171976444872 -0.9978960109527677
5.008941737262568 1.0020178912926934
4.82917825763555 -0.9978960109527677
5.028935456071889 1.0020178912926934
4.849184539694334 -0.9978960109527677
5.048929174013108 1.0020178912926934
4.869190822373212 -0.9978960109527677
5.068922891334229 1.0020178912926934
4.8891971054241585 -0.9978960109527677
5.088916608283282 1.0020178912926934
4.9089184848006955 -0.9979680405395477
5.109191245787365 1.002093440336127
4.928924767851646 -0.9979680405395477
5.129184962736417 1.002093440336127
4.948931050530524 -0.9979680405395477
5.149178680057538 1.002093440336127
4.968937332589304 -0.9979680405395477
5.169172397998757 1.002093440336127
4.988943613779982 -0.9979680405395477
5.1891661168080745 1.002093440336127
5.008666557916687 -0.9980412725775457
5.20943759003284 1.0021667818588282
5.028672836627294 -0.9980412725775457
5.2294313113222355 1.0021667818588282
5.048679113726024 -0.9980412725775457
5.2494250342235045 1.0021667818588282
5.068685388965072 -0.9980412725775457
5.269418758984456 1.0021667818588282
5.0886916620967035 -0.9980412725775457
5.289412485852823 1.0021667818588282
5.108412767555883 -0.998117683916054
5.309684157963588 1.0022391827966988
5.1284190357298165 -0.998117683916054
5.329677889789654 1.0022391827966988
5.14842530105366 -0.998117683916054
5.34967162446581 1.0022391827966988
5.168431563280073 -0.998117683916054
5.369665362239395 1.0022391827966988
5.188437822161838 -0.998117683916054
5.3896591033576335 1.0022391827966988
5.2081657094763125 -0.9981963276792644
5.40993637434347 1.002311585915992
5.2281719609276385 -0.9981963276792644
5.4299301228921415 1.002311585915992
5.248178208293479 -0.9981963276792644
5.449923875526302 1.002311585915992
5.2681844513271985 -0.9981963276792644
5.469917632492585 1.002311585915992
5.28819068978233 -0.9981963276792644
5.489911394037453 1.002311585915992
5.3079188228426615 -0.9982779302848696
5.510189081851328 1.002381842953788
5.327925051401958 -0.9982779302848696
5.530182853292031 1.002381842953788
5.347931274644401 -0.9982779302848696
5.55017663004959 1.002381842953788
5.367937492324301 -0.9982779302848696
5.57017041236969 1.002381842953788
5.387943704196199 -0.9982779302848696
5.590164200497787 1.002381842953788
5.407671452716507 -0.9983617348179565
5.610443231056145 1.0024480365959312
5.427677652236937 -0.9983617348179565
5.630437031535717 1.0024480365959312
5.447683845214389 -0.9983617348179565
5.650430838558265 1.0024480365959312
5.4676900314043735 -0.9983617348179565
5.670424652368279 1.0024480365959312
5.487696210562671 -0.9983617348179565
5.690418473209981 1.0024480365959312
5.507423529869261 -0.9984480165360453
5.710702804980158 1.0025139109943366
5.527429694232644 -0.9984480165360453
5.730696640616769 1.0025139109943366
5.547435850833384 -0.9984480165360453
5.750690484016032 1.0025139109943366
5.56744199942843 -0.9984480165360453
5.770684335420987 1.0025139109943366
5.587448139775045 -0.9984480165360453
5.79067819507437 1.0025139109943366
5.607181834475606 -0.9985332136418139
5.810947879330778 1.002579814657124
5.62718795759846 -0.9985332136418139
5.830941756207922 1.002579814657124
5.64719407174667 -0.9985332136418139
5.850935642059712 1.002579814657124
5.667200176678856 -0.9985332136418139
5.870929537127525 1.002579814657124
5.687206272154009 -0.9985332136418139
5.890923441652378 1.002579814657124
5.706942242670794 -0.9986215973597778
5.911202604670334 1.0026434533818658
5.726948318510341 -0.9986215973597778
5.93119652883079 1.0026434533818658
5.746954384172091 -0.9986215973597778
5.951190463169039 1.0026434533818658
5.7669604394165885 -0.9986215973597778
5.971184407924544 1.0026434533818658
5.7869664840047745 -0.9986215973597778
5.991178363336354 1.0026434533818658
5.806707279842658 -0.9987101492820134
6.011477597995705 1.0027062197438303
5.826713302402772 -0.9987101492820134
6.03147157543559 1.0027062197438303
5.846719313591993 -0.9987101492820134
6.051465564246372 1.0027062197438303
5.866725313172998 -0.9987101492820134
6.071459564665365 1.0027062197438303
5.886731300908948 -0.9987101492820134
6.091453576929415 1.0027062197438303
5.906468833734403 -0.9988024791944125
6.111739023005854 1.002756793761525
5.926474797071547 -0.9988024791944125
6.131733059668709 1.002756793761525
5.94648074785591 -0.9988024791944125
6.151727108884345 1.002756793761525
5.966486685852571 -0.9988024791944125
6.171721170887683 1.002756793761525
5.986492610827105 -0.9988024791944125
6.191715245913149 1.002756793761525
6.006238927933307 -0.9988912924489566
6.211989967814142 1.0027988409384292
6.026244826162387 -0.9988912924489566
6.231984069585061 1.0027988409384292
6.046250710669195 -0.9988912924489566
6.251978185078252 1.0027988409384292
6.066256581221424 -0.9988912924489566
6.271972314526033 1.0027988409384292
6.086262437587308 -0.9988912924489566
6.2919664581601475 1.0027988409384292
6.106008444000115 -0.9989828845962249
6.31222002976937 1.0028361802919332
6.126014271300289 -0.9989828845962249
6.332214202469195 1.0028361802919332
6.1460200837222425 -0.9989828845962249
6.352208390047241 1.0028361802919332
6.166025881036508 -0.9989828845962249
6.372202592732974 1.0028361802919332
6.186031663014217 -0.9989828845962249
6.392196810755265 1.0028361802919332
6.205789327387329 -0.9990714580379033
6.412451319907548 1.00287921076056
6.2257950780077635 -0.9990714580379033
6.43244556928712 1.00287921076056
6.2458008126086995 -0.9990714580379033
6.452439834686183 1.00287921076056
6.265806530963758 -0.9990714580379033
6.472434116331124 1.00287921076056
6.2858122328471815 -0.9990714580379033
6.4924284144477 1.00287921076056
6.305571501822503 -0.9991639808706825
6.512684200070245 1.002922750380137
6.325577170088018 -0.9991639808706825
6.532678531804729 1.002922750380137
6.345582821208581 -0.9991639808706825
6.552672880684165 1.002922750380137
6.365588454961103 -0.9991639808706825
6.572667246931642 1.002922750380137
6.38559407112317 -0.9991639808706825
6.592661630769582 1.002922750380137
6.405361846676284 -0.9992563006320633
6.612928673007417 1.0029694282645125
6.42536742699299 -0.9992563006320633
6.63292309269071 1.0029694282645125
6.445372989056208 -0.9992563006320633
6.652917530627491 1.0029694282645125
6.46537853264636 -0.9992563006320633
6.672911987037338 1.0029694282645125
6.485384057544591 -0.9992563006320633
6.692906462139106 1.0029694282645125
6.505150029409808 -0.9993535461790317
6.713160491870515 1.0030094199409498
6.525155516270605 -0.9993535461790317
6.733155005009718 1.0030094199409498
6.545160983787394 -0.9993535461790317
6.753149537492928 1.0030094199409498
6.565166431744327 -0.9993535461790317
6.773144089536001 1.0030094199409498
6.585171859926316 -0.9993535461790317
6.793138661354008 1.0030094199409498
6.604947758018645 -0.9994483105085101
6.813394128363358 1.0030472039931135
6.624953146008667 -0.9994483105085101
6.833388740373335 1.0030472039931135
6.644958513583247 -0.9994483105085101
6.8533833727987545 1.0030472039931135
6.664963860530476 -0.9994483105085101
6.873378025851524 1.0030472039931135
6.684969186639267 -0.9994483105085101
6.8933726997427325 1.0030472039931135
6.704747555447187 -0.9995458718158609
6.913627519703796 1.0030783116089301
6.724752839249141 -0.9995458718158609
6.9336222359018524 1.0030783116089301
6.744758101584362 -0.9995458718158609
6.953616973566627 1.0030783116089301
6.764763342245099 -0.9995458718158609
6.973611732905889 1.0030783116089301
6.784768561024463 -0.9995458718158609
6.993606514126528 1.0030783116089301
6.804553438266313 -0.9996403722818971
7.0138578700840934 1.0031084961151897
6.824558612665718 -0.9996403722818971
7.033852695684688 1.0031084961151897
6.844563764568288 -0.9996403722818971
7.053847543782117 1.0031084961151897
6.864568893770637 -0.9996403722818971
7.073842414579767 1.0031084961151897
6.884574000070272 -0.9996403722818971
7.093837308280138 1.0031084961151897
6.904365885503529 -0.9997394940308277
7.114074916536839 1.003129276543174
6.92437094539388 -0.9997394940308277
7.134069856646486 1.003129276543174
6.944375981779496 -0.9997394940308277
7.15406482026087 1.003129276543174
6.964380994461552 -0.9997394940308277
7.174059807578813 1.003129276543174
6.98438598324215 -0.9997394940308277
7.194054818798214 1.003129276543174
7.0041866649352436 -0.9998338513266268
7.2142922710365225 1.0031519183425404
7.02419160532304 -0.9998338513266268
7.234287330648729 1.0031519183425404
7.044196521221405 -0.9998338513266268
7.254282414750366 1.0031519183425404
7.064201412436251 -0.9998338513266268
7.2742775235355195 1.0031519183425404
7.084206278774495 -0.9998338513266268
7.294272657197278 1.0031519183425404
7.104005698265565 -0.9999324690315485
7.314495763742512 1.0031686959950128
7.124010514275247 -0.9999324690315485
7.334490947732837 1.0031686959950128
7.14401530483495 -0.9999324690315485
7.354486157173133 1.0031686959950128
7.16402006975555 -0.9999324690315485
7.374481392252525 1.0031686959950128
7.184024808848951 -0.9999324690315485
7.3944766531591295 1.0031686959950128
7.203838518552912 -1.000026960124386
7.414701431014199 1.0031858289035347
7.223843205431651 -1.000026960124386
7.434696744135467 1.0031858289035347
7.243847865924993 -1.000026960124386
7.454692083642124 1.0031858289035347
7.263852499848953 -1.000026960124386
7.474687449718163 1.0031858289035347
7.283857107020593 -1.000026960124386
7.494682842546522 1.0031858289035347
7.30367837072154 -1.0001258904886972
7.514905820917292 1.0032006810220402
7.323682923843952 -1.0001258904886972
7.534901267794879 1.0032006810220402
7.343687449671586 -1.0001258904886972
7.554896741967244 1.0032006810220402
7.36369194802578 -1.0001258904886972
7.57489224361305 1.0032006810220402
7.38369641872894 -1.0001258904886972
7.594887772909896 1.0032006810220402
7.403526983877553 -1.0002224719200172
7.615097946047756 1.0032197123166589
7.423531398750255 -1.0002224719200172
7.635093531175054 1.0032197123166589
7.443535785445741 -1.0002224719200172
7.655089144479566 1.0032197123166589
7.463540143790832 -1.0002224719200172
7.675084786134475 1.0032197123166589
7.483544473613465 -1.0002224719200172
7.695080456311841 1.0032197123166589
7.503371835151852 -1.0003254050052766
7.715299853737985 1.0032301450084258
7.5233761074179055 -1.0003254050052766
7.735295581471931 1.0032301450084258
7.543380350652106 -1.0003254050052766
7.755291338237736 1.0032301450084258
7.563384564686934 -1.0003254050052766
7.775287124202908 1.0032301450084258
7.583388749356028 -1.0003254050052766
7.795282939533813 1.0032301450084258
7.603225247077123 -1.000422936176305
7.815517987072081 1.0032383496927584
7.62322937252031 -1.000422936176305
7.835513861628893 1.0032383496927584
7.6432334681056595 -1.000422936176305
7.855509766043543 1.0032383496927584
7.663237533671481 -1.000422936176305
7.875505700477721 1.0032383496927584
7.683241569057277 -1.000422936176305
7.895501665091924 1.0032383496927584
7.703085383909854 -1.000523490898016
7.91571634096195 1.003228269158401
7.723089358458867 -1.000523490898016
7.935712366412943 1.003228269158401
7.743093302353517 -1.000523490898016
7.955708422518292 1.003228269158401
7.763097215438111 -1.000523490898016
7.975704509433697 1.003228269158401
7.783101097558169 -1.000523490898016
7.995700627313639 1.003228269158401
7.8029577137283335 -1.0006160966507416
8.015890408454935 1.0032134203008425
7.822961533460764 -1.0006160966507416
8.035886588722503 1.0032134203008425
7.842965321772572 -1.0006160966507416
8.055882800410695 1.0032134203008425
7.862969078514195 -1.0006160966507416
8.07587904366907 1.0032134203008425
7.882972803537332 -1.0006160966507416
8.09587531864594 1.0032134203008425
7.902828994878507 -1.0007147844093336
8.116043096654344 1.003191336665578
7.922832656024748 -1.0007147844093336
8.136039435508103 1.003191336665578
7.9428362850151 -1.0007147844093336
8.15603580651775 1.003191336665578
7.962839881706304 -1.0007147844093336
8.176032209826545 1.003191336665578
7.982843445956369 -1.0007147844093336
8.19602864557648 1.003191336665578
8.002712579426062 -1.000806478875281
8.21621152271749 1.003177187416972
8.022716078373 -1.000806478875281
8.236208023770548 1.003177187416972
8.04271954446053 -1.000806478875281
8.256204557683024 1.003177187416972
8.062722977551813 -1.000806478875281
8.27620112459174 1.003177187416972
8.08272637751132 -1.000806478875281
8.296197724632233 1.003177187416972
8.102599436521015 -1.0009013092571883
8.316372048474928 1.0031580844585735
8.122602769815611 -1.0009013092571883
8.336368715180331 1.0031580844585735
8.1426060695797 -1.0009013092571883
8.356365415416239 1.0031580844585735
8.162609335683015 -1.0009013092571883
8.376362149312921 1.0031580844585735
8.182612567996618 -1.0009013092571883
8.396358916999322 1.0031580844585735
8.202499444841866 -1.000990329499874
8.41652443963709 1.0031411834614306
8.222502609194564 -1.000990329499874
8.436521275284399 1.0031411834614306
8.24250573937875 -1.000990329499874
8.456518145100212 1.0031411834614306
8.262508835270847 -1.000990329499874
8.476515049208114 1.0031411834614306
8.282511896748641 -1.000990329499874
8.496511987730319 1.0031411834614306
8.302404931766947 -1.0010838157270046
8.516654941514654 1.0031141367574388
8.322407924054911 -1.0010838157270046
8.53665194922669 1.0031141367574388
8.342410881570075 -1.0010838157270046
8.556648991711524 1.0031141367574388
8.362413804195686 -1.0010838157270046
8.576646069085912 1.0031141367574388
8.382416691816367 -1.0010838157270046
8.596643181465238 1.0031141367574388
8.402318704155348 -1.001171069934099
8.616798577883213 1.0030912826421492
8.422321521425552 -1.001171069934099
8.636795760613008 1.0030912826421492
8.44232430335299 -1.001171069934099
8.656792978685573 1.0030912826421492
8.462327049827834 -1.001171069934099
8.676790232210728 1.0030912826421492
8.482329760741656 -1.001171069934099
8.696787521296901 1.0030912826421492
8.502238046079672 -1.0012626645836387
8.716925971751284 1.0030642829034118
8.522240685551804 -1.0012626645836387
8.736923332279147 1.0030642829034118
8.54224328914609 -1.0012626645836387
8.756920728684872 1.0030642829034118
8.562245856759727 -1.0012626645836387
8.776918161071233 1.0030642829034118
8.582248388291358 -1.0012626645836387
8.796915629539598 1.0030642829034118
8.602170901546637 -1.0013481682415601
8.817040235796227 1.0030419883260155
8.622173360615866 -1.0013481682415601
8.837037776726998 1.0030419883260155
8.642175783307556 -1.0013481682415601
8.857035354035308 1.0030419883260155
8.662178169526063 -1.0013481682415601
8.877032967816799 1.0030419883260155
8.682180519177185 -1.0013481682415601
8.897030618165676 1.0030419883260155
8.702108470621415 -1.0014396030774044
8.917153360160734 1.0030150024551765
8.722110746860935 -1.0014396030774044
8.93715108392122 1.0030150024551765
8.74211298625913 -1.0014396030774044
8.957148844523024 1.0030150024551765
8.762115188727599 -1.0014396030774044
8.977146642054555 1.0030150024551765
8.782117354179384 -1.0014396030774044
8.997144476602768 1.0030150024551765
8.802054202553109 -1.0015253685805916
9.017283737307585 1.0029945058073166
8.822056293716539 -1.0015253685805916
9.037281646144153 1.0029945058073166
8.842058347611225 -1.0015253685805916
9.057279592249467 1.0029945058073166
8.862060364156083 -1.0015253685805916
9.077277575704608 1.0029945058073166
8.882062343271503 -1.0015253685805916
9.097275596589194 1.0029945058073166
8.901998907637967 -1.0016150233547192
9.11740489030716 1.0029602939042035
8.92200081166159 -1.0016150233547192
9.13740298628354 1.0029602939042035
8.942002678025823 -1.0016150233547192
9.157401119919307 1.0029602939042035
8.962004506656982 -1.0016150233547192
9.177399291288147 1.0029602939042035
8.982006297482876 -1.0016150233547192
9.197397500462252 1.0029602939042035
9.00195800728325 -1.0016950421330422
9.217511688218462 1.0029220366127856
9.02195972228802 -1.0016950421330422
9.23750997321369 1.0029220366127856
9.04196139927992 -1.0016950421330422
9.257508296221797 1.0029220366127856
9.061963038192744 -1.0016950421330422
9.277506657308972 1.0029220366127856
9.081964638961793 -1.0016950421330422
9.297505056539922 1.0029220366127856
9.101926133344403 -1.0017785385531766
9.317603110976577 1.0028730386006286
9.121927657637823 -1.0017785385531766
9.33760158668316 1.0028730386006286
9.1419291436024 -1.0017785385531766
9.357600100718582 1.0028730386006286
9.16193059117948 -1.0017785385531766
9.3775986531415 1.0028730386006286
9.181932000311907 -1.0017785385531766
9.39759724400907 1.0028730386006286
9.201904593855518 -1.0018535764783998
9.41768466366181 1.0028269445849762
9.22190592593329 -1.0018535764783998
9.437683331584044 1.0028269445849762
9.241907219404078 -1.0018535764783998
9.457682038113255 1.0028269445849762
9.26190847421683 -1.0018535764783998
9.477680783300503 1.0028269445849762
9.281909690322005 -1.0018535764783998
9.497679567195327 1.0028269445849762
9.301884768893498 -1.0019342691943212
9.517776936910991 1.0027744632223314
9.321885907441015 -1.0019342691943212
9.537775798363473 1.0027744632223314
9.34188700714152 -1.0019342691943212
9.557774698662968 1.0027744632223314
9.361888067951593 -1.0019342691943212
9.577773637852893 1.0027744632223314
9.381889089829361 -1.0019342691943212
9.597772615975131 1.0027744632223314
9.401876546922797 -1.0020059134182782
9.617854401244049 1.0027245726273775
9.421877490816456 -1.0020059134182782
9.637853457350388 1.0027245726273775
9.441878395661401 -1.0020059134182782
9.657852552505442 1.0027245726273775
9.461879261421906 -1.0020059134182782
9.677851686744937 1.0027245726273775
9.481880088063793 -1.0020059134182782
9.697850860103049 1.0027245726273775
9.501871835171269 -1.0020815557879788
9.717916842716582 1.0026564127705773
9.521872583479567 -1.0020815557879788
9.737916094408286 1.0026564127705773
9.541873292575982 -1.0020815557879788
9.757915385311877 1.0026564127705773
9.561873962432518 -1.0020815557879788
9.77791471545534 1.0026564127705773
9.581874593022729 -1.0020815557879788
9.797914084865125 1.0026564127705773
9.601882426621028 -1.0021466928755594
9.817976801268427 1.0025874249558033
9.621882978605466 -1.0021466928755594
9.837976249283988 1.0025874249558033
9.641883491253555 -1.0021466928755594
9.857975736635899 1.0025874249558033
9.661883964545055 -1.0021466928755594
9.877975263344398 1.0025874249558033
9.681884398461278 -1.0021466928755594
9.897974829428174 1.0025874249558033
9.70189331951609 -1.0022162453419214
9.918005907340024 1.0025106405586381
9.721893674631934 -1.0022162453419214
9.938005552224187 1.0025106405586381
9.741893990325776 -1.0022162453419214
9.958005236530344 1.0025106405586381
9.761894266585157 -1.0022162453419214
9.978004960270962 1.0025106405586381
9.78189450339917 -1.0022162453419214
9.998004723456948 1.0025106405586381
9.801919321668406 -1.0022776228510728
10.018016796480111 1.0024420404131318
9.82191947956519 -1.0022776228510728
10.038016638583326 1.0024420404131318
9.841919597993234 -1.0022776228510728
10.058016520155281 1.0024420404131318
9.861919676947862 -1.0022776228510728
10.078016441200653 1.0024420404131318
9.881919716425957 -1.0022776228510728
10.098016401722564 1.0024420404131318
