15.60211667983703 -0.8791150671124746
16.644416883659375 -1.7425828180580951
14.559530203720758 -1.2197484137867824
0.7455308555305877 -1.3346836948865242
11.593295512008433 -2.541050229653638
10.976300619874547 -0.7951347017146153
10.588867836133698 -0.9596799482243192
1.898203608536873 -1.370427715075728
14.37586332770214 -0.3713421808696493
4.495374694000987 1.1505734604861864
16.65971075751605 -0.4091599203148065
10.189164712258904 -0.6333597225095006
13.714885772782285 1.773339642583347
2.162923145096034 -0.3516934096948209
18.077308434565776 -1.0412959051073363
3.9299999773595253 -1.1731090705556662
9.922976766347876 -3.6425492660221273
8.492965069719256 -0.3967057534872096
7.790658251965118 -0.6495060853719143
3.290889787604099 -1.2236559121488693
4.617521979071409 1.9050321086710298
7.068812562126271 -3.5828940756094267
19.11221511891919 -0.746738649931056
14.072136677347038 -0.2166387127381484
1.1492680932524935 0.08379848256004649
16.476626718741183 -1.4812284927639605
12.184088268404903 -0.5697694086080148
13.38887438522823 -1.0996489546931616
0.18884204928310666 2.6843806442709086
13.712863667196917 -1.2547896713529778
18.916602230650366 -0.9125018232306056
4.3303537303329644 -1.1391785256500635
15.192258647048678 -0.9353622524166858
7.815682127065539 -0.6062512394728805
12.70388543234108 -0.9957081633478618
14.371087209846927 -0.8294662414980254
1.4705722484284764 0.14970363235716022
2.7501195416038797 -2.253833447853828
2.445652235786058 -0.009171472819082455
15.855244711409885 -1.1890861122135103
12.062977106010285 -0.38460301283648723
18.448525082349253 -1.3027231450232888
10.529753536906384 -0.5242304296391214
8.63437063433735 -0.13024915725566147
6.717757894191794 0.6163634361707694
8.763785769547772 -0.1313933433246778
9.97991665304922 -0.9636427876859475
14.85901653777333 -1.2097701547948887
5.8148085859911784 1.9379927904258096
12.034278593675856 -1.0934469557796151
12.998745287270173 -0.6188661606116851
2.5783105114191702 -1.1693820205474499
9.584924537035297 -0.3844637877514065
11.001274356302071 -0.5326158203411969
11.269475787886599 -0.4202203981994064
9.562052591663711 -0.8963887142943321
12.78050077433235 1.476877791586953
12.110830008753577 -1.366566648126578
16.777769803185105 -1.0300564590878478
19.351625343200627 -2.003258580580138
3.3406265828397936 -0.7728150800421159
2.0432928303098294 -1.8633228944790117
17.43677494080904 -1.0011785403700146
7.041585739911484 0.7965703728133875
17.20598437329911 -0.6431234334080471
10.055269726205353 -1.47172419452329
6.277963522659641 0.08643876907869234
9.56090413624099 -0.09049798338316675
5.211992500190802 1.7220223634196155
18.529933304126235 -3.866142017126699
12.808480895124973 -1.3949299127873602
16.845961625916907 -3.7042182790225926
12.636042788033723 0.2540934316101699
0.9992757572503224 -1.6875907104984995
14.320011885345451 -0.6427105139295868
1.1326907189219197 -1.514720659993562
0.002839490577662307 -0.007771801266339667
2.826075105913288 -1.2329529440993707
14.713695730480445 0.36906339095000323
17.30823223631534 -0.83250050632162
4.287004487300513 0.9685971155301992
4.211759241608116 -1.1778071377401136
2.243835406487393 0.603893225941234
12.03246139866742 -1.0187183414723204
10.031009995442103 0.6125233187520774
17.34468413565872 -1.1022385784120183
6.119670021178478 0.6357510162485557
12.98650174695667 -1.9693847504458202
4.15320543127181 2.1276009010328187
8.969827037340938 -3.2272039887993484
8.06020532194042 0.18505106312920833
8.413764846600232 -0.8265562774450973
16.740317580037512 0.2814549453376627
5.693486105431978 -0.48649896313435304
11.351345452869381 -0.9203687229006241
10.610164044538845 -0.7968543024292496
15.638441432393101 0.34755616851937593
12.866959614223912 -1.2766295029534105
11.558104383270933 1.0555746425201262
7.481004604933897 -0.7488639267821515
0.4941735096396796 2.8095421759091264
13.488092197754005 -0.35528101842704735
7.92239760868865 -0.3921246026731961
6.721294100158892 -0.5507525922308107
5.0075253610426635 0.13698249917413907
11.638055975729971 1.8044539603863443
15.307673855145374 0.6774975925052572
14.042266082577715 -1.079253248968218
16.246253656729742 -3.629934734445805
9.888174815005078 -0.8030054322567348
15.271583470679358 -0.9328608383500012
10.85406944152965 -1.3369711436626053
9.827942853268626 0.7766023024985478
14.792569469565345 -0.13037475860285488
8.394545471522786 0.3297727853662172
19.955100876497628 -1.22107031113695
1.1733478801336537 -1.0058252331043136
10.825703384147234 -0.31322838563208943
1.9817038831499572 -1.271588394835079
14.73907587577664 2.1304039311157474
16.940728790307812 -0.8522250291426037
9.53027676356577 0.7787522874201888
7.059656375751359 -0.7439463279184477
12.51143884606363 -1.2105611874424633
4.461208981066436 0.18574427661212667
10.432987847589647 -0.4270017315232381
14.099662480663456 -0.5173991829892972
7.143597425211094 0.7736077904409777
5.108860483711455 -1.8843668727877891
15.263520416612142 -1.130946645419665
8.668978452821095 -0.8452544064308269
2.756295532858917 -0.924892592457699
9.717130258984744 -1.143213020232993
1.0680683708852015 -1.4302529688385075
10.126441140100214 -0.8389074196894483
6.516831691588637 -0.4969042015084807
13.225698706034999 0.634106258505226
5.8662624999998645 -0.3883039946771703
2.170239780853162 -1.190686305494544
1.4533194076396514 -0.9308603870878714
15.894692082109131 -1.017842040178864
6.032511574501113 -0.6761032820697713
8.796682238272059 -3.9352091907012094
0.9320993572952142 -1.3208314231901517
13.19334220599193 -3.091046786241053
15.073739102895342 0.0957674845367717
9.870676909864397 -0.574859233090933
5.544903330330361 -0.6407224857132439
5.438581596257107 -3.672120733731495
11.336978901305457 -0.43634535630964
4.660344729457494 1.4953537682990525
11.00300516124018 -3.458564617810597
4.545793404698133 0.15868530521871904
8.430433184523647 -0.2958150292093733
4.839797445855532 -0.7973640299039036
12.113056733921578 0.23991996209610694
18.63056450899053 -1.1135789324861993
8.650582522432227 -0.4653108484471046
9.574837398150576 -3.680245031930117
14.61390942663152 -1.01520442947781
10.124471125033553 0.7910638865804496
1.8426015506063014 -1.2216392707654418
3.930059049276461 -1.1545442589345487
13.888629597801648 -0.7972012077006845
18.673141362037285 -0.9758397819045412
2.6714133485577793 -1.1914486763818257
8.362973761959708 -3.3563404241229513
7.12700088879081 -0.5160244737310258
9.175460160311713 1.0256624136363839
0.7827243584570631 -3.4216825885491375
7.620879921877057 0.6573747194279866
11.54007614055289 -0.6069645077742223
10.58770284867104 -1.1460139540073428
7.727216401941989 -0.2949327496772942
18.218441928439617 -0.996067205649129
8.564918220973292 -3.70519651670006
18.152369027339045 -1.6118749047870067
11.017147513789878 -0.6961565257522246
9.762263997691798 0.1572878645001201
8.644878442208965 -0.17443867454656245
16.091792370958153 2.481232842395705
16.670291639070637 -2.5875365868911957
4.053431446001512 -0.7915613470322539
10.23800353709559 -1.6903524032709203
9.588059538934441 -0.8180695480209845
8.418598289792609 -0.48434335450598853
8.901585849808571 -0.2766460078791744
11.504916940298614 -0.8181789953332209
2.887955692406577 -0.9358951883568227
10.968212136087004 -1.3566944992712355
13.14448412203402 -0.866969577827477
9.198390324710873 -0.48773018358587183
11.651605692764967 -0.0020600218306404683
15.028995904112783 -1.7820022150490762
4.943592247972315 0.5922814287140569
14.21206856541927 -0.7151138857788928
5.120082958893915 -0.7661263733534673
3.9924000292831465 -0.9411201519890285
13.232500878871408 -0.4635772054268626
6.503194000075823 -0.4169677450781998
15.319247193606909 -0.44635484065592085
16.24272625822388 2.2343487758543388
0.19456440205842246 -2.007443904796404
13.560256073927068 -0.7407919083111978
3.453375769216347 -1.0599175025291934
3.7776682868587947 -0.8989509913355169
19.866612880566485 -0.40473805351551284
1.255990780498362 -1.4049924888027776
12.011956099815277 -1.8005234756918713
8.654049692560633 -0.4044673052093414
17.3032882936571 -1.0721060212029558
10.011544798125982 -0.6682783440457403
8.322771395210047 0.45172360973251674
6.395871872767057 -0.07125054668493185
15.928528043251672 -0.8977448045870448
10.808904783891968 0.1267712745397882
15.243635773470336 -1.1318055277686316
2.298021445069843 -1.4328506903158147
3.518956361456425 -1.1021232627289106
12.145647363908923 1.4344562823065585
9.054350772493747 -0.6671887997048305
4.943921663804103 0.06899168792541642
7.786826313229159 0.5572006172820255
13.06344321287933 -0.530509245693264
7.045087304479447 -0.32874376932095795
5.382208905919714 -0.04325049911351364
1.8839784333761005 -0.8809375258672754
6.9437904554320244 -0.3527145550261481
5.910010044053488 0.20271048470252573
17.31644946387156 -1.0561600518082457
6.665550867059044 0.36438300086809156
4.029403964112981 -1.062268544502175
6.512108679243924 0.20069140767584762
17.800611304502386 -1.151271630077129
11.532140801196432 -2.0262348766689144
18.54506470587538 -0.6513539734210896
13.768475075299255 -1.2158003017828167
4.61937604212672 -0.26328382913378473
14.850073621181506 -3.5912189224422337
18.05646569399587 -0.8627108336945781
15.875240173490022 -1.1147729443657712
14.749370777705925 -1.0760663492549583
1.4690707882393181 -1.285187102152215
0.5148627856438315 -1.3937610442371569
8.244121722544048 -0.6146486811386191
11.858055900813026 -1.1898097575423878
17.15912634474506 -1.134868823048055
14.521527681903994 -0.8262623579882843
8.94663138676059 -0.9439120728534793
12.10241035881092 -1.0120964075015488
4.13986042249118 -0.7408818231750247
8.455505082907205 -0.051226786299597336
15.3194775271811 -0.8259775329534371
13.225387948773264 -1.0498896616778133
7.614464223722208 -0.4467612614342099
9.845155210440904 -0.6159759416978121
8.642880651660986 -0.490241891985736
4.766893147323695 -1.026084421771111
14.17369614559535 -3.0018716003835806
8.20086734403921 0.9870436548386547
11.485737708643667 -0.725813976362746
7.3392060875720535 -1.1806248657951368
6.1019379417287825 -0.311529226420717
8.988609265908774 -0.10630217242170588
14.221800433029994 -0.2531743778216444
15.302038124270087 1.843035453231449
18.115296988075304 -1.3485713071384267
10.634679012453278 0.9165209937222376
3.6544940823768064 -1.2638620989636984
7.19072046512223 1.2756601606580442
9.606059432670593 -0.4221185494307322
4.3944902422625125 1.3049586097681174
10.114431169051635 -0.695277047748228
13.888368759783651 -3.0378527089844414
3.6530311237284496 -0.8510941708753486
9.073263904369057 -1.5078836580186186
3.5937154118857073 0.190374578932918
15.732964034237362 0.03051924636680995
11.317493809920414 -1.1443485160957187
8.269922366938294 1.8217511963607762
12.989090575669692 -0.09532151882596504
1.7869546421093858 0.22867276598274724
6.550799941241808 -0.022382321710132755
1.3034336967040914 -1.4691393730081868
6.618081442627509 -0.07068991956017026
2.2387682620817606 -1.119391668531522
10.421617199241249 -0.6195876332658249
9.687477466218995 1.4138598203888262
0.25552353709520437 -1.9361157187730447
17.367835730402604 -1.181618981998959
13.416940242252839 -3.473814031709393
19.392801814626644 -1.185185914539341
11.534015621080838 -1.2407381994111026
8.059164325941127 -0.7924604825096264
11.46443538642348 -1.5861107820888578
14.758636482452927 1.9263144989664789
14.888238671554245 -3.5632888640549285
10.213510521485945 -1.3115992548073951
11.950976456998879 -3.760827873778086
12.716277391886774 -1.2722190802689632
15.556910393301733 -2.017872973278954
3.2573985349287127 -0.7735989009855316
15.227929198758966 -1.346105734810434
13.836962688914376 -0.8889175999311317
1.7342800531248832 -1.319833881312809
12.05574944019173 -1.1495744419573786
4.028098364140864 -2.7294894195100228
9.80921475742741 -1.206707269542234
6.211623107847042 -3.9549377586401158
3.9215069809044136 -1.1572351020308818
15.28752950423723 -4.712052277608214
19.667004951590865 -1.4901994549463422
19.29568298488915 -1.2822665159511117
4.066086379358436 -0.5729271998870259
16.25977985763561 -2.1526131681995637
1.1005714657464298 -1.4557588310890255
14.62346940477607 -2.367881263662617
14.2813145257296 -0.9175608414407551
5.978657643500825 -5.707006109210749
15.767859541106342 0.7112199676602347
0.7939805151144852 -1.5976976284889148
5.5971789487140455 -0.38892081325327754
15.817406255121458 -1.2547086657049977
15.497942326589717 -1.2222820870327358
14.032128714579088 -3.3724282744856726
14.371307541206308 0.09221068257633397
3.796541882683122 -2.235477982471756
19.240219686950432 -2.024000534257003
15.959178441449057 -3.0391450271700537
14.419614175341422 0.06522176418770306
14.130975728216196 -3.2810836372410357
9.73828359624185 -0.9246451073215055
14.500394333419768 -3.164072980668391
16.919909863007284 -1.2918818542754649
13.26408744539507 -3.420722487076082
13.066334241389919 -0.844921801792207
12.053859583569741 -1.435668357695492
7.846664396775216 -0.020074875758946967
18.667644977484443 -3.510567276086846
2.143056781203803 -0.5350462830093416
14.913141921140642 -3.653781780186273
15.431667668475978 1.3077681610515177
5.128960485856311 -3.6139024068115844
19.532670133918625 -0.45703931091992206
0.9098490818696027 -2.192059897684486
18.004527055270948 2.607173462320776
8.082268981619974 -3.659335251666883
0.3703480035823669 2.4983780773207576
7.223473012229968 -1.052035363144092
13.010028503804605 1.1739952015633321
9.313789030477396 -2.658076118003147
12.491989635982659 1.4464691995623262
11.716396521766606 -1.5217088821473974
18.584359348551118 2.211856618119049
2.0363532429721247 -4.018776639040189
2.3313985863967868 0.4147626805140322
17.865731495273234 -1.0499498533380178
4.364346493437226 1.6450713254695695
3.885712759744078 -2.1247131597356548
4.660652283540877 -0.23776034458680634
15.791241903355607 -1.2198065925460004
13.39254347462017 -0.6597570362272854
0.5714054939984525 -1.687555767693049
11.799096518679857 0.9096936759118028
9.791374828551515 -0.5490627357195142
14.839687804499274 1.994711329664177
11.781630127301625 0.36754277604108665
18.12585123000147 2.502250036191149
12.506989746295712 0.24889790310353266
0.3810960034701528 1.6943966739951355
6.856942978769318 -0.15981519817331327
19.143116116398723 2.6016087369876777
1.1979335284483628 -1.7301758366946136
11.28393103595653 -1.954822888027586
15.594839169338231 -4.044313979387759
18.536346218697602 -3.8712735621714907
10.508751674700791 -2.0045930389139457
3.867766010610421 -1.0147885829483771
19.548942985998252 -1.102505314792492
11.89984021603984 -0.6928274584669873
19.6776730663015 -3.3162240418606137
12.496158082555262 -0.5511323352954711
3.4544815012809287 -2.1365344503940498
14.730583897680257 -0.8200612714767016
15.801609465563637 -4.299119045328982
6.807684350845675 -0.6960310614077512
17.282143181028577 -3.445182141209633
15.788803358193732 -3.0737996337346885
9.982793993968594 -2.0955332287103565
6.290149264423067 -4.249769900806105
19.533773525280143 -1.3535986599438663
12.44935006133882 -2.1321328749379274
5.822358779512001 -1.7598286873866649
17.124026799733123 -2.0138362397775023
17.183729016644456 -1.4042168523995917
9.121284264466432 -0.755449653276171
3.090695511481065 -0.8999764689262746
1.4450442604883351 -1.7036872645626289
12.107757785398361 -1.0645974322039897
15.299351266326088 -1.025914613585575
7.936825583562932 -0.2459662011391037
13.860826414492907 -1.3473909642209512
2.644561673804598 -1.1900533624335359
6.986956979237192 0.7529232068253087
13.566277270741184 -1.0274090479906692
11.163301775198608 -1.1766403962197858
3.635993862903246 -1.4543860104586137
0.18391338802845233 -1.1990373270710473
5.352743752883463 -3.502195352384586
13.395250130348996 0.9480618378614037
0.4308923373271578 -1.3057435663634573
2.734949230822816 0.48797065299148795
0.8347251215971845 -1.4752390869703629
15.455994643398277 -1.260111659547249
4.703996685286512 -1.1200783936381569
5.431120081356552 0.04234326830324373
0.06212374119268366 -1.1613701391613964
1.020594775690735 -1.3375145899998444
15.598168823053792 -1.1501054243366635
18.83714119720288 -3.7753015465167037
11.082069576367033 -1.2389956650449077
12.356468137095664 -1.1393245556017666
19.38709198755747 -0.5863536655841513
17.563575488839174 -1.0221328649069288
6.195759767710527 0.055682816599815735
11.075901142226842 -0.8401182333327585
8.329699890370094 -0.0877752527494497
5.467391425673138 -0.5403227899235197
8.049537300066882 -3.4848469114669434
13.64163058879125 -3.493821372412856
12.049021090386185 -2.2594680300136774
16.10584135367034 0.28168444965380135
1.4592519774156663 -0.7558339352746727
3.4420514942858893 -0.9622779250515172
12.216188069814386 -1.0804214521408264
18.460867991369835 -1.1668978032140624
17.14401525010526 -0.6510596723356252
3.6272442377288945 -0.7905571514013399
16.885439388622675 -1.0388099221409322
6.166244522699766 -0.189836726390947
0.3101726024983774 -3.199598498989452
2.1312176836176917 -1.2141509336086964
16.5997340009683 0.13422408959536436
8.43781268196369 0.2302560959418482
2.2897613560158545 -1.3540784494302907
8.644464119779801 0.20232813460861274
0.3934483599660058 -1.0041367573003808
7.83727825048398 1.3716295250076573
15.779861585324912 0.19713898701915805
8.3145060593886 0.37283787673609375
19.469010755704954 -1.4510170929708335
1.006644189485138 2.830915105579369
17.608229660697816 -1.3343195049451857
16.593561112901288 -0.16317373787406012
4.374849964434455 -0.3666482206963693
15.430560906853062 0.1216712179285663
18.706866727066608 -0.3055811543207744
11.18142372122218 0.03731352897581934
11.800475689887849 -2.557331413652557
2.5262240905754845 -0.5520118690343726
8.50602108016422 -1.3372067366712719
0.7890458828274529 2.4158455918077286
9.204276548773487 -0.38138224409722343
14.752479051765853 1.458684457087207
11.371797013739119 -0.7258883155734495
19.85939421179806 -0.2743218281683095
19.487467666801 -1.1268563667535882
2.4432598759655595 -1.591584152057221
3.9696748392569066 -1.0032039101603802
10.547271867955416 0.77720933923568
15.709379558444782 -3.7164564653711794
3.8425150045124483 -0.14816752975879277
8.620230975429518 -0.06648850474419517
10.568169981196787 -0.9362904901927296
5.393774956145811 -0.6034211024665739
7.301272569536411 -0.6228279015927298
0.28970482326803826 -1.0285680277962659
5.547083191083534 -0.3546512667692589
16.975494781104295 -1.6686547126524955
6.479883999077239 -0.7284029755383261
0.05813796730467631 -1.174893761886064
17.09711145469359 2.3174371242138747
19.542447394978737 -1.574497853214093
2.4762349887582666 -0.6338908121798124
9.302895320826213 -0.6772849542659911
12.299709019073958 -0.7001979405121571
9.168351760643617 -0.6625606733011535
18.47844269949332 -1.5656398699212062
4.288480357366941 -2.9154106097588715
3.7174747134490107 0.5707874637170234
16.05610929653229 -1.0795058354066127
13.041904646313656 -0.21165618964717972
2.065506470785477 -1.1015988772421477
6.66962344153812 0.1534819201006335
9.454893815248417 -1.1085787066645356
19.915801015872763 -0.1507368072562924
10.12791232650582 -1.5263959318986275
19.66175650200799 2.800190463410871
11.913947367111716 -0.9660995408570661
13.88370972239099 1.6440688603466467
11.13000038252356 -0.899847712626281
9.848486247190074 1.0708797665222207
6.229528187027815 -0.2041167006724422
7.524322604994622 1.348529869949542
5.766986609703248 -0.7745031788972371
19.057744940671085 2.806987205945665
1.58125967619762 -1.2968995508579177
13.226737519105555 -0.34853737228433707
3.2250013921594216 -2.123698862742931
8.113981103812621 -0.18311284029064673
13.10355760958491 -0.4542984452006889
14.616385365370885 0.37024864808016056
18.004236763576237 -1.643160408173763
16.377343859358504 0.4441801131253229
15.84783961881221 -1.1880254092433542
5.237017404065374 -0.4437402750979104
9.071591150815847 -0.7285894912088138
15.722754105392566 0.14945314977624946
12.239916523228844 -0.5205112087043394
12.013479393386438 -0.7886489587339567
1.9144685556580656 -1.1311895765743845
18.46306424882114 -1.4392793838856175
11.590034751372992 -0.8466702328221085
1.3216768442315736 -0.46741854889429846
5.304851239788884 -0.9682413395197575
10.252839188003245 -0.7025040564022831
18.69861189291716 -0.9676376798575788
4.502575526957934 1.0029413674801786
12.632047543149454 -0.9047495858007506
9.684993933726002 0.10896444637780188
3.408987797726257 0.49395565629269134
3.59014326302578 0.7145649538847243
19.962821793093934 -1.0054865527317176
2.4147619661054023 -0.40474723619642117
15.723021202988335 -1.0812723426277078
13.010784923728579 -0.8838629432967645
15.721972721115511 -0.9161197998396091
7.871417970750313 0.573329647277836
16.34708084943262 -1.0163489872164058
10.64485242674395 -0.709620651216538
4.8610501956212175 -0.9130086896918871
12.079904940097407 0.11578242349392144
12.3873873486306 -0.6154551932052267
18.725018538570843 -1.0011263952748612
1.4106853427080859 -0.9411980932628252
12.6502233958362 -0.8542890097756953
12.010461459173078 0.6558868743339719
13.499501409339274 -0.7800666596351712
3.210641436422404 -2.0582673676767804
7.3318010270885985 -0.6253175323134239
11.325280025293099 -1.087298924025171
8.936543119365538 -2.004318141753676
12.338033116608056 -1.7691417222538137
1.996685325544048 0.06293088519787415
17.234316067090866 -1.2300252271752092
0.23428505922594944 -1.0556500304911953
15.490910508055169 -0.9138722190541665
19.72489109917911 -0.9731780819720108
6.337672654649349 0.3394987478448738
8.085147833439851 -0.28288813871353286
18.32984714375246 -1.142877274776048
2.7113351184546737 -1.4620686415582511
17.377225555360788 -1.2455764101505167
2.258165485580163 -1.358573654707231
18.23103804991766 -1.173281001966988
12.38340122849555 -2.203124101841742
18.10642406415891 -1.1076843451953213
3.180059969777209 -1.303996457399671
4.282976267129896 -0.5852858477435858
13.474826851677603 -2.005266607207561
8.09802667904355 -0.38519855091604177
0.10169901863884898 -1.399717018504651
1.6941936296787339 -1.0685037578137806
7.606583323553839 -0.17334633914488995
15.95888075963259 -0.9750110354444316
11.387878294138842 -0.10008333395023884
3.3649438623624275 -1.7403135143517918
6.588291118945364 -0.2593997700871051
2.3383446997708623 -1.1703745371295387
15.35223724495888 -0.7490540082664132
4.0399621386308215 -0.7585427439266678
12.836482296366253 -1.9979029610120778
19.021637464003536 -1.167146291746252
8.960676974788255 -0.4803394167042229
13.046296504096482 -1.3907802617126204
2.3037165568758153 0.29925423804704493
1.1566930284450088 -1.392156710901655
0.06341179083764786 -1.462096426531934
5.056440936675469 -0.009826256183280806
1.6011582853532982 -1.2718903092624254
2.5792474532726155 -1.0782747113054252
16.246342961457685 -1.1295341645709094
2.011590837954819 -0.8363283289383902
12.22291163343494 0.739073989636232
16.21054303896841 -1.1635641291245735
0.9207649448404427 -1.4391097510448052
16.837020969795695 -1.2685773886232483
11.751644259103706 -0.4266217256355597
2.590762429698093 -0.7150347145014181
5.1083093565329865 1.840474252808999
19.031064438894372 0.039037659565147376
17.932997291135 -0.9939147269945676
8.072094239108145 0.12916763838273643
0.4035809424554374 -1.9929347532749686
16.56457282851851 -1.2110804537479873
2.3626701993898234 0.38333335322659445
18.405322214942228 -1.2940776855690372
9.47077431732091 -3.995828221662922
3.025314153043101 -0.9633813342307274
5.771941355949712 0.4339954748937489
0.784084998678932 -0.5293471706135491
0.8264263675065775 -1.2656721416553678
6.407418389854114 0.1151181953097648
4.397007567872146 -0.7703770070023434
2.3264742920932746 -0.8685750635711573
3.464190240038827 -1.2620450333227884
16.103688434409648 -0.6011528508190951
18.97876515235473 -1.4893693669853048
5.898687682482687 0.2926016534041019
9.518109379303862 -0.8935869738184761
1.2378444852648915 2.2969842301219026
4.37773871442728 -2.8523751058980205
10.88666384868373 -0.2059510541059286
11.992193687362697 -1.0321632681139832
3.0589926476327602 -1.1175632199160013
6.1821262176394844 0.09150245827410783
3.226743557668307 -1.0949295542869117
1.330128872027926 -0.2784461645874235
5.007704570888927 1.6232862823103584
18.612133321262792 -1.2223110708751004
17.730363598546436 -0.23930776113795624
3.5691457963295568 -1.6013756747710082
12.957359683754365 -0.021703253557702334
15.974473490969928 -3.6696753549202037
18.546818175268438 -0.7876547953419413
1.7509179622520095 -0.9094176398577867
8.642183756169034 -0.04564572758722434
10.907569643092778 -3.6457328457562594
14.373430779427649 1.3063235343988735
12.431755809338162 0.7148048819204246
12.368113683251437 0.7389259073463496
3.6492266049019224 -1.0279961142342415
5.288538248897441 0.32923579478936377
1.0129525135805493 -1.3601355462559397
11.646734390328442 1.2006555677230997
2.602433120713766 -0.9213963413121777
9.1691950033476 -0.40134224049371403
11.140615517607637 -0.9984554286779211
2.66354139171211 -0.5019276720587817
3.790683992216843 -1.1875752987916617
13.989652733036008 1.929918478851805
5.461021653087955 -0.31472616085275595
19.61462668023193 2.367203380807332
5.060458220873977 -0.5878519888698309
16.846356802936537 2.292502778635621
5.2167280235159375 -0.09523959706180561
19.119123469204002 -0.35758156746295333
1.8157946063877366 -0.40977965217233453
0.757315708409463 2.7591759462352505
10.964805770094358 -0.7383213276523474
6.808718760629335 0.000878046382807765
4.730317275936185 -0.3072416578662917
10.635058602031027 -0.3175336391423861
18.439058966072523 -1.5806408114043542
3.493117675286484 0.3116973840043149
1.7354151718818644 -1.1920328682915522
16.16049805735458 -0.4489029487397775
4.09871784161033 -0.7308514781108785
3.8850936638380094 0.7481394661203568
10.323629032525401 -0.6694109310245021
11.787304427615954 -0.555373135811343
14.775761689751523 -4.074911449906918
19.69152391535012 -0.014655402032220807
8.80010459513575 -1.9219905491173774
12.928580930742612 0.983453237275825
10.895485858357528 -0.7744214814631531
6.790321031227823 1.600185292384909
10.867476420341045 -1.135510585623784
12.238667170594585 0.07482505381719794
5.594539757009776 -0.6282999821334527
3.60458905264157 0.8356758332114089
6.36465903385719 -1.233779031092579
15.990452199225182 -0.3573705727465136
3.7641261825826815 -1.0071275717331694
17.007766488372102 -0.7354054255913838
4.030008297101277 -0.8349255936900378
6.291053956585697 1.1629432437302045
8.379407480751585 -3.952795968775249
11.417141925368018 1.3035145239975163
12.294137014599668 -1.6232989202858454
16.263185984508848 0.3317035686714008
17.755342716602602 -1.980073450209427
3.0340930629099354 -0.25143741324596414
18.889741390055583 -1.199598010697261
10.822097591257231 -0.5213332265232673
18.670770027700403 -1.2318302179715883
16.40234334795272 -0.6669104728726556
5.306515154364866 -0.8240981411190791
12.930689274470819 1.5115149289268615
3.2755970039054327 -0.8901905313007762
3.5355182343996896 -0.48017841726312493
10.023186611991093 -2.4751808388862746
3.666473125322172 -0.515827579084411
2.673872061190327 -1.5597393805070143
5.699823181754682 1.0087081943792684
3.4763102972635758 -0.6801749020032082
10.523275276191566 0.3667764952880103
11.296363674434762 -0.983877289408743
9.164619650860587 -0.3504345378785975
4.761341297821959 1.6522557714665391
10.771375032320194 0.7811180049160258
3.9329912639427693 1.869407373970953
14.512981375759923 1.596186181279827
5.44955674671516 -0.2012522640570796
9.544463923488681 0.8694790007753179
12.585775789663499 -0.6892747108533865
9.21190692124339 0.8621420956833787
17.50286910134373 -0.7125550621996654
7.434699058265692 0.4936959965660153
2.7179706934808054 2.5317365886004355
8.582188107387704 0.7271842167579803
10.752229089316227 1.4360517347001485
11.916300476566827 1.241299951550583
16.029340863551262 0.044376920305669906
12.99973253623766 -0.2693445259224431
13.708786373740011 -0.35961282095409325
4.529304395623152 -0.9891809101957142
9.734454884023533 -0.738147539993509
4.74456554431122 1.7407281038566023
1.2011995187096234 2.8706121661543693
17.050325314332785 0.024746384708179317
1.9131656815896905 -1.5290489226446868
7.77406979924773 -0.4882658550568148
9.009960046465574 0.12543545778527554
6.269199955409264 1.9004667571893616
15.934980837331079 2.326885830461667
1.2041784005034029 2.7471875209510053
0.11435777034813577 -0.7083282151276731
18.916444209282623 -0.8821476044818181
14.547130409501978 -0.2384859117782296
4.099475421641963 -0.5829290083159578
12.957595532213995 1.5346006422850489
15.057215518200644 0.14098220128384642
10.810870612125221 0.4770581408994029
17.087269895912186 -0.792986130227276
13.812402039037126 -0.3785239545230318
2.3378073931110706 2.433026744653332
0.24551285309582577 -0.9656795538028062
19.829885246976925 -0.8698716413368275
1.0955020223306797 -0.8793814022744866
6.826617340180835 -0.6400769199420633
4.290183006797924 1.5996694489882115
2.410853071084107 -1.5969940804548044
12.227013625389056 0.34911188578377506
3.1957753750626616 -1.4637381070647704
4.73046341359234 -0.08309645301365497
0.9411332143760681 -0.9936068646305778
3.7124039078614235 2.208160386813714
17.532252073984427 2.510185456765405
0.5111560686849765 2.592473244769416
7.624343438210072 1.5804539422548194
4.728397320788726 -0.08359886042811181
6.633199755776861 1.5491218600186842
3.933006501332787 -0.5027033402730918
14.772291762543697 1.6489022984241943
13.196311702043044 -0.5537434227766433
1.0835864642877753 -1.5469842773865585
13.331244856132619 1.078843151277354
7.552459531704102 1.7370882830829875
7.775011809092474 0.6723090996141875
0.40769313748757513 0.10917246008672286
13.933152370725592 -0.31437887912193707
5.788555847997843 1.860990156646226
5.397415038497551 -0.7713868487502387
19.621589531724563 2.4205346533279086
8.798416790940598 -0.05867839691762395
8.155174251681943 0.5223688102706627
17.306460937165173 -1.208996207029038
9.516288968995791 0.794129713688309
4.350136722378219 -0.6927771106395293
3.891056407023906 -0.4343308618372745
19.978052678757585 -1.235226496671479
14.52148379652212 0.37972862408454133
11.225627872729644 -1.190329088348311
15.59375274472888 -0.9325900977777349
14.053150267448828 -0.7286435924485487
0.5478613238862261 -1.1632116057528972
13.716815660737126 -0.7710615315469258
4.024902209983903 -1.090708676889247
2.3322530911420936 -1.113856775578244
0.3405346866052925 -1.0530532945563127
13.03306200794935 -1.0552513892162836
10.433022302979717 0.18622029759353903
0.0722757212629439 2.637151858301182
10.00632260339782 0.859931638510148
17.121394767677003 -1.0864519307065441
1.0021756336458583 -0.9328039117580886
17.719751553992065 -0.9966070614002471
19.24261110991602 -0.6691427569310332
16.143047762692156 -0.8106099318984975
11.048587826097268 -0.6835948394373341
11.860423441381718 -0.9304219762281445
14.187234653504264 1.8254700198177154
19.709105225760343 -0.5736474492135065
12.365955548502358 0.6098117598785014
14.671909196807208 -0.0776908325755424
18.74462781561843 -1.5378402947795082
8.437968484544582 -0.1020383465107668
3.7848590349281017 0.6573012527906967
3.7686883890847276 -0.9016119230490816
12.830021490741734 0.2666008815132004
1.6103116476154398 -1.2941466916065154
6.184294812192732 0.34675088708851165
8.24120002172364 -0.09177529783666127
1.5084338972878224 0.2336198634804076
16.03399522524111 -1.2090488727545068
10.322984581479169 0.9063173708904241
5.744023813373815 -0.2802832075871536
18.238450638770107 -0.9671450446992417
17.278178467132182 -0.07533117278503274
17.18025755463818 -1.105968678492562
6.915294117431829 0.5507094292812211
2.414975641422487 2.0255086857190756
10.35258848015459 0.0358469846478595
13.38264874007431 -0.9132558586999595
7.756707333351917 2.2412291449399064
15.689725159175318 -0.5884828171868796
2.502855869056627 -0.9054455975376303
14.839351595125045 -0.27590928287258587
12.424307753626696 0.07473415471192882
4.805313556254123 0.15605419335395126
8.07297620206083 2.394276672580069
7.130960596833074 -0.08491866661100188
7.261652184851078 1.4126048210619715
1.995822731955164 0.15804022611264495
3.5397602179312115 -0.11467289388416123
8.42933476565004 0.4764017334638431
8.296619673458723 1.654256338179023
13.020597785227036 -0.4327962059388423
0.2653977348653037 0.023337548950341916
7.363112630885621 -0.3610450351880375
13.788630274166458 1.0756145254693354
1.2630176191107343 0.1883040981173375
1.6514008457670202 -0.738776513616452
15.483778956930028 2.1586304983377107
19.292830341484212 -1.0859120757529646
13.348251927103751 -0.3603272006885107
14.383627146370486 0.0788663791471079
8.64320512042012 0.07287562456029227
7.876991615791033 -0.35669852332980395
16.312654051002504 2.1571817467087597
6.6970634722209015 -0.6945395558341554
15.476839089748404 -0.06956080210513402
15.843406669336904 1.9029306303078106
10.502536440889015 -0.7248197450901079
7.492809361859224 0.310801337368553
10.746866780218848 -0.9052260984089562
5.585538895702892 -0.7879461133801202
16.303491894372165 -1.783327301931364
11.092321109784981 -0.6711901935126424
4.626371572212447 1.0456950542773626
7.756878325159912 0.22267706801555365
6.745264121919175 1.1046130085861718
7.428401985779896 -0.10270910248303372
7.2466592603916435 0.332269765129016
7.738236629532541 0.4109099416403441
6.890225525377442 -0.2870159748261878
7.901941266507177 0.28500837271544316
14.22598917811101 1.654200471986451
6.232645820079829 -0.7111030032601015
17.013429762730922 2.3164233803647196
6.86814060716088 0.15705730504886403
16.6549461533561 2.633933982175603
2.9579973629316747 -1.8085696175294483
19.631766831838 -0.4044278598874281
1.9055793888877515 0.006149789466816449
5.953164894563512 -0.6522727074841986
5.262278798283924 -0.7439626257274479
8.126701035479524 0.9952934810652792
5.194888387300634 -0.7700303782482374
17.325128769117175 -0.06411801552870752
11.879533623172133 -0.5463288356004239
4.387564867624398 -0.12751013101428366
15.16910125264117 -0.9357978015755757
16.549216618048266 -1.0566569807868542
19.362728299018507 -1.0696488880314157
9.922334493696042 -0.5237031563999092
18.979976865055868 -1.0979232094675224
2.842954242071681 -1.0191839966968983
15.71948182082446 -0.5423982472731005
2.461284728400498 2.450877004524788
11.507149890127632 -0.7977013541439649
10.094884623920985 -0.6981196762385935
0.16617728636968015 -1.1390898146781792
4.507467202062746 -1.3136374740489658
17.2829893131858 -1.1222892056297815
8.49950073778143 -0.5317346793664985
7.982561661190177 -0.13922784521825304
11.256566717612856 -1.9559427928639648
4.050697056424537 -0.8357806897939118
16.40966827356155 -1.034846297397713
10.234249257365242 0.0013268163670235311
4.435449027341631 0.09882416580023372
5.020719985685816 -0.7708623871302521
16.250423564754403 -0.5098369887894961
4.675570086951668 -0.7523006186466101
17.521031581139365 -0.7827811725724103
10.283150420632866 -0.3329489985071692
6.4445808240399565 -0.969096952199552
5.508450062809156 -0.2732406451732624
12.75138723569551 -1.157061977187628
3.762889003316054 -1.0268345661548717
8.095645083212833 -0.5922735779679598
10.304984711060975 -0.3009582194196636
16.81422128848623 -0.5384262103327822
8.285975581053288 -0.4673710717131269
18.07858664488212 -1.5888487721714921
11.406391770868872 0.2738993796437156
14.58738377905293 -0.9067635370478495
8.877310594982463 0.41828865162865797
5.0457366952163625 0.35420386648457564
12.900286173969947 -0.839843642748101
12.898097582379162 -1.0385713011280706
10.332266184783556 0.23977851806819267
16.188142167870936 -1.452759746466394
7.849304623667545 0.0009521493198897529
9.237147615854996 -0.41909983299980147
7.847170545541139 0.11743909600219937
11.9016372763055 -1.9693828599117045
10.93674704357018 -0.6901461576405691
3.68659039272007 -1.0821004683029896
1.799256949163298 2.6669579578934863
4.147177158935383 -1.2241818052505893
1.7477640238330108 -1.082142309025583
2.151370757944057 -1.0145639810562248
17.74036403465432 -0.998456586460855
11.606750778474426 -1.1483876951253236
8.878715684569709 -0.32311928401171924
9.601231747903705 -2.01010643664279
4.194676428428158 1.0770049210355963
14.625136449917873 -1.1182553458411275
18.920801471317542 2.4998216469918453
3.688380642736288 -1.90940237877423
9.332465159121037 -0.5184496866814354
2.174673278313006 -1.8116876602638807
8.740560279369523 0.4345865395229539
4.099616822439927 -3.549722601743296
19.322706035722454 -0.5619033148367271
17.31620929349071 -1.3494263711571548
10.407042474630627 0.1918132872177466
12.157514307410782 -4.1468105146891565
17.94661848352854 -0.8299732598474812
6.594260105206164 -3.735782155587008
5.454684081730813 -0.5576054179102095
17.61967294657673 -1.4158385703270662
6.2824443905374805 0.6259272359191662
19.111390595624695 -1.404577390567475
1.5820376991597467 -0.8987411199492233
5.610418691269924 -2.6089571089619845
4.699566379130879 -0.534968067208158
8.539190758579036 -0.7633365205570006
7.524246881847287 -0.6367176991314816
7.79715284289485 -3.72853612372863
4.12658232697261 -0.9509700394968099
0.34700022559321053 -1.8024034955312926
2.0936677309463385 -1.542669534998326
5.56409486812621 -2.532288355111747
8.878877826001753 -0.6887379015144686
3.3513572744265883 -2.201475181458418
10.594580377036495 -2.0522168495074187
9.887304695631308 -1.7359990105749072
10.568204197788303 -0.7274852564082495
2.599229701398641 -1.7630581690476788
4.0189476282987755 0.8158396025450985
3.900867396511427 -2.74214140870604
15.314439525260395 0.48846229332178986
13.49057830471182 -2.0974624021829253
18.885192624463787 0.09550637859243226
17.582430475534746 -1.447675510166581
11.8077269541647 -0.3882152008253167
8.461341343711972 -1.3535673910914874
15.478872040995983 0.16861941394408295
4.823373332601415 -1.2558679531308743
6.691260305435598 -0.6475662200750691
6.613883108258993 -0.9877646408205576
16.862899604601104 -0.5973454534764204
10.781388548433483 -0.584177987466344
8.283685869833176 -0.5297346112581756
17.082621168197093 -0.378168517533514
5.652508726633429 -0.49208819049322183
9.738739563823641 -0.6117504587639195
3.3399666541266924 -1.4289390323149223
11.78711221020217 -0.480231617839177
7.349016850708353 -0.569476081932835
18.84866768287421 -0.05424868340585116
14.945947361685665 -0.43607266429783215
17.60897761660948 -0.6420241105400899
4.218250479277776 0.8121698338359514
3.7178293032470546 -0.18388443504171806
9.465944056378465 -0.6544080326887596
18.83026821492396 -1.121389168362117
4.473552876750564 -0.8914703641718105
19.600970345537956 -1.324888739523721
14.116253320050046 -0.17933670414772285
2.547376946410275 -1.5368415539174154
13.00973725731525 0.6582862762825238
11.577668426252751 -1.0337461213584436
14.061550782155004 1.1667750300577688
11.035932829000377 -0.8414876087021465
8.358481520465691 -0.2786590948746866
8.72668967725764 -3.5061591434671127
17.64152792265105 -1.5510806587071342
12.46004552785531 0.09943391140321518
2.3360168278957003 -1.1778597666777684
5.428515256147946 -0.03858537508255286
0.6862489404785992 -1.6596586839430751
12.15619621656534 -0.5905500781401335
4.134777877248805 -0.9417952718196818
0.8292164453095153 -3.4719301663887854
0.37569347590322877 -1.7078870514726558
6.150537836450755 -3.862740467114299
15.569629878258626 0.13967848204654296
8.12427445072304 -3.43736286912731
16.611886472996005 -0.7026804969988716
6.1438626860068215 -4.178455968666918
17.390415767990408 -0.6132037442438816
4.334923388876782 -3.6129662114014414
7.147402559296418 -0.2586590443983452
19.02167184191324 -2.6860410288416325
15.198871386192225 -1.2300867836552631
6.083488947129152 -5.765826150059039
1.9420067665913214 -0.3924571332946265
18.11447296440287 -3.938170805212769
16.23644159568094 0.14174078420822137
18.14665508211297 -5.763326155390827
15.174952877517923 -0.7247716722032528
12.11188835666219 -1.8728192547863793
15.32008610022524 -1.342573130144619
12.784175527679238 -1.655729158343697
3.803685718409812 -1.2507363747355658
15.952256891832027 -0.1280047203050375
16.31264419931117 -0.8481021777256813
16.26947816572825 -2.098293001134549
3.845643089440274 -0.11765312379051952
4.182767958292161 -0.8738021461386056
1.0580515812325246 -0.0711828357034276
13.738769213860339 -1.2494647684753415
2.982549082440087 -1.2519026603443186
9.428457102010249 -0.6873954545020158
11.241254200712813 -0.4339608868448255
8.570346961016622 -0.631221869301736
10.17174173278598 -1.1019657911199952
10.58392713660031 -0.6602241634636461
9.15152558220807 -0.3484011232177701
1.41679016999007 -1.6142240301288537
13.904067059355757 0.033191717340135124
17.42480352367692 -1.5439670653955742
18.24778118377712 -1.5882233408261666
19.381594176856645 -1.1236831691228655
4.619436008822064 1.354153762705646
6.292066577493172 -0.9535563476289447
15.72170272001164 0.32432788403857904
15.850016991391625 -3.371362474460792
19.505683632913957 -0.13649529473924948
16.3940278266228 -1.272304042535101
2.411200775058166 -0.5060621060208644
13.294296346879234 -0.9038496715306622
15.555881079019247 -0.368829297371369
10.270009303025718 -1.4542035671132296
3.208231179152773 0.48248995708203585
11.861317951621421 -2.296276333555319
13.486426311729799 0.07771242986770702
8.113527313872186 -1.1619492272806116
2.888309592268714 -0.5817116833762148
11.487144807964725 -2.3546951927579034
19.699630183438973 -0.45647435731772207
0.2556502890393445 -1.8230323011822676
3.3263145900484656 -0.033933147394369784
13.309335639920816 -4.577229414950062
9.948500519813882 -0.6902877681778882
10.276708102400308 -4.411093216583306
17.486479243193898 -0.7294636544109713
5.639062970254222 -1.895128625550727
5.5498114265213205 0.4367606607099923
15.019741034194944 -1.6482511900176797
18.41185478335144 -0.7667636970351925
18.783097216263624 -1.3034168335648093
10.536626478554806 -0.8481466164356555
4.47196131300084 -0.8908515429282202
15.57838664622075 -1.7024632112240106
1.8446804236567225 -1.3833295415842009
5.458980660782875 -0.857773121674523
5.535954428715426 -0.8430451395221835
14.197292218948062 -0.18757949803545002
3.303224955942234 -1.3453450199249386
19.207799200070596 0.023342641728796173
16.122494737951122 -1.0199785836443664
5.182074009772166 -0.0716122034038333
13.844656205081733 -1.2950215876512177
19.6119595018646 -1.5932800056219794
3.02256496608506 -1.8084816167764681
9.702232370742601 -0.39231661718452665
5.449996517342253 -0.8983369431160111
0.09990511800880372 -1.1527222812101967
11.969700555985616 -1.0342682884415706
4.434387922348909 -0.9837777038538986
12.427317180249085 -0.5807610850378421
2.8630418363431356 -1.1746547752097654
4.32118642322205 -0.9812434574861072
8.569670592531722 -1.3415938421791
19.128572529032475 -1.1661204305706114
5.188025140548279 -0.7501378378899952
9.11876634313986 -0.6307590201657021
6.562246900586822 -0.5027238477539473
4.258652336005529 -1.0965935289393682
7.880862302032611 -0.40524626955540205
16.36777972222948 -1.3155047589275843
2.345756852653382 -1.5982334653280963
2.9768731933125245 -1.4373864240670475
2.782909294070033 -1.0462772049851137
15.762668785386655 -1.8011273665229144
7.226738007426606 -0.513870757022626
10.401048628718334 -1.3400041536118146
0.5240298864920567 -1.6390592322520932
5.303484132273452 -0.7250188282006689
0.9989406474734746 -1.4788502381839332
18.270339775027132 -1.5147691550634836
16.86166823500333 -1.2107834596038218
0.19255768845571247 -1.3576194555630767
5.628438892478999 -0.9793439159069283
0.3452099593504009 -1.360596187880148
18.068919652598815 -1.0812409484083927
8.083791939963998 -0.8089345416188174
13.765421247291725 -1.0404042401874387
3.6477878522169687 -2.373536969584361
5.547187789470091 -0.7865290626376976
18.190903357430667 -1.3135367342825501
0.8886410636404753 -1.5831745506362378
14.793046034458749 -1.3438230552669144
6.461799245589561 -0.23063600504967
12.838554330302907 -1.3363830090958742
8.353305038446342 0.8978825088573922
2.937622690025367 -1.6212800639464457
13.817692867344617 -1.0812941572894017
14.569040091155596 -0.7123269349725204
5.5754745955206415 -1.0250970935785297
3.385481467183584 -0.7367680621733943
10.237280775181526 -1.5206559930762422
1.1326631845554886 -1.2759876933301604
6.864503380115381 -0.843682789643138
5.617124851504928 -0.5677150433137979
14.768128522387935 -1.0142062453662377
10.528985962484489 -1.0306646688311454
6.7416646231149056 -0.9593316126740896
2.2834088915997057 -2.993889699026153
11.982524450960527 -0.6615371571762024
18.61830479243474 -1.3767372704957674
3.9476676792094 -1.0075468764674549
14.523630081281693 -0.8979126576748324
14.319604598144615 -0.8076565586597483
16.221224029646116 -1.1451642167915355
8.25560243134599 -0.06258942089997332
6.260071353506227 -2.2080591926568385
7.680094721068918 -0.3012898724350762
5.777593307097482 -2.9755747197936455
13.53775228181947 -0.9850929340002785
5.9115020614886795 -2.7774005964099007
6.5111585412248365 -0.380350423955359
6.3307599262227185 -2.0969881208264707
10.746055880377144 -1.2695852812733228
6.038743873261496 -2.4307806590140886
2.3274020223842498 -1.105035327125149
0.14103947931704644 -1.4644354289940824
4.700957924753094 -0.9502181758248678
3.4494998778826464 -1.3616926002800727
6.12403009455151 -0.9235423760530436
6.920726202481334 -1.7447325305099144
19.94988422244254 -1.1453370328892096
10.680740857654376 -2.0373332604408847
4.278476595313813 -0.7607471690197218
11.007788681647348 -0.8889608817440366
3.7550443283257775 -1.4369835680113991
4.444086946322964 -0.8174549794872381
4.293081757151899 -2.0693822557625623
16.98562025423324 -1.2758763345376587
3.8134989129900076 -1.75349054519704
12.033438353888709 -0.911423057652265
13.688457463063514 1.2407794268590047
13.484045244929096 -0.3874001799738037
15.511350728167095 -1.6870540176979991
9.90640004080068 -2.3693464595151768
10.246643617139073 -1.4317884812923254
6.626799617818837 -0.34479759776053726
9.312497078664254 -0.8119417759848628
19.578292682081265 -1.4096087216904771
18.328421266774278 -1.2160140239154194
18.654781041436706 -1.3287175174967358
6.085753976293654 -0.48684816433138733
1.831041253507029 -1.8251293576146301
7.219219752983367 -0.550724940796411
17.97407281321265 -1.4470132063867382
5.8253824866386665 -3.5001285119544585
10.07033819615445 -3.6681015807174164
18.62007531097592 -1.3166081278716075
2.1745722922662596 -1.3282627233137474
5.647004676479989 -0.5022676981180599
10.10285809215661 -0.9012322155794754
4.102739666134065 -2.4504168316511596
9.890919903736 -1.5896722900691247
10.141126404788418 -0.5010888510715763
4.00999895148557 -1.1166790741927377
3.792681020579176 -1.0967320700389422
3.762980683410801 -1.4876660420873151
0.42375757472286235 -1.5703246053382018
9.279286655907772 -2.5551549838881207
1.7113487582204394 -1.331403713572631
6.0041358337765915 -0.38817944052289366
2.806128757149216 -1.179795452989414
9.024302106855101 -0.6488429212119857
9.806960601529731 -0.7587746252805269
17.087883966829867 -1.4187762507308306
8.80726184059377 -0.03981273426780468
9.018821027971063 -0.726272129050022
3.9395873705661244 -1.0114292492708072
9.417569697199923 -3.718659699698076
9.477305622811455 -0.17419954443464447
5.50298184796807 -0.8053346575801341
19.96074869218622 -1.155568415862518
9.815985022722842 -3.6480336193327085
11.682093205824854 -0.9812396266892833
18.840022888815263 -1.3266660393025032
4.725991772281993 -0.8686593457943891
3.961941848247943 -2.6099726984588756
12.16745029174036 -0.19464700997132542
9.51565956255346 -1.5439435067362521
9.756380738728733 0.8084695475058961
17.06833984476852 -1.3871698969726278
13.875884314510573 -0.841758105903668
11.824035456951195 -1.3892474580178134
19.847986209887043 -1.5792115247232381
10.504048081443619 -2.037568601660616
19.637542813543053 -1.075534035147374
18.428230101913854 -1.4111771033841478
9.878451780161479 0.19262537121673584
17.009618066050706 -1.3823955328402324
4.638677534388123 -0.5327856850442957
12.140311235023711 -3.7213439350711375
6.95755641315539 0.8100183899341391
10.92987051996726 -3.5584757483708924
14.932109437865419 -0.9497937341298778
10.72952193393125 -0.6364214585375967
5.255157416610537 -0.6750239604071913
4.680104294349605 -1.1210339450953506
2.133668988640615 -1.1407662194688863
4.714452810935375 -1.108645762087176
13.16882516399375 -0.9845789740814228
9.903922524165132 -0.8386907472354315
4.358941562212969 -0.6595341822967518
8.400519473728776 -0.6107673300766828
4.870209538999556 -0.36570201060496166
1.218771203650166 -1.8149281790096057
3.9979758704538706 0.9922132407437632
5.542472449742213 -0.6354102046196761
4.811001734626631 -0.5901481431243275
10.182126244041559 -0.7951563602004155
4.747659457585791 1.8043975327635886
8.334503697429454 0.6591831142673118
12.870374073135322 -0.9303659557996552
11.067165831705118 -0.9362789134453541
7.139243574572751 0.6083664498451034
7.680461829697145 -0.6732405847150273
5.150076530337752 -0.5215327141619809
13.80774757412692 -0.8329582675594703
18.857190479535856 -1.0248412651639829
17.81091687313244 -3.4592359796770364
6.819024946476128 0.4670760462961651
15.367858428946123 -3.471804757442622
5.164320069316316 -3.4080408513147726
14.25070841888073 -2.164848740028633
16.92619525293802 -0.7838455948626726
11.440546529350865 -0.9785309519210502
2.7349555584508978 -0.3001052860702159
3.628580368255983 -1.5161073445556197
5.26058636597045 -0.6033314822700326
10.149596497597196 -3.5812863396835675
0.7507674603390058 -1.3885351087023314
5.220402084447601 -0.9525768377260202
9.708730750674853 -0.4055019251248318
11.33985984011779 -3.5822716986958825
11.013184638721324 -1.0513120876228368
10.083635617961821 -0.0784045816196272
16.730378125264092 -0.9914040156268566
7.811055633502962 -0.5834274519796387
4.999879202251324 -1.004485659272126
17.724470879724976 -1.0081505462967817
16.326241670063993 -1.135621267075892
14.994159574813418 -0.8080843803960762
15.258566700103152 -0.966681023509865
13.504842779417226 -0.8746904112773312
5.482073933770599 -0.5761267987597782
4.605546035927842 -1.2016811689489493
17.87722095904682 -1.0989545165641745
10.929619117003949 -1.1353595365462097
0.5383927382674597 -1.1691732281383564
10.787580303295606 -1.065198294419119
10.43927483963475 -1.0972453966027809
13.308178916898092 -0.8245641309737153
14.193765022412085 -0.8122480082312036
8.173144843580157 -0.8540502731670268
5.348872714205884 -0.25898171795948105
4.474515291611526 -1.262183293150645
4.367453162609934 -0.6111845008558132
14.398312769246887 -0.7681057836005631
18.328434498758433 -1.1118323908365237
19.1539054320849 -0.947250284451762
19.186373824096492 -1.1408749450705145
6.75163659322754 0.21790826281960535
2.680779597028554 -1.1237679248187287
0.5375265799531188 -1.3425356528753292
5.348941803260021 -0.2985891190198003
2.0620948229904528 -1.8439559938573742
5.101617920979786 -0.34239401416118326
5.516716977247732 0.02669359991382149
10.280873193608418 -0.6491482425435604
14.162092104841276 -0.797023107269577
11.747747915277008 -0.5328918678181926
17.12748692146668 -1.180255699788726
15.873696492468351 -0.4853916728211672
19.89307801625746 -1.0956159651505475
8.126007791801074 -0.17833692444627058
1.7237342778769005 -1.1552993251896568
11.437952232057487 -0.43779783684263707
10.653355834174066 -2.8801979374183055
7.125934661102762 -0.26691801894636724
10.277064402676633 -0.859042251620349
3.2160918213282983 -1.1243841578866693
14.36585352057437 -0.75384553545381
3.851402819129038 -1.0578195854559245
17.23856568150444 -1.0680816004177238
2.473995757240888 -1.1875897852879347
18.819149049298577 -1.4834462236381556
1.6554427929106992 -1.299619769203922
17.410660036727013 -3.651098794470439
0.6633400095739933 -1.4464018202237618
17.087176226845113 -3.7060560419102297
0.5950189164469593 -1.4461722066505946
10.58998808042484 -3.409738873039671
0.4153051371368247 -1.367715808862811
8.913917745403584 -0.509904870539567
15.018245038344487 -1.3001528259967574
0.9640869535184302 -1.824477048578449
18.18582069253872 -1.185130832813628
11.499425376234385 -1.051255101219351
1.101100978471899 -1.103209817328323
4.855507519651554 -1.1405176688198488
12.649245168163015 -0.8346823467462006
2.573918595940192 -1.6530283459618886
12.057484712493933 -0.9184972053464683
4.683102071682828 -0.3660179237827859
12.621368550603888 -0.587612172418926
8.66991918787285 -0.7622442612002776
12.998186148798855 -0.37799898821412065
10.497334563579074 -1.2399577971760256
6.370324088216578 0.4058849346717263
13.830512183210223 -1.2359299127655468
4.161445984298775 0.8978886923955519
3.0889343576772434 -2.2139825248677956
3.973926047654397 -0.290979235527037
15.5157473044679 -1.1376377374186055
11.016487851808062 -0.38770452679569495
6.74525214107915 -1.1660819818951293
18.19319647127634 -0.7315209013776146
4.050566521866629 -1.4617966005422756
13.434055609675408 0.07198551480290381
15.375095562049383 -0.8249103556830191
17.475460620337522 -0.7541506297630417
15.802739722956217 -0.8820626168341599
5.688202896080245 0.9678078934400991
17.53858380901823 -1.7340363723492456
10.39746690685711 1.142687739367994
0.2923005669239169 -1.9402381730122797
5.993275794792289 1.3947374981656617
19.188446792384827 -1.552019573037324
12.391717286641992 0.6074980809128502
14.439447372593243 -0.7406541847032583
13.148012846230868 0.6251983714656955
12.444086760953521 -1.7946810571979301
19.502078364742292 -0.5191370639369877
3.6620655142006724 -1.7315576044056256
7.882860752073794 -0.008372064800596199
10.338864766874188 -2.18816618166733
12.052917261720717 0.41331606488301964
18.240241739497318 -0.9968778532702119
15.938673557482392 2.2999884073851264
14.82259709976614 -1.2723898840143661
15.3306604650182 1.8127623542990952
7.712195296774885 -3.631356568781838
17.010291584497473 2.688821601559513
13.176037941666037 -1.3367281168522742
16.337991315688885 -0.16820149497386586
9.923124678537471 -1.7228863142666806
12.797536082558862 -0.27937795080953465
11.102623455733948 -1.1899498817769745
5.068121798054563 -0.6555570837192585
2.5279924107054783 -1.108279764141152
0.19884453681012368 -0.4099952623018689
12.91434611342105 -0.960341086935219
3.9890149240467396 -0.02850417371902038
1.3046731843817279 -1.4144412145319665
15.790241641817088 -1.1558062266379392
6.78006763029254 -3.8258426974505
7.958352039603455 0.36824201840416343
4.867104765699102 -0.9351827426486389
16.595434052426878 -1.151095201023591
1.7339476193784915 -1.2624256342661808
7.022497814295735 0.6318560759106322
13.14896710731739 -0.7734015053168817
5.484975719185608 -0.1165797927894758
14.080012932802978 -0.709252939504711
4.963240187072912 -0.6385017007572847
14.767966718617743 -0.5172846893398082
11.577544123817914 0.3923571580633516
12.63903264721405 -0.5001388671876792
11.035788166677595 -0.22937152776680803
11.031242015018082 -0.9348084631603651
8.2071502711797 0.12303964036779808
17.786914768341692 -1.9806840756881612
6.684109604284341 1.9367400309193892
1.9891197665580036 -0.556865225791261
11.608359194766253 -0.5239549401852766
0.9333794664091305 -1.4480376663946746
9.425986791235223 1.100926717081415
11.107724721390772 -0.7292197887859934
11.146882344469802 0.08760698457272661
17.54755842069152 -0.8439734306858295
0.11412709451327335 0.11885275312680459
12.245011281149624 -0.9430464467667329
18.396146171296582 2.342647987653297
1.5412403317432009 -1.3129286602715862
15.04888151240324 -1.1473646266778088
14.048272915927027 -0.8438149500236897
8.984205403970055 0.10075810830778256
15.581052167210856 -0.9487496401147374
11.449136667935896 -0.6859594425437385
15.009507386872937 -1.2023289196037255
9.913845782461658 0.30327906278975875
12.582305918182678 -0.5520050558622649
3.0239466581430134 -0.8972295413959658
3.3707455970768043 -0.8314215170412391
1.176774508951892 -1.336393697759829
10.78574248810178 -1.2453608772007956
5.229225180196789 0.934069834337034
14.728629639664883 -0.9280905972546865
8.718685132825117 0.38602436602716483
10.208965379165631 -0.6837693505281448
18.379630326662788 2.3936004213847717
17.60849541511822 -0.8200209752359626
17.95916935065654 0.1765365559617232
15.095041546113407 2.083271732994338
3.875315032601904 1.805256017821938
9.551294037695797 -0.43724830770915685
8.149137649382844 0.9711393040121132
19.70096240231973 -1.6837280314180882
19.26753610376517 2.4911261048948607
11.552540100912625 -0.8100736286458152
13.077314804692923 0.6822808308187939
7.022942986378935 -0.7401746688056838
18.38469967900821 0.13028921204526045
12.82879701220865 -0.8411350060854413
4.7474512632768855 -0.07244516587706572
4.921393537169339 -1.1556717725257386
1.5639629832115727 2.444485316928031
2.795465911787603 -1.1556651034451495
1.6693608147485426 2.414322525525528
15.971164216015028 -1.1490009129212904
6.608511680258983 0.5372601807713682
2.068081419512253 -1.1886178662532567
9.306109041276702 0.38817502194510733
1.9865883542767158 -0.4949074868244648
6.06503247344284 1.4618494511389737
13.521814647288036 -0.7831002322059204
6.390342510830064 -0.06948733896901801
13.667733077962245 -0.9054984401941786
15.424663529444164 -0.7807734271653382
6.563998920240687 -0.5906176986362155
11.194347027722308 1.1989786668377824
15.368328940562678 -1.026506500976354
13.992018980040232 1.4865057573805043
11.382923682199273 -1.0977262252929936
19.589216391211373 2.6804314567872014
12.424333961773291 -0.990922696166259
1.2138341151822278 2.6700093284653246
3.5895836709584246 -1.8413521716069845
18.986736077519858 -0.7658025176129318
10.662981541837535 -0.9818354552192845
13.861539478355592 -0.5756560608901811
16.95989518792203 -1.2611025477560358
0.340299160642616 2.6446203870366896
4.453428946774753 -0.4587078530950995
15.109075069816765 -0.7780677516931348
10.731402144406838 -3.4054539132565145
13.700930342865302 -0.6064580174348954
8.112971648862985 -0.5169594225387317
12.08560375990453 -0.8929534837296521
15.031199816363538 -0.6863530376584083
9.553219102086528 0.695179036749233
2.2497096799398166 -1.25470993056778
10.278281837363378 0.10905385155271205
18.95188966808596 -0.74455098416018
7.471633704027441 -0.11969209641680872
9.62496054522062 -0.6950375937304032
5.627647739855992 -0.43355618720103084
14.082982575596318 1.942862447102798
2.352866005498703 1.6678919045215124
8.357644993490647 -0.5073288166848923
2.8810245005613693 -0.6484200276883872
8.856095009797007 -0.7937473886388275
2.7645502648973896 2.1435973543520532
12.931168043129135 -0.9755662964176414
0.4156495404893356 -1.0903379883827238
4.375205612221036 -3.2344051635167577
2.7211155552962896 1.896288521814478
2.9064508032120604 -1.8042944735841808
10.727047684400315 -0.04622858530757779
12.676186094926413 -0.716377483373429
2.620652592489006 1.8464989246130872
16.983267244880274 2.6933988292074074
16.296576878946347 2.4939484464858572
1.0249423574575256 -0.7147249068209856
15.194442746730612 -0.7645512174986266
17.965066188963526 -0.7075773668906635
15.059291673277771 1.8684980128646864
4.226623173448067 1.3998571853821384
10.991255285114573 1.1017087703664992
15.00576903555506 -0.6648735363444249
2.2388872827917696 2.5188499902855552
7.308952256275569 -0.6445158425670876
11.226146285936943 1.135880674411738
9.496574514414537 1.0461611059768188
2.8249903747589498 2.111203779540988
19.527449572139155 -0.4552474559090551
10.279245065418262 0.2551249158494998
2.6382133456701555 -1.283015136140942
17.309731005891752 -0.9945898691441724
12.428996552851295 -1.2301881691258625
13.497554571167816 -0.7180311402448546
0.5380512753927712 -1.4547470538868978
8.277926266403743 0.5690934112280878
8.271976166917685 -0.6629737805348641
13.660169918754027 -0.5603947262287929
7.774905313926663 -0.5675700145659397
12.992674731913391 -0.9029721984062101
3.6582991191366365 -1.7826468399842403
14.419966934616768 -0.5274556453784556
13.260114169824664 -0.9436975147589481
12.813186465720197 -0.9306339063966146
4.556788537337415 -1.2694851967710548
14.78297266035735 -0.6988454362484741
8.150148939419728 -0.6742042632132595
4.042989404623252 1.7235334968559857
1.3619338540504273 -1.5437158840382406
9.934788668283387 -0.29206828886782427
16.097125112660468 -2.1378945880749947
19.843068880236764 2.642809364325998
2.0378058133697987 -2.608064237775743
11.660684956359685 -0.6918465718751405
9.14527768626073 -0.7156770287846221
11.476492630285428 0.5307710242246769
18.433381116797744 -1.3034847309610695
1.7991873573936108 -1.1329739775352174
7.687034870441948 -0.535650062230992
8.287732127421089 -0.8542013484417798
3.4810551412257484 -1.3382109936194795
13.64015539017736 -1.262300745401457
10.056188821703001 -0.6794859103322404
15.181571513955333 -1.2658052170039595
8.829785104970604 -0.15709086847711606
18.808349498468825 -0.9542919405180306
10.447927521225592 -0.8522635798223328
15.175717857284246 -1.0830040766277944
4.438365349619683 -1.0061119831730116
9.722595119789862 -0.923477954688139
6.492075044794137 -0.24326887865563449
19.25710796770242 -0.8485431894288221
9.338955054771699 -0.41421095643721395
6.4282368044533165 -0.35306414376018247
19.916373701423392 -0.8650725220672553
10.294735216828235 -0.8203391884013983
0.49546268953055245 -0.5131724961950084
9.985346894405358 -0.8521957307575525
8.63285888025986 -0.22886100121219552
2.2054831318561554 -1.4571685484444445
8.672968339596054 -0.1895927706692833
2.756960034890316 -2.366718615948678
18.821467350817638 -1.4592009167449536
18.525113928256385 -1.1393185817452156
2.584980366811784 -1.1657385125775426
12.675429467618423 -0.5459873743407724
0.018987250876990436 -1.6304025392733292
17.232068069186884 -1.1908461146506557
6.8498517059492565 -0.2759542152412321
15.117226677463629 -0.7331581102533611
2.1525320584334993 -1.2713581793499409
1.6466715653906459 -1.4921685982874706
19.08251523122945 -1.438102358963807
10.375877794820134 -1.0432011399321923
15.080205165460303 -0.34037024108819414
4.931941865395937 1.2019311796237178
8.40282921104759 -0.11518935871846757
16.098467236883312 2.422864852063706
8.885580649806549 -0.06472223151025427
19.74724558612634 -0.5958968415883734
6.460442328879057 -0.46617242788874236
0.5502094784407994 2.7715756222708143
16.108315560123785 -1.0556426325486903
13.382166668363126 -0.6119378065133
9.913333265296634 -0.8076230144512735
16.73697816463214 0.04918171068469654
16.799190640262964 -1.001834578769153
6.787472987772178 0.6067103338899994
17.405370820639845 -0.033894015626251384
19.68883753322953 2.5975786652777635
2.994851919180635 -0.8553825866787272
13.571286979438536 -0.14447795399180935
9.26750631672369 -0.5482846093086449
13.510164869712328 -0.4309085340932091
11.65422481884256 -0.7208671658384564
12.492258314561802 -0.3344724537967809
0.7262375431021916 -0.5843806564044293
8.122658263892285 -0.07095307014137268
10.887473674419173 -0.9818782233003804
2.659405996983633 1.7276158837219981
1.786377839879403 -0.6895153239918519
19.33111670473265 -0.6862701424728263
6.613952265612902 -0.3267003004367814
19.84193560387376 -0.8855899708669428
13.075701555155554 -1.1577132186528791
8.338354064491138 0.9235660166114444
2.299610036852931 -1.3621303320733817
12.334947770179344 1.4234204229342784
12.895276961679143 -1.3990787105300553
1.5437016292108952 2.6787911674071743
11.40711534959262 -0.8042126745864302
14.37695458483847 -0.7133018013157184
7.749269973716124 -0.2529353231877007
18.341736407807826 2.3721657715810194
6.525941018998691 0.009886884598553206
12.093873989653893 1.4164400103894323
7.632921690738726 -0.5310970925352031
0.7715517799880948 -1.0508994602228248
6.624245987206733 -0.45361463825499787
2.217664412854816 -0.6263166576825338
16.896118451522156 -1.0107360005808528
3.8025736909863967 1.842590723042094
1.9538314815008766 -0.646012955981994
1.244383929733556 -0.6177119677282347
0.5995135755154399 -1.0137458042854566
10.181625236925287 0.6776411545284897
6.238413959638831 -0.743976781256564
16.488847860146173 -0.13250964769823953
12.562862690756416 -0.10649219611966725
16.60763559393412 -0.8155478437601087
8.192253674819257 -0.5948760895020133
18.794783955476554 2.6619681326273077
12.051034410636886 -0.9240853937311878
15.97282066947357 -0.7703721847178521
10.7038792828005 -1.1150781785993567
16.789087930457683 0.16192492308929216
10.987527030749424 -0.685675505315349
5.1291241023716 0.15788022224440934
14.539905054999933 -0.6773992305544956
9.790518054224496 0.2650168241680459
11.590231148025897 -0.051027104823025346
5.153493967256131 -0.9984693125829573
12.488309499609594 -0.33707981961974953
11.52970685132827 -0.3776033542274382
19.10174165099124 -1.0285919682293658
17.971514755548018 -1.145176482909817
13.89270009513626 0.8141064812416294
19.74556090265399 -0.8217931552895703
14.368953973336032 -0.24899753286403678
19.555371557614446 -1.028423059303296
16.875874132807958 -0.27555902537421173
18.287278500555335 -0.8806779664163279
7.5927069314831845 -0.11900159120957934
19.125083699692183 -0.26348296371554614
3.758383671830475 -1.0164877844955673
3.4343328557610278 -0.9262206571086338
14.46456288760718 -0.7591152357070236
12.306993549931633 1.458584306065362
5.568853166775033 -0.027895764666797718
1.8295412599550782 2.3903259237655674
16.188630129896833 2.2101258826777417
14.007595916721284 1.9122906580162349
7.361987014652245 -3.551140368640107
15.71074414751168 -0.8337736101521616
16.065165708590875 -1.094800495281061
6.111305655279898 -0.3359364318828858
19.572555760358785 -0.8118007763810938
4.595187503141437 0.1569064200640743
15.3677842530105 -0.8665992988860726
8.182348111606716 -0.11112402451620192
7.031604747376127 -0.14592482432580944
14.068934259456604 -0.25929138463679235
6.87165675590322 0.3202993346813645
11.245961244195714 -0.8294177311077294
5.035817129186223 -0.5229865471919158
7.201942538214738 2.2657749315111015
2.4971955227040064 0.009079971461099873
10.57317618345786 0.08885302966361144
15.08482276327635 -0.9717056044065754
12.577958712161442 0.7528531826814603
2.155198260497827 -0.15428578088837858
13.630792193414871 1.901142852240677
18.34847829509067 -0.5806083586968356
11.761880004315671 0.21990354920276628
16.737847092639207 2.217760701526751
7.522869425076296 1.2234976655094907
2.565230727252362 -0.2774924777629936
0.9816921121420784 -0.8961537739728713
13.924838975234843 -0.046688882009862716
0.6459285716997336 -0.8657155494437564
7.004910360793682 -0.3870380047394877
19.332006070011886 -0.9530386012966068
16.95919132427905 -1.0851472409622132
5.539660990741999 2.018267926369069
17.5688326070757 -1.0016015091308537
15.79322483979484 -0.9401332166247534
16.32808846930522 -0.9210292807402799
17.34679784249419 2.31162726474355
11.047386730946505 0.8417049938379195
8.743797297231678 1.8055653456431595
0.025007224333726 -1.0898529626441837
1.2854400412044837 2.4237637135606733
14.443013913112141 0.42438686957672245
4.2247870198312345 -1.0182603213203831
13.259809839078113 -0.5039988839864525
4.62665657287217 -1.1724662268747967
4.486776815459424 -1.0343647462748555
3.939873435426997 -1.3413023533795805
3.194450332477726 -0.7720182982394496
13.518189734002588 0.7818844741117253
6.804180171469886 0.5156797352545828
3.57085116387273 -0.05101298285782493
3.818381846761914 -1.4548043053874513
8.086364968210647 -0.12206462996469662
19.3027969938655 -0.6916279234991328
19.51578339907632 2.669034703395253
4.141382678729114 0.08254108821403575
16.22520529836865 -0.8640992438364868
1.991269185342496 2.0372512472813322
4.200490385387402 -0.5581820916840867
13.25904454577265 -0.34888513329103626
11.546372762634876 -0.08247716131036402
17.889757083811386 -1.0995822566883422
4.337237129744975 1.0132524621807253
15.242469221153467 -1.1721301126140617
6.193153142486103 -0.04913941210417132
5.899309966363287 1.9607731549011627
9.248100264647583 -0.08682095666528097
15.116617636975905 2.13499978893845
0.4928891616343255 -1.2549022988575431
1.6719523681464654 -0.9343194738839481
7.7412404541140605 0.6653055791367045
2.3194509757181456 -1.622512033543673
8.149992227107695 1.2082539060560709
13.488127668707195 -0.8996390946388609
3.643712013248564 -1.267426438149253
18.628181856675273 -0.7434747635422413
16.653054861966368 -0.19792604190565902
1.7065846406945413 0.07833052617907206
16.769300525778277 -0.7312079518003021
19.543682771392923 -1.0194354774208296
17.019360823949043 -0.4951402358635848
1.8761971464225635 0.18906260586491813
2.142228613893379 -1.2139520445412693
3.023945194935185 0.4597914660160496
4.5001547782182625 -0.5408249552943689
5.396411890853846 -0.5696455709199724
4.496233445688782 -3.2522762339260076
3.5176665991928546 -1.8506419585562581
4.901672922306444 -3.3073489446530977
14.474125729150204 0.3785042954754916
14.611643228654465 -0.5468007643314055
13.763203499635294 -1.239894616020771
16.179350554938114 -3.8413758405575646
2.179963743497015 -1.0107237772318705
15.302961879799525 1.6828165547893974
4.466475631872646 1.3006487207920243
16.528704031421036 -2.9316581938008643
5.3741544478222725 -0.8624200727547053
8.589672427033474 -0.6996458871605196
3.6877774004839448 -1.0545353129547859
0.7785391125474408 -1.5736407458472357
18.25837606580823 -1.1959517064287017
4.065322927271913 -0.7357142634044916
18.708345011556748 -1.0133837601746871
2.644875544269413 -1.0964296966546856
13.822753039912618 -0.10443028596785822
10.47514629163746 -1.49809424722122
9.231455677057113 -0.6103289004568107
18.092370852773534 -1.3878533133392217
11.847025746175143 -0.002527226294714191
6.926102397925023 -0.2331483376517192
14.370306355293932 1.4154759531263286
7.432740239578287 -0.9120541923565388
10.807571219227839 -0.909285752269962
13.436694616534119 -3.7440241363206503
3.0535290151396897 -2.2297021469692435
13.224921035042428 -0.469698393140952
7.694612229868176 -0.32065827387948675
15.44875361257915 -1.3096881151694293
4.011115924076637 -1.1808089846076646
18.6292274667454 2.4610871210255816
2.140671464118657 -1.4001615493419677
11.995682821069584 -1.4042789098883115
8.203555534725336 -0.5546726871165077
0.576224026073807 -1.5243633723648577
8.633508637233753 -0.5958516085024563
9.745174440950601 -1.1623685109357957
7.151690849672047 -0.7184145709783745
2.2986205070955408 -1.658770610931063
3.5102010351980284 0.2564587348982048
3.5716043728864153 -1.8436953107660143
0.6792356514537525 -1.3724285642069702
14.886682616707876 -0.3156820637382498
18.641853933338748 0.16927863819958833
5.012906532588566 -0.3535155980631031
11.041733724559922 -1.0754163895204036
10.985406034116842 -0.8448671228814191
18.725806082632374 -1.5454844822021567
5.738312975812514 -0.6695629854742983
12.020732931724998 -0.9548535604426979
7.2134603991039015 -0.1759845608484925
14.683281971374836 -0.2912377409839885
4.026716659001214 0.7095861091565087
2.681086285741392 -0.8578240380781227
17.497199844131806 -1.1780403485650492
11.212513018270789 -0.8014090390530585
15.990764972233482 -3.3859419895735985
13.928789048577645 -0.4931670621797948
3.8253508326836267 -1.404385189971111
6.322200269603994 -0.7187264057013908
18.899063721842627 -1.262294199638981
16.675064706333767 -1.1767675062102387
10.330432241101663 0.01877696287131833
3.117335824435241 -1.833765117905646
11.266855884191239 1.1730538150090568
6.160625214567312 -0.5336524702205735
1.9315772687742079 0.5078579382767903
14.432194756795997 -1.2073011979463673
17.98326857255417 -1.0877983189774152
4.001530776116102 -1.5773833317583916
8.303903885789767 -0.4831384292081535
14.674834413489142 -1.2564189812437132
2.9067078604500574 -1.4656196115466105
14.279886677263324 -1.1685320247285669
1.7656316109479488 -1.602330835644672
4.168754108804987 -0.876441902677644
16.520415958976407 0.5652478287132086
8.568542094795124 -0.6536191173173511
14.783493138659178 0.7294692204824572
18.903814743989575 -1.149678092533439
15.115804097241558 0.7532018630331063
1.6876236447826223 -3.0138079876917834
19.94894463226715 1.4022103571636386
7.011677051803766 -0.07360998573217982
12.163956064172453 -0.8331144165283809
0.28812317324095377 0.045011433115085264
12.87022635808572 1.2395448946995313
19.943216501506484 2.5195188000182815
19.80354161484573 2.6123657582010735
11.799101837147418 -0.8898320166724683
15.114095901993277 0.8000094612656343
15.603253629093137 0.5027452208517678
14.718719646885916 0.8786480066077124
3.077401849643771 -0.17810690196294515
12.249328215931362 0.8443364986558547
8.840313409903676 -0.5903467112980492
11.061861587011965 1.2957676955799797
10.946949714506363 -1.1284423487421038
13.169706831653247 -1.229779573123851
15.804570917740174 -0.9094274486531577
11.538034665450091 0.4249604061333704
3.321223371557405 -0.9037432673287304
16.18341457817941 1.2540707493892167
8.87275207523362 -3.842370484843612
8.58010725686057 0.18211557716283572
5.439152355944784 -3.4609199828815624
12.433204873209087 0.9347326576078395
17.686763784587306 -0.7823133172216818
0.841852917476676 -0.9971439533021755
13.644378623640625 -0.9690571109728301
14.427794132137244 1.1104759416211334
3.744613599215149 1.087984565369508
13.039222792211874 1.2112797189382756
3.9283562420609286 -0.9844927095599975
11.69783158927299 0.9260006181224607
17.02467304706956 0.04126987742418471
16.03918076911016 1.680566005683516
13.188938218847369 0.7190227251356853
15.323644726256505 0.7806879801213181
8.418355470320652 1.662836194563783
16.295386227277863 0.2299702657364963
15.413966563605472 -1.1827094951064134
15.01430607823429 1.8833070584026348
4.160885213670516 0.33570114078618796
5.233658458238004 0.06228892017728545
3.357718052384631 -1.7523208544319222
18.355716291903725 2.059627511289598
1.1536777398396334 -1.336579722805819
16.777564957981003 1.9992523510494333
4.9294939564093365 -0.9852240913851916
19.848708442695536 1.4031375621819604
8.787798593006121 -0.11181035621351117
0.3738739976944076 -2.0080967241124226
3.8948889916968286 1.53858507640505
15.099861419419948 0.7428141287607891
1.5009160914336916 -1.3107290244970686
13.069131023106157 1.2137766356093649
5.842244954032269 -0.5367282209705958
14.708985074832288 1.775705039616519
3.646138810070446 2.2799385985844047
15.728282683270987 1.3779245196805145
11.590669133416396 -1.0201846502648144
15.725440870170255 1.6160734603113043
6.762997634165434 0.34905672685422534
5.990125368838911 -0.38336352032994014
10.769681706074401 -1.011970621443649
11.994740755631444 0.7790253811850965
19.948225391445025 2.4892785314997417
16.201222569506577 1.682455469749186
19.58588294943174 -0.7694255783504099
10.666073832132064 1.0904211800642267
10.770290029411527 -0.9875210470897879
11.734285518250115 -0.536031467051939
17.640095507968894 -0.5120668547097322
12.869583447167743 -0.7596901483783297
5.553472748373568 -0.6140770692774864
6.370296023321079 1.890005320672218
4.677365819902249 -0.7514148265830751
15.765303445389215 1.6012516729805102
7.033385579674688 0.4949565533396143
10.010167111111743 -0.804404571875259
5.994907554428885 0.05968975089231926
18.196775109163642 0.10034833770738093
10.590526692077697 -0.34290779263545634
8.679353400873095 0.17017881078374478
8.776995793559093 0.7548985917936031
9.624842573087316 -0.8773190066646224
11.363445361497291 -0.22295731793608908
8.245209369403474 -0.18185820893154336
9.780025226609451 -0.6667181914511436
9.00897101423611 -0.4902920295452849
16.121883339449667 -0.07273634628688624
7.469164983912958 -0.37837468583160194
18.629840637533295 -1.05656483943753
12.124882456886784 -0.5175017441691679
4.035501173892003 0.6739410971330774
9.125328320568565 -0.3866317358419919
16.426279893274312 0.22349835240283655
11.70917480371806 -0.8413971116173546
9.358308121331868 -0.14077692170458264
16.331414410791236 0.1851551351132292
1.3780178883031042 2.8434154960981024
3.816251092869933 -1.4185251460194548
12.64601262366845 -0.9062620934915369
5.246342988344239 -0.01754226715439386
3.457039098476099 -0.8879926266177403
19.58047527435454 -1.0255872523599237
14.481547897355217 -0.45724959259031117
6.361740195159664 0.1645306783571257
19.828072887937036 -2.086687405160328
9.377815076151686 -2.077794376859417
4.364461450883769 1.161819078253838
16.786769148869098 -1.6772559730798515
13.166649448962218 -1.4944249146246618
16.484394026967937 1.4211915713557548
5.980532699739581 -0.5381066706080292
0.4933359188851096 -0.9474831853089907
14.943803955923823 -1.4285818365992435
5.940259013970287 0.13554867605854093
16.46285154842791 -1.7437701282876439
15.15495721979695 -0.8596788860306792
12.828386531763838 -0.9288979903411735
12.067065934303463 -0.9287970828285045
5.531138125663025 -0.6665218126487227
1.0640703348144949 -1.2273245659266223
16.835515034102375 -1.2008902980592184
16.474434029700042 2.6042685825644334
11.063661034287993 -1.0163888868244078
13.583139456166586 -0.8091167080977628
9.211983837997117 -2.5341516817659406
8.860208462128933 -0.8119532046695903
6.403179953185461 -0.6973485655448495
10.800860313254617 -0.8150873945629582
16.064774829312835 -1.1479582027415443
17.819607616910748 -1.0198607430075461
18.210889780155256 -0.909241111665637
7.5988086846735685 -0.42274968042253536
