7.070664147288335 -0.4549386144049895
18.19523107759579 -1.1818662787232772
19.19556547562334 -1.0043716852259286
10.407706887202178 -0.8115815721092619
12.289123116884127 -4.1783583632361605
2.7667211206980014 -0.6971093870032761
18.365421834684525 -0.8604436478117579
9.314058715351672 -0.779555396714733
10.76869210020598 -0.21538666265907608
8.055644722759832 0.8309275298487397
12.274660830178961 -0.8365827945624917
2.064098319208701 -0.6006977886678073
19.165472289464823 1.2432351699851933
4.052854664930054 0.06769308736959992
9.122717529355901 -0.39682969938736234
8.835965768748416 -1.125927455406552
19.91443429708371 -1.6809898489233297
18.81075986602399 -0.5676251672755106
12.979716394922756 -1.9337414135931135
11.438166920171936 -1.3245334215677778
0.09624496832955584 0.9544367476641663
2.6485593769516314 -2.0732392446867367
13.674726211069222 -1.4310300094006023
11.718465683280114 -0.46849775727090537
16.500024650987047 2.6994119891651307
1.8190820863159527 -1.1065106802802755
6.312519066847065 -0.30687184047362603
1.9556331771438902 -0.7392122424175889
13.567669321197155 -0.04023014758868846
16.533502840798217 -1.5174135455092412
12.277865376173414 -0.9681717005646008
12.120078342907899 -1.5256205987598115
5.377991112662518 -0.9502978075621816
13.73268447480086 -1.93435313401242
2.3895937315002858 -0.8308128787988867
3.991164340152206 -1.1404635730425443
16.38886975110235 2.6917388102424127
3.050739808078447 -1.4983372166414195
14.224086623716484 2.875490043541825
4.210607132517386 -1.2372441666550191
7.9453493188696696 0.08095709023431971
5.230117918876964 -1.5093103685893894
4.522580401345423 -0.5731902925108783
0.5055793275279992 -0.4857240602880279
5.9394177891296405 0.2991822061943354
1.2430188171885097 -0.434647399326542
16.009288336959067 -1.4489301194912803
0.9944216891374291 -0.739505328468043
2.278012486225645 1.3788006154307417
19.381410218303 -0.8924261282092434
5.963095958174339 -0.5259674894750159
11.57861872780181 -1.2868189649456965
2.862616393932592 -0.6401554578221484
6.2837951700391 -0.13395722382947534
5.75792684076054 -0.5075830792342473
14.509041947349573 -1.8683774206699353
0.7863539136021103 2.55276886968744
18.3213646354759 -0.9693225747781751
6.381265277689002 -0.8339927360233728
13.59578651440585 -2.478815994298245
17.038315480110953 -0.7219674852058479
3.7614271416933787 -2.3011137571167346
7.957379879674203 -0.4988819745085872
6.560140193567151 0.04924565620767067
10.871993822103867 -0.7119456357385909
12.25878882405221 -1.8981324741861054
3.858307522639594 -0.25643929931850556
8.46391271663226 0.8110471552516333
17.2698059399952 0.19398227954267772
15.62662009065084 -4.276943956984956
13.697274640769159 -2.366927800170571
18.46881004579393 -4.194553577064656
16.59974784216611 -0.23995271888956327
5.201776623635625 -1.6067833578524917
6.270896525376585 -0.5875386377822077
6.761381081435038 -0.9618854804421173
18.26342213709058 2.5452248683263483
11.137444987674709 -1.1660544558778074
18.517340799829572 -0.0975044742292035
9.859798094949644 -0.3874162811369858
10.003012226902118 1.625872483902511
11.625751442397291 -1.6027728004362252
17.179186520718186 2.452485897692424
1.5511128372255898 -0.7136453941943122
14.4675370887959 -0.5371081770124188
7.725742765680825 -0.3799363701424696
5.537405986656575 0.1091703621730311
9.978774413058945 -3.1614060451898314
2.0345129783853464 1.4075952805072496
1.2288390159432596 -2.2294788443853646
1.6344873062713186 -0.4215843351283459
12.880106011085653 -1.9629956356345364
19.86236445012347 2.2869129097429077
17.275125474270215 -0.7911205279780935
2.977284958133439 -0.749342924850429
1.637330863232209 -0.5660397436561694
2.897670608635374 0.5451392603764391
17.84534087762319 -1.19320066470785
2.2463164299279716 0.9360708180663109
11.673202736038762 -1.7323670984908333
17.36948830643964 0.32404545135688095
9.416834182212128 -0.12146046484387724
17.024974393099463 -1.053429598652404
14.442678383697865 -1.6465631758540884
4.405928032730408 -0.13621636725292896
0.8016062764155579 2.590604167562639
15.065877419647151 3.1093754624729306
2.7807298120472956 -0.9891280474274309
19.388873238536956 -4.0492193572754385
17.303882209182067 -1.1380749715313303
6.144670829680508 -0.5152312768713874
11.518710298136666 -2.749561049529246
16.939546123428382 -0.044135867219717455
14.703811726317527 -0.8470278807394676
8.683876530042905 0.9795869149727356
6.455763452942115 -1.0041160920869059
13.712455447914111 -1.5400944654644613
6.5348073367285675 -0.09503157659599396
11.157530827255215 -0.8985669154525721
2.0518102081400142 1.7421402507703097
8.850089553569845 -0.31898436641239303
14.090875548242723 -0.5528104683827689
11.639530952156871 -1.7477183812849104
19.805965557413714 -0.7884433422555832
2.9608841247854727 -0.09426349285400448
5.104709152345872 -0.40144825563563513
6.820618410398671 -0.5141738136162981
7.653928239965632 0.5692905868833197
19.32078726606913 -3.6736856824070148
3.087656279767152 -1.1127185060629552
13.45839415243685 -2.072074991839267
13.741214826691472 -1.5933155775365726
14.417445105189405 -1.7947861069496676
9.62056685029471 -0.7071644977778879
18.40479293777845 -0.8168069228450696
15.056709446004866 -1.4075492999607213
1.7018456138381364 0.7898293101200176
18.796656466207008 -0.4649135518548508
11.486502405856193 -1.262673157578539
14.073078264144986 -1.442768347139599
5.55563493558481 -1.0051808659932333
13.739193239913384 -1.8057301641762755
18.858705074800817 -1.5676848211759864
10.40199338921819 -0.8296217035145184
13.881372517989183 -4.080407343980575
14.106110719756323 -1.1514002075288976
1.9327727021824226 -0.5278664535281296
14.043519882296188 -1.7187472130533221
8.98316923738581 -3.567214668154593
5.776160149624644 -0.4915053173659438
11.653199671713141 0.45632024270105986
18.51399348034261 -2.004720801759427
2.6196928955473635 -0.1666149762180982
19.743329236004506 -0.4838791433955194
14.541000850354889 -1.4844487865952363
13.776448484023314 -0.6320631656145377
8.420400424657485 -0.5641557995044613
18.40987089702368 -0.7194043012444727
0.25062399956391496 -1.6240666620058979
2.4210112738990683 -1.021022070465238
19.44439366487063 0.5629166629062827
11.41216709686302 -1.1399071488516381
9.374267845279235 -1.115832091274554
4.955301167851204 -0.9397108277757704
11.232647493645285 -0.7286989302143527
10.784509120154711 -1.056274031534919
2.029407004538601 -2.244934277409562
15.08784928950112 -1.435262731175627
19.219670401601793 0.5830750593107757
15.992920803497055 -4.361538208773617
5.854464526446163 -0.11595314521874282
5.6387390957248344 -0.4429826302290243
13.962497539337937 -2.1280194094040366
19.31253926165172 -0.4091206686236653
9.227830305998612 -0.4937673631371701
1.4095321614881582 -1.589131236682376
1.637166905836035 -1.2129376538520684
4.049747068440558 -0.7184866528036645
8.093928160253043 0.45092107711618157
19.98593710983786 -0.5176037663061868
3.3000050247781436 1.8445481456785127
7.760028382002515 -2.022060415307671
17.14333074758838 -0.7112538006150342
9.10755328048841 -1.2418473137197688
17.11685315003426 -1.1136449516688791
18.698539345012286 -0.5840604826348376
19.79531639114551 -0.6069036292219323
3.2154809681624137 -0.8483963472144855
12.891927783303224 -1.5136726314064235
11.442884840255896 -2.7783109542105455
4.320448225610567 -0.8801802190400385
19.296571960791425 -0.6685297658584568
11.029001054174008 -0.09780106851757076
7.440690003955451 -2.759348843194342
8.667020949325504 1.2544544553246015
5.3023371607461955 -0.9597473349404246
12.312119582735745 -1.5584794964255013
15.670886070338918 -1.0776993688116927
6.983081506679913 -0.2392916595726522
16.957036553543766 -0.934490242183074
12.785153847381785 -0.6418682924680501
17.878380207739482 0.557817049231509
17.87569196211096 -1.3734386386610555
4.882348028986648 -0.9089074591325409
11.421601067529 -1.3428214153198992
15.776788002342512 -1.0323882539090474
10.984822233220001 2.1653681507452744
9.694431917237884 -0.8251369450156747
10.76998561197444 -2.9622787760276665
19.303834157090236 -0.5861853090277289
7.96104432033024 -0.38762627208464906
0.787548294317074 -0.4683212494455072
9.296541294566007 0.9778825384640856
0.8102622833521197 -0.16980368032416263
8.93038293545766 -0.23437735985465755
10.915168225486376 -0.056657438694437096
3.0388728067469604 -1.1225113863820178
9.37361356548385 -0.9041225580481522
11.085935992116166 -1.2363437120470804
11.261104620027263 2.2941112413653566
16.1858000054711 -1.4108395949911856
2.2544967034134404 -0.18870639243942075
5.875797094954438 0.06664651825104208
7.124227877749501 -0.018898384588682246
17.26059640585186 -0.9532238535408883
2.008217636378619 -0.22108240137109345
16.40857552877595 -0.8057576335491511
16.710419902103464 -1.1051411597830108
6.780388457011394 0.8014754819051051
7.977669272688455 -0.41790507090170526
4.069309960366659 -0.40387658856709585
14.110346824373508 -1.4954921071270153
5.057475354961356 -0.028549756706987603
6.5785400329811266 -0.7651361022269438
12.231880672983731 -2.155059818044516
17.764632471993785 -0.35835363301791257
0.5774377280496974 -0.7022687779998635
0.30708768414289944 0.006472607202423177
12.64693973754316 -4.363893174817839
11.467986722853924 -0.6977473818662998
5.5845412164335215 -0.8108561526828825
2.0429052829459393 -0.9936085102157046
11.264590298679371 -0.8618336789999923
6.076091779339902 -1.215216304383057
15.320272196969544 -1.3947418541099739
19.291123914373596 -0.8993194169269414
5.5860287172078955 -1.204261600622011
4.834010394055638 -1.0019166377809245
13.635427075175754 -2.0470381672024702
2.671441109682937 -0.7878154578056289
17.848474779665832 -0.5445988958773319
0.8411066387589453 -0.3890665406643785
6.576357308211998 -0.5393544411016846
2.2089339134005974 -0.8386394719146395
15.942823043690202 -1.245707283044778
0.3355572619970256 -0.5746907199172088
17.64468021188946 -0.9869156090841477
12.803794599994953 -1.6214092677393088
11.031913703926545 -2.0416306028927886
12.341122530011212 -0.17169138881723262
4.933971719221542 -0.4953521605386957
15.655524208922671 -3.640565583812907
18.78479360530071 -0.4776225888252779
4.810667577544279 -0.3675325499039782
11.481307063600486 -0.4974465867573363
19.18415515781016 1.1212815703444188
5.132067808957185 -1.33015384416613
0.8698237706771441 0.7839171873879822
9.743438059860278 -0.9970251045787044
11.912584203136728 0.011349959633915142
2.572865406737965 -0.5286131114740139
8.356001313475254 0.8900065811290597
1.709374081470349 -0.49226747598373133
10.096193277551397 -1.2535506924211584
16.544923567273926 -0.8641399136470984
14.172501943152554 -3.904475811736278
8.340093675647525 1.3869820940641007
13.486267035554679 -1.1688542766673449
19.841103469682082 -0.6883091181014755
5.137527577112442 1.2050610274540747
11.628156992454633 -0.400967308153496
17.263322563740896 2.6315828097655087
1.7689643397285082 -0.267461523238251
9.670992164163062 -0.7585354677056835
1.0894450075153206 -0.15888413554045855
12.055300678113241 -1.398015843634258
3.8840015348584402 -0.6272712637036112
3.677146511053409 1.0278458788015
0.2346962544201984 -1.1576112713590938
5.711266302989083 -1.1632382654576752
11.58242869107545 -3.9656475455765707
7.128865255754107 -0.7927547982783013
19.18407126248322 -0.8702579051367503
11.065795073244068 -1.719379271905251
11.298592019738061 -2.8324562241460383
18.18143964892311 0.745661271207825
13.928201822781826 -4.101923335824635
14.076913464229508 -1.9804556961851876
16.206723259548355 -2.450802897279748
16.768754659682887 -1.4249819166601998
7.3849503734794535 -2.4278302579721736
16.832772754055938 -0.7709858197718954
0.5562716688163793 -0.7482932628419003
4.062020317605212 -1.0677025269749671
9.59607340391323 -0.8812100825321019
18.752423190072186 -0.991828009022146
2.327257652791335 -1.4575936016590618
14.20819295441721 -1.8554056781314816
13.547502632974048 -2.5349104674994725
9.402552807392802 -1.1060773844816196
9.571685230011521 -3.9032847005736175
4.800831642803437 -1.7809669033726854
7.685768487440657 -0.665820137170493
19.575960148055223 -0.11569806781670697
6.850803896367897 -2.458547576022696
9.492507040216953 -0.6369091466845078
8.72029808507594 -2.5501937278905085
3.3715731348841262 -0.9986678586144767
18.956005377722093 -6.003954595692799
0.35724670830544714 2.1172280721712244
5.846760590315177 -1.234692736951089
17.89060374516411 -0.7612323091274377
3.684382042441697 -1.15428070523837
3.165949116272093 -1.1080703524707953
12.91192703251932 -4.294101166995698
15.703204083532045 -0.595476642887794
3.261026120039182 -2.8272810407957603
8.914103188926752 -3.5290127494462564
9.818563429906437 -2.0021131499242575
15.302558241668626 -0.7390925529736242
16.368831455661386 -4.009789255373273
14.847900300836525 -1.760215876727879
10.34718876707769 -1.4449198147459033
4.166463289143474 -1.2970434391517154
11.702119077272101 -3.8873673272919405
4.428576984577668 -0.8498765055885182
17.723621908386146 -1.1414752841990212
1.0312364325135563 -0.2620142580340803
4.932375933132551 -2.248674126377933
0.9245580850318911 0.2744750475995199
11.410746799819835 -4.490664634906735
16.372856929686517 0.5074140431051392
4.720509004933881 -3.2179434840865038
3.0164008209103366 0.3420123381379254
16.64367424466738 -1.5861379912009193
16.109764749463253 0.12498915580511338
2.1465765254763536 -1.659892203864128
10.71266850518172 0.717654283605335
16.904322294409678 -3.801104136515955
8.000080074713416 1.490750807764944
19.276841369914752 -2.164565888522957
18.554084097056037 2.834685844577958
14.632079923158768 -1.8907174654863037
11.872921851982504 1.0288807915578138
8.160091551443086 -5.409801694835924
16.950577854723942 2.56729243870852
7.7481578955006025 -0.5453299904957293
11.88310617688159 0.314434017686784
5.620523126164274 -1.5440288667605175
0.5287276037113721 -0.010230136242216237
3.9176491460386176 -1.2483581217397632
5.323149359332615 -0.8193327873702618
4.809873915986776 -1.6489754601149698
19.119589988695587 0.13303043918164595
1.8054207086825604 -0.5228245961383059
0.08746143972341613 1.3922591217296472
15.62868735240256 -0.45431007098342435
12.849116385764441 0.34698618007490734
15.602285173230756 -0.49104169554455424
14.155485844170382 1.9231018695356388
0.36739312776904803 -0.2596612055915031
12.118395123053187 0.715696151175664
5.127872057143321 -1.645024657622705
11.94891726305225 -2.144697787854427
10.305603793030151 -4.390164241508234
15.62983175358104 -4.27425818086561
13.534943203332306 -4.086903634830225
13.186766616320115 -1.6271640463631734
8.785923681897613 -0.5184060111295311
5.220726213217642 -0.5837598868144156
19.274572446460823 -4.167159868587458
6.263017072474027 -0.3751827592861754
2.7470633219905265 -2.927092652180579
6.480657014665053 -0.36942627135993605
9.691892267713568 -4.26620845936252
12.484476385608463 -1.6889453392862581
8.878155688703686 -1.4081095680289644
9.992768586196448 -1.9575056500925805
14.026441643073172 -3.5542476303622594
18.543303400990226 -4.657958441721403
7.315903043984998 -0.6050780450080652
10.422103214019046 -2.845142118977455
17.99593428223026 -3.6134324565673266
6.937078989605453 -3.05057677624781
3.340273266620586 -1.1568688372972542
15.032403835015888 -1.678220709068559
13.825594692161513 -1.589438283889024
5.110889793773768 -1.7635431093406342
1.0482576878417817 -0.5877416647327735
4.780219214764916 -1.0755050734367628
19.78944617993387 -0.41187888963698327
12.05526541572341 -2.8082965291367934
11.233567369941117 -1.2531473275161484
6.095434393117186 0.02366415600057005
2.8593058956689448 -0.9524011848952043
19.305938660661077 -0.7977526465461592
6.307540264569375 -1.351298207638081
9.893262230970725 -0.7425914902050982
18.751737054235413 -1.4763841523125818
5.011845883196171 0.4884584821472976
9.12480748243406 -0.5665094545322887
15.727676370114699 2.6961932321068853
6.650674492276776 -0.9210610997461266
2.369123502900948 -1.0649655099624578
11.507949493623846 -1.465346541606539
5.893628226535502 0.4274019714340656
9.210995016951864 -0.5600307674070952
10.353520756122006 -0.8335181432121336
4.3623139275821945 -1.1621979116672045
17.590189934578085 -4.268379596669145
15.846169439515249 -1.5504155468842733
1.858238486097521 -0.7142793543704345
19.81426927942356 0.21386697367022636
7.861812720172945 -0.5136027438947094
2.7747264908590243 -0.17118736774175852
2.8366862535654502 -0.7090306591261404
0.4431277471335795 -0.46457905404761224
16.530740564214177 -0.9873313634174259
2.144079104956377 -2.099348009695462
11.788353076761746 -3.9891343445066743
11.938001197442489 -2.2368056117784647
4.706733418700435 0.30789294234958653
19.627201922205543 0.0755626437291732
11.702337572862922 -1.6038684001500274
2.5578279940016273 -0.7004779846747906
8.706708167387669 -0.44017683160534293
10.217598105393083 -0.63958051826893
18.251813993252643 -0.43425941573044374
6.521810400030286 -0.7562601401093492
0.3719615028499161 -0.1962466755465487
19.39801096663406 -4.152486273790246
11.398394067979018 -1.2484642786554776
8.47020203521445 1.5862975303875406
5.154013557973651 -0.2002187555956842
11.069259831759952 -0.9324271109307675
6.688282243130295 0.08397313905239324
14.526496633466135 -1.2747371042359013
19.671842691448614 0.7328153111340285
2.0233380778568826 0.7930793334368959
5.720092636994454 -0.17845963753831923
5.51333083382964 -1.340908612999507
19.43653989044534 0.9525398538582289
4.944499389696886 -1.4026658209063418
14.46462342196787 -1.246229829234933
0.8554364562591934 0.0898202994122981
13.677100381906856 -1.238074739246792
5.242335684153744 0.40959274507998467
10.440198799824731 0.021824764905458403
14.29292366790024 -3.931373729969625
0.8085924864215241 0.1982611026712019
13.676023052815566 -3.9402635270299244
11.016858988862083 1.0627980959625016
0.814022014746492 -0.44022039799445545
17.400053364700966 0.7056620559960844
5.026976600351163 -0.4682317092861621
15.536247989473559 3.0229982249373157
8.04153656696517 -0.7026757965081977
8.41382529978063 -0.6400126461056903
14.820259448725121 -1.2813952413418357
0.16261548486495567 0.699109419482978
14.297222947404373 -4.026918525093921
2.9057961095349363 -0.04680653183594258
1.2678061982102102 -0.4243387741075861
18.884491542170192 -0.7596297942063392
14.309757917871119 -1.6388965493504568
13.376607816459448 -1.9124342437042041
13.319723526594355 -1.3772503313417128
18.120236245892176 -0.715740105351958
0.4670355742610322 -0.8515916945736584
12.21474552141905 -1.6414597705261058
8.432306629500406 -0.596967925008399
14.43149560919557 -0.10280514518135242
4.085644976664904 -1.8424520450403015
19.70077906529117 0.030806755983552384
18.498925145568215 -0.7116847697000324
4.856249464492071 -0.7755670667934788
18.1057540602249 -0.8630454986890087
3.665870985105169 -1.4069000500804865
1.5733624746732775 -1.430950859953007
10.664525519355015 1.91790006318787
5.2281398337388145 -1.208855238979802
9.067973707164692 -0.13704117328462811
12.276658562536698 -1.3690009160025205
4.442249526166912 -0.2574867845460631
13.869329155765726 -1.9671642521621957
17.640942520044216 2.7557977496370505
12.10690655897302 -1.890919366226965
15.219209178487151 -0.1495477708346185
2.3617660027522924 -0.6577158932497494
19.536248335068468 1.45640307908348
2.1671248995972023 -0.6291466030215391
1.8855021122880702 1.0682993080127252
19.949482173025295 -0.22232799259853064
15.751334777919057 -0.20728580813873926
13.658590929477832 -1.7121520215680732
15.739429027790267 -0.03615007967773312
10.468266855242629 -0.853013563657201
7.299470852079618 -0.3345662976912863
3.5377343166940443 -2.6144178071415025
19.697654898638532 -0.4792619962465714
6.853819805355429 -0.26224959526405744
15.679429799351949 -0.7996887403321191
0.7268322383779092 -1.0429517936031134
0.2361628930306443 2.3491169902601694
4.210723963609307 -1.2357224641307303
17.542999708176644 -0.7000256908443859
15.280888667826636 -1.5892121134995467
17.64510006111761 -0.3555070569106119
7.020217828360055 -0.042520073384727894
4.983101502875284 -0.6108343990021536
12.006336229784697 -1.2866497376370007
4.269575977820652 -1.6887571524004268
2.941275747855368 -0.8294522454855898
2.8702774901112633 0.2320267813685182
8.253757831013003 -0.9896510382128405
1.8482490582117914 -0.5717759459687091
11.679144606086366 -0.7830060866839866
8.34213988099739 1.0130557639414886
3.2368303443069175 -0.8901101776106165
7.930528941982667 0.4175348414332885
12.588547584551561 2.407914585591175
12.824895846705866 2.500299243502289
11.637656730926345 -0.9703028081844985
3.3701767353521124 0.09806612223758615
5.758022235190496 -0.7003106816189946
4.193941121395457 -0.8773782600200967
6.570698950135215 -0.7151893452020599
6.222314587971575 -0.053260250434074674
7.5743430214222185 -0.3418555027083172
2.920343618267237 -0.7040295535063719
13.59316033615962 -1.6932269077516275
11.64084563831575 -0.3507292791210056
5.5550496688022255 -0.6430734743090816
10.267839018108747 -0.7246775074672116
13.867025769543698 -1.5183629368320095
3.8779728083392273 -0.8231158490332918
18.16033308204749 -0.023626688983390425
4.517103473581975 -0.9755338344200575
2.7437729290848463 -2.8991584078212096
13.510200718893906 -1.9182117024601946
0.43403132980154996 -0.6348867768183689
16.61558286989029 -2.8315077395703443
11.892872006566472 -2.7256050737499433
15.229564727119707 2.948369690947087
5.304623055137815 -1.1931371321107354
11.952530099548062 -1.121312889992283
6.042781887565477 -0.7540308586125148
11.606005563967894 -0.8941447354038494
5.319846583881237 0.05073305099855856
19.48269998890767 -0.4803465194225142
8.62719152392609 -0.45705473512635697
10.734169809538518 -0.9438465664530726
5.83580964944327 -0.919305279689241
10.947786864046222 -0.8984162854478137
7.559190400426214 -0.4930885790457127
11.167066039983212 -2.621602798500332
8.226135281002147 -0.49896632199614527
10.045610662304181 -0.9774384911999825
19.306378676862614 -0.18474474620109987
10.153789506843372 -3.1493969627667995
18.717889790569068 -0.558071616934346
6.889784039748762 -0.7210380290966724
12.06119177135838 -1.3095173718251412
0.5270971629221733 -0.3266807249959506
6.4412541763499895 -0.7908710428385378
8.989443379850922 -0.041627430491850956
8.891151140016683 -0.7758849288460617
18.406967812544362 -0.643734290975032
11.648074305149041 -1.2614146560168666
8.878001941311709 -0.23266211157122615
17.719334777602075 -0.5594269206428636
9.969659037420758 -3.1194668947947664
7.597706997181351 -0.7569719842434408
19.398425035237146 -0.5978445643551885
13.572119666446367 -2.435187880230344
16.53509991220832 2.5661363149044116
9.773602893472633 -0.8137615778295202
6.459679675596435 -0.9065607981563422
1.4343782839535413 -0.048969783843507364
11.007059379339221 -0.8644216410436338
12.961957016219747 -1.451791400266722
5.246202865180542 -1.2075695319787774
17.18838444947985 -0.6035396916112339
18.057519844673987 -0.16130825536983284
5.611955486752953 -0.8484749322442465
8.467867294894038 -0.5900042982803584
4.613119407622561 -1.1896521946295278
7.302300381321288 0.09185766607956306
19.97043386678864 0.1363632600927252
0.40289490082793683 1.0353166659634894
18.57734004064268 2.2169314058754677
9.399564896310592 -0.4147586712024796
1.3299255472056126 -0.3795400818977096
19.364807846163526 -1.1837845574554644
5.331250219091772 -1.0591620953202163
16.57886312198472 2.5519525963598633
4.956853886383228 -1.662060160547616
17.913358277556597 -1.73684822288947
12.667857037572961 -1.4284973219422181
7.312793822838716 0.9061667047085954
5.085710415023218 0.3167393065170634
11.37523550417506 -0.8181286222081641
5.084899205274688 0.012738561051184732
16.94473621153492 -0.8034273157073876
16.54122959139978 -0.8046076494113485
9.880561031693842 -0.9783344900572096
10.59688799603158 -0.5390032040488899
5.333008694866091 -1.262933312575114
7.11826764780157 0.8935309697521152
14.068775514643198 -2.0412478122476894
11.60120922937684 1.5075272541812206
3.5783097562611412 -2.135379726450065
7.393588446847821 0.1572213195540558
0.8336673700586754 -0.5956650650917749
12.236900242229062 -1.455306941998726
3.8464313794536125 -0.24034960625905677
12.197724642436496 -1.4733959904791911
7.083248786741449 1.0595802060576582
13.191120317298527 -0.19561389773301657
8.447115193357277 -0.4906885402941437
7.313319505748382 1.2022846966453984
8.192943991261965 -0.7972129628706113
12.692870180901082 -0.5674518175803533
16.216237870093295 -4.072239709821892
12.631715047837218 -1.1421848341242724
15.606093496090484 -0.9498026444849277
2.4484910173539167 -0.48882850481739426
17.64255799485243 -2.076515083770103
0.6964546203228253 2.0902322943178793
19.068400161403424 0.10065870827680973
19.419389175080628 0.22969162173621122
11.448389286481056 -1.3547668229145233
8.561737640479961 1.296045501266979
9.885012496968763 -0.801424161116047
5.219815533507567 0.7440581640697019
14.755969972511334 -1.2473057726252648
19.931198692446586 -0.5707909489366476
0.8017735932166203 -0.5415916770558616
2.6973937291139913 0.1413026571772216
9.041022436117666 -1.1403133040055498
18.99671684128884 1.10064465658628
18.226510326748215 -0.6682716463920096
11.619764407129193 1.213095881087765
14.992677739356427 -1.3667831941066229
14.995220731773205 -0.09635373453007401
0.5321590099987753 -0.11588343095618917
4.024850755896425 0.18674664671031033
2.2295950027780678 0.2792951522538154
15.340420118037866 -0.1510860769281252
3.5102795264562814 -0.7437929935610269
3.6798637645517904 -0.27133696201157537
19.632419961954557 -0.1615254451831625
6.902122654761305 0.12735008529989356
3.3836246269773325 -1.3145462842305544
9.852220006086185 1.8294217056881035
11.605446443201743 -1.200949818157704
11.771732645989784 -0.6774972100973471
18.066112682948834 -0.5083167436457356
12.437783029538046 2.314189162989616
2.1562299189734215 -0.5994328196477242
5.498341768486103 -0.6500651196106738
10.545495388472252 -4.044089268399419
18.392486420235944 2.213626609732578
16.543023455981743 -2.8759742208496073
4.649443398528126 0.5074539499917907
2.928604976902728 -0.7144625340448785
18.945394010731142 0.6109718483025797
16.31302407434386 -1.4555401559206906
11.423437702251691 -0.22138041086651788
14.544244503480144 -1.564273465779116
13.583473598809396 2.672925364831551
16.884460612046595 -3.7278399554641917
12.57217534724157 -0.7217792704083199
12.593728835614668 -1.4398544102131652
9.972778860446153 -0.39013113650908426
17.062267456238533 -0.7416229867815477
9.482684397648828 0.6391764864886581
18.26187528359897 -1.6086546174170393
5.801095715796286 0.8909801306581552
16.03293716654826 -1.580488852022737
16.856323981346804 2.9093732797401772
7.8943210732345515 -3.336732086342367
5.15618896602433 0.21141686956336397
8.093382706958879 -0.6284837981608737
5.282342149291586 -0.4007555738894343
8.493463584064488 -0.49265059709757114
10.190564385157394 -0.3716455646761594
10.84451666713135 -1.2282901817536953
1.2759966490530315 2.419138614155496
14.01857267794621 -1.5149751130697036
1.8450664727781798 0.23571831209566602
16.221507247895772 -2.801263921758579
1.5437931281063773 0.2748750017516414
9.796541578854915 -0.8837355509558202
8.13877055408371 0.7673896198342203
0.5089062254010351 0.11847784480371654
12.97377945945797 -0.40373272326268356
1.7545206717559219 -0.6796477930682013
1.3285928619998182 -0.4486806058338057
12.936141894986928 -0.16552180693286753
0.1688238790640399 0.6644998706814338
12.249270818306352 0.2376248363945897
17.62087750197243 0.7007591422961728
0.3720971406767741 -0.1650567066481952
16.605686708080338 -0.1557616745480528
4.615956083834235 -0.8504702979974823
15.206080980882382 -0.38732785540539255
11.279646560675275 -0.7047857268915112
4.462270700898282 -0.43554828201927354
2.8346547204554455 1.5869129736160412
10.877447430338384 0.09743694747265455
5.256080569778636 0.8103201276907928
6.051344583303708 0.9171125191013508
18.700439945586865 -0.052443647163672724
7.361102392842944 -0.294879990726036
10.334453199153362 -0.0817143803961008
13.848203862211111 -1.6087953265447759
16.883665178200665 -1.2201448292335755
15.263133882797003 -0.25387891113876165
1.7965438939913343 1.4343604497511617
16.546375562541872 2.8857286210392576
6.977733042375378 -0.9705013748794928
15.83687007320074 -1.223843077303936
8.876679259149329 0.8271885637406894
3.819724705896109 1.5140171195919832
0.16920580533769022 1.3029869481570748
16.935085150469252 0.1757892257273729
1.0695229622627023 0.3769243734951401
12.392955020243402 -1.0109439877534951
13.447572131334619 -0.6606305954024563
19.313472657685306 -0.15779502794264866
1.5583278228587107 2.404914351131245
14.091625524465606 -1.1896273184141863
16.034384851337368 -0.2975875496655033
9.616958057100895 -0.36351692511222883
9.832338046263267 -0.10676331661405522
14.860498476228344 -0.255841227599857
14.669214706059833 -1.2199024817001405
12.473888764503238 -1.2136059113425364
18.053768133886035 -0.3243590132474737
13.296930902646658 -1.8799940248836924
10.537927832361527 0.48908288318968773
8.085127034084671 -0.7205518405838318
16.68080660092926 -0.20585863519186898
8.858656911005875 -0.8983856047853159
0.7160631025314075 -0.06463136674296215
14.431651416376585 -1.3230520079190824
18.76588273958147 0.6906903609877236
16.97810742816779 0.2626286051939103
11.996186385959838 0.6007500105398541
2.622656033158478 1.3516262367826275
0.7097451307690231 -0.06446012500062366
15.331883606789464 -0.29789217020561837
0.6740545100456969 0.09459507609263057
17.18550901034284 0.5103399961550624
6.29768039557916 -0.3809031752858488
5.285652180211997 -1.7063552536302187
9.127669111480106 1.8229629338225533
4.42995381487985 1.3799601294350325
9.524351160434533 1.1299410775875078
18.506666606910375 2.0881389958286616
10.89319246686462 -0.20605313500609093
0.7835739637771699 1.0933269807202795
12.205781191470223 -1.5864714425492434
11.39292685809434 1.1054454430975271
3.04832566614862 -0.6249221737861831
9.321593632405566 1.008238565108056
6.136823711781717 -0.7821563925570968
14.507816259144953 -0.5213219636201826
18.471786735622306 -0.432511806123053
1.2700117009021383 0.21635663862885102
6.183262132592151 -1.1475610394713613
15.641579455835373 -0.814507609122707
19.41482996552052 -0.795141523400643
6.311269732808129 -0.6464190105856279
5.3592414567196105 -0.9182854546494993
11.613519699528275 -1.113975942227235
5.0597877007064955 -0.909625812739338
12.820735964695924 -1.5473020774209711
11.851968516001778 -1.3240231510514617
12.787729798304587 -1.1770199625464035
1.6788171558904514 -0.7742524134645274
9.205447596612625 0.02150853174266881
12.630292361305509 0.29627939299056927
0.015926272405096142 0.6772534716742484
6.768091728099256 -0.635258016433282
16.17190143782825 -0.8174796047085603
8.493584887710435 -0.440105228210211
17.08679873244347 -0.5568348371599426
9.869057231384835 -0.22165085000526671
4.553541270704603 -0.5736353962622778
2.5778839649283043 -0.7111137498465112
18.535119436055478 0.9530641944348567
1.326035481753409 0.4710376045605229
17.532959547862305 -0.22256793924856766
15.155734731457919 -0.7353488563904527
4.602970292000512 -1.4005581938067455
0.6094199706317656 -0.4275329216911894
11.588908520093602 2.0834401240492677
15.76857566181588 -1.0333695019511009
17.780365494087487 0.03908288111172999
10.202813808863764 -0.8531754010289048
6.062744375215144 0.46407806402445395
0.7976567307406409 -0.34175442068223616
17.715718339309895 2.6391937005386894
4.420114952268482 -1.1658080090865575
0.9302049623660829 0.8457250636255423
0.7948068355717534 -0.05512380115685267
9.836045350384545 -0.5683428271505916
14.48247380524069 3.0506585446896857
6.121857443342225 -0.9620469393659733
4.778263270925545 -0.2797256998911809
11.2440250340677 1.434644504791417
8.135030457751977 0.45233346021368004
4.070992931076769 -0.9326990048413505
7.560387651515136 1.6377870700076063
10.774964697883457 -0.5275077943494912
15.380998235871434 -1.0653592653303796
13.921541150044547 -0.7412265985832347
11.656067203465046 -0.379722666057307
4.267177450622964 -0.18225049290632533
12.793052897965506 2.8008592633120366
2.5398524856360427 -0.24648797794674046
14.967855338348386 -0.4035801753361748
16.73872058573846 2.627476381177363
3.4238594777065696 -0.03143409722534281
9.175187846409878 0.7317560954467343
4.215654329058238 1.2125665732300337
6.8977329958310305 -0.2325583741887105
5.715027797516337 0.495701987470343
17.38423259686239 -0.937621768931586
15.450308493857046 3.1437533457957763
17.400890902208527 2.6727799030353547
18.96907345163335 -0.13200052614049573
1.9436362195711991 1.659772970660692
9.139455245896112 -0.5352853491440103
8.019683243229784 -0.18846656275374013
15.438116594683175 -0.7042455458700857
4.449637711828377 -0.5102984146471179
17.686265172655457 -0.9382932370880469
14.463869680685361 -0.06112738016960578
12.335647528089106 -1.6675732674620314
13.734841889474659 -0.9999381952657931
18.14949340266973 0.686858513730018
1.9496306491914404 -0.6259452642917427
2.464195818946697 -0.40077913633241974
1.017470050371655 -0.48462940894828876
13.444007107891917 -1.7181777752972014
11.648842581190456 -2.9886765995585733
4.980943356393767 -0.4310244296571508
7.7099813752462545 0.7353738891286554
1.8966366489973696 -0.38036328288390625
9.77161831362357 0.3531010347505627
1.7662313518759467 -0.2876703194407931
2.7978831490136127 -0.354252863052869
3.4686845181591033 -0.5902272791841018
17.941838182843778 -0.8388459633393536
2.305181963126601 -0.46956335746959604
18.085161506704424 0.8498938871653118
12.883327187291494 -1.7094121273663907
14.948625218124224 -0.10014250312084713
3.950921269718588 -0.368744270526313
5.340431275701028 2.0861379807996685
7.090368186299563 -0.9800793191876935
7.2589947574325855 1.1726875014726188
12.607024804551232 2.4888813773195966
15.016120965897336 -1.3849944150297975
12.342298039569204 -1.5631182227265743
11.74359112490609 -0.022139599387584988
11.753189618880812 -1.662021988962615
16.339142581049614 2.9205927739597213
6.473273375441903 -0.20975068941756203
1.539551596611481 0.10929839351771398
5.120012446267156 -1.0517898925925997
6.135242381686796 -0.9347421459898667
9.449321424311258 -0.5517975911835193
2.4698541611981812 -0.5593529526370472
9.098192991586327 -0.5180513697678449
13.194225072035692 -1.5515180192962883
11.26953453198804 -0.6110499057676957
18.084981674612326 0.5173671473632612
3.969483361957045 -0.7232008216215243
1.0938192160445268 -0.4594614275962362
11.245015214433636 -0.7705634873819126
7.089422159436954 -1.098380599080775
6.957047993798849 -0.5472271535576072
18.061347256224114 -0.8461705832455445
0.08751173488660868 -0.3660300101767354
11.896549099558513 -2.117234272265129
17.18157520916846 -0.7017051937919323
7.303461324998 -0.397887617812837
7.329668847096037 0.16097744955044294
1.969531810606448 -0.12496488140441003
13.115062794846681 -1.6918339328817864
11.119729240813834 -0.6575126094432345
16.47736765071645 -0.9540340107211366
9.944902136835738 -0.5654804203996654
5.85810175876324 -0.26153719661156744
0.7843525594525995 -3.6882905344409878
19.661222464148224 -0.24162974086469527
1.7447588417386195 -0.7396441765121232
11.67892113971078 -1.5993225728265978
14.884193316661955 -1.5250624431921698
6.68753423080786 0.05859085098048537
10.482308016419324 -0.6673949985808122
17.771553424166985 -0.9332661923503242
2.085484997784915 -1.219713813544542
13.629395153075267 -0.5386593017704129
3.666635247771624 -1.0665927133329136
9.093387507564232 0.30017625225866257
8.991673167753927 1.466337124793403
4.305667144364949 -0.8358761104300669
1.7726341758359507 -0.7602110631015325
9.429341208474876 0.04754662883263051
1.6795360925741054 -1.0684529821645943
1.363822772397467 -0.29085803933920684
0.20898190084620188 -0.5633637392450757
1.674144355461145 -0.3450679202414014
11.285795133056974 -2.6417701906788507
3.6136865051124345 -0.7478096177986558
10.389887447736804 -1.0281753166949028
0.15483374589349322 1.0629863032983744
9.545547588049066 -1.0697293126812142
12.111208034641203 -1.316143885912394
13.529667234035156 -1.5821330285591892
8.436283083396722 -0.45384232676791086
19.875312044762378 -0.7222305224457446
19.67191353561526 -0.5790668568330973
14.530865591514326 -3.387691557855117
9.031924958384463 1.333352288220607
1.6985345690381641 -0.8650478021027262
11.61183684463083 0.737785598579614
6.7551538136804155 -1.1343896538829101
19.2952452265155 -0.69165526157657
4.740894537066921 -1.9248339982079083
8.82218401716204 0.39362154249561815
14.368098200326365 -4.838588412032669
0.11163953852591259 0.3492789908000702
4.68430433222936 -1.293461140595921
9.248389869349959 0.033880088951028786
15.345423205074086 -2.3212307702273374
11.994774585134781 -0.8562883509083538
2.5165635034857887 -1.6018908521360926
15.819027907404319 -1.1052703248014435
4.71085199558233 -1.2996901958053393
5.35659790200904 -0.005367247857180471
7.200387052126316 -0.5378870521482736
15.63363715437481 -0.9401262095847669
0.5597875162353858 -3.3253956685007604
18.060339110236594 -0.5703717281996408
14.241620758551077 -1.8017555387916384
13.235813673532345 -1.9571349681298584
1.2842854397052472 -1.5646049813786278
15.264582252185457 -1.220795063062025
3.974098321169766 -1.5805679083945463
7.0550866998472985 -0.9556567537940766
0.5892635627575933 -3.347560092223305
16.387265329771367 -1.3360579871904505
3.664896127966111 -2.512634175054088
12.837594603674098 -4.210849033881697
14.194706535027796 -3.9439868738803963
2.457848344204092 -0.579812776296795
5.34719988722365 -1.6696866873314515
12.527119746198633 2.3246468325960103
19.683999259750696 -1.2696423881699823
3.151621044212006 0.5435229072510411
9.295762341878474 -3.0911838568356638
19.15778083948363 2.1432113107897903
4.2715704885265255 -1.2991180051769589
7.828245473309811 0.11815890532416604
13.860907542553132 -3.877883911795783
14.499725797500359 -1.2153244927797524
8.840906721327046 -1.148796233381872
13.314984778596079 -1.7897463733531165
18.440512858041163 -4.011844027600529
10.240881452361789 -0.59402521127999
4.3021667711034945 -0.6672629100348495
16.006979764353375 -1.3291286739721389
15.355371279759188 -0.93865927042991
17.162904950793813 -0.8219497304880548
19.481491379773807 -0.7193101167224776
8.369479876218422 -0.8053375887374659
6.627983406200012 -0.18947860297726477
14.091199053975581 -1.8221223192706473
17.4774304479287 2.792280386522444
11.203471425613738 -0.5392120030108662
12.795191586687553 -1.0186140794478677
10.744769443488696 1.8244458456515473
2.5585658132566556 -0.04258807351153898
17.792434745096923 -1.0158350027887608
8.288303446676805 -0.6065372119773327
15.42214011111666 -1.2017689950100519
7.583716732909149 -0.6340745888393169
12.397607178492978 -0.6500926631104588
9.36738857249251 -0.9224824830692433
0.38664418884920887 0.5496734831680832
1.4737926740767606 -0.6316986244390733
19.281971267738758 2.512702713768048
2.726371107606661 -0.6328606458811181
19.295507407437004 -0.5444939547753164
1.7463864759820946 -1.9746561371126867
2.0393044798952022 -1.216063345880677
12.13079308419589 -0.49342708981695343
11.304930628622028 -1.2784722351806117
3.8334062425310864 -0.20616686304530957
4.278861176095056 -2.0464214040325444
6.417310643875007 -0.22263286170581453
15.366373738132395 -1.1897114281395178
15.018329265433612 -4.517682835186687
4.708157790905329 -1.595169006405382
17.632734369107503 -1.564744366552291
14.08320538838309 -1.3210309126601665
2.1263546569849576 -2.1506475938632135
9.79131623249901 -0.3324015359996604
19.25284130638706 -4.495395464569186
13.064239077837108 -0.8879222235710369
15.55895257833402 -4.722522686962064
19.60571516088495 -0.35041343784768675
5.521105966915274 -2.0894355319370295
1.7577304191806125 -0.9640367167468812
18.595432623777707 -6.086103972405939
3.112089441934143 0.19314632127874326
14.432271515296101 -4.2548594299004785
3.006088551413706 0.4909181663142669
1.9854664557942945 -4.7098738765023365
6.281630026669704 -0.8299865782015422
10.13687411914238 -3.0203141311570634
1.088020365981918 -0.7636183031508869
14.592826377990798 -1.959566138223702
9.104692019157056 -1.145375029694387
13.515761262360222 -0.9907407589427372
9.699236130488636 -0.22118060523743732
6.9355647591758265 -2.562773510074439
3.342629745364413 -0.039935216244039666
15.943307046717804 -1.0030600680982447
15.779621248101611 2.95088755346431
16.337248678864725 -1.6003626557100934
10.949206977782982 -1.083296451356516
18.130490291777022 -0.8656778422798347
5.824535588831757 -0.46374755260607453
16.679791045741712 -1.1822112829670595
13.628943307486097 -2.2470818784554147
3.5278587924818523 -0.697694052658797
1.3627441442499042 -0.44638272972030185
4.7814925404653845 -2.080705579184728
16.616014797176867 -0.3017635470741482
1.001909874845772 -1.0620133354747299
2.782718602574868 -1.24157141356057
7.958664928380597 -0.7197090131245507
10.316934792443162 1.0844882848087165
5.33527138586892 -1.876639051436587
3.0204550341023646 0.5164531285083225
9.52788477412678 -1.2451034056919412
17.27083198784573 2.7588162012090263
4.611381450630127 -1.166729221958228
1.9471773671629786 0.30032128580471823
4.174924488337421 -0.9086303821080933
13.486257473075277 -0.7484722921413905
12.865692170456105 -2.1773887589553476
13.850568413837046 2.7559023992651817
11.034716601901371 -1.896691537021491
16.31638863741659 -0.36158527650681
14.974773971723101 -3.7210271956441416
1.1807207642018536 0.2733443382902011
15.874461055646545 -3.994775318429808
4.6875955956866 0.230929129874608
3.2437474616022355 -1.4189132951538748
6.1270523302448 0.6165685504920859
11.802989254558193 -3.194685998850331
19.32160601764783 -0.766578978503732
7.9727977481512395 -3.6208293407699124
10.608500673609399 -0.7291827413750054
18.397473371957094 -3.5581791404360756
7.585055226470244 0.9639091089993848
7.4915131160742625 -2.926790947618263
12.916024808066803 -1.1294999745712362
7.86236431244406 -0.5714807722934591
0.8710799437706551 -0.4807130850290472
15.88260417671235 -1.023760228925667
7.603562659549147 -3.0446527905507437
9.20160708537882 -0.6977149501623843
10.393346480547114 -1.0918590466065379
11.459908556064757 -1.7062667868473749
12.551227785906178 -0.6491193832268931
8.78138704159361 -0.9276115362459861
18.6416108570085 2.2094936215950924
6.861724768698328 -0.5657986674450566
0.8629347511735697 -0.0265222501403706
16.060657225794024 -1.6783379776424892
3.9696562440614045 -1.865633535610274
8.006831811446311 -0.7697182651836
3.684828202767213 -0.6382920164830268
7.759565696576833 -1.0410612147780407
10.066098610847233 -0.7310739001058717
0.5066120705308992 -0.6643391261552212
14.266171494663864 -1.4841953416330478
6.115647060044702 -0.3673903034613266
11.999020543473815 -1.4800220459745632
14.055720748172613 -1.5245735214273495
14.12311812552196 -3.8433642183771717
7.52413456153621 -0.7689592769620945
12.197256879539555 -1.57447728373146
18.166844122851586 -0.83153920124035
15.07659338607186 -1.4126903619947841
12.746959065958665 -1.5522263943512604
16.61281122879675 -1.18723583932917
3.8799742647648086 -1.298402261905225
7.575197028594138 -0.8621257040535293
9.468704396170681 -1.0204290901454856
13.816460687634212 -1.5622743744446632
7.1274665974506 -2.984977412801286
15.315295063448294 -1.358949071157274
13.007626889615793 -2.3214212970810197
4.347473172228547 -2.0264415235736237
12.790830104257099 -1.6612078686324165
6.906895367739954 -0.9485025704629149
4.268091524758954 -1.3372994321935443
5.238190578972893 -1.1191531585889014
6.472037341505728 -0.9813440974485519
3.9233192477977785 -2.7981657373622744
5.347978515826268 -1.6367829631422441
8.642759852651846 -0.41625520027699264
10.955611667152569 -1.6046227502154753
3.0055034981581388 -0.9761332516851081
3.4308045587698834 -2.4584061353712676
12.931354193226449 -1.6914056273433373
5.5566724106226 -1.1086203045009637
5.886259154844262 -1.2464411307935392
14.319955055922483 -2.1202817527700772
18.99583242739764 -0.410219260640903
15.169259675771325 -1.809177816274983
12.563388418621836 -0.25816609320875056
9.597882605249525 -0.9364294956217476
2.732839297321117 -0.9639229476845969
6.0941876333612655 -0.6708496181807513
19.598685208946492 -3.8988754474253398
18.581918306639434 -0.35147129499160235
12.28595483531918 -2.0255319189982086
11.436534271135649 -0.9652211321181736
10.016850794127855 -1.0667881206601102
16.758649299718748 -0.9234150344323543
2.9884842475540236 -1.0579023569141266
17.249796005209024 -1.1651118280806387
19.177408858719687 -4.001244425392348
18.758137935241734 -4.458225927473888
5.197772571808262 -0.6438985992846222
5.465920881135216 -1.234796146063744
14.746926229067519 -1.3096311919448251
3.3273824046534903 -1.0622650013225508
4.203628330593898 -1.133209339498714
5.275044220481714 -1.1290064375356565
0.8463014374994943 -0.33531990049809235
18.408288247642112 -3.2964646624465916
18.65159429918972 -0.5819838938383318
1.1556769566604894 -3.0381536315680835
3.3720691279287114 -0.9125905483707567
0.3843451999981491 -3.260220572247845
17.022080429839562 -0.9449733473119076
17.980975060923523 -3.33805268047994
11.764336132040752 -2.687891502360602
19.2513882936934 -3.4081487928531122
12.183941184133728 -1.4311619311750827
6.362473213989505 -0.9623457599785593
14.475812116441736 -1.4678136179071435
8.542419138605682 -0.8365756427982564
10.680376857508124 -1.2161781076255835
16.886371104606305 -3.261248361695125
7.925478865936845 -0.7547598653813627
15.758031708819109 -4.012679305628453
17.655712579202323 -0.5862080914491204
1.6142577799182007 -0.6319445512684606
7.9898761843898916 -0.8836355494604841
16.37567731470327 -0.9562109939522839
3.8806905481810032 -2.7022375164810724
4.60201046820689 -1.2911877070665287
6.921567906705296 -1.0959220949041533
4.285270990098847 -0.7527667255695296
19.825811200874732 2.4314503179033977
8.559955173873458 -0.18120122442919684
7.457800508462273 -3.0121051805596815
15.901275766247295 -2.9207749223958386
13.500138593050712 -2.112121903521069
17.170484245492283 -0.9440672539269637
14.450821204157045 -1.870018236880163
6.957934612823822 -0.6438574241565507
7.37052017368373 -0.4854150599882228
6.453496210429375 -0.8411732493632411
17.099768644805355 -0.8635177192007154
3.9282933660759016 -2.285705951322227
14.29615300801943 -1.7420233821048432
4.901664017969051 -1.235178158598017
2.9055767517317097 -1.8666490046973114
19.112167091047517 -1.7689293755273492
6.537166795027262 -0.8102213313236215
10.965977967686875 -0.9070290778611005
17.161654852033827 -0.8178444421594175
16.37174366146158 -1.4118416598632992
2.2686054284508677 -3.017474342161403
19.848253123821028 -3.8743089737027754
4.6426864072524285 -0.46927819769150114
11.823131537571676 -1.6085047632710978
10.581343490074307 -1.0606225812905148
6.248793244040929 -1.3781373863355448
5.553549985858222 -1.3431149277438958
18.908805340996636 -2.2795615818927044
9.384259080667265 -0.796717852443928
17.980334432136317 -0.7826652452075656
12.457723361209862 -1.3610108515936779
16.402714125540793 -1.3435579484014983
17.957614040786126 -0.9603454565493559
2.096281837905821 -1.1914210211201532
3.280563919344903 -0.654070605634458
15.67272851353433 -1.454508173689218
14.77302683306659 -1.3102425533587534
0.7103833731408886 -1.5949027716174855
6.283012538679754 -0.08611567626927724
12.343088805006316 -1.5788232987706126
7.7268415630765634 -0.7969691321798851
0.20188055950136125 -1.6428802166320082
2.1468899302424203 -0.6543606455238746
7.5752437550106455 -0.548900769273482
14.533205666834307 -1.4601590563990992
3.2434792140776585 -1.957718556960401
8.303016245202963 -0.08896271985342898
15.701771631528056 -3.972081588991296
17.050842414931648 -0.0018999242506046905
2.9420761005596408 -1.2021237188377873
4.38963451700392 -1.0536084252863174
18.05166000057674 -1.0240607503088168
5.174160098730653 -1.3970767407539983
12.788301580210641 -4.201550362620732
9.579714645183213 -0.5957585544307008
4.406954285419912 -1.6612819520412534
8.61685275023401 0.5485198461835974
2.8088596502480527 -1.2127606879687258
18.37195284948683 -0.4946864074302029
15.904986768180924 -2.559829727767915
6.640626951378301 0.10890944983286971
17.694407586964726 -2.096415672281602
4.804589224081171 -1.0423932921695929
3.794137749262064 -0.6959842371135243
14.243054051690905 -1.5635128476458768
11.577958281539127 -1.6473394698977515
12.016766836968744 -1.3440719559906558
11.618004135402018 -1.6711727666182308
3.430286313931362 -0.875185243463721
16.268783216370135 -1.4403692699784791
18.741496666260083 -0.3571313081139339
15.554846142279903 -1.3819144991175811
18.164824976326884 -0.6046871632188422
4.557758395634307 -1.770439952276996
11.427322701705563 1.9598496302671213
14.469275870648213 -1.5943904118845642
16.43898591503962 -0.9800574776064986
19.106850389771694 -0.7634716871266363
17.530811706646 0.29293139244328725
9.12123668445022 0.3541861544821993
2.926183333496588 -0.9080499876026517
1.3792522673069079 -0.5423493304985312
5.782711667130774 0.1608021896192084
12.972449480742249 -1.832012639153014
16.324438150890195 -1.0292174502921136
4.31095435714627 -1.0768102761529803
10.103037147902644 -0.6940814387124319
8.1098339504884 -1.353385994615489
3.408677306325348 -0.5256705847960724
19.373610303794678 -4.0365080781019245
0.46515155784487183 -1.2294909924866284
8.640525699256042 -2.8729697263643157
9.458122898326069 -0.3297151336186902
2.09085388280476 -0.6481030466410617
5.958467039503049 0.5494578222197524
5.959079391907613 -1.5103000571911853
14.689836257447938 -1.478606208983945
0.04243923897897128 -1.6872108210259709
9.53152243441292 -0.6282708433117006
10.081018339099094 -1.0474786700265888
3.265469512416444 -0.6847012396691411
17.823790926347776 -2.0997694618178495
0.2668465444614688 -0.6380789603284742
7.818329380476301 0.4963961591749705
7.797320601347806 -0.3289983103027531
13.832076672996129 -1.9134125346908406
11.856898216370167 -1.6238999142478014
8.259250229246945 -0.4827995666566139
5.775597258104344 -0.8799719880189806
5.958394120690165 -0.6900345405383723
5.020319471876071 -1.100003562997475
4.207390614879024 -0.9733452707573428
15.652021621157871 -1.1614792316005795
10.882541453617733 -1.174497378192554
7.447325824924581 -0.45161757744118053
17.298950072495593 -1.1638489116678914
11.58300633073419 -1.0438254445382285
17.404170318317018 -1.1503934953275134
14.384704742645727 -1.9572661692503721
4.375236889064676 -0.9809461157955035
4.289760364704257 -1.1137725041260849
10.664233122824804 -1.303103802932036
18.72303918712295 -0.47599052035361733
9.311386972565133 -1.1321982336197496
18.981295925191613 -0.2826235944377005
5.275795416379447 -0.899853326421691
9.056324727568294 -0.40967281489127433
12.158791610632909 -0.945113881673846
7.930746996709876 -0.7152856784006287
4.341099143382062 -0.3229501115521623
12.339563160428236 -1.3895079102914667
7.7998848584951 -0.7985847531944847
18.244205896913307 -0.6506120891442497
4.684364164678603 -1.9118936514785996
18.531258155512383 -0.5234891132328057
5.611768012759908 0.265891520006324
2.473630134197772 -0.5753288825176872
4.523810441761112 -0.998839348505272
5.962507974824377 -0.4071453846121287
5.964810523107794 -0.8476053192156727
11.84030400391044 -0.6772631748179238
9.70450094766179 -0.6711255231474649
19.719159710261216 -0.47582533277452105
11.872320330803225 -1.2056900365229413
6.779530777644272 0.002014333479779501
16.926901966456303 -2.52694541192851
19.18382238769899 -0.38670956536610335
18.654212436607025 -0.7785008369107504
11.925605477756722 -1.529528631138149
5.267660328304596 -0.9060491891106228
11.662117351976654 -1.6254905061815152
7.868435488487631 -0.36411416985734785
11.338447859846909 -1.3009638565370385
4.586545385122146 -1.5942529509522778
9.765867526356974 -0.860302733029057
4.818154903725118 -2.3020028128377734
5.135200202865639 -1.792478390596456
0.5512987334647981 -3.8110339822175305
5.010004111253289 -1.8995460193577003
18.84151262862009 -1.9292928597896717
5.388929594142907 -1.620782527192489
19.16322518316523 -0.5721846402662424
19.771039982567164 -0.8606261211048836
4.079383607994159 -1.887164620878723
6.8393278884510655 -0.6405384498474758
1.3885812379586988 -0.5863437073988562
13.0953090791485 -1.371641593286888
11.499100854691823 -1.4860366929861673
3.968677084770338 -0.8298318824478911
8.63938931074048 -0.6007100217936372
4.392407810259103 -0.698505911165558
18.865529751478064 -0.3743538879199641
6.0316108066985015 -0.44842637811607655
15.109221125865004 -1.5242901627216847
7.3449006283926686 -0.07969694745897364
12.24914057677088 -2.525143354752488
5.3607602589395364 0.047306415659262455
19.89862796751271 -0.8061200401061065
10.489686791717881 1.7489776224478737
4.009962185947573 -2.02817469621425
2.1053761064425625 0.05828136816047825
4.3946611767018 -1.1100576799759527
5.894244181981059 -0.41210378753367943
16.215345018054677 -3.76870182838797
13.052586132683173 -1.13963424460803
6.2632428580686295 -1.388154714149354
16.149225537081985 -0.370686321340991
6.315998256220353 -0.8163745154628123
10.08640509559889 -0.6231283368508477
8.430584404940038 -0.3144246060506743
7.151239059491593 0.365585340123351
19.288381558985044 -1.064584414958858
1.5527473845788602 0.8848742459218633
0.34864131918651003 -1.1380527790692936
11.525290426912253 0.23603344770176204
4.631482458915059 -1.5847606276809358
17.502190808485636 -0.2310539296174171
6.18015920841965 -0.46170895585997807
0.12212060047566217 0.4693637179527457
12.443569307378072 -2.564162666426043
0.7799123592473372 0.296551515584065
8.458381583396873 -0.7468847226132038
1.4133674062990806 -0.29559825716944876
13.594044835232653 -3.658671332159745
17.670867454958625 0.05564198047343444
9.394327813205011 -0.4942572546899413
19.040833393731575 0.9914823675815468
18.63140551442512 -1.0750766691077447
18.236804835926428 0.7532129696174279
2.346478845772268 -1.8285885093656689
5.392242985999043 2.096224451149991
16.365080008068905 -1.56871646762273
13.25237639222413 -1.095052952908938
14.835517998388061 -3.811136959571505
7.723446917956887 -0.12423776748408114
18.210659924336856 -0.932787665106852
14.295688186854154 -1.5731702074168572
12.285967943001973 -1.4033694348241001
13.226721015096176 2.781844772390486
2.41139004958415 -0.8855990333576167
3.6438783629179694 -0.06997113957391557
9.620791149150502 -0.8257276442858164
4.621382201010556 -1.1181510405863118
1.0581962953445478 -1.4944149529146482
4.2374212453122055 -0.49988422029165935
13.750148169007526 -1.6444822063330145
5.926164850848757 -0.8486559360371109
10.982488433585514 -0.877390242778411
6.011273000868357 0.26017693711671636
4.939354484692017 -0.8182244312682905
2.3581597285791536 -0.21716679191750793
5.510784044552703 -0.852635749521503
14.485827144946002 -1.5480607813619058
9.3877155958684 -0.1588178551770515
15.155694536595947 -0.545899311900516
7.647784090957918 0.17174568596523068
8.283602390888705 0.4642503335489752
1.2669267208281763 -0.5263453355349009
1.6927590506380525 -0.45267230636334654
8.07617034304912 -3.3839798345346104
5.190666722827734 1.5539082327343439
17.732424604986825 -0.49209786199222594
5.435725800648095 -0.6360394198522422
8.020928464809403 -0.728998360423384
1.1305055956322716 0.9687351605233582
4.287318551785538 -0.6862031979352643
11.303809140154586 -0.07365759928279952
9.876114959676647 -0.468898595826321
18.60417164340488 2.0917197967067165
4.309318588169712 -0.7654928743610667
11.771472400533568 0.8609692660410916
10.132492658746163 -0.8342778476138295
2.2092219003608142 -1.0490639105256256
4.05659932149754 -1.1192567056272869
8.815022066165165 0.8186025451657076
5.536841745601402 -1.0169035681598109
5.2530292391566755 -0.47705944313731374
1.7570082078231666 -0.8988452145504995
9.043193130828463 0.15676917010527658
6.556466445539627 -0.24524272792848828
13.449791545332511 -1.6385017464195086
15.735986585968606 -1.0329412517887129
10.636571498218654 -0.8352207698314063
12.816595940878253 -2.4542562434742448
7.234506228872212 0.4990637233826728
4.383203816632915 -1.0978521076465093
8.981961167750024 0.5240223379727583
1.8268296561414785 -0.585413961159569
12.077238451810716 0.8381111041874266
9.759467502577001 -0.5290089479518484
19.737804073521577 2.1183909404789807
1.4995450189236208 1.624685816139034
10.083181971148052 0.4432413269500655
2.4464992467402107 -0.5344800004933961
11.32280958037183 0.04708657965311427
3.9783885202510083 -1.4790358266312162
11.12573412792081 0.8368567945389837
3.6689788693174723 -0.7593382035545195
1.8424100105405576 0.8208013478086659
11.764391520272156 -1.7188338089114796
19.47972795076186 2.129933805894128
4.187968864695382 -0.8524245880530953
0.891554796976072 0.016330325901529726
11.430247798724649 -1.4161085974808922
11.149903312177813 0.6152872672694649
12.260965840828257 -1.4176627477649253
10.608911691088803 0.572186040430497
4.8661185577286 -1.1756694929064044
4.038610214478156 -0.44950985553462053
11.486127059416368 -1.253376336815624
9.29211131574337 0.1911546254336622
0.05447567941219812 0.1782045168558443
12.349494226946428 -0.03832102903887475
4.519565065442359 -0.9715358175556135
0.8275364983395994 -0.16588637970899475
4.135525867530216 -1.0005299733844177
8.552106453362793 -0.29851620416445823
13.642232896456601 -1.8602719156599938
3.7218970915267584 0.9558860704131901
4.990997018910815 -1.0409034036363678
0.4564425138907831 1.9052688494012686
0.23065286418423334 -0.6797732627186173
12.291314333144847 0.6073745624732767
3.766479985113145 -0.7715363920390076
13.383168102135846 -0.06820369288791057
7.32438990163614 -0.9684744499928009
13.452876501062931 -1.36180950492867
18.59322127134978 -0.8083682400162904
7.151636204089503 -0.20899129475910816
4.727655501189901 -1.272908235641413
12.684804174531726 0.2704855721035079
19.867534635790896 -0.08862762669850639
6.035761126893954 -0.730347162225252
19.144584224798496 -1.86754789100323
6.722935839642998 -0.36657667537438576
15.573303836228838 -1.3555758327298928
4.727568918063035 -0.55812799265943
6.641751938778983 -0.593683136420964
12.603217213892247 -0.4101024110776256
11.254728848521042 -1.0836146965207762
8.297401364540809 0.2645915390545877
13.92626251733781 -1.4248874303852657
1.0198775164714835 -0.2204749062381272
17.528651432759016 -1.0893854922337367
17.720944914619515 -0.7307021372727728
0.8498554696793301 1.6708926876441526
12.628489139231933 2.2111020479175236
17.297539111932352 -0.9971142161525788
0.1204274366304412 0.19625123809744063
15.844083077705815 -1.3535103242320534
11.26057677025163 0.5870251914420033
2.29420568552831 -0.8347461356233994
12.172827945892923 -1.2077066077325882
4.9713028528616166 -3.1071044904793146
11.200356905279236 1.5526530062770993
6.936493308148971 -1.0162309391903004
8.384246737962386 0.251736837888173
4.5601892570645886 -0.859876493454631
10.367232417956231 1.5018802887218898
5.738736362208181 2.263245575752918
3.6362738917891013 1.8989918787557027
1.4557262840775416 0.4739216091648938
6.698882202937349 -0.48535158328499417
12.76336178882937 -1.1053054788046506
17.349361904189205 0.48389332423278825
9.496921362690763 1.242904241074317
1.2597324771025578 0.7769867314973579
6.332551040339 -0.807625258223878
17.968391062295943 0.4665558849050129
13.10124875561163 -1.9033641311981806
2.0552406964674006 0.897637184767662
0.44617187810683623 0.8346180179181198
11.309417815345116 0.5994336258581281
3.1049109545147338 0.36130182119803794
9.439159084250953 0.05389679242540547
10.668871737254127 -0.9913720911234811
8.106284561730405 -0.46075760083235484
17.913938769384636 -1.1668536925370678
4.983563377453501 -0.9125736945629308
5.791616667676112 -1.3346997491102468
9.223631208778329 0.7511807789794883
14.120425161951886 -1.844441038541335
7.304568054853521 -0.1382457210067616
14.335931025485499 -1.7439655938408691
3.9827629674397116 -0.875260004986068
8.28639830671707 -0.7433555266736158
6.701287090508774 -0.6292649178640126
3.832822478153417 -0.874918453896579
2.564804601206619 -0.8850635541978877
8.717039524109419 -1.0831214197117085
6.516621230524746 -0.5436849123748825
13.53821387227275 -1.9914924579056579
10.792194109508802 0.5225304149646293
6.7947219963453165 -0.9790275693720578
6.238935544298576 -0.11450396249280526
6.952461380332449 -2.445423777309497
12.402741578576158 0.5290893848466242
4.153342615095411 -3.2491859356236827
5.402551978604978 -0.4647702662536284
15.518232231717542 -1.51504328789351
18.07841990067164 0.19500787956174642
4.92838351884859 -1.678871841824408
11.606706206663901 -1.2372064991177534
15.288365294147392 -1.3844781228037533
12.291641538982237 -1.7357767556769945
9.26740595231408 -1.1074026253377964
16.02176630493139 -1.687828426402484
1.240397776207401 -0.46372551236665993
1.413856122466191 -0.8715159191673981
1.4875861611919878 -0.4405754908135977
12.043361070424826 -0.8962145357206404
0.23314062602137692 -0.6010545294667984
3.75954961876201 -1.116850530451624
13.335706211653918 -1.682382064071802
15.181849877582916 -1.640015800091281
18.742628977084667 -0.5130081075733464
12.199059851852175 -1.1087339676334682
2.0130076346324066 -0.48070859860749243
17.128345434230624 -0.9273063706136759
13.71819004843333 -1.4708181696019624
19.5698289375071 -0.7107218147972857
6.144619107948581 0.7072581663916511
16.295618327322995 -1.445273212136807
19.78400243062942 -0.5450954136056697
8.989664848569136 -0.6766922022590703
19.964636993845883 -0.5233394065974215
0.08644542679837164 -1.2407660167549865
5.318662854824353 -1.264230373784983
8.955193928946107 -0.4284106660190633
11.784168716142972 -1.293388407377504
7.559617953168079 0.18077279854764344
4.864038167584463 -1.5211295425720863
6.156396437060948 -0.781868638406975
18.488312562468813 -0.6280083302739177
6.843315732428608 -0.4091243164555258
11.280915789286427 -1.0236095089160906
9.235145137088567 -0.5902340342890408
5.541971115352556 -1.3069701150492388
15.433014820973206 -1.578665244140325
13.808681383587869 -0.7459243694845635
10.485996804606673 1.3112307009194115
0.34226133616564386 -0.4800229765454299
1.979314285255924 1.6293902728083323
4.503973897135409 -0.5041767248365339
0.6908786299544782 0.3099048274670416
15.576905954975857 -1.2454035438262452
15.653605099964079 -0.07970797141388075
6.65953985038748 -0.5440893491750061
5.693603979246671 -0.7082375391917985
17.444868743057476 -1.1018506976487323
5.106269825814529 0.40383450409151445
7.535972839953677 -0.36648016145499934
5.54688974077599 0.07901224864604471
18.602478011742857 2.7263896276007236
11.075367689542208 0.6982769023658345
15.988838688506888 -0.9540728571539179
12.191591345731853 -0.6266574438839024
18.84838335677312 -0.652292477838517
7.23294555361349 -0.3534452231172003
5.173395198582851 -0.5065039227967094
7.932407154341648 0.038760204548214654
3.8711316996280063 0.1314260184649449
1.2474715539186139 -0.2955857559568636
0.4420412165235814 -0.5938993382918144
11.05761611751259 1.7133397796114178
19.66198310038432 0.05471071720572784
16.393401914319238 -0.7464804596468854
17.250039458494243 -0.9293312508466136
12.247262791380981 -1.1921117659396796
0.3510601005012476 -0.7274067342759056
12.989244977611257 -0.3192505757017842
11.03828688408021 -0.9311219862427739
15.119398646452712 3.141384378527707
13.522191506595982 -2.4278971457321985
17.68826455149637 0.39170407747919067
3.4378619311082166 -0.8118084844520009
6.680169497320539 -0.2668634599004084
19.80066462977558 -0.3714874116855356
11.72336916552521 0.8029521982502568
3.280785739753527 -0.15517476740250818
9.817490897741822 2.0552503890700202
15.287625913574503 -1.3820439871967118
13.907997685038154 -1.4758658983152162
16.476424266945756 -1.0719046426943235
15.53457869576098 -1.06379658261242
7.71399297145858 -0.3383128626252978
10.135701527353422 0.46732816935787913
19.14024885644345 -0.10020243185128722
2.5093952153959997 0.2924920660315468
15.204174956848599 -1.0387197546872053
17.99546824890493 0.24144746179952178
12.440228111344672 -1.6636772674372895
15.375808242631743 -0.9264864464004633
8.81883917439428 -0.14379049410442377
9.44511670970986 -0.27898593233891
15.358967873227122 -1.3816282391578765
13.076650865043971 0.18928355502191982
4.190074195106378 -0.7729172443168572
10.409809463261507 -0.26285007743399347
16.396091489237563 -1.4077626493190614
18.723965140837908 2.7293946495382273
3.7150505187650493 -0.7323259751462015
6.554710550089147 0.7562363241419872
6.4322746288070105 -0.5507680072495709
8.524646988042607 0.33022188590982166
9.870263436952568 -0.0038102865855222726
10.741884006835226 -1.1948366305116849
7.855934586153379 0.011977742196940887
7.576211307271101 0.21399869487475537
10.951719588683737 -0.7659784806449982
6.700303560685617 -0.7071138370535224
4.157316156618586 0.4827516636090651
13.246501702374804 -1.338527896549401
12.136660235691098 -0.6457942340578442
10.52889282240103 -0.7815987656446712
18.28424060549375 -0.16346729315384048
12.434429263830014 -0.8711402632854819
1.4817506677620682 -0.2688316361709413
11.679065850905062 2.3508208399071004
12.079768832447552 -1.535730806773246
12.527626681287808 -1.4125898564752244
5.569381061432199 -0.8086016302605851
16.832105204291224 2.9608439687542267
4.358123686699772 -0.1845557993490683
11.504201169885228 0.640522240793586
15.870065627398711 0.09673784051859975
19.098016194808178 1.1350836150157
2.3823727881015446 -2.0412782817977546
9.410386445923287 -0.17200262101890468
5.223219264129274 -1.186052528018469
18.004239798369344 -0.7798249080001933
12.51790640520213 -1.189153520189734
2.7934932975191673 -0.13349233104201735
6.187688292071518 -0.6950124284704874
0.9509024515500357 -0.28630193325722936
0.7060152412024435 -0.24968842063035418
11.25221893202087 -0.4403631718158575
3.493666094394488 -0.4730796711579912
3.2156632096651503 -0.806487226300082
16.5234450354765 -0.9659736344568646
6.482176798468512 1.436280663274311
13.928218918010309 2.815704366065169
8.883585607490579 0.043663751448112624
4.787420752227226 -1.0710418453586719
2.1696675010007596 0.9072008793608246
8.852057951487549 1.6248154546438403
19.42529505779744 1.3245541635491083
19.810256899045836 0.24949662178600848
12.53490549815167 -0.532444773905123
14.265700018491893 -0.06852244128972924
11.679155740304205 0.01866897650725049
7.409675468970044 1.187169082549531
17.801178152249378 -0.41148666767500996
14.989111839840966 -0.7027388357999995
18.8117783795208 -0.12390087772121658
16.48006831514074 -1.1595472099047253
11.764487533415716 -0.9184046051807729
5.715778764204434 -1.1175627400965493
3.3983745295341965 1.494423961761013
7.9206525373467835 -0.5326401794104434
6.208644423131334 -0.8586683429019845
9.114815764981854 -0.22086203226917728
13.535569134105335 0.0903852124090514
19.896148409999743 0.47768717654929455
5.7009170821708235 1.1052970133814997
11.051885631626641 -0.7813501881849582
10.522591301311984 0.7784593467389729
16.942750796502864 -0.5089633084739641
14.46402633995246 -1.4252913814867703
6.795535958825325 -0.27824039060592953
11.250510957025925 -1.378483485455547
12.773559395456552 -1.5937005006759968
8.549814715234156 -0.9011929532425091
17.072204263318433 -0.709221788010996
4.020911910043969 0.6180592317554129
3.5510102268849106 -0.5528761027105907
4.299365938579808 -0.05992375868205399
4.9380131867881225 -2.1415325576707267
0.26320509617834553 -0.4164549393102565
16.213942757855904 -0.7833251806846676
12.262082515780481 0.6264622482152107
3.4558540387618177 -0.09195768430888634
9.61395371200738 -0.21600837349170948
11.271576229558455 1.6441199705173224
19.82017772853808 -0.053333005661222926
7.564041375069686 -0.2629641033651388
9.547347652490643 0.02268220175104052
7.464868205558181 -0.4555979382207939
8.7518142347797 1.2194642134291618
2.7078825607725903 -1.0744483822964026
1.2892472714643168 -0.15190723419932733
3.4489093731167966 1.4945087643039836
8.117310338239058 0.7188446694719981
2.2742244822054434 1.7810189870871205
10.599179494904204 -0.8040108078595996
13.45919701535369 -1.5505173527462794
9.324985672116277 1.1408200646566262
6.363527305355587 -1.132472658564292
18.623202786844036 0.48293224235446086
4.1122730930087785 -0.9507027933617475
9.532383291255151 -1.0586655250148311
13.593591536586228 -1.4015273102513601
13.86875760967986 -1.3867055107572612
14.190948760020094 2.8758861316486573
9.645390743062404 -0.33310397712702905
10.754334634690474 -0.7639959050749501
12.892136052799673 -0.7858794859658507
16.88184863735206 2.6467942983395734
11.379534160065289 -1.2334922649996054
14.573784111493108 2.8803612579263227
18.799081350543236 -0.37743724316016086
15.0528061116612 -1.3596053893630393
6.921024149577395 -3.3391667454393565
6.7470643367751695 -1.1342198307549998
18.869118734845575 -1.4368989762840312
15.066499431204214 -1.0043968303338806
7.536198515847236 -0.3108596696999108
18.481851716207018 -1.0605089940810568
13.67791781931987 -4.220287336135962
12.816789624844347 -1.3818992014680622
15.914791204428708 0.2499513358560112
9.597249251207991 1.2720014042719185
9.11583827186026 -1.8510043651987014
10.075550478251804 -1.0518986121887348
15.384329669736854 -1.4455924166646714
10.86547580760012 -1.15698477226443
5.820215532452403 -1.2709633680645402
6.972973619064089 -0.5815741893353763
17.949313827678722 -0.5174625794731036
9.918586209380852 -0.6636977025453292
12.908703914973836 -1.4420428539313108
13.024331935161584 -0.5704133572545435
13.733193424052619 -2.0884752458600726
18.878211301711026 -0.6088533012506633
4.41184036518337 -1.6227817099800828
11.006934644567272 -0.11303887136758672
19.58025530119112 -0.33693655022616975
19.653148380354157 1.5755446781498634
4.196805983245646 -2.63070671438491
1.0856678449008845 -0.49527158333062626
12.448292446696023 -3.4185179360184983
3.471580315785659 -2.0555292720066967
6.856869078764392 -0.2730952055107715
18.010850211869073 -0.8412975516621468
1.7787313240741787 -1.0028474982111002
10.236815767274052 -1.031924310062002
12.229368044767048 0.7059368167003143
9.20800612549943 -0.7670564952732388
18.00060983122896 -1.0507293466456833
15.409891270782332 -1.4126001140328144
6.2179866260215215 -1.072727493229904
17.654664003483216 -0.9683364746270965
14.158364624943124 -1.8992834104423537
12.749161018002463 -1.7301732586164975
5.377565174345743 -1.6454605555397706
8.814151348865082 1.5490741155582193
7.1841781426554725 -0.9919163676583801
8.857852715145127 -0.5416000221918748
13.034855275037863 -0.6025209787215065
19.543129711856945 1.991956340010362
18.33966438594444 -0.5805790251133659
0.023066169303565295 -0.6448561984858107
2.3234686020941098 -0.6184303897193977
4.357796280619302 -1.4390482991881917
14.69112049809381 -1.4950648350444506
2.960114179907879 -0.8554046827274823
0.7221969550545089 -0.25305465744820393
12.829934436929113 -0.6011425198020016
11.805453907692426 2.1192124335189315
14.000208754855308 -1.5085356984628078
6.953836148997376 -0.5558072458357348
3.342831977791855 -0.8140029414988831
9.697538985075603 -1.261985018937693
6.744339264549135 -0.5649066387789545
7.960544721757879 -0.9027550890695901
12.59538457129595 -1.6882623406805242
8.105481467091552 -0.5902020768055429
5.133782811230308 -1.2392482808051923
7.253803577011156 0.11815671792912012
7.831734319178202 -0.8247449843658539
3.5474606637039114 0.9425299711876484
15.894971608780228 -1.1378990556021955
17.525067090491387 2.416084968990595
0.5269826721742636 -0.7266383217813168
7.858970074795572 -0.5454708336786985
3.2586612850152417 -3.0688664566136024
17.489216778119346 -0.9759564019593782
18.24712184644471 -1.1224887740353433
9.919868724823663 -0.9194557862391426
1.5278189154127024 -0.8273403978163539
5.117816258637419 -1.825243961317288
15.261879989586953 -1.2317688872208803
19.112770770662298 1.510052154986361
16.11535278109937 -1.3337923512351026
4.637810221179936 0.32621758911036874
7.833748050990811 -0.7362829925693418
13.181490546389735 2.8298677091839775
18.037162245001934 -4.532160718938327
14.892037965656087 1.6773179103523848
2.4284853384909995 -0.254605935103274
4.847276330802972 -0.6407679992193333
8.865293746442013 1.6550231409084324
9.22574431279247 1.8571394385666533
10.856991808798057 0.754415655024576
11.271433535451651 0.6608244116086719
2.8333739376042395 -0.8069746547216509
18.120263143226826 2.8339282823644436
6.95673935199761 1.060385062733311
13.357676084039953 2.8754383283305995
6.786191188507648 0.9041439850184043
2.914444128343305 0.9409750748045558
16.598113529724756 -1.257091486689905
4.566401594886448 0.8755113073916698
17.813948398217704 -1.0567098871636742
18.989421886731222 -0.9941237779045066
7.791888384900442 -0.2940428264766844
15.633821099458434 -0.4463570248322102
13.098904716159309 -1.5930431365061293
15.075987248571327 0.32091796641937537
19.676677655016118 -1.5590278824803832
5.7106094233916185 -0.1769540577239846
1.8734793616207561 -1.4295561609871479
4.419825132393651 0.7209596421174712
10.863693588257737 -0.7405948036568082
15.027468941889609 -1.094072674089397
3.825413553222078 -0.9224641046749419
19.539466263285046 2.376920920375292
12.253875498410288 2.202613048045116
12.802871461082779 2.7071292695665354
15.154208438836013 -1.2073656195286053
18.97329329728035 0.09722514677831003
16.91157879005706 2.913213796327977
15.64405285503449 0.10969574661192377
3.7648659616918185 0.8813869142923973
19.885459184570216 2.3736969114067845
4.47478630937939 1.2094450494397226
5.514830520822647 0.5542309546523692
3.1072935478242476 -1.1273747726336563
17.289887173497405 0.468672069237655
5.851760929188051 0.42228511271620955
4.6877076205831045 -0.053889532268292475
8.698001365314187 -0.7036740342863558
12.375035292896138 1.1423146227219636
10.516601539243968 -0.8324542200636706
13.411962821320644 0.40007325420402984
12.290045314374188 -1.5232465411908929
14.941067582552721 1.6569238247952172
2.47367924759714 -0.49385662134988345
19.110290493840353 -1.2399095345144064
9.29259878668132 1.189471910304995
11.275769750497108 2.2729987263763007
10.393591661687811 -0.8607659480178877
14.165927025934948 3.024366414446752
16.786705826808483 -0.9370659891715013
18.116434071088626 0.7476007360569291
0.5027718824891034 1.0964786409226126
15.39679475675802 0.27643692650944324
1.6109711369187287 -0.689994082186121
15.263758138306875 0.1160347776265447
3.833867442982106 -0.4509503038602556
18.284013427241042 -0.6665538721650369
18.99852964835928 -0.7808022032389493
18.064924009372422 -0.12475541150632347
10.909175565836295 0.8710176361670877
14.851494200581246 0.014252220323928012
13.952910615208681 -1.4327553549466074
1.1310428378748865 0.7762195725809927
19.448071615934776 -0.7630397642686595
5.873968762954873 -0.44429623355424624
19.498322246676683 0.19335841266046258
4.621330129601656 -0.8717889123692846
14.69642119588203 -1.4876469443495217
4.297999529728312 1.5024975833106102
16.457696765189418 -0.964383752997844
15.128396036963421 0.09117240427223473
3.788431734925146 -0.5085559002089337
18.641630871234895 -0.7367014065452249
3.4205666476569045 -0.17320077041317375
18.97654072920881 2.2323727613571354
6.97393125768522 0.17883836038905923
5.984951864272219 -0.10929182022803734
13.687033667151699 -0.42633734142673513
15.76255820557169 -1.4589654047592753
8.549782358023398 0.1625814775796079
0.3219759928574016 -0.4223521242159335
18.959288314023162 -0.7167083959857848
19.19368729526972 -0.6195460482835948
13.579441815900458 -1.259745915533202
16.7373574561783 -1.1263337299769056
9.327119834496232 -0.5085691359128673
7.4176218111806955 0.1447349675463387
11.584377336125781 2.055557208434026
19.895823652118256 -0.5653844445691061
11.276002637923149 2.257278317692202
3.5005575005910794 -0.8020493641463718
7.410922395387656 0.4470151079665442
4.0352650568680355 0.28381113064717844
3.0194794313823685 1.6479244212332929
6.731050411116745 -1.1925215614886069
3.231752600849069 -0.8919056127418773
2.115409709964936 -0.1921826027698185
14.433877041125461 -1.4047558595600835
10.54425731100137 -0.7851710168084349
8.774367384052734 -0.24360475152069874
5.671782231701012 0.27296369048907554
8.894505775965886 -3.532395966070363
15.551336084883514 -3.1033315171770974
8.28776985425765 0.9514719259366318
0.20604241628339903 -0.8824888275200515
11.907382914364536 -2.838990241691591
14.362142419983726 0.2917266748144097
16.421127264334004 -1.0594518022840071
16.374945364065788 -0.7811143682855978
9.779803404295231 -3.382344275658562
5.476875611657469 0.19278001229695668
17.125883813315767 -1.4100899374239781
6.0932391657739355 -0.6019437628982707
2.5456700119835047 -0.8877855873847131
4.316909203881945 -0.7416360269663049
13.957131134398583 -1.6969293367428326
11.638300313355796 -1.166088094535995
5.114490825271124 -1.2121319042920988
5.538975310903452 2.1801398873879694
0.3847893869349815 -0.6290379169462044
4.265850438039116 -1.082411012728178
18.898262992006284 -2.2981893776540647
15.592103598157554 -1.3868577639481416
13.102866484884341 -1.7547552920497789
1.8299253763495824 -0.6499376384720827
5.4394383701615885 -0.922183179518756
8.046688939609371 -0.5309986280645135
10.792670088523327 -0.7391357142627739
16.05786252956406 -1.2785942388753597
