6.698420614527999 -0.9986340485544158
13.3215335425122 0.998594173132421
6.718244207566118 -0.9987745310231807
13.34153358199029 0.998594173132421
6.738244128611494 -0.9987745310231807
13.361533660944918 0.998594173132421
6.758244010183449 -0.9987745310231807
13.381533779372965 0.998594173132421
6.77824385228666 -0.9987745310231807
13.401399977388134 0.9984800838329729
6.797933804687572 -0.9988936618017461
13.4211025135962 0.9983714819838752
6.8177760652805555 -0.9990194642936349
13.441102750410211 0.9983714819838752
6.837775789021177 -0.9990194642936349
13.461103026669592 0.9983714819838752
6.857775473327334 -0.9990194642936349
13.481103342363435 0.9983714819838752
6.877775118211493 -0.9990194642936349
13.500932286409496 0.998225225314716
6.897471110559565 -0.9991352038685921
13.52062222402639 0.9981172057005546
6.917298955539006 -0.9992710105642832
13.540622657942615 0.9981172057005546
6.937298482247505 -0.9992710105642832
13.560623131234115 0.9981172057005546
6.9572979695994155 -0.9992710105642832
13.580623643882204 0.9981172057005546
6.9772974176149765 -0.9992710105642832
13.600457809516778 0.9979787919005733
6.997014788882388 -0.9993896741225755
13.620091001309564 0.997854347445799
7.016857088836704 -0.9995150133797321
13.640091631899779 0.997854347445799
7.036856418980167 -0.9995150133797321
13.660092301756315 0.997854347445799
7.056855709883755 -0.9995150133797321
13.68009301085273 0.997854347445799
7.076854961575459 -0.9995150133797321
13.699944391682875 0.9977303248165006
7.096583780819324 -0.9996241067962989
13.719535505902655 0.9975924321224932
7.116406715638938 -0.9997651692385666
13.739536332544544 0.9975924321224932
7.136405849878432 -0.9997651692385666
13.759537198305049 0.9975924321224932
7.156404945033486 -0.9997651692385666
13.779538103149994 0.9975924321224932
7.176404001139826 -0.9997651692385666
13.799419550113372 0.997500306472226
7.19613856667881 -0.9998784343834568
13.81899378648163 0.9973497326582675
7.215966789983943 -1.0000192507468066
13.838994808359397 0.9973497326582675
7.235965729173868 -1.0000192507468066
13.85899586916947 0.9973497326582675
7.255964629473366 -1.0000192507468066
13.878996968869973 0.9973497326582675
7.275963490925845 -1.0000192507468066
13.898911017116983 0.9972861816227467
7.295737693303738 -1.0001222854055876
13.918431292918203 0.9971204598554396
7.315544182994972 -1.0002834089351982
13.938432509023375 0.9971204598554396
7.33554292818222 -1.0002834089351982
13.958433763836126 0.9971204598554396
7.3555416347114315 -1.0002834089351982
13.978435057306918 0.9971204598554396
7.375540302633662 -1.0002834089351982
13.99838227965687 0.9970828825627589
7.395326849083502 -1.0003883494469696
14.017860223073487 0.9969075823442859
7.415145614787417 -1.0005431573390147
14.03786163220592 0.9969075823442859
7.435144167210336 -1.0005431573390147
14.057863079782997 0.9969075823442859
7.455142681245758 -1.0005431573390147
14.077864565747578 0.9969075823442859
7.475141156952344 -1.0005431573390147
14.097856406641467 0.996900980026427
7.494945675068496 -1.0006395683765956
14.117301362762072 0.9967045970981342
7.514746163336826 -1.000810618191788
14.13730296353112 0.9967045970981342
7.534744524424002 -1.000810618191788
14.157304602443944 0.9967045970981342
7.554742847432105 -1.000810618191788
14.177306279435841 0.9967045970981342
7.574741132427337 -1.000810618191788
14.197307994440612 0.9967045970981342
7.59454506917843 -1.0009104183394144
14.216767187452104 0.9965082514279271
7.614359308948984 -1.0010708205889034
14.236768978278 0.9965082514279271
7.634357480317824 -1.0010708205889034
14.256770806909161 0.9965082514279271
7.654355613953598 -1.0010708205889034
14.276772673273392 0.9965082514279271
7.674353709929974 -1.0010708205889034
14.296774577297013 0.9965082514279271
7.694210693183844 -1.001157667835192
14.316223247045652 0.9963003950951344
7.714002245770386 -1.001337849592658
14.33622522616107 0.9963003950951344
7.734000229225527 -1.001337849592658
14.356227242705925 0.9963003950951344
7.753998175330841 -1.001337849592658
14.376229296600611 0.9963003950951344
7.773996084167409 -1.001337849592658
14.396231387764043 0.9963003950951344
7.793873454503675 -1.0014220172084518
14.415648835224133 0.9960834546274515
7.813675909493136 -1.0015933490134221
14.435651000675923 0.9960834546274515
7.833673707024674 -1.0015933490134221
14.45565320314439 0.9960834546274515
7.853671467626477 -1.0015933490134221
14.475655442542585 0.9960834546274515
7.87366919138696 -1.0015933490134221
14.495657718782102 0.9960834546274515
7.893535007203954 -1.0016823974201372
14.51505172991057 0.9958623977099492
7.913345781114685 -1.0018627371621573
14.535054079561693 0.9958623977099492
7.933343394896176 -1.0018627371621573
14.5550564657802 0.9958623977099492
7.953340972204486 -1.0018627371621573
14.57505888847189 0.9958623977099492
7.973338513135256 -1.0018627371621573
14.595061347541119 0.9958623977099492
7.993258768410868 -1.0019413871202691
14.61445614952176 0.9956543951185977
8.013039621320111 -1.0021304805945193
14.634458681053395 0.9956543951185977
8.033037053706472 -1.0021304805945193
14.654461248667033 0.9956543951185977
8.053034450112193 -1.0021304805945193
14.674463852261312 0.9956543951185977
8.073031810640053 -1.0021304805945193
14.694466491733447 0.9956543951185977
8.092958080808335 -1.00221853380138
14.713861647530345 0.9954549751077011
8.112753379563914 -1.0024092405016736
14.733864358444174 0.9954549751077011
8.132750633089069 -1.0024092405016736
14.753867104919019 0.9954549751077011
8.152747851161633 -1.0024092405016736
14.773869886846454 0.9954549751077011
8.172745033891433 -1.0024092405016736
14.793872704116653 0.9954549751077011
8.192634083630097 -1.0025127364559054
14.81326676951721 0.9952615420426875
8.212456324829956 -1.0026762372553122
14.833269657137887 0.9952615420426875
8.232453402204344 -1.0026762372553122
14.8532725797635 0.9952615420426875
8.25245044468918 -1.0026762372553122
14.873275537278666 0.9952615420426875
8.272447452401218 -1.0026762372553122
14.893278529566627 0.9952615420426875
8.292325477170875 -1.0027747600131065
14.91266771208598 0.9950700495956667
8.312142904441167 -1.0029413126786708
14.932670773563775 0.9950700495956667
8.33213980854907 -1.0029413126786708
14.952673869455875 0.9950700495956667
8.352136678364882 -1.0029413126786708
14.972676999640061 0.9950700495956667
8.372133514012187 -1.0029413126786708
14.992680163992757 0.9950700495956667
8.39203309784319 -1.0030348356003558
15.012066969205952 0.9948833392000808
8.411878375560761 -1.0031763996509613
15.032070201519558 0.9948833392000808
8.431875109457444 -1.0031763996509613
15.052073467622874 0.9948833392000808
8.451871809693355 -1.0031763996509613
15.072076767386966 0.9948833392000808
8.471868476398758 -1.0031763996509613
15.092080100681558 0.9948833392000808
8.491824594765998 -1.0032521291626324
15.111461739270451 0.994700365175561
8.511658464801888 -1.0034094436277174
15.13146513922996 0.994700365175561
8.531655031710605 -1.0034094436277174
15.151468572321242 0.994700365175561
8.551651565623077 -1.0034094436277174
15.171472038408771 0.994700365175561
8.571648066676142 -1.0034094436277174
15.191475537355707 0.994700365175561
8.591645015326664 -1.0034830684962974
15.210856212665286 0.9945232182428609
8.61148312355503 -1.003636405983195
15.230859776915349 0.9945232182428609
8.631479526863826 -1.003636405983195
15.250863373606553 0.9945232182428609
8.651475897873473 -1.003636405983195
15.270867002596908 0.9945232182428609
8.671472236727235 -1.003636405983195
15.290870663743146 0.9945232182428609
8.691450085174678 -1.003717010433068
15.310250194213637 0.994351335773393
8.711295034035889 -1.0038807855168035
15.330253919236771 0.994351335773393
8.731291277294261 -1.0038807855168035
15.350257675978396 0.994351335773393
8.751287488982456 -1.0038807855168035
15.370261464290202 0.994351335773393
8.771283669250025 -1.0038807855168035
15.390265284022632 0.994351335773393
8.791275260188279 -1.0039585615270301
15.409645274058091 0.9941849382303317
8.811106931780706 -1.004117198014022
15.429649156178147 0.9941849382303317
8.831103018696112 -1.004117198014022
15.449653069262743 0.9941849382303317
8.85109907480146 -1.004117198014022
15.469657013157395 0.9941849382303317
8.87109510025245 -1.004117198014022
15.489660987706404 0.9941849382303317
8.891076773032893 -1.004202600897476
15.509042298762662 0.9940240733983348
8.910929403221036 -1.0043551614995856
15.529046334148457 0.9940240733983348
8.93092533765521 -1.0043551614995856
15.549050399714279 0.9940240733983348
8.950921242069864 -1.0043551614995856
15.569054495299628 0.9940240733983348
8.970917116626676 -1.0043551614995856
15.589058620742815 0.9940240733983348
8.990917480313351 -1.0044374185462792
15.60843886886037 0.9938682569642017
9.010794196956128 -1.0045639876917287
15.628443053529468 0.9938682569642017
9.0307899829213 -1.0045639876917287
15.648447267564295 0.9938682569642017
9.050785739687102 -1.0045639876917287
15.668451510798493 0.9938682569642017
9.070781467421051 -1.0045639876917287
15.688455783064546 0.9938682569642017
9.090793418960983 -1.0046316177433636
15.707838378066088 0.9937172299384106
9.110664961333772 -1.0047686787306942
15.72784270788872 0.9937172299384106
9.130660602988684 -1.0047686787306942
15.747847066233811 0.9937172299384106
9.150656216293196 -1.0047686787306942
15.767851452929298 0.9937172299384106
9.17065180142049 -1.0047686787306942
15.787855867802003 0.9937172299384106
9.190699773927692 -1.0048327033320708
15.807242605905232 0.9935700265816735
9.210575886547314 -1.0049632713959409
15.827247076608389 0.9935700265816735
9.230571388193123 -1.0049632713959409
15.847251574962582 0.9935700265816735
9.250566862365485 -1.0049632713959409
15.867256100790216 0.9935700265816735
9.270562309243072 -1.0049632713959409
15.887260653912628 0.9935700265816735
9.290648132807497 -1.0050254459949217
15.906646049838333 0.9934280084837595
9.31052947058215 -1.005167574663853
15.926650657009972 0.9934280084837595
9.330524836658189 -1.005167574663853
15.946655290933933 0.9934280084837595
9.35052017616485 -1.005167574663853
15.966659951427275 0.9934280084837595
9.370515489286113 -1.005167574663853
15.98666463830601 0.9934280084837595
9.390619810188209 -1.0052227398784026
16.006047668101427 0.993290199415996
9.410491488576 -1.005363129254427
16.026052407194825 0.993290199415996
9.430486723655392 -1.005363129254427
16.046057172115432 0.993290199415996
9.450481933095695 -1.005363129254427
16.066061962675136 0.993290199415996
9.470477117086013 -1.005363129254427
16.08606677868481 0.993290199415996
9.490553706874273 -1.005424095187747
16.105452162409836 0.9931604277688608
9.51043400952139 -1.0055682271385944
16.125457028748077 0.9931604277688608
9.53042911830654 -1.0055682271385944
16.145461919962926 0.9931604277688608
9.55042420240818 -1.0055682271385944
16.165466835861288 0.9931604277688608
9.570419262020383 -1.0055682271385944
16.185471776249084 0.9931604277688608
9.59052099434813 -1.005625422404118
16.204866566827 0.9930370424575145
9.610412616184798 -1.0057529100894158
16.2248715556076 0.9930370424575145
9.630407603502741 -1.0057529100894158
16.244876568289655 0.9930370424575145
9.650402567117121 -1.0057529100894158
16.264881604675274 0.9930370424575145
9.670397507226768 -1.0057529100894158
16.284886664565626 0.9930370424575145
9.690538990690824 -1.0058076506552185
16.304286316947167 0.9929198936797093
9.710441495927395 -1.0059392357352566
16.324291423246798 0.9929198936797093
9.730436366725048 -1.0059392357352566
16.344296552449148 0.9929198936797093
9.750431214822477 -1.0059392357352566
16.364301704351718 0.9929198936797093
9.770426040423068 -1.0059392357352566
16.384306878751126 0.9929198936797093
9.790587702473765 -1.0059877756976883
16.403710577802702 0.992806565150009
9.810482922202869 -1.0061120297473842
16.423715796582066 0.992806565150009
9.830477681542131 -1.0061120297473842
16.443721037242806 0.992806565150009
9.850472419206913 -1.0061120297473842
16.463726299578024 0.992806565150009
9.870467135404962 -1.0061120297473842
16.483731583379978 0.992806565150009
9.890607761474982 -1.006164471798742
16.503138758814035 0.9926997442442895
9.910510957694108 -1.006294321464428
16.523144084922826 0.9926997442442895
9.930505610746877 -1.006294321464428
16.543149431870056 0.9926997442442895
9.9505002431723 -1.006294321464428
16.563154799444636 0.9926997442442895
9.970494855182277 -1.006294321464428
16.583160187434657 0.9926997442442895
9.990649449825243 -1.0063465490330583
16.60257453408159 0.9925960831220164
10.01056365746448 -1.0064570631554703
16.622579962263583 0.9925960831220164
10.030558209507554 -1.0064570631554703
16.642585410220512 0.9925960831220164
10.050552741990764 -1.0064570631554703
16.662590877737298 0.9925960831220164
10.070547255129963 -1.0064570631554703
16.682596364598098 0.9925960831220164
10.090749782307391 -1.006497612176818
16.702017671369514 0.9925039463600772
10.11066125660037 -1.0066184003628222
16.72202319626775 0.9925039463600772
10.130655713010217 -1.0066184003628222
16.7420287398579 0.9925039463600772
10.150650150946998 -1.0066184003628222
16.76203430192112 0.9925039463600772
10.17064457063029 -1.0066184003628222
16.782039882237825 0.9925039463600772
10.190857547482702 -1.006658973577661
16.801466250530883 0.9924146331588268
10.21077669669253 -1.0067649908178642
16.821471866692946 0.9924146331588268
10.230771062940011 -1.0067649908178642
16.841477500445468 0.9924146331588268
10.250765411819444 -1.0067649908178642
16.861483151566034 0.9924146331588268
10.270759743553931 -1.0067649908178642
16.88148881983155 0.9924146331588268
10.290953767701515 -1.0068119952526784
16.900922524768795 0.9923348552081711
10.310880851391472 -1.006921129717134
16.92092822665222 0.9923348552081711
10.330875133036413 -1.006921129717134
16.940933945007274 0.9923348552081711
10.350869398435476 -1.006921129717134
16.960939679608213 0.9923348552081711
10.370863647815048 -1.006921129717134
16.98094543022864 0.9923348552081711
10.391076729624434 -1.006965979440876
17.000384310087885 0.9922589130590984
10.411014015403834 -1.007056133912727
17.020390092065597 0.9922589130590984
10.431008218089568 -1.007056133912727
17.040395889379862 0.9922589130590984
10.451002405667614 -1.007056133912727
17.060401701801815 0.9922589130590984
10.470996578367439 -1.007056133912727
17.08040752910199 0.9922589130590984
10.491232770965514 -1.007087689138499
17.099856715301218 0.9921917861899605
10.511169637478893 -1.0071858049544142
17.119862571667102 0.9921917861899605
10.531163766926667 -1.0071858049544142
17.139868442219328 0.9921917861899605
10.551157882419858 -1.0071858049544142
17.159874326726136 0.9921917861899605
10.57115198419078 -1.0071858049544142
17.179880224955216 0.9921917861899605
10.59140934928788 -1.0072154713420152
17.19933583195613 0.9921273180800534
10.611351444040979 -1.0073000661747353
17.219341756930664 0.9921273180800534
10.631345506044317 -1.0073000661747353
17.239347694927325 0.9921273180800534
10.65133955525995 -1.0073000661747353
17.25935364571169 0.9921273180800534
10.671333591922808 -1.0073000661747353
17.279359609048836 0.9921273180800534
10.691609502704727 -1.007328997497449
17.298825769525152 0.9920666430276412
10.711557184804285 -1.0074188878543222
17.318832462314912 0.9920772188348638
10.731551185223275 -1.0074188878543222
17.33883846189592 0.9920772188348638
10.751545174034057 -1.0074188878543222
17.35884447308514 0.9920772188348638
10.771539151473945 -1.0074188878543222
17.378850495645253 0.9920772188348638
10.791813443939189 -1.0074469363458496
17.398322393436636 0.9920200484365378
10.811768444866892 -1.0075184507366992
17.418330112456157 0.9920300950245443
10.831762389622398 -1.0075184507366992
17.438336167700655 0.9920300950245443
10.851756323960647 -1.0075184507366992
17.458342233362405 0.9920300950245443
10.871750248121103 -1.0075184507366992
17.47834830920195 0.9920300950245443
10.892031673579638 -1.0075401572298162
17.497834613140196 0.9919854351091837
10.91198457303791 -1.0076222823192684
17.517841484989503 0.9919970807215579
10.931978468105724 -1.0076222823192684
17.53784758992169 0.9919970807215579
10.951972353957517 -1.0076222823192684
17.5578537040699 0.9919970807215579
10.971966230834658 -1.0076222823192684
17.577859827192757 0.9919970807215579
10.99228749508472 -1.0076379944237863
17.59735241212346 0.9919537427410575
11.012245140064081 -1.0077067282439574
17.617360431534323 0.9919650171265514
11.032238991469036 -1.0077067282439574
17.637366580129367 0.9919650171265514
11.052232834868292 -1.0077067282439574
17.657372736730107 0.9919650171265514
11.072226670504907 -1.0077067282439574
17.67737890109349 0.9919650171265514
11.092561938976463 -1.0077200948633853
17.696884448442876 0.9919233770950987
11.112524612001575 -1.0077915097783194
17.71689433117507 0.9919462421943647
11.13251842581159 -1.0077915097783194
17.736900517365054 0.9919462421943647
11.152512232834141 -1.0077915097783194
17.756906710342506 0.9919462421943647
11.17250603331371 -1.0077915097783194
17.776912909862936 0.9919462421943647
11.192833736842699 -1.007811657157836
17.79642727704029 0.9919078332093624
11.212801736338555 -1.0078709530118577
17.81643911602109 0.9919290918467778
11.232795518658655 -1.0078709530118577
17.836445333700993 0.9919290918467778
11.252789295416214 -1.0078709530118577
17.856451556943433 0.9919290918467778
11.272783066856917 -1.0078709530118577
17.87645778550273 0.9919290918467778
11.29312790195867 -1.0078846435944873
17.895984980002368 0.9918930931882273
11.313095246870887 -1.0079505739117776
17.915999554049957 0.9919260965161337
11.33308900383717 -1.0079505739117776
17.936005797083673 0.9919260965161337
11.35308275647133 -1.0079505739117776
17.956012044449515 0.9919260965161337
11.373076505020002 -1.0079505739117776
17.976018295900843 0.9919260965161337
11.393421135100454 -1.0079623272332903
17.995556349899108 0.9919018815982006
11.413394053946956 -1.0080122840692374
18.015568362929148 0.991924377621775
11.433387791720541 -1.0080122840692374
18.03557462515556 0.991924377621775
11.453381526396697 -1.0080122840692374
18.05558089047941 0.991924377621775
11.473375258222767 -1.0080122840692374
18.075587158653338 0.991924377621775
11.493740113107506 -1.0080195756252384
18.095138265045975 0.9919009802251433
11.513717912628959 -1.008069755930124
18.1151534182867 0.991935826712489
11.53371163738991 -1.008069755930124
18.135159693525747 0.991935826712489
11.553705360291179 -1.008069755930124
18.155165970624477 0.991935826712489
11.573699081580575 -1.008069755930124
18.17517224933508 0.991935826712489
11.594064372640942 -1.0080702775702608
18.194732266183745 0.9919140002508611
11.614046466980335 -1.0081047378124832
18.214750848559063 0.9919485565578872
11.634040184921554 -1.0081047378124832
18.234757130617844 0.9919485565578872
11.654033902242675 -1.0081047378124832
18.254763413296722 0.9919485565578872
11.674027619191728 -1.0081047378124832
18.274769696347672 0.9919485565578872
11.69441921288623 -1.0080910448820315
18.294344101081524 0.9919289971074406
11.714400957595062 -1.0081327103110624
18.314366533554043 0.9919761469587963
11.734394674916183 -1.0081327103110624
18.33437281623292 0.9919761469587963
11.754388392857402 -1.0081327103110624
18.3543790982917 0.9919761469587963
11.774382111666723 -1.0081327103110624
18.374385379482376 0.9919761469587963
11.79479545970424 -1.0081103366450976
18.393964391478406 0.9919578239071314
11.814779032877857 -1.0081424082599355
18.41399108990685 0.9920034882915983
11.834772755779126 -1.0081424082599355
18.43399736700559 0.9920034882915983
11.854766480540077 -1.0081424082599355
18.454003642244636 0.9920034882915983
11.874760207408444 -1.0081424082599355
18.474009915376264 0.9920034882915983
11.895203265556985 -1.0081153715779958
18.49361300124705 0.9919965875365189
11.915188323401859 -1.0081532359078298
18.513635685705356 0.9920462230089674
11.935182058078015 -1.0081532359078298
18.5336419510292 0.9920462230089674
11.9551757958516 -1.0081532359078298
18.553648213255617 0.9920462230089674
11.975169536969839 -1.0081532359078298
18.57365447213738 0.9920462230089674
11.995613273582858 -1.0081295980708422
18.593265958314674 0.9920392856438751
12.01560069684912 -1.0081543941522026
18.61329373862346 0.9920883636092664
12.035594449483277 -1.0081543941522026
18.633299985989304 0.9920883636092664
12.055588206449563 -1.0081543941522026
18.65330622902302 0.9920883636092664
12.075581967994431 -1.0081543941522026
18.67331246747815 0.9920883636092664
12.096039794167995 -1.0081256961866147
18.692934228182917 0.992081037701982
12.11602666683595 -1.0081586802030857
18.712967822602238 0.9921453596798048
12.136020443593509 -1.0081586802030857
18.732974045844678 0.9921453596798048
12.156014225913609 -1.0081586802030857
18.75298026352458 0.9921453596798048
12.17600801404171 -1.0081586802030857
18.77298647539648 0.9921453596798048
12.196464326534269 -1.0081285448743644
18.792608663853407 0.9921377893248117
12.21645352089024 -1.0081469803848624
18.81264835778591 0.9922013464416872
12.236447327912789 -1.0081469803848624
18.832654550763362 0.9922013464416872
12.256441141722803 -1.0081469803848624
18.852660736953347 0.9922013464416872
12.276434962564505 -1.0081469803848624
18.872666916111644 0.9922013464416872
12.296908735258793 -1.0081124720038461
18.892316607720584 0.9922073180273021
12.316899308301304 -1.008133379529709
18.912351619343017 0.9922764582921558
12.336893151700563 -1.008133379529709
18.93235777594376 0.9922764582921558
12.356887003105514 -1.008133379529709
18.952363924538805 0.9922764582921558
12.3768808627589 -1.008133379529709
18.97237006488542 0.9922764582921558
12.397367639056348 -1.0080961974511888
18.992026684246785 0.9922836038513699
12.417359771505367 -1.008106664019947
19.01206906723546 0.9923523608737849
12.437353657357157 -1.008106664019947
19.032075181383668 0.9923523608737849
12.45734755242497 -1.008106664019947
19.052081286315854 0.9923523608737849
12.47734145694982 -1.008106664019947
19.072087381791004 0.9923523608737849
12.497842281514474 -1.0080669706719707
19.09175975996772 0.9923600343654865
12.51783552494492 -1.0080771816220966
19.11181012084123 0.9924466796678211
12.537829459283172 -1.0080771816220966
19.13181618650298 0.9924466796678211
12.557823404038674 -1.0080771816220966
19.151822241747475 0.9924466796678211
12.577817359450487 -1.0080771816220966
19.171828286335664 0.9924466796678211
12.5983135303993 -1.0080317146649294
19.19150645283977 0.9924546564833374
12.618306531343233 -1.0080375736406453
19.21156407987018 0.9925383708007901
12.638300520154015 -1.0080375736406453
19.231570091059396 0.9925383708007901
12.658294520573008 -1.0080375736406453
19.251576090640405 0.9925383708007901
12.678288532837062 -1.0080375736406453
19.27158207837635 0.9925383708007901
12.698799570910657 -1.0079872750588685
19.291289288093473 0.9925591114810952
12.718793111597762 -1.0079947146951613
19.31133974250396 0.9926482391312382
12.738787160813395 -1.0079947146951613
19.331345693288327 0.9926482391312382
12.758781222816733 -1.0079947146951613
19.35135163128499 0.9926482391312382
12.778775297842198 -1.0079947146951613
19.371357556259525 0.9926482391312382
12.799295991570453 -1.007938261232778
19.391069800139494 0.9926679261277616
12.819290093341372 -1.007938261232778
19.411129353475555 0.992755937553978
12.839284208834567 -1.007938261232778
19.431135237982364 0.992755937553978
12.859278338282337 -1.007938261232778
19.451141108534593 0.992755937553978
12.879272481916452 -1.007938261232778
19.471146964900477 0.992755937553978
12.899814496288286 -1.0078758162055328
19.490870956602798 0.9927751635684006
12.91980866898811 -1.0078758162055328
19.510940753458325 0.99288173055977
12.93980285656616 -1.0078758162055328
19.530946565880278 0.99288173055977
12.959797059251898 -1.0078758162055328
19.550952363194543 0.99288173055977
12.979791277274181 -1.0078758162055328
19.570958145172256 0.99288173055977
13.000329055921851 -1.0078099072663755
19.590687226480206 0.9929002181136399
13.020323305301423 -1.0078099072663755
19.610766344067404 0.9930047211261346
13.040317570700482 -1.0078099072663755
19.630772078668343 0.9930047211261346
13.060311852345427 -1.0078099072663755
19.650777797023398 0.9930047211261346
13.080306150462002 -1.0078099072663755
19.670783498906825 0.9930047211261346
13.100864779450417 -1.0077413646827567
19.690546221114005 0.9930358893777526
13.1208591111849 -1.0077413646827567
19.710617211551277 0.9931461293070265
13.140853460064337 -1.0077413646827567
19.730622862671844 0.9931461293070265
13.160847826311814 -1.0077413646827567
19.750628496424365 0.9931461293070265
13.18084221014975 -1.0077413646827567
19.77063411258643 0.9931461293070265
13.201394132773352 -1.0076628569466912
19.790397199555578 0.9931749744809285
13.221388552456645 -1.0076628569466912
19.810479829295197 0.9932844475698707
13.241382990393426 -1.0076628569466912
19.83048539135842 0.9932844475698707
13.261377446803277 -1.0076628569466912
19.85049093494857 0.9932844475698707
13.281371921905041 -1.0076628569466912
19.8704964598468 0.9932844475698707
13.301934143976416 -1.0075810262119402
19.8902677672341 0.9933116871460107
13.321928657115619 -1.0075810262119402
19.91036321694922 0.9934417996328443
13.341923189598829 -1.0075810262119402
19.93036868446601 0.9934417996328443
13.361917741641902 -1.0075810262119402
19.950374132422937 0.9934417996328443
13.381912313459909 -1.0075810262119402
19.970379560604933 0.9934417996328443
13.402478905387953 -1.0074812597536016
19.99015576907889 0.9934688526496419
13.422473517397927 -1.0074812597536016
0.010263512475116698 0.9935972850738529
13.44246814982335 -1.0074812597536016
0.03026888004969308 0.9935972850738529
13.462462802876123 -1.0074812597536016
0.05027422699692252 0.9935972850738529
13.482457476767328 -1.0074812597536016
0.07027955310571699 0.9935972850738529
13.503044736058833 -1.0073763618735072
0.09009370464219657 0.9936386107951787
13.523039452256878 -1.0073763618735072
0.11019220945556268 0.9937787553990354
13.54303418992166 -1.0073763618735072
0.13019747179078406 0.9937787553990354
13.563028949260922 -1.0073763618735072
0.150202712451521 0.9937787553990354
13.583023730481557 -1.0073763618735072
0.1702079312308848 0.9937787553990354
13.603609647207287 -1.0072637891401175
0.19002591280607337 0.9938182830033154
13.623604472807882 -1.0072637891401175
0.2101376579655595 0.9939544253724049
13.643599320905311 -1.0072637891401175
0.2301428098681294 0.9939544253724049
13.66359419170296 -1.0072637891401175
0.25014793907047894 0.9939544253724049
13.683589085403328 -1.0072637891401175
0.2701530453701141 0.9939544253724049
13.704184891829868 -1.0071490747439422
0.28998185190196535 0.9939927062071013
13.724179831939516 -1.0071490747439422
0.3101062053894269 0.994138591201564
13.7441747955539 -1.0071490747439422
0.3301112417750426 0.994138591201564
13.764169782871843 -1.0071490747439422
0.3501162544570982 0.994138591201564
13.784164794091243 -1.0071490747439422
0.3701212432376971 0.994138591201564
13.804757570719541 -1.0070311098286235
0.38998014036745776 0.9941903719515712
13.824752630331744 -1.0070311098286235
0.41009188298453203 0.9943194453576351
13.844747714433385 -1.0070311098286235
0.43009679888289376 0.9943194453576351
13.864742823218535 -1.0070311098286235
0.45010169009774337 0.9943194453576351
13.88473795688029 -1.0070311098286235
0.4701065564359873 0.9943194453576351
13.905339456360986 -1.0069087645821515
0.48997604081012797 0.9943691695462148
13.925334640351311 -1.0069087645821515
0.5101009801732928 0.9945177435348861
13.945329849791607 -1.0069087645821515
0.5301057707329959 0.9945177435348861
13.965325084871003 -1.0069087645821515
0.5501105356536029 0.9945177435348861
13.985320345777604 -1.0069087645821515
0.5701152747469975 0.9945177435348861
14.005920890114862 -1.0067798164113337
0.5899880634912841 0.9945648189303993
14.025916203236125 -1.0067798164113337
0.6101268206986229 0.9947107177507756
14.045911542742783 -1.0067798164113337
0.6301314811919648 0.9947107177507756
14.065906908818825 -1.0067798164113337
0.6501361151159254 0.9947107177507756
14.085902301647184 -1.0067798164113337
0.6701407222875647 0.9947107177507756
14.106511963444557 -1.0066460334124394
0.6900234139405469 0.9947566428991432
14.126507410322144 -1.0066460334124394
0.710175874573876 0.9949212448559065
14.14650288449451 -1.0066460334124394
0.7301804004015136 0.9949212448559065
14.166498386140319 -1.0066460334124394
0.7501848987557072 0.9949212448559065
14.186493915437158 -1.0066460334124394
0.7701893694588637 0.9949212448559065
14.207098208735855 -1.006504314528193
0.7901015058443577 0.9949786061887196
14.22709379386315 -1.006504314528193
0.810240653139005 0.9951270410650657
14.247089407167662 -1.006504314528193
0.8302450398344914 0.9951270410650657
14.267085048822574 -1.006504314528193
0.850249398179582 0.9951270410650657
14.28708071899994 -1.006504314528193
0.8702537280022153 0.9951270410650657
14.307696511254937 -1.0063582047276967
0.8901715060574494 0.9951815127824337
14.327692238988886 -1.0063582047276967
0.9103272439740928 0.9953497399567647
14.347687995754692 -1.0063582047276967
0.9303314872082902 0.9953497399567647
14.36768378171986 -1.0063582047276967
0.9503357012431175 0.9953497399567647
14.387679597050765 -1.0063582047276967
0.9703398859122154 0.9953497399567647
14.408286239345776 -1.0062043436957038
0.9902623469524496 0.995402842276027
14.428282113902588 -1.0062043436957038
1.0104332919023444 0.9955684051595487
14.448278018317238 -1.0062043436957038
1.0304373874876904 0.9955684051595487
14.468273952751415 -1.0062043436957038
1.0504414530535153 0.9955684051595487
14.488269917365619 -1.0062043436957038
1.070445488439311 0.9955684051595487
14.508889271820852 -1.0060448632647803
1.090409130892905 0.9956350788329547
14.528885297271842 -1.0060448632647803
1.1105656251193283 0.9958042727915754
14.54888135337719 -1.0060448632647803
1.1305695690139788 0.9958042727915754
14.568877440292596 -1.0060448632647803
1.150573482098576 0.9958042727915754
14.588873558172537 -1.0060448632647803
1.170577364218634 0.9958042727915754
14.609483274679377 -1.0058800634568272
1.1905398116536068 0.9958674816873885
14.629479454946946 -1.0058800634568272
1.2107110365641345 0.9960325998508459
14.649475666635137 -1.0058800634568272
1.2307148248759385 0.9960325998508459
14.669471909893513 -1.0058800634568272
1.2507185816175617 0.9960325998508459
14.689468184870378 -1.0058800634568272
1.2707223066406992 0.9960325998508459
14.71009003979541 -1.0057093870498515
1.2907025697740906 0.9960950977321488
14.730086378649176 -1.0057093870498515
1.3108877776656676 0.9962755610605427
14.750082749658823 -1.0057093870498515
1.3308914066560233 0.9962755610605427
14.770079152967618 -1.0057093870498515
1.3508950033472273 0.9962755610605427
14.790075588717556 -1.0057093870498515
1.3708985675972882 0.9962755610605427
14.810688063095103 -1.0055342903447664
1.390907489671928 0.9963487320445454
14.830684564148168 -1.0055342903447664
1.4110754813895665 0.9965112515161538
14.85068109806064 -1.0055342903447664
1.4310789474770933 0.9965112515161538
14.870677664969357 -1.0055342903447664
1.4510823805683797 0.9965112515161538
14.890674265009846 -1.0055342903447664
1.471085780527886 0.9965112515161538
14.911297788392725 -1.0053543689564912
1.491098624983877 0.9965793860048893
14.931294455098135 -1.0053543689564912
1.511283655170062 0.9967596093641327
14.951291155334042 -1.0053543689564912
1.5312869549341537 0.9967596093641327
14.971287889230725 -1.0053543689564912
1.55129022103747 0.9967596093641327
14.991284656917118 -1.0053543689564912
1.5712934533510756 0.9967596093641327
15.011897162553362 -1.005171776799909
1.5912995461969477 0.9968228239413263
15.031893998200667 -1.005171776799909
1.6115044981344744 0.9970034205086541
15.05189086801648 -1.005171776799909
1.631507628318657 0.9970034205086541
15.071887772124386 -1.005171776799909
1.651510724210761 0.9970034205086541
15.09188471064659 -1.005171776799909
1.6715137856885554 0.9970034205086541
15.112505701652129 -1.0049847345055565
1.6915552828939393 0.9970780830888859
15.132502709364164 -1.0049847345055565
1.7117485298504334 0.9972644809115813
15.152499751849 -1.0049847345055565
1.7317514873656008 0.9972644809115813
15.172496829223387 -1.0049847345055565
1.7517544099912121 0.9972644809115813
15.19249394160271 -1.0049847345055565
1.7717572976118894 0.9972644809115813
15.21310104228593 -1.0047954622033735
1.7917962046155607 0.9973374387715476
15.233098225015729 -1.0047954622033735
1.8120089433507274 0.9975221123258641
15.253095443088297 -1.0047954622033735
1.8320117252781585 0.9975221123258641
15.273092696613451 -1.0047954622033735
1.852014471753003 0.9975221123258641
15.293089985699622 -1.0047954622033735
1.872017182666832 0.9975221123258641
15.313702310122759 -1.0046013403771459
1.892072087852157 0.9975950603048296
15.333699670650622 -1.0046013403771459
1.9123011791679496 0.9977925882800521
15.353697067056343 -1.0046013403771459
1.932303782762228 0.9977925882800521
15.373694499442704 -1.0046013403771459
1.9523063503758658 0.9977925882800521
15.393691967911073 -1.0046013403771459
1.9723088819075003 0.9977925882800521
15.41429249766927 -1.0044044478827139
1.9924103017954886 0.9978794211957769
15.434290038600045 -1.0044044478827139
2.012615314441083 0.9980539329719098
15.454287615908354 -1.0044044478827139
2.0326177371327727 0.9980539329719098
15.474285229689846 -1.0044044478827139
2.0526201233512804 0.9980539329719098
15.494282880038723 -1.0044044478827139
2.0726224730024025 0.9980539329719098
15.514890334132925 -1.0042006537175485
2.0927306426387102 0.9981375044408348
15.534888057893408 -1.0042006537175485
2.11294857728491 0.9983207383743008
15.554885818495212 -1.0042006537175485
2.1329508166831053 0.9983207383743008
15.574883616026746 -1.0042006537175485
2.1529530191515738 0.9983207383743008
15.594881450574956 -1.0042006537175485
2.172955184603363 0.9983207383743008
15.61547036517218 -1.0039949566133843
2.1930942980814656 0.998414020589684
15.63546827400875 -1.0039949566133843
2.2132911996869877 0.9985785710197813
15.655466220114063 -1.0039949566133843
2.233293253581677 0.9985785710197813
15.675464203569208 -1.0039949566133843
2.2532952701265314 0.9985785710197813
15.69546222445379 -1.0039949566133843
2.2732972492419483 0.9985785710197813
15.71605734193204 -1.0037829548131236
2.293434831470695 0.9986676414271044
15.736055437908416 -1.0037829548131236
2.3136481797649537 0.998845030855062
15.75605357154419 -1.0037829548131236
2.3336500461291863 0.998845030855062
15.77605174291303 -1.0037829548131236
2.353651874760345 0.998845030855062
15.796049952087134 -1.0037829548131236
2.373653665586243 0.998845030855062
15.816636111990253 -1.003568255306961
2.393793160434439 0.9989304740082608
15.836634396985485 -1.003568255306961
2.414025013974594 0.9991063787354152
15.856632719993584 -1.003568255306961
2.4340266909664936 0.9991063787354152
15.87663108108076 -1.003568255306961
2.4540283298793173 0.9991063787354152
15.896629480311713 -1.003568255306961
2.474029930648363 0.9991063787354152
15.917217217210906 -1.0033483395335852
2.494225342958643 0.9992088329278582
15.937215692917489 -1.0033483395335852
2.514424762022944 0.9993755245512549
15.95721420695291 -1.0033483395335852
2.5344262479875215 0.9993755245512549
15.97721275937583 -1.0033483395335852
2.5544276955646015 0.9993755245512549
15.997211350243399 -1.0033483395335852
2.574429104697035 0.9993755245512549
16.017784336540053 -1.0031274274432114
2.5946277601669854 0.9994745910694487
16.037783004462288 -1.0031274274432114
2.6148371041598204 0.9996351756759245
16.057781710991495 -1.0031274274432114
2.634838397630612 0.9996351756759245
16.077780456178747 -1.0031274274432114
2.654839652443363 0.9996351756759245
16.09777924007357 -1.0031274274432114
2.674840868548538 0.9996351756759245
16.118362313274556 -1.0028963897893965
2.695069345488816 0.9997402295835961
16.138361174727038 -1.0028963897893965
2.7152622308204526 0.9998970067422754
16.158360075026533 -1.0028963897893965
2.735263330520957 0.9998970067422754
16.178359014216458 -1.0028963897893965
2.755264391331031 0.9998970067422754
16.198427891300604 -1.0028461633266879
2.7752654132087953 0.9998970067422754
16.218929898016274 -1.002659669106125
2.795488849485204 0.9999946745324556
16.23892895412261 -1.002659669106125
2.8156969625534223 1.0001512457793755
16.258928049277667 -1.002659669106125
2.835697867398371 1.0001512457793755
16.278927183517162 -1.002659669106125
2.8556987331588757 1.0001512457793755
16.299047665446086 -1.0025700004683573
2.8756995598007626 1.0001512457793755
16.319501532626294 -1.0024136047120087
2.8959493174087436 1.0002574634990753
16.339500784318 -1.0024136047120087
2.9161431006565715 1.000414791770286
16.359500075221586 -1.0024136047120087
2.936143809752983 1.000414791770286
16.37949940536505 -1.0024136047120087
2.956144479609519 1.000414791770286
16.3996377426017 -1.0023053917392735
2.976145110199733 1.000414791770286
16.42004185889807 -1.0021687815137215
2.996380536086131 1.000514849413895
16.44004130691363 -1.0021687815137215
3.016595829549022 1.0006764469100875
16.46004079426554 -1.0021687815137215
3.036596342197111 1.0006764469100875
16.48004032097404 -1.0021687815137215
3.056596815488607 1.0006764469100875
16.50016303678814 -1.0020625561171388
3.076597249404834 1.0006764469100875
16.520576806846865 -1.0019191181694647
3.0968762354256576 1.0007895704851177
16.540576451731024 -1.0019191181694647
3.1170766454969754 1.0009527151150983
16.56057613603718 -1.0019191181694647
3.1370769611908176 1.0009527151150983
16.580575859777802 -1.0019191181694647
3.1570772374501987 1.0009527151150983
16.6007193132039 -1.0018062555842961
3.177077474264212 1.0009527151150983
16.62109635541108 -1.0016716073749954
3.197373321764804 1.001066998725576
16.641096197514294 -1.0016716073749954
3.217593873656978 1.0012314883098632
16.66109607908625 -1.0016716073749954
3.237593992085025 1.0012314883098632
16.68109600013162 -1.0016716073749954
3.257594071039649 1.0012314883098632
16.701268617233612 -1.0015392063207833
3.277594110517744 1.0012314883098632
16.721623104852316 -1.0014114659897597
3.297935495931241 1.0013588071471518
16.741623144330408 -1.0014114659897597
3.3181316724234797 1.0015138104705064
16.761623223285035 -1.0014114659897597
3.338131593468855 1.0015138104705064
16.781623341713082 -1.0014114659897597
3.358131475040807 1.0015138104705064
16.80178827994628 -1.0012831083888205
3.378131317144021 1.0015138104705064
16.822135340090675 -1.0011513486976458
3.39847309273652 1.001635951698104
16.842135576904695 -1.0011513486976458
3.4186742349708195 1.001780161229598
16.86213585316407 -1.0011513486976458
3.4386739587114374 1.001780161229598
16.88213616885791 -1.0011513486976458
3.4586736430175944 1.001780161229598
16.90232164935678 -1.0010078555031798
3.4786732879017532 1.001780161229598
16.92264671125869 -1.000883753353839
3.4990529277102085 1.0019121986325854
16.942647145174913 -1.000883753353839
3.519222420129135 1.0020375442299458
16.962647618466413 -1.000883753353839
3.539221946837638 1.0020375442299458
16.9826481311145 -1.000883753353839
3.5592214341895483 1.0020375442299458
17.002853579573674 -1.0007334462001483
3.5792208822051093 1.0020375442299458
17.02313439533683 -1.0006200974621762
3.5996264640352162 1.002176499664563
17.043135025927043 -1.0006200974621762
3.6197676845466793 1.0022819721709622
17.06313569578358 -1.0006200974621762
3.6397670146901424 1.0022819721709622
17.08313640487999 -1.0006200974621762
3.6597663055937337 1.0022819721709622
17.103318408427725 -1.0004763462689747
3.6797655572854344 1.0022819721709622
17.123607211339596 -1.0003574858593187
3.7002042062099014 1.002429975222879
17.143608037981483 -1.0003574858593187
3.7203203682631276 1.0025277566864097
17.163608903741988 -1.0003574858593187
3.7403195025026257 1.0025277566864097
17.183609808586933 -1.0003574858593187
3.7603185976576796 1.0025277566864097
17.203809086530836 -1.0002128542689215
3.7803176537640155 1.0025277566864097
17.22405973314044 -1.0001058667667408
3.80075299291571 1.0026784944321563
17.244060755018204 -1.0001058667667408
3.8208820787191695 1.0027724584540418
17.264061815828278 -1.0001058667667408
3.8408810179091017 1.0027724584540418
17.284062915528782 -1.0001058667667408
3.860879918208593 1.0027724584540418
17.304250146401287 -0.9999580179447131
3.8808787796610784 1.0027724584540418
17.324492249975258 -0.9998499492551094
3.9013484087651333 1.002947315981819
17.344493466080433 -0.9998499492551094
3.921460492312865 1.0030259969202073
17.36449472089318 -0.9998499492551094
3.941459237500113 1.0030259969202073
17.38449601436397 -0.9998499492551094
3.9614579440293207 1.0030259969202073
17.404707138832755 -0.9996942545881636
3.981456611951555 1.0030259969202073
17.424896716857635 -0.9996002837089024
4.001992431308934 1.0032323851116975
17.444898125990065 -0.9996002837089024
4.0220511468613 1.0032727938013108
17.464899573567145 -0.9996002837089024
4.042049699284219 1.0032727938013108
17.484901059531722 -0.9996002837089024
4.062048213319641 1.0032727938013108
17.505104828410836 -0.9994361446708196
4.082046689026227 1.0032727938013108
17.525297791092036 -0.9993375044017602
4.102664059000292 1.0035142221284863
17.545299391861082 -0.9993375044017602
4.1226624582312414 1.0035142221284863
17.565301030773906 -0.9993375044017602
4.142660819318417 1.0035142221284863
17.585302707765806 -0.9993375044017602
4.16265914232652 1.0035142221284863
17.605496921486715 -0.9991793482162011
4.182657427321752 1.0035142221284863
17.625683717288066 -0.9990751101713692
4.203267216015687 1.0037426593344172
17.64568550811396 -0.9990751101713692
4.223265425189792 1.0037426593344172
17.665687336745123 -0.9990751101713692
4.2432635965586325 1.0037426593344172
17.68568920310935 -0.9990751101713692
4.263261730194403 1.0037426593344172
17.70591010033371 -0.9988971033430186
4.283259826170779 1.0037426593344172
17.726063485640235 -0.9988034898179982
4.30387069682091 1.0039604163115978
17.74606546475565 -0.9988034898179982
4.323868717705496 1.0039604163115978
17.766067481300507 -0.9988034898179982
4.343866701160641 1.0039604163115978
17.786069535195196 -0.9988034898179982
4.363864647265951 1.0039604163115978
17.806270304089708 -0.9986403861145688
4.383862556102519 1.0039604163115978
17.826427460184963 -0.9985398276119563
4.404467218545352 1.0041691992116486
17.846429625636755 -0.9985398276119563
4.424465053093566 1.0041691992116486
17.866431828105217 -0.9985398276119563
4.444462850625096 1.0041691992116486
17.886434067503412 -0.9985398276119563
4.4644606112269 1.0041691992116486
17.90664109349646 -0.9983692177804717
4.484458334987383 1.0041691992116486
17.926789591591902 -0.9982739659422117
4.505074077795248 1.004376860170797
17.946791941243024 -0.9982739659422117
4.525071728144125 1.004376860170797
17.966794327461532 -0.9982739659422117
4.5450693419256165 1.004376860170797
17.98679675015322 -0.9982739659422117
4.565066919233926 1.004376860170797
18.00698491512086 -0.9981173537320784
4.5850644601647 1.004376860170797
18.02711867663341 -0.9980215133199406
4.605678156225956 1.004580897562909
18.04712120816504 -0.9980215133199406
4.625675624694324 1.004580897562909
18.06712377577868 -0.9980215133199406
4.6456730570806855 1.004580897562909
18.08712637937296 -0.9980215133199406
4.665670453486406 1.004580897562909
18.107300005024413 -0.9978629190715153
4.68566781401427 1.004580897562909
18.127429088220442 -0.997765047844001
4.706281715291532 1.004784517475207
18.147431799134267 -0.997765047844001
4.7262790043777025 1.004784517475207
18.167434545609115 -0.997765047844001
4.746276257902861 1.004784517475207
18.18743732753655 -0.997765047844001
4.766273475975425 1.004784517475207
18.207631635391124 -0.9976004865034718
4.786270658705225 1.004784517475207
18.22770783485196 -0.9975167055813414
4.806894794577772 1.0049856128619112
18.247710722472636 -0.9975167055813414
4.826891906957094 1.0049856128619112
18.267713645098247 -0.9975167055813414
4.846888984331482 1.0049856128619112
18.287716602613415 -0.9975167055813414
4.866886026816317 1.0049856128619112
18.307899961277805 -0.9973462651897687
4.886883034528353 1.0049856128619112
18.32798468601081 -0.9972566138786845
4.907523434262986 1.0051838598871006
18.347987747488606 -0.9972566138786845
4.927520372785194 1.0051838598871006
18.367990843380706 -0.9972566138786845
4.947517276893093 1.0051838598871006
18.387993973564893 -0.9972566138786845
4.967514146708906 1.0051838598871006
18.408196025497208 -0.9970842281316368
4.987510982356211 1.0051838598871006
18.428243618967485 -0.9970046580344359
5.0081502566151075 1.0053723320053254
18.448246851281088 -0.9970046580344359
5.028147024301501 1.0053723320053254
18.468250117384404 -0.9970046580344359
5.048143758198184 1.0053723320053254
18.488253417148496 -0.9970046580344359
5.068140458434095 1.0053723320053254
18.508436995048786 -0.996832625303798
5.088137125139501 1.0053723320053254
18.5284893673605 -0.9967483102964823
5.108774293552713 1.0055509703911918
18.54849276732001 -0.9967483102964823
5.128770893593206 1.0055509703911918
18.568496200411293 -0.9967483102964823
5.148767460501919 1.0055509703911918
18.588499666498823 -0.9967483102964823
5.168763994414395 1.0055509703911918
18.60866490583295 -0.9965936725204336
5.188760495467459 1.0055509703911918
18.628715336700907 -0.9965065768316295
5.2093902851260205 1.005724207285342
18.64871890095097 -0.9965065768316295
5.229386720875959 1.005724207285342
18.668722497642175 -0.9965065768316295
5.249383124184754 1.005724207285342
18.68872612663253 -0.9965065768316295
5.269379495194401 1.005724207285342
18.708906648321793 -0.9963356955258956
5.289375834048163 1.005724207285342
18.728920683112456 -0.9962624613218025
5.310007642079707 1.0058929085766537
18.748924408135593 -0.9962624613218025
5.3300039170565725 1.0058929085766537
18.768928164877217 -0.9962624613218025
5.3500001603149485 1.0058929085766537
18.788931953189024 -0.9962624613218025
5.36999637200314 1.0058929085766537
18.80909785574511 -0.9961046082684062
5.389992552270709 1.0058929085766537
18.829093370081278 -0.9960321802886771
5.41062828244684 1.0060581907402686
18.84909725220134 -0.9960321802886771
5.4306244003267885 1.0060581907402686
18.869101165285933 -0.9960321802886771
5.450620487242194 1.0060581907402686
18.889105109180583 -0.9960321802886771
5.4706165433475356 1.0060581907402686
18.90926033849755 -0.9958675411199206
5.490612568798529 1.0060581907402686
18.92924589067469 -0.995793918228406
5.511249106646345 1.006218044704969
18.94924992606048 -0.995793918228406
5.531245071260549 1.006218044704969
18.969253991626307 -0.995793918228406
5.551241005694727 1.006218044704969
18.989258087211653 -0.995793918228406
5.571236910109376 1.006218044704969
19.00943423872044 -0.995625412228123
5.591232784666189 1.006218044704969
19.029377555741398 -0.9955645729919117
5.611864976077599 1.0063724348557073
19.049381740410492 -0.9955645729919117
5.631860791408507 1.0063724348557073
19.06938595444532 -0.9955645729919117
5.651856577373672 1.0063724348557073
19.08939019767952 -0.9955645729919117
5.671852334139481 1.0063724348557073
19.109552919519572 -0.9953909130487564
5.69184806187343 1.0063724348557073
19.12950061004918 -0.9953235170168158
5.712480445269856 1.0065196650703907
19.149504939871814 -0.9953235170168158
5.732476115447222 1.0065196650703907
19.169509298216905 -0.9953235170168158
5.752471757102137 1.0065196650703907
19.18951368491239 -0.9953235170168158
5.7724673704066465 1.0065196650703907
19.209660535721138 -0.9951690218548568
5.792462955533944 1.0065196650703907
19.229606349853363 -0.995097133320751
5.8130948967202265 1.0066605411096279
19.249610820556523 -0.995097133320751
5.833090426017076 1.0066605411096279
19.269615318910713 -0.995097133320751
5.853085927662878 1.0066605411096279
19.28961984473835 -0.995097133320751
5.87308140183524 1.0066605411096279
19.30978077542521 -0.9949270269561724
5.893076848712834 1.0066605411096279
19.329698188019226 -0.9948677879383986
5.913707193407835 1.0067929804700757
19.349702795190865 -0.9948677879383986
5.933702586236199 1.0067929804700757
19.369707429114825 -0.9948677879383986
5.953697952312238 1.0067929804700757
19.389712089608167 -0.9948677879383986
5.973693291818894 1.0067929804700757
19.409854257681285 -0.9947176138936022
5.993688604940158 1.0067929804700757
19.429764387439032 -0.9946564827660671
6.014306442887062 1.0069207394301847
19.44976912653243 -0.9946564827660671
6.034301703793663 1.0069207394301847
19.469773891453034 -0.9946564827660671
6.054296938873058 1.0069207394301847
19.489778682012737 -0.9946564827660671
6.074292148313354 1.0069207394301847
19.50990602967501 -0.9945040136165578
6.094287332303679 1.0069207394301847
19.529805676571442 -0.9944416755771076
6.114900588075058 1.0070386713963093
19.549810542909682 -0.9944416755771076
6.134895721736817 1.0070386713963093
19.569815434124532 -0.9944416755771076
6.154890830521967 1.0070386713963093
19.589820350022894 -0.9944416755771076
6.174885914623608 1.0070386713963093
19.609934177123684 -0.9943066843873133
6.194880974235811 1.0070386713963093
19.629825146986587 -0.9942424240013279
6.215494013739577 1.0071532421100973
19.649830135767186 -0.9942424240013279
6.235489024958974 1.0071532421100973
19.669835148449245 -0.9942424240013279
6.255484012276921 1.0071532421100973
19.68984018483486 -0.9942424240013279
6.275478975891304 1.0071532421100973
19.709966764043887 -0.9940891960550146
6.295473916000952 1.0071532421100973
19.72982746833219 -0.9940387223333935
6.316080972910004 1.0072583396029013
19.749832574631824 -0.9940387223333935
6.336075866610368 1.0072583396029013
19.769837703834174 -0.9940387223333935
6.356070737408021 1.0072583396029013
19.789842855736744 -0.9940387223333935
6.376065585505446 1.0072583396029013
19.80995566172334 -0.993903704374605
6.396060411106045 1.0072583396029013
19.82980700625245 -0.9938519685182592
6.416648613497372 1.0073609929330722
19.84981222503182 -0.9938519685182592
6.436643394718011 1.0073609929330722
19.869817465692556 -0.9938519685182592
6.456638154057266 1.0073609929330722
19.889822728027774 -0.9938519685182592
6.476632891722048 1.0073609929330722
19.909922988705034 -0.9937137807236865
6.496627607920097 1.0073609929330722
19.929763344415456 -0.9936605949859368
6.517213962483117 1.007458597705598
19.949768670524247 -0.9936605949859368
6.537208636374325 1.007458597705598
19.969774017471476 -0.9936605949859368
6.557203289427095 1.007458597705598
19.989779385046052 -0.9936605949859368
6.577197921852518 1.007458597705598
0.009891112100409896 -0.9935334413276788
6.597192533862495 1.007458597705598
0.029700318829955774 -0.9934938243016658
6.61778529149367 1.007555472595106
0.04970574701194813 -0.9934938243016658
6.63777986331168 1.007555472595106
0.06971119496887418 -0.9934938243016658
6.657774415354753 1.007555472595106
0.08971666248566329 -0.9934938243016658
6.677768947837963 1.007555472595106
0.10981598534192132 -0.9933653581274109
6.697763460977166 1.007555472595106
0.12961737611993523 -0.9933243819891717
6.718349579349164 1.0076437315281934
0.14962290101816794 -0.9933243819891717
6.738344054450925 1.0076437315281934
0.16962844460832155 -0.9933243819891717
6.75833851086078 1.0076437315281934
0.18963400667154 -0.9933243819891717
6.77833294879756 1.0076437315281934
0.20972202541881307 -0.9932075714046082
6.798327368480853 1.0076437315281934
0.22951832706991654 -0.9931651024652167
6.818896494441596 1.00772382487859
0.24952394323198307 -0.9931651024652167
6.838890878279532 1.00772382487859
0.26952957698450314 -0.9931651024652167
6.858885244527009 1.00772382487859
0.28953522810506976 -0.9931651024652167
6.878879593406442 1.00772382487859
0.30961263146248574 -0.9930456516646876
6.898873925140929 1.00772382487859
0.32939722627144563 -0.9930020856179193
6.919437787901624 1.0077939652359595
0.3494029281548693 -0.9930020856179193
6.939432086018203 1.0077939652359595
0.36940864650992766 -0.9930020856179193
6.959426367663144 1.0077939652359595
0.3894143811108671 -0.9930020856179193
6.979420633062207 1.0077939652359595
0.40950056783533717 -0.9928877760605932
6.999414882441779 1.0077939652359595
0.42925236308147546 -0.9928581437353303
7.019968509292718 1.0078650455830784
0.44925814505918765 -0.9928581437353303
7.039962727315005 1.0078650455830784
0.4692639423734532 -0.9928581437353303
7.059956930000738 1.0078650455830784
0.4892697547954063 -0.9928581437353303
7.079951117578784 1.0078650455830784
0.5093447544734264 -0.992741986990019
7.099945290278613 1.0078650455830784
0.5290920535860587 -0.9927104113532246
7.120496563168642 1.0079243223054908
0.549097909951943 -0.9927104113532246
7.1404907068027565 1.0079243223054908
0.56910378050417 -0.9927104113532246
7.1604848362505304 1.0079243223054908
0.5891096650109785 -0.9927104113532246
7.180478951743725 1.0079243223054908
0.609174560579484 -0.9926138389174772
7.200473053514644 1.0079243223054908
0.6289172280122938 -0.9925808493735299
7.221018876469793 1.00797938204035
0.6489231529868239 -0.9925808493735299
7.241012951495262 1.00797938204035
0.6689290909834885 -0.9925808493735299
7.2610070134986 1.00797938204035
0.6889350417678547 -0.9925808493735299
7.281001062714233 1.00797938204035
0.7090074302491284 -0.9924694242804583
7.300994534234527 1.007970904901897
0.7287191907652963 -0.9924508597579625
7.321524866501696 1.0080218495295634
0.7487251785012456 -0.9924508597579625
7.341518878765753 1.0080218495295634
0.768731178082255 -0.9924508597579625
7.361512879184743 1.0080218495295634
0.7887371892714721 -0.9924508597579625
7.381506867995525 1.0080218495295634
0.8087989076007156 -0.9923593182000354
7.4015008454354065 1.0080218495295634
0.8285016043418458 -0.9923411838634222
7.422015520019827 1.008060974718522
0.8485076489300354 -0.9923411838634222
7.44200947543164 1.008060974718522
0.8685137041745328 -0.9923411838634222
7.462003420187142 1.008060974718522
0.888519769836283 -0.9923411838634222
7.481997354525391 1.008060974718522
0.9085728285495744 -0.9922472911172656
7.501990627004036 1.008051199491355
0.9282630750762584 -0.9922297681520849
7.52249702343696 1.0080907454681294
0.9482691705514084 -0.9922297681520849
7.5424909279618095 1.0080907454681294
0.9682752754835944 -0.9922297681520849
7.562484823029623 1.0080907454681294
0.9882813896318039 -0.9922297681520849
7.582478708881412 1.0080907454681294
1.0083269340145493 -0.9921537228849404
7.6024711289801505 1.0080820047976928
1.028009332774364 -0.9921367415063785
7.622971110966052 1.0081201391675583
1.048015473120977 -0.9921367415063785
7.642964970619435 1.0081201391675583
1.0680216217160248 -0.9921367415063785
7.66295882202439 1.0081201391675583
1.0880277783167647 -0.9921367415063785
7.682952665423649 1.0081201391675583
1.1080796327037894 -0.9920459627200551
7.702943265547315 1.0080978011970294
1.1277338880851788 -0.9920424867594688
7.723436147287566 1.0081340039527347
1.1477400672434763 -0.9920424867594688
7.743429968129267 1.0081340039527347
1.1677462534334628 -0.9920424867594688
7.763423781939285 1.0081340039527347
1.1877524464109142 -0.9920424867594688
7.783417588961833 1.0081340039527347
1.2077961416810186 -0.9919701093786654
7.803405937610366 1.00811196230779
1.227443700542556 -0.9919665952204636
7.823881181357659 1.0081439230610578
1.247449912414456 -0.9919665952204636
7.843874969485763 1.0081439230610578
1.2674561300943572 -0.9919665952204636
7.863868751805863 1.0081439230610578
1.2874623533367973 -0.9919665952204636
7.883862528563422 1.0081439230610578
1.3074992854564809 -0.9918922336813013
7.903848089415259 1.0081082416390577
1.3271328559678666 -0.9918898815282946
7.924316273716988 1.0081380609165418
1.347139094423 -0.9918898815282946
7.944310035261859 1.0081380609165418
1.367145337456718 -0.9918898815282946
7.964303792228138 1.0081380609165418
1.3871515848225582 -0.9918898815282946
7.984297544862299 1.0081380609165418
1.407182524447673 -0.9918326146873047
8.00428507293362 1.0081132814590437
1.4268074307755216 -0.9918318626401328
8.024738064273016 1.008135364826494
1.4468136896572825 -0.9918318626401328
8.044731805391255 1.008135364826494
1.4668199518836977 -0.9918318626401328
8.064725543164837 1.008135364826494
1.486826217207541 -0.9918318626401328
8.084719277840993 1.008135364826494
1.506862186581338 -0.9917606891720065
8.104703958490905 1.008095644895221
1.5264659903863889 -0.9917721171540417
8.125141845523096 1.0081172424022449
1.5464722635180204 -0.9917721171540417
8.145135572391464 1.0081172424022449
1.5664785387570683 -0.9917721171540417
8.165129297152415 1.0081172424022449
1.5864848158557985 -0.9917721171540417
8.185123020053688 1.0081172424022449
1.606514527907109 -0.991718688085497
8.20510368617065 1.0080779491550915
1.626106946349838 -0.9917306822959552
8.225539679401635 1.008097661439452
1.6461132275405164 -0.9917306822959552
8.245533398210956 1.008097661439452
1.6661195095993002 -0.9917306822959552
8.265527116152175 1.008097661439452
1.6861257922781783 -0.9917306822959552
8.285520833473296 1.008097661439452
1.7061500831187146 -0.9916761104399977
8.305496386474129 1.0080408343908482
1.725732683820993 -0.9916906718736099
8.325932868239288 1.0080610484495003
1.7457389668719432 -0.9916906718736099
8.34592658518834 1.0080610484495003
1.7657452495508212 -0.9916906718736099
8.365920302509462 1.0080610484495003
1.7857515316096015 -0.9916906718736099
8.38591402045068 1.0080610484495003
1.8057713536477877 -0.9916522108726701
8.405891798774729 1.0080144668541964
1.8253482601727964 -0.9916676822266297
8.426303408612043 1.0080218369899203
1.8453545388834034 -0.9916676822266297
8.446297129901438 1.0080218369899203
1.8653608159821335 -0.9916676822266297
8.466290852802707 1.0080218369899203
1.8853670912211815 -0.9916676822266297
8.486284577563659 1.0080218369899203
1.9053833315725515 -0.9916277969545307
8.506257482495903 1.007960879920901
1.9249404816736837 -0.9916465052105544
8.526652517657924 1.007963275350004
1.944946749847617 -0.9916465052105544
8.54664624948399 1.007963275350004
1.9649530151714603 -0.9916465052105544
8.566639984160146 1.007963275350004
1.9849592773978737 -0.9916465052105544
8.586633721933731 1.007963275350004
2.0049787723331303 -0.9916093727223251
8.60660134878716 1.007902972649588
2.024521724826348 -0.9916417967616596
8.626991781072165 1.0079033197226948
2.044527976277674 -0.9916417967616596
8.646985529620837 1.0079033197226948
2.064534223643514 -0.9916417967616596
8.666979282254998 1.0079033197226948
2.084540466677234 -0.9916417967616596
8.68697303922128 1.0079033197226948
2.104556442749523 -0.9916034668422766
8.706934153248675 1.0078265993859277
2.124087283348541 -0.9916369598378248
8.727311771486042 1.0078249700979804
2.1440935119078373 -0.9916369598378248
8.747305542926744 1.0078249700979804
2.164099735150281 -0.9916369598378248
8.767299319684303 1.0078249700979804
2.1841059528301803 -0.9916369598378248
8.787293102004403 1.0078249700979804
2.204118617597447 -0.9916124917004518
8.80724753745431 1.0077508905941606
2.223638428762211 -0.9916466090404413
8.827601141531465 1.0077430986120663
2.2436446282826417 -0.9916466090404413
8.847594942011037 1.0077430986120663
2.263650821260093 -0.9916466090404413
8.867588749033585 1.0077430986120663
2.2836570074500777 -0.9916466090404413
8.8875825628436 1.0077430986120663
2.3036672836875582 -0.9916211787968797
8.907541613915985 1.0076626554823516
2.323174671598126 -0.99165710738539
8.927884215655455 1.0076444790630243
2.3431808359615096 -0.99165710738539
8.947878051292067 1.0076444790630243
2.3631869925622495 -0.99165710738539
8.96787189469133 1.0076444790630243
2.3831931411572955 -0.99165710738539
8.987865746096285 1.0076444790630243
2.4032059101835648 -0.9916325960333476
9.007818792611054 1.0075674798147969
2.4227092230520695 -0.9916800446146519
9.028141478466805 1.0075503503987104
2.442715346174924 -0.9916800446146519
9.04813535534395 1.0075503503987104
2.4627214603231335 -0.9916800446146519
9.06812924119574 1.0075503503987104
2.4827275652553196 -0.9916800446146519
9.088123136263553 1.0075503503987104
2.5027378662452144 -0.9916555011650854
9.108067557961947 1.007456703591521
2.522228674801973 -0.9917059555274078
9.128382217992291 1.0074349883276172
2.5422347506415197 -0.9917059555274078
9.148376142152747 1.0074349883276172
2.56224081630327 -0.9917059555274078
9.168370076490996 1.0074349883276172
2.5822468715477673 -0.9917059555274078
9.188364021246501 1.0074349883276172
2.6022550146668713 -0.991693364341899
9.208299386329182 1.0073418196520938
2.621737637345062 -0.9917463248533412
9.228615543380563 1.0073161692148145
2.6417436599051762 -0.9917463248533412
9.248609520820448 1.0073161692148145
2.661749671094397 -0.9917463248533412
9.26860350963123 1.0073161692148145
2.6817556706754027 -0.9917463248533412
9.288597510050224 1.0073161692148145
2.701762442328522 -0.99173456609579
9.30854115592091 1.007223276020776
2.7212249369724875 -0.9917913034117688
9.328797031029582 1.0071795412619704
2.741230900309632 -0.9917913034117688
9.348791067692437 1.0071795412619704
2.7612368510939946 -0.9917913034117688
9.368785116908073 1.0071795412619704
2.7812427890906557 -0.9917913034117688
9.388779178911411 1.0071795412619704
2.8012487140651894 -0.9917913034117688
9.408719517474868 1.007095854965318
2.8207146205039577 -0.9918482084756494
9.428942397221302 1.0070501354359505
2.8407205187330375 -0.9918482084756494
9.448936498992222 1.0070501354359505
2.860726403239846 -0.9918482084756494
9.468930614485412 1.0070501354359505
2.880732273792075 -0.9918482084756494
9.488924743933193 1.0070501354359505
2.900738130157959 -0.9918482084756494
9.508861557869198 1.0069559699190955
2.9201911391947606 -0.9919063885126009
9.52908123047231 1.0069218304744982
2.940196966494935 -0.9919063885126009
9.549075403172134 1.0069218304744982
2.960202778916888 -0.9919063885126009
9.56906959075018 1.0069218304744982
2.9802085762311536 -0.9919063885126009
9.589063793435914 1.0069218304744982
3.0002143582088623 -0.9919063885126009
9.608993220893508 1.0068301804089317
3.0196653769277146 -0.9919821152128131
9.629246277569472 1.0068102364696394
3.039671127548149 -0.9919821152128131
9.649240526949043 1.0068102364696394
3.059676862149085 -0.9919821152128131
9.669234792348107 1.0068102364696394
3.0796825805041435 -0.9919821152128131
9.689229073993047 1.0068102364696394
3.099688282387567 -0.9919821152128131
9.709158083196508 1.0067028100799
3.1191186946975566 -0.9920636775470446
9.729403122860875 1.0066754273759706
3.139124362963072 -0.9920636775470446
9.749397454595359 1.0066754273759706
3.159130014083635 -0.9920636775470446
9.769391803474795 1.0066754273759706
3.1791356478361568 -0.9920636775470446
9.789386169722272 1.0066754273759706
3.1991412639982233 -0.9920636775470446
9.80929854955775 1.0065597871593097
3.2185664683496364 -0.9921587712256115
9.82954475012496 1.0065290640438305
3.2385720486663425 -0.9921587712256115
9.849539169808253 1.0065290640438305
3.258577610729561 -0.9921587712256115
9.869533607745034 1.0065290640438305
3.278583154319713 -0.9921587712256115
9.88952806415488 1.0065290640438305
3.2985886792179437 -0.9921587712256115
9.90942399159597 1.0063882228494598
3.3179955597478323 -0.9922581498269936
9.929632709729235 1.0063509992467892
3.3380010466086287 -0.9922581498269936
9.949627222868438 1.0063509992467892
3.358006514125418 -0.9922581498269936
9.969621755351648 1.0063509992467892
3.378011962082351 -0.9922581498269936
9.989616307394721 1.0063509992467892
3.39801739026434 -0.9922581498269936
10.009520629321841 1.0062280532637333
3.417428308216213 -0.9923621416992647
10.029690784854653 1.0061735318725162
3.437433696206235 -0.9923621416992647
10.04968539686463 1.0061735318725162
3.457439063780815 -0.9923621416992647
10.06968002929005 1.0061735318725162
3.477444410728044 -0.9923621416992647
10.08967468234282 1.0061735318725162
3.497449736836835 -0.9923621416992647
10.109571585726478 1.006037775535825
3.516854884429851 -0.9924681591939113
10.12973169430289 1.00598335827156
3.536860168231805 -0.9924681591939113
10.149726410500946 1.00598335827156
3.556865430567026 -0.9924681591939113
10.16972114816572 1.00598335827156
3.576870671227763 -0.9924681591939113
10.189715907504983 1.00598335827156
3.596875890007127 -0.9924681591939113
10.209606354490862 1.0058564748201222
3.6162776517406776 -0.9925855742055343
10.229760179113057 1.0058045956750898
3.636282826140082 -0.9925855742055343
10.249755004713652 1.0058045956750898
3.656287978042652 -0.9925855742055343
10.269749852811081 1.0058045956750898
3.6762931072450016 -0.9925855742055343
10.289744723608731 1.0058045956750898
3.6962982135446367 -0.9925855742055343
10.309624765949652 1.0056637006424665
3.7156878724770266 -0.9927099225657624
10.32975305286562 1.0056109707951428
3.735692932367378 -0.9927099225657624
10.349747992975267 1.0056109707951428
3.755697968752994 -0.9927099225657624
10.36974295658965 1.0056109707951428
3.7757029814350496 -0.9927099225657624
10.389737943907594 1.0056109707951428
3.7957079702156484 -0.9927099225657624
10.40962859509896 1.0054856056650283
3.8151010627005792 -0.992845234145585
10.429743355366977 1.0054261577531693
3.8351060030883755 -0.992845234145585
10.449738414979183 1.0054261577531693
3.8551109189867407 -0.992845234145585
10.46973349908082 1.0054261577531693
3.875115810201587 -0.992845234145585
10.489728607865974 1.0054261577531693
3.8951206765398307 -0.992845234145585
10.509610048106705 1.0052854638932227
3.9144993111381603 -0.9929854094330084
10.529714700157275 1.005230342381573
3.9345041271478416 -0.9929854094330084
10.5497098841476 1.005230342381573
3.9545089177075448 -0.9929854094330084
10.569705093587896 1.005230342381573
3.9745136826281446 -0.9929854094330084
10.589700328667288 1.005230342381573
3.9945184217215464 -0.9929854094330084
10.60956692407124 1.0050888789054704
4.013901410269548 -0.9931325851855897
10.629669891896285 1.0050348917356764
4.033906097148287 -0.9931325851855897
10.649665205017552 1.0050348917356764
4.053910757641629 -0.9931325851855897
10.66966054452421 1.0050348917356764
4.073915391565589 -0.9931325851855897
10.689655910600248 1.0050348917356764
4.093919998737229 -0.9931325851855897
10.709527540458613 1.0048842055672953
4.113295746875863 -0.9932867172548255
10.72961583788416 1.0048230003801673
4.133300299998275 -0.9932867172548255
10.749611284761746 1.0048230003801673
4.153304825825909 -0.9932867172548255
10.769606758934112 1.0048230003801673
4.173309324180103 -0.9932867172548255
10.789602260579917 1.0048230003801673
4.193313794883263 -0.9932867172548255
10.809458490179818 1.0046723586867559
4.212687819769398 -0.9934449826796699
10.829537012592011 1.0046139272992514
4.2326922346421 -0.9934449826796699
10.849532597719309 1.0046139272992514
4.252696621337586 -0.9934449826796699
10.869528211023821 1.0046139272992514
4.272700979682677 -0.9934449826796699
10.88952385267873 1.0046139272992514
4.29270530950531 -0.9934449826796699
10.909361597100403 1.0044418378446354
4.312063699311884 -0.993606691551818
10.929427381173593 1.0043777996529477
4.3320679715779375 -0.993606691551818
10.949423108907538 1.0043777996529477
4.3520722148121385 -0.993606691551818
10.969418865673344 1.0043777996529477
4.372076428846966 -0.993606691551818
10.989414651638516 1.0043777996529477
4.39208061351606 -0.993606691551818
11.009235237289444 1.0042094252312725
4.411450184357344 -0.9937701101994348
11.0292978905303 1.0041417060840476
4.431454309800531 -0.9937701101994348
11.049293765087112 1.0041417060840476
4.45145840538588 -0.9937701101994348
11.069289669501762 1.0041417060840476
4.4714624709517015 -0.9937701101994348
11.08928560393594 1.0041417060840476
4.491466506337497 -0.9937701101994348
11.109129756397053 1.0039843143239142
4.510839794773992 -0.99393694257521
11.129109687155305 1.003894145506996
4.530843769323005 -0.99393694257521
11.149105712606298 1.003894145506996
4.550847713217656 -0.99393694257521
11.169101768711647 1.003894145506996
4.570851626302249 -0.99393694257521
11.189097855627052 1.003894145506996
4.590855508422307 -0.99393694257521
11.20894546056505 1.0037551735117154
4.610238757605147 -0.9941105091228856
11.228893550556243 1.003666448650579
4.630242577337578 -0.9941105091228856
11.248889730823812 1.003666448650579
4.6502463656493855 -0.9941105091228856
11.268885942512004 1.003666448650579
4.670250122391009 -0.9941105091228856
11.28888218577038 1.003666448650579
4.690253847414146 -0.9941105091228856
11.308730007503511 1.0035249213198671
4.709620341706945 -0.9942934633164193
11.328678204896098 1.0034465508940666
4.7296240028531855 -0.9942934633164193
11.348674543749857 1.0034465508940666
4.749627631843538 -0.9942934633164193
11.368670914759504 1.0034465508940666
4.769631228534742 -0.9942934633164193
11.388667318068299 1.0034465508940666
4.789634792784806 -0.9942934633164193
11.408529633891458 1.0033182948883388
4.809009837182797 -0.9944817893759437
11.428498964000518 1.003240118092813
4.829013336129735 -0.9944817893759437
11.448495465053576 1.003240118092813
4.849016802217266 -0.9944817893759437
11.468491998966051 1.003240118092813
4.8690202353085485 -0.9944817893759437
11.488488565874768 1.003240118092813
4.889023635268055 -0.9944817893759437
11.508332033268113 1.0030894578131666
4.908397263644367 -0.9946747912882824
11.528301191211789 1.0030157755684481
4.928400596938963 -0.9946747912882824
11.548297857917191 1.0030157755684481
4.948403896703051 -0.9946747912882824
11.568294558153099 1.0030157755684481
4.9684071628063675 -0.9946747912882824
11.588291292049782 1.0030157755684481
4.98841039511997 -0.9946747912882824
11.608136584730392 1.0028681097424137
5.007793320555395 -0.994871516348226
11.628072127578786 1.0027843372945957
5.027796484908093 -0.994871516348226
11.648068963226095 1.0027843372945957
5.047799615092279 -0.994871516348226
11.668065833041908 1.0027843372945957
5.067802710984376 -0.994871516348226
11.68806273714981 1.0027843372945957
5.08780577246217 -0.994871516348226
11.707890025766874 1.0026197479776984
5.107183613047691 -0.9950763476207583
11.727792876042237 1.0025345174950588
5.1271866053356545 -0.9950763476207583
11.747789883754272 1.0025345174950588
5.147189562850818 -0.9950763476207583
11.767786926239108 1.0025345174950588
5.16719248547643 -0.9950763476207583
11.787784003613496 1.0025345174950588
5.1871953730971105 -0.9950763476207583
11.8075986658583 1.0023738742786734
5.206578655095606 -0.9952841005442455
11.827526457024513 1.0022945189004062
5.226581472365809 -0.9952841005442455
11.847523639754309 1.0022945189004062
5.246584254293247 -0.9952841005442455
11.867520857826873 1.0022945189004062
5.266587000768092 -0.9952841005442455
11.887518111352028 1.0022945189004062
5.286589711681914 -0.9952841005442455
11.907346975790768 1.0021346910084339
5.30597083628232 -0.9954979803849318
11.927246502032304 1.0020498631313215
5.325973475754452 -0.9954979803849318
11.947243862560168 1.0020498631313215
5.345976079348738 -0.9954979803849318
11.967241258965892 1.0020498631313215
5.365978646962375 -0.9954979803849318
11.987238691352253 1.0020498631313215
5.385981178494006 -0.9954979803849318
12.007050127873805 1.0018890638344133
5.4053744565149415 -0.9957136556094057
12.026948956374389 1.0018102983295103
5.42537691558417 -0.9957136556094057
12.046946497305159 1.0018102983295103
5.44537933827586 -0.9957136556094057
12.066944074613469 1.0018102983295103
5.465381724494367 -0.9957136556094057
12.08694168839496 1.0018102983295103
5.48538407414549 -0.9957136556094057
12.106727410006236 1.0016253113027156
5.504773439101834 -0.9959354852925651
12.126631239298469 1.0015500247548903
5.524775715341354 -0.9959354852925651
12.146628963058955 1.0015500247548903
5.5447779547395495 -0.9959354852925651
12.166626723660759 1.0015500247548903
5.564780157208018 -0.9959354852925651
12.18662452119229 1.0015500247548903
5.5847823226598035 -0.9959354852925651
12.206415888804637 1.001374700096074
5.604181563501075 -0.9961569995225206
12.22631430021809 1.001290152613739
5.624183654664505 -0.9961569995225206
12.24631220905466 1.001290152613739
5.644185708559191 -0.9961569995225206
12.266310155159973 1.001290152613739
5.664187725104049 -0.9961569995225206
12.286308138615114 1.001290152613739
5.684189704219469 -0.9961569995225206
12.306081297757284 1.0011018635372195
5.703589573966663 -0.9963819119571552
12.325949730794816 1.0010126329640197
5.7235914779902854 -0.9963819119571552
12.345947826771196 1.0010126329640197
5.743593344354518 -0.9963819119571552
12.365945960406963 1.0010126329640197
5.763595172985677 -0.9963819119571552
12.385944131775803 1.0010126329640197
5.783596963811571 -0.9963819119571552
12.4057400131819 1.0008471249182476
5.8030186609740735 -0.9966067676569685
12.425539517950126 1.00073878910424
5.823020375978844 -0.9966067676569685
12.445537802945354 1.00073878910424
5.843022052970744 -0.9966067676569685
12.465536125953461 1.00073878910424
5.863023691883567 -0.9966067676569685
12.485534487040637 1.00073878910424
5.883025292652617 -0.9966067676569685
12.505328366125731 1.0005752192125714
5.902457985061895 -0.9968376380152411
12.525118169465248 1.0004712295437763
5.922459509355315 -0.9968376380152411
12.54511664517183 1.0004712295437763
5.942460995319893 -0.9968376380152411
12.565115159207252 1.0004712295437763
5.962462442896973 -0.9968376380152411
12.585113711630171 1.0004712295437763
5.982463852029399 -0.9968376380152411
12.60493848711118 1.0003332789873551
6.00192313342838 -0.9970575082983912
12.624698312447496 1.0002217617787519
6.02191168417781 -0.9970668604898634
12.64469698036973 1.0002217617787519
6.041912977648598 -0.9970668604898634
12.664695686898941 1.0002217617787519
6.061914232461349 -0.9970668604898634
12.68469443208619 1.0002217617787519
6.081915448566524 -0.9970668604898634
12.704507356144214 1.0000747234290488
6.101436590620168 -0.9972478796177292
12.724291219237035 0.9999694847347894
6.121359485853627 -0.9973030567891702
12.744290080689517 0.9999694847347894
6.141360585554131 -0.9973030567891702
12.764288980989011 0.9999694847347894
6.161361646364205 -0.9973030567891702
12.784287920178937 0.9999694847347894
6.181362668241973 -0.9973030567891702
12.804087810613737 0.9998221550849233
6.200925044593686 -0.9974594191481496
12.823862656575189 0.9997207181783903
6.220826326977195 -0.9975329656117634
12.843861712681528 0.9997207181783903
6.2408272318221405 -0.9975329656117634
12.863860807836582 0.9997207181783903
6.260828097582645 -0.9975329656117634
12.883859942076077 0.9997207181783903
6.280828924224532 -0.9975329656117634
12.903683843049473 0.9995843341037722
6.300414612466087 -0.9976755223820284
12.92338427877428 0.9994627458251398
6.3202931067997 -0.997769914456052
12.943383530465985 0.9994627458251398
6.340293815896115 -0.997769914456052
12.963382821369576 0.9994627458251398
6.360294485752651 -0.997769914456052
12.98338215151304 0.9994627458251398
6.380295116342862 -0.997769914456052
13.003205828840947 0.9993393170646587
6.3999245192300025 -0.9978966053629647
13.022905821744978 0.9992207163292864
6.419775384639606 -0.9980106969466203
13.042905269760539 0.9992207163292864
6.439775897287695 -0.9980106969466203
13.062904757112449 0.9992207163292864
6.459776370579195 -0.9980106969466203
13.082904283820948 0.9992207163292864
6.479776804495418 -0.9980106969466203
13.10277426532397 0.9991250723673871
6.499394501343106 -0.9981436787241094
13.122431850690322 0.9990018603121015
6.51925034636396 -0.998262715110618
13.142431495574485 0.9990018603121015
6.539250662057802 -0.998262715110618
13.162431179880642 0.9990018603121015
6.5592509383171835 -0.998262715110618
13.18243090362126 0.9990018603121015
6.579251175131197 -0.998262715110618
13.2023273201319 0.9989231922966496
6.598908058497173 -0.9983860497254654
13.221979078772547 0.9988033798910504
6.6187412443072215 -0.9985173694732756
13.241978920875761 0.9988033798910504
6.638741362735265 -0.9985173694732756
13.261978802447716 0.9988033798910504
6.658741441689893 -0.9985173694732756
13.281978723493088 0.9988033798910504
6.678741481167988 -0.9985173694732756
13.30185423617298 0.9987013287190551
