1.367975674364752 -0.46814151028416245
9.915224137616397 -1.5268035052368856
3.694646871978831 -0.9820537201425468
5.718412819445383 -1.1098072188195964
14.13130987503786 -2.4305260291524116
17.715714446818865 -0.3219547086717055
18.595768983521392 -0.39343764596886677
10.99489282100221 -1.230125225007937
18.668011609987275 0.03536296040946915
7.024081181394269 3.0002958467278287
17.082493714015115 0.36952266538043954
15.946560124786725 -0.30846720725248655
3.972839156526007 0.10999276543061931
19.558243235847144 0.5790616811178769
4.061980866359166 -0.9533591576223475
13.292712985088377 -0.9881051062734844
0.7172020979538287 -3.442368977853948
15.22426633014279 -0.6147607791879263
16.972551898161253 -0.7590061827574996
11.774979060265519 -1.133183763944973
2.459812899712838 1.613719640922646
11.966248862735052 -2.2364724697241196
1.6725891971376963 -0.23858550620824337
17.015365284772017 -0.03341858479480057
6.874436847307188 2.8927812885926216
7.745027700974929 -2.020361799829453
17.505644443147453 -0.18473439910257505
3.1382406886977123 -1.2788990398872344
4.587854702890483 0.19175487090585394
3.7458764380178953 -1.05755261036115
3.298121085432086 -0.5905744483943985
15.235749163427172 -1.8106673100380393
1.5827091947506207 -0.5959519255149253
16.61736113039506 -0.7656383829599704
1.2491627094145807 -0.7579570016130373
2.297035323661765 -0.989642550357613
6.102446744637218 2.7788049540701976
15.832668000788928 -1.5126604259594338
15.307540002242538 1.054243083795838
4.245263967227627 -1.1132842516662018
15.74477238788607 0.10177377966436797
6.090547111935449 -1.4764908288889176
15.71981732810969 -0.3113203498824549
14.636141439666542 -0.7678439747357954
1.7955078560208952 0.6787206272146533
14.633291272574048 -0.6756314878370296
0.6351446335942084 -1.0495559754544264
3.0745040827061874 -0.8197231311099472
4.132690701085099 2.317463289110307
2.0486589966318824 -1.1855040266336243
19.206907529711977 -0.21152354019918235
10.449529651322754 -1.1832321985763365
14.699142992677341 -0.28111135073703064
16.353885772817435 -0.27490222450986745
16.21237204453841 -0.22478627177071042
19.593991505568233 -0.6858071560160275
5.579834201748312 -0.5655640540452749
3.2106003709910707 -1.457896473586604
1.9582232012437242 -0.4592663078711142
13.875200401370915 -1.582460195635666
5.520470872094681 -0.9153583075446083
15.094238030523027 -1.946174499411858
1.6234894579693329 -0.3079430794206095
1.189860942071561 0.9077125184819781
17.103652098789574 0.4971498352051227
0.5226729703670905 -0.7915453241293362
10.565555313384912 -0.8557166166262432
14.237753744988 -0.43433129353662286
3.8899919714823366 2.1783805298806693
10.09827892245716 -4.123622648665208
3.764469646144458 -1.345041365837848
5.466775802555652 -3.419522077031575
14.31265515137813 0.24590156040182237
12.528352234509232 -1.3083533605623159
19.513129331973765 0.15017179823436796
10.387657275344239 -1.2331796221367255
7.281963403557802 2.85858578301264
12.013427216158577 -1.2226108310432573
10.758421334123751 1.96594373091019
19.350216122207332 0.42548670516687986
8.327914995955924 3.0248946456298427
14.970830943754448 -1.6679183087497944
4.217775195994459 1.6749603383477403
1.6875153659597244 -1.0263965525823817
10.003760624409471 -0.5278440005966498
3.1446379966108604 -0.6358664981711843
0.14901899041273892 1.0364230747966998
12.168438494118051 -1.998564513974593
2.2010015672902297 1.5089161330193341
11.658216659045872 -2.0778469479326285
11.119018072728284 -0.4941980179697069
19.70746238115693 -0.7552019688112095
9.548870484676033 2.5756615277042854
13.46228451491533 -0.764479369334839
19.969114125402406 -0.4915636619829562
18.026479318361165 -0.3810568950799698
9.837049207962753 2.390196852103587
3.4133018112329525 -1.393856639912437
8.012324925264325 -0.8538049960110635
17.46505118240025 -0.7263735456872412
2.1653344102203937 1.1735748020979948
17.45248378695976 -0.09999286187538418
15.086014155074961 -0.7902539493062536
15.554927533332183 -0.8959522472388944
1.0034784828177434 0.7700657555324513
16.271320595125964 2.0606142722702736
9.547434454095308 2.2742323639770987
3.262203996718441 -1.0773698193606671
3.6235990160709717 -2.7690447332567247
17.695240732445487 -0.44731842110875175
1.600360203075779 -0.602073448878478
1.3552247941168862 -0.9630902225285006
8.437320020715369 -0.877421528026893
17.286370628956387 -0.04036190542085633
10.618813052371735 -0.611732207105389
7.133363322993967 -1.61663178618146
4.499202165552091 -0.8229896584701037
14.152199359045964 0.12145890965117472
9.654780706641617 -1.2478397559054508
1.812425297328129 1.0902337053042879
0.18819374289183133 -0.040399164360275686
7.579779220088215 -1.0896426129362742
16.988053637777636 -0.8352613410957909
2.371204128194329 -1.187951483857586
19.855873480348748 0.9006801032605578
14.90812067906702 -0.35049256764635794
19.305091313008877 0.11947074302652805
2.8459058347389834 0.30425347294003036
10.571072196579031 -3.7129422565273154
2.7399159673289626 -0.758126672923747
0.9788585480552107 -1.2812970137917552
5.569413813971761 -0.9511424669414223
1.3156666148774188 -1.2400170415605236
7.302390811750038 -1.4932835069601427
19.22172187329888 -0.5715947181848371
15.381769398468297 -1.1987301174549434
12.978697291657856 0.7123049638957879
13.491475569467076 -0.772962418554045
8.258415757337266 -1.3924685098970289
4.078153374148139 -0.6441642836439678
2.417840594679569 -0.6645243752505635
16.187290127518192 -0.9091731058525006
0.38514227338750573 -3.639231885103343
5.582432907196974 -1.041588047738223
0.3191476930279414 -2.654666057624807
13.692404869479999 0.8747102151089515
15.91546685868782 -0.4145338601584976
14.81965483286148 -1.3784884004735334
15.397950492873779 -3.3749394116280733
16.318948866457244 -0.22526618916667385
3.3113030744998446 1.892466544849151
1.489479219755105 -3.054771336463936
0.2953981217068467 0.7962509108303788
15.080241226377737 -0.7095570961133874
13.019806907968402 -0.6830889728446388
13.074581341611447 0.5972279630516877
5.127263619090641 -1.227268976601234
16.186926389170356 -0.6041339101377448
19.93708046080054 -3.5952081743232482
2.835143595245075 -1.0110339992410737
8.451913794551682 -0.8490600268143415
7.4173343692426545 -1.4978114820028057
13.21186795116803 -0.965427249592817
0.6861492432838426 -0.3878344063591079
3.3834760984556205 -0.6345766119382052
10.988299397575563 -1.1628113449913786
11.212588346989818 -2.0769154054017864
15.282530163422724 -0.871326969400919
2.183694158463279 0.6624528650528464
8.956146093966261 -4.010803726046116
7.685676108786392 -1.2153121124589539
16.44260663239737 -0.1415384765085433
19.37874986333445 -0.5116506786599351
14.298779107741039 -0.8131117820613127
3.503863348711303 -0.7110238796306169
17.63001264156989 -3.936604169663096
9.669335163287338 -1.41125176604634
17.029065397564054 -0.31932762298690454
12.87956645110846 -0.20789922697360935
14.704367744824966 -0.6941333508233537
1.613633000693175 1.2487251113515323
18.681008121198005 -2.5754024136891958
9.474392701346051 -1.10486681976001
3.6045713402126047 -1.9422487381049214
18.32494947577074 -0.45640017643134806
15.899281214015815 -0.596382865007737
14.737377513046265 -0.3990618871069145
19.359031459535323 -0.4074909316923434
7.047630418500614 -1.358467905383448
2.843860519221653 -1.6340717529123692
0.9781566826092913 -0.6231241670177621
15.923539182416063 -0.5209349315685554
13.884826820920368 0.26133149169273057
9.900779219470802 -1.6238665284638678
17.896124598210783 1.2104237777849483
19.96011731693937 0.04284005199381258
13.58867439717012 -0.8528591069992523
11.363508438211674 -1.0699588246040954
17.992272353599024 -0.10876969804259456
14.859971372192673 -1.1818607535674048
18.254991692906103 0.23479259162788635
8.316321829220046 -0.22462085901826173
13.967580454929546 -1.5819281709228499
0.3705869825609616 -0.3191264660097828
10.215234594127164 -1.072900680853552
9.03739509964768 -1.2080850507458305
18.526801845680883 0.7721961388378085
8.162507243991852 -1.4639363598083455
5.014636193771563 -1.6268075288380655
15.5244317506868 -0.609239109560472
2.254334964021377 -0.47009974077742583
16.14491139962711 -0.3443197384343118
9.401926204655155 -0.7501096961361724
11.775726197240996 -0.5077023633235489
1.8990663641573478 -0.6458957203119262
13.163456468839776 -0.11818662555030209
2.706346519372178 -0.76572422535449
12.557602290961816 -1.154084099846886
10.648072445139482 -1.0684470326309263
1.8246864967186947 0.9824401273528218
16.975417185412592 -0.5578432927254148
1.5824763541877422 0.6694854593709046
8.701567390879799 -1.0144152600361487
18.303664454235015 -0.13589962484336462
14.879643273877603 -1.1241209051303662
8.34187690504769 -1.2075941846382041
3.9455228406411145 -0.5278723063356066
14.993661873993911 -1.147877557372193
7.22999129655058 -1.2838093762401186
2.0051893393476274 -0.40922069824124707
8.444178943194038 -1.1288456856914864
13.085851448359819 -0.8956697967081603
9.51303137889187 -0.9034419160328562
5.657653927847367 -1.4852520817636186
6.188346018905202 -1.9556256844395519
17.239607127063703 0.6350187978562081
3.4677757003739638 -1.0033680984315556
5.710824178256716 -0.9636571826224736
1.6047351486113544 -2.1232278906652953
0.3067508624458745 0.13035899288954797
3.067970493485268 -0.7164981050930116
2.8592238498874925 -0.9555078823449105
6.396432165315156 -1.3616150619901057
6.525486343698746 -1.4670100981370884
16.921851229687903 -0.7138629454821194
2.7677890167016184 -1.501141962800531
2.9943406341752 -0.6080635913312825
2.3095398219905907 -0.9682249669815811
2.5545570746297206 -1.883587482141318
1.6747712537324455 -1.0060270743081832
10.041676057060709 -1.0346823852161557
13.766247772908601 -0.6765764339914244
0.9379328814451591 -0.3962627887520089
2.4001377081865303 -1.1329420189630388
15.019344926651772 -0.9329407940448898
16.019306989618286 -0.399507536898235
16.503335899529514 -0.6696673424224384
15.115893871791764 -1.6138803317894912
19.856584663651855 -2.510454630736385
1.7690380869268048 0.7700907678790754
17.985310690684134 -0.23416976656534907
4.998933514974238 -2.8481474762095935
13.337228043718815 -0.680947549768464
14.654518688911658 -0.6210295418224733
18.327412279551357 -0.06940173899878391
9.95012889367288 0.1328471080307021
6.301568399501732 -1.5843940727677321
7.705388243728203 -1.0469020546799832
12.355432244361333 -0.826953128035382
16.94719123015033 1.452421523713522
15.31668853805509 -0.5278957594593252
3.428130730017256 1.8023157753415502
16.387752314625526 -0.3556992586750945
0.06504871327876538 -2.537085020740423
8.392202520537136 -1.2670172373938322
3.5423842566362156 -2.082459059921061
17.36123367550109 1.0258827833681352
15.20794136913755 0.420238959413559
1.4390608672883742 -0.9751444095082813
14.125686605828795 1.7854653482295886
13.352418221786957 0.8967540371243613
5.241525007460982 2.482803927604332
11.88247418399343 -0.4961936462340909
10.647782894266108 -1.247749258960533
12.475051979760007 -0.36902584510035935
7.228739598050863 -1.4411045141638648
16.643661774332905 -0.4263753642586123
18.350790014627893 1.797618863028173
12.882631968153206 -1.2953462264939641
5.291625288077628 -1.3699755511937486
1.2397491436856445 -2.2870673817647287
7.319321684218281 -1.7199377322948517
3.1121476275605544 -1.6665362584898369
18.11978789535272 -0.5521645685978617
3.742463465492561 -1.6227405167495956
6.391936296155101 -0.7286628049580832
1.5443628538916523 -2.1003356105971767
0.2310429114842133 -0.7673224283855706
2.9095512202880878 -2.9463064780475743
3.210011522854043 -1.388628422083564
13.65525582138317 -2.0147848667615373
4.595157727318729 -0.5880402814580032
5.637223251836934 -1.582796883256301
1.8471426498443926 -0.8643670648030382
9.254137520290628 -1.263151394724583
2.6667712582038643 -1.438668980064909
12.935722137460287 -3.3465584132655333
1.3052973516026671 -1.1973459367380503
16.880141553745233 -3.942469574360344
13.221263296997657 -0.9670679420558751
17.820148737950124 -5.4989087186609
9.397087562654225 -1.3424249158436332
8.162505059816162 -1.6606455061204632
5.998447670339522 -1.0992874098753822
15.219375599587393 -2.5126496708678756
8.176592356689985 -1.4703638011458169
16.810115074364052 -3.2885012422670377
2.7556721822131207 -1.0938099114140711
11.417221777649134 -5.117576497796011
9.025595009251893 2.407793838190476
9.671478686554853 -1.272360513796623
12.219172093423351 -0.5933919535616798
6.32855671567479 -1.8408199286342792
4.418262885394219 -1.1936266981605392
0.9600103447779098 -2.142358189179162
12.535033138855493 1.4476541660271207
10.83253380930719 -3.882708864335162
13.973655433171022 -1.6134801452652348
19.442086169896996 -1.883715597213703
13.957929326829289 0.7140557082382527
0.5362254923850704 -2.1249608038226047
0.03247891820906515 -0.853300371395403
0.097910468651209 -2.1165183666469596
6.228956632403292 -1.7609559145691256
0.9084687957567454 -2.279909756332094
0.4098640494040252 -0.3752431697712758
3.7926785435825456 -1.5848721515341073
11.87784255576666 -0.19983767373754704
2.036066898110451 -2.0285207323305343
0.5300427784666599 0.4436847809848211
2.54813265154984 -2.4757837647827
10.809307168914376 1.3838183750799287
14.82463482401539 -3.1560633873923045
19.89561014829053 0.2706569368790938
16.738510069179945 -2.4553929650812214
6.239949473083588 -0.48008974413307126
15.705449801854783 -3.3556419983238577
8.505710629378271 0.09840811216977517
2.367743559445131 -1.8877648139486456
9.252185570056788 -0.2303335548365981
6.923069462244674 -2.418956213920525
4.805760241851971 -0.23110680198849723
3.688779950101593 -1.5875674506103128
9.74047224293951 0.6247742256204842
16.684967424922085 -4.408536982653683
4.487245887303519 2.166418974961194
4.104948362369533 -0.9829055754093993
3.1022338394112463 1.4430304517787023
9.542987712915455 -3.883331375730956
5.6276838450563735 -0.9221462531231219
5.144690247941856 -1.4009176000386536
19.38290357907179 0.018156295488122975
10.267337007003755 -1.2376830039947326
8.873515062734954 -0.4648883493994521
15.92605012691523 -0.43951983097194847
5.013368714415322 -0.21642699186902198
12.741731185197972 0.15867630149329395
7.115057037339647 -0.31718512362451556
14.40062069649156 0.14043877245918412
7.767885216471596 0.7515628343741988
13.41715638312691 -0.6672162212004475
5.350570238731514 -0.1583222760696062
13.181615870192164 -1.199756894513559
5.472850631630776 -1.8486908350476403
9.952832237149941 -4.286291691712071
10.304565851830292 -4.129802072323358
4.784641029924814 -1.9097620980083305
11.28208019711548 -1.1128656395899854
6.236668249199836 -1.4807165947105858
19.01503275225661 -0.3357748399327849
0.05473281495846066 -1.1480857299424014
17.34087196473561 -0.1548922259966196
1.6922477209000348 -1.7429216370298388
2.022964005678982 -0.8572489573389475
14.173047601994046 -4.564888074272279
16.73248645717411 -0.8896404254604813
0.57811211652342 -1.5023554274312096
19.481251304110696 -1.9144514999311255
5.220179025011305 -2.1776021581677676
0.09168355761632313 -3.959575502745747
8.291000741600964 -1.5663897155412498
11.726649621430168 -1.8914962782195779
9.526724271907536 -3.6402137924509104
14.702931750608562 -2.1182895775007418
7.447189419673792 -1.9064548671507482
18.993964863485246 -0.5699905919410538
7.554795077121238 -1.4504796853091784
13.2656982435174 -1.1958975862046024
2.1307124484000632 -1.2269547545556547
2.4096834387650437 -0.8354364429598766
14.262322139194039 -0.7906677196872083
6.03346882651619 -1.7858030870074924
10.95236708239326 -1.1557538771152505
1.4883588166255177 0.8310138174589046
2.8644106462979813 -1.2202559196330345
0.9852659138226056 -0.8042382211335899
13.764508430947096 -1.1700870422967673
6.6517385074630875 -1.602898235653032
13.780441920252288 -2.8657116864106187
12.36603225023746 0.5017343841473298
6.401200749156332 -1.4538260592966672
4.916190309115971 2.431660284006661
7.4575351036487545 -1.5407517587812252
4.978474805958052 -1.3649112896357039
15.157822406410226 -1.395075521469803
6.537949301598046 -1.1997244322342344
6.140386246843985 -1.4104440078105973
5.7779096294280485 -1.1117374145217274
3.396036868596804 -0.8123310998749089
9.313845043250438 -4.082033650266181
1.2781398087599072 -0.9207194466733217
2.44111624721836 -1.2857544556788694
0.3143107732556325 0.15611697187533755
2.921973659331906 -0.5798978233312022
10.89889831398897 -0.8725257670871579
17.401999938549828 -0.2698009990372262
13.844658506179087 -0.7053903347552786
12.625522942921279 -0.4967574753297521
12.285598030577765 -2.2758791289512614
1.3964313669387292 -2.296215235223793
11.92586365765863 -1.9589594206824132
9.899479695306871 2.4153731814632864
1.091201544172004 0.27099719084324553
9.720343827550609 -1.154877884499723
2.241253870596724 -1.2455932624916373
5.415859613136656 -1.3456275745105752
17.472644095478834 0.5378351627107122
7.770223478865645 -1.4023881375192493
1.866372343100975 -0.4252043761286133
12.189145181383871 -0.49172954474931746
19.281598983835625 -0.951827431472818
8.695260541659211 -1.291696220403412
12.365107864850165 1.6385783159185423
11.122011601612561 -0.31547290238133524
11.642996362986707 -1.230573111650661
11.468609857625177 -0.13800660533128853
3.0416121418971676 -0.3545203529243671
17.716803368269396 1.5208367971533991
11.671855892616021 1.937558976901109
10.202133105135786 -0.6950521090845153
9.77868643414609 -1.3769076483474383
2.833773468126383 0.9502216041498812
6.975026830129721 -1.802632284731901
15.837206867150268 0.4576998935393393
4.948834368394917 -0.6426164870586616
12.425111266658844 1.5736431927629544
12.079770493422235 1.8716445919157711
13.496052830461739 -0.10950430354834495
16.09022198766465 -3.295659985241782
2.010865711073556 0.11587476616933316
4.894385219162073 -2.6434135111602854
8.357648252296782 0.16271918511019862
14.493713354839429 -0.18796032739252183
11.52642741510432 0.673908512325694
17.152677458653347 -0.21830406413009243
18.67425738274058 0.7284510967960784
6.547833696961133 -1.6156253145572914
13.2869599232591 -1.0915991624964445
11.948459389806578 -1.0244684104509907
8.872146794799118 -0.6412107088836908
3.5926173290611922 -2.783878769852979
0.8979746392057719 0.5087366334883008
14.424493468196395 -0.8121261487015882
18.548698485640244 -0.3849441835364492
12.936011732512315 -0.5977993140090105
15.742423053006592 -0.7407462445000956
3.589841371874125 -0.5424956977789883
11.845363685679935 -0.6213861181993721
9.789441689465502 -1.4964209120411647
16.560660281724523 -0.8729170341746427
6.378742838589233 -1.5193975454200987
9.531751459643411 0.12248325528234617
10.797501021100553 -1.3235455309104647
2.8122881979338037 -0.11899798276920279
17.456335122247868 -0.5187117543468754
19.064182106959343 -0.2967075332018244
17.05320445659171 -0.5442309904637209
10.467894949322888 -1.3746298537881079
13.114173345803975 -3.1897638450958343
12.260541012093336 1.8946549765350307
2.8278356463376935 -0.6744639714484113
13.956420617053373 0.6677901617225197
5.488144981464661 -0.9472872446361006
11.248685782508938 -0.82443175637987
2.066194736897642 -1.5883842416719534
11.992893429905237 1.9457956779930192
0.7569101433292048 -0.8236283863419029
1.2342405623417325 1.5868272283817368
0.5513472599440227 -0.5528922494409128
7.250834573081845 -0.7599835170008848
18.698932149042687 -0.35135150388336334
2.4972390956432617 0.5740308381766336
12.485262652004193 -0.40724555929108247
17.428702831435267 1.4802027997543965
16.858068244881267 -0.982278038215912
1.893007219805256 1.2147706783684966
7.122638435053768 -1.4221454294254798
15.387045355440067 0.27946166909192466
15.9706700011775 -1.2081994427194471
14.110952746724074 -0.7316213205310415
16.934333107731014 -0.06631427883701303
10.681498941566174 1.979356295542504
9.702508582753957 -1.4180440147336213
8.549031811934297 2.610054185536415
4.228046673824692 -1.1111655383022028
11.864107403247852 -0.7210097594365961
17.94597005658231 -0.4891288509180059
13.004502371914864 1.239156167734125
16.831078586390145 -0.09160619562271234
19.399169253873918 -0.3449101011646075
5.199452749588557 -0.8135066977468275
8.22514617911204 -1.7025564541765579
19.93744272288137 -0.45940376478825967
18.971527333881202 0.757872990598341
16.464106679865704 -0.9208938957539443
17.257562238743173 -0.46658337083209533
3.3214156528445358 -0.616246257999863
13.333115014224727 1.54069293428285
0.6362298270458346 -0.5290926281494184
13.382670856153332 -0.4360367956327793
9.92273910235691 2.6794706181057752
4.652610854122759 2.3667964062271323
4.074869902002294 -0.7163082831049625
0.0792760133183307 0.5759525327244359
2.6645666472845377 -0.6757675661953136
0.6475403343302287 -0.4812522650012582
1.829555173043289 -0.6290874799195421
8.58034692044582 -1.0207816889832269
2.3100845537766133 -0.5557955219553867
17.509832938238596 -0.3912693267107724
14.565637895838977 -1.318035181258192
14.653347670229978 -0.07011314690782292
17.935519496702213 -0.1321158879077383
3.908416784584417 -0.8429903277756791
4.16217445439903 -0.6831169891904972
0.34753566014845766 -0.4132011075539408
10.843336706507477 0.21687493549607906
0.6760395759435225 -0.4490483330237336
15.563336850156963 -1.5042589766261572
15.913305427426321 -0.7206476130139319
0.43973674378045524 -0.5475539984725262
5.216972428217183 -2.5237023160090697
5.8597546143224815 -1.8066260060317219
12.48394983064812 1.7316115997374786
5.676689193631077 -1.513331987659516
3.7876862775753635 -0.5878860053946082
1.6784584656640034 -0.5933084455732094
4.169902612640495 -0.7755438524932329
6.828360988790362 -1.1964228192679565
14.842011283155859 -0.8460890566679885
5.038764932565057 -1.2286814063382285
12.555505775778377 -0.9037272942316882
6.747018191183827 -1.9099946660279208
11.52004392865346 -1.24764516470086
5.498895054835483 -1.3964799013190556
13.014896105044484 -2.1344223470690435
4.630676278240005 -1.0957314935709925
12.067557587843737 -1.1294143462091033
8.017470093775996 -1.307414693944624
13.061287473078337 -2.0979504384803085
15.265034029497704 -0.735740291266829
7.393002677336813 -1.6073317890591305
4.462235043545961 -0.6814153762487851
13.276871028510955 -0.5371276689019943
2.292961356307419 -0.6690913923860257
13.682600133613041 0.3139273751396874
14.541547606234152 -1.3698166514392844
14.267484978188802 -1.056921147493919
8.639441717285523 -1.275878025008275
19.360452908594066 0.3142340454461878
7.986149831604251 -1.3172821519273814
11.396653682222533 -1.7908668084994601
5.98666083802179 -1.4011113789160174
16.0480901092598 -0.5509289726410735
4.002245003347166 -1.236814041149254
6.322597427170014 2.8488293542139194
7.119152317764104 -1.4405030133496795
8.00105801461422 -1.564508590409966
4.422948476291143 -0.47299532101454356
6.56719956902652 -1.4063803387670868
8.243458616472868 -1.3685169382154287
4.159861654673624 -1.0663539999066867
3.890163046984313 -0.4877180819753103
10.812410112163173 0.2316335524479815
5.069318664867929 -1.3621091639989766
7.002319346547238 -1.4267954203879036
5.319786150589225 -1.4102331258733447
15.725800308790816 0.05981811171402214
3.166933172989175 -0.18576391869369469
2.920464443514694 1.7932299604058317
6.203757025515996 2.6167879933203073
2.834080953362222 -0.5508835177395799
11.288819924959284 -0.2851764872090685
14.768031444303894 -1.8916692039886254
4.914053373128862 -1.2902885671818638
4.935456429602874 2.4192220664940907
5.985216268706875 -1.4615764095155668
2.0490736752541694 -3.3780986000889723
8.51454195325167 -1.2711963362589067
1.0799236245834967 0.8251136715190873
19.999147879027426 0.222253303215472
5.563055126431691 -1.0699641046857877
10.6614784045592 -0.8392392366676785
12.563949363515691 -0.7729061916264898
3.591967109635796 -0.2758717951811217
11.896502399088742 -1.062915091209339
18.51860830173849 0.5025672063032051
10.615368992195544 -1.3568322441750984
4.143215299348903 -0.3217923355917
19.64573295606785 -0.7029594762710403
7.9298857268821905 0.15502349940051216
12.903775603524752 -3.164117735043657
13.205488634144945 0.3789562846436588
1.7046504871225734 -1.040691357141185
10.94335825108892 -1.1224683657071535
9.997371117874234 -0.9016166825707305
10.762024750241062 -1.0870029390264402
16.35512155756358 0.8244140992710733
3.6547395857083433 2.102131431685637
5.701407356248967 -1.3878334914403596
13.877099001651969 0.9737246410111037
13.955546825373144 -1.1009595327442314
13.158810001691235 0.9778601389050665
3.659708682079011 -2.796108689725364
0.8397540967734892 -0.14028761828347802
4.168933875757684 -0.6551285701571757
14.133979676320848 -0.671994529582889
2.1843257174193647 -3.0563465806810832
11.764728389499691 0.6377699045548415
12.231416414622453 0.25877946886650166
11.469910506894383 0.3484917095881821
10.052450764845752 -1.0550954784189956
0.3525350896554013 0.8984671493946521
6.360848101452839 -1.3695635612357113
5.626547725849425 -0.6204995479926863
4.716235127636879 -0.6454738240558626
14.760658802937726 -0.332637885929264
19.700088594292083 -0.4891846883563562
2.219268406864114 0.05217113639796849
12.61585219705093 -0.8313011333095989
1.7910750800311237 1.084067657403113
11.774792098374899 -0.8406498684146666
9.179232827834717 0.2818078055000427
12.391123729914217 -0.6421335521716905
9.056865432842214 -0.026836293888266263
7.680691085640479 -1.3104192370275334
14.124267226906492 0.9996315865132473
18.893060333082243 0.8074381067429907
4.536803802192156 0.22357195427473253
17.208540498888684 -0.31977170486690004
12.353032005154999 -0.3437783046939466
8.378418697313565 -1.222918001026979
13.612742005341195 0.2991242330563385
10.364118928648855 -1.3809701687343439
15.329569058285783 1.0967847786449585
5.202265956635076 -0.8245709122697036
17.597551862671274 0.3927060678529597
8.427847550393343 -1.2244868478536324
7.083762376849034 2.984062898740408
17.10087339900688 -0.4685305199857153
17.130238302701088 -0.19388469357314156
8.214716323500493 -4.250731858891248
6.383298739102871 2.7405143724275463
5.195140372091992 -2.540976867752506
11.34235018300723 0.39064274312793273
17.343744314034733 -0.32978812912939803
13.8724922558973 1.6601566552397196
19.853507524613512 -0.5372434252728525
14.965437496094394 -0.11242989756665549
14.751130468558861 -1.298507564818776
3.7224125290864527 1.9832928282357503
4.4032279681725015 -2.7277130637852984
17.302720078888186 0.23490320499581205
10.109599050145045 -1.0465599712135871
18.30892639702888 0.5758322654756368
9.716455870209167 -1.0841633663205799
16.378725728681644 1.3045730786191398
19.69020467068413 -3.733341577135953
1.4842041963098067 1.1135741433559947
4.118074876310812 -1.3549444326458242
9.69296668072895 2.4877757866437693
14.70821453801462 -2.087676035582074
0.33378377619679755 0.5860211245178641
5.915171872766789 -1.3873705223876867
15.988766110293696 -0.229217492344012
5.69518867405616 -1.3643690158385486
18.640243929700784 0.5662322242965776
15.00796116522987 -1.335104788824829
5.848902374610921 -0.6728767170373858
8.358232963679429 -1.3108607128109493
1.9136158225827236 0.39793077155290546
7.047005746678334 -2.3761125122730387
2.273200426585447 0.26912387996886133
13.912615365229446 -1.3937972980716085
16.112401863866694 1.3055535812303045
3.970327744462145 -0.31496863836506794
10.958225420070342 0.06609957556137731
0.2928320686658638 -0.5918695651677144
14.452785683823908 -0.1994604989990154
3.068667471637827 1.719362236920658
9.078245051408178 -0.5673165733846403
3.151928453132271 1.206283967258559
9.979138656876327 0.09383476062787298
10.735580177967488 -0.9083763772557387
5.751669130078582 -0.7438928044213068
19.478583956447036 -0.23383883068309316
5.09352029362965 -0.46628672140623373
17.685470026338514 0.6101516958210067
9.678491944754773 -0.8473324081417565
3.1789912328615437 0.9352909870724805
6.464235915182922 -1.0435451509096276
18.409506930722614 1.8893611297074842
6.003371476592952 -0.760646076858846
14.650981322953935 0.5140834952933088
14.64658677025626 0.30333820333541295
18.113023203492002 -0.06982713750631209
13.960692517328434 -1.0493223042173103
16.759563707742664 -0.474951147946999
2.9099169058777226 1.679048888634382
1.5218666549857014 1.5234678674570368
12.01462265075722 1.8291785546808332
12.483536449069998 -1.174878139983206
15.420235229862309 -0.7550718578377713
13.14810632949477 -0.3771681598850902
7.587779736976716 3.051782861085433
4.925509627304335 -0.15298946105958236
5.204404793829148 -0.04132021920188887
2.1576967849221154 -0.22727174261272515
2.870930170999354 -0.4760163993843167
18.285235977090036 -0.009644226009226223
6.1247108864812 -1.1407728301003714
4.88795156526251 -0.2420842702258368
12.580009489507026 1.4713020842176003
10.575332340957722 -0.025958742627863088
18.75915939717376 0.6162805962735409
18.707528341907175 -0.1426195337035268
5.392631159098243 -0.01070629530414996
2.6266661822438704 -0.20784286238856534
3.2738403655801482 -0.4844842011278671
2.0450971600989565 -0.022056079325763304
16.06539555371681 -0.7541130419790412
3.1502507577474104 1.4327231578724227
13.1770715745029 -1.043564477223183
12.667608851779926 0.649052170581612
13.23675781596852 -1.0315414849691533
1.9164450026073518 0.5091211806885687
3.6831741776357467 -0.519481138827451
2.752827518151227 1.234514267507429
7.191051121760257 -0.34708018504432026
7.405442746555442 -0.18655244000904123
15.024184667528385 1.6832028287357663
1.9185991320851743 0.5086187732741119
14.056059751194388 1.5937378067088686
3.6780662333451106 -0.1548449537133982
10.348226208075307 0.2655601482534671
19.00165150181729 -0.1979097634183761
11.101688424777794 -1.3031203323017357
11.725517367230298 0.3787389273873802
14.006628684030327 1.7142380199517453
7.214077020462938 -1.1938992485621414
8.312926903446309 2.936266172878305
17.92985186506011 -0.04765289102540345
5.0648660092594175 2.6358880792612225
15.101249588818874 -1.3243169993430959
8.548112531971697 0.04137098955464841
14.510284517235355 -0.7619245832624619
8.898344981794835 -0.9371700699046919
5.7322763168766695 -1.5312193749781595
7.327446752251911 -1.0957509684418383
11.841376116159486 -1.0000219993331023
2.2907339852362383 0.28133075332473734
7.137727044344944 -1.6118147102257574
10.450380074333685 2.0244311848088326
1.5837361287469078 -1.0257980369788058
1.9724174191424486 -0.6933837476784489
0.17956953146995142 -0.18426812702013237
5.9717286646203664 -1.3156586316602126
0.5891332776055747 -0.3623539331473085
13.309786090635175 -0.9939244989056721
7.623844638161555 -1.487704864257131
3.875536892731869 -0.6242392613213552
1.9267851594046124 -0.964480900927585
12.753358890228402 -0.1162962720221242
6.007714272411513 -0.3303637425294334
6.985703579206149 -1.0376522303528322
2.1444173271402525 -0.4504243338446219
2.717691868539256 -0.19846174322991353
2.740065895947246 -0.5545951100319915
1.099741416933742 -0.0551877347658827
0.8508654393181025 -0.2672851402246226
17.039515819914016 -0.32458395677484875
19.957875696875142 -0.3188694977557321
6.058161290354591 -0.6887800661129085
1.4979739111906087 -0.1572281512463362
12.614761495967997 0.26345430226998096
16.327524276779297 0.16486857975566493
10.956929102825498 -1.3781871754249169
14.363847162835269 -0.8035745836406246
9.069147283146007 2.9519166030521085
9.046098520093091 -1.2092661305184331
14.231228164428666 0.3299274898148576
7.448098233861982 -1.5093891467961498
5.35433803976881 -0.7509651151096052
13.540802579641138 -0.6434617355159564
4.991406733956021 2.3617401869115215
5.5691263507087685 -1.5328367998292203
6.405882493400184 -0.9493593365648256
11.834213332545316 -0.5850957248662374
2.766375682196291 -0.5232535920815998
13.159368436841186 1.2208456900576674
2.5428320880053628 -0.5553926171058616
7.0798568811220886 -1.2048209217776942
6.0142479176685955 0.05979518764265912
13.45151573958839 -0.2777824250421718
1.2623837138551934 -0.6464373911682599
9.009904783524595 3.0890674039880865
18.381011937870703 0.38095213778875664
3.6929336586230015 -0.2390751752236052
18.254679592471245 0.08435724804475297
15.013683417757193 -0.08574377877707921
0.7547214493501587 0.6773145693435586
7.608908504248462 3.1447460146819926
12.655475610897591 -0.32576688725201053
15.75099343733987 1.5489226915238985
8.079787104113388 2.981348638177899
0.3120413952604266 0.6427556064832425
9.34755246971984 -0.749196114620122
15.538709844922431 1.6730740838066456
16.26687548820679 0.07641300187584109
11.392414639631301 2.208979260925594
14.86614030911423 -1.0657294375749435
12.203742336667835 0.5717302943815362
5.2716454062276075 2.4231477134347505
1.4532384151692952 0.17440619115039752
6.663009817286464 -0.7337606715286527
5.074414467104286 -1.1247408495125988
16.425437905821248 0.042670133902237964
12.750173877298007 1.3328412360110882
12.570692257733866 -0.13458341884331576
14.942886881257277 -0.8943515724551545
9.53054633381848 0.06880389424514029
16.45177107047054 -0.8340941822138968
16.34366174775661 0.2057998341891636
10.580663799869622 0.5099023705371105
17.794171272148862 -0.40815281039910145
10.928775765689759 -0.7370540972409826
18.05121151337195 -0.32137668471039066
16.141345001592995 -0.9838189126765043
9.799418705857002 -1.521713737817575
17.006396186511296 -0.30332246270468943
13.822839246982369 1.4116485529034748
11.17738912100513 -0.6083803036539965
17.30252295030952 1.4060755483673348
12.545471727659551 -0.2525404910279573
11.027667633771278 -0.7816061783466425
9.964425413951934 -0.7887253931526462
14.345068143191028 -0.9470466668583145
10.725089353351503 -0.672750406057089
8.047826048785048 -0.3825951470959208
16.18914595388925 -0.8216477935568962
9.1595615579225 0.016259811886865344
11.507705753078419 -0.48329254351654155
3.6049515741413702 0.42216508631377053
14.441105734576528 -1.3383749359450396
19.682354590399193 0.4319827788764535
13.355205950129038 1.3817730576888387
15.700655613842358 -0.9577833955657087
14.317184803436742 -1.1420554303127954
1.4481513570516087 0.9119980827431997
14.338283086709353 -1.1523947486662347
12.602651272484136 1.5261632582832796
17.211029946016865 -0.20921340503954863
1.3346993171786443 0.6669938335088501
1.586836985048408 -0.5996549851642865
2.6437269080492873 -0.6155147840411789
5.238021914539844 -1.1832408866074293
15.66745237507146 -0.46391599094802355
5.082978089760456 -1.1578005570531829
8.703692693420061 -1.266807226530795
17.9866804512239 0.3811548371788265
4.70364611024868 0.2773956253494517
19.03222002848849 -0.36786127959119597
16.412638102190698 -0.36949043139695187
5.564715220627634 -1.2133341678522038
16.176802847940916 -1.020630598320547
3.3102736402364137 -0.6902508857209474
16.6942471954842 -0.6934684158647108
13.198370657284956 -0.45498276945475
5.433899192642207 -1.8480733005721266
10.541936223636437 -1.0664931305684304
2.5727045705000857 -0.60670642464617
13.74509221858475 -0.38512038479881106
0.5610198350896318 0.67907291499362
13.165461894994307 -0.6768645764885056
17.83280618508599 0.4584482657880644
12.711037521745945 -0.6921996351607619
18.626143476227877 0.6455818521479236
13.629594846658142 0.24834952849998593
19.120534145799642 -0.7164010243306472
11.661112361646605 -0.8801370595973593
2.272695565572292 -1.1307876514636848
10.642010431435661 -1.0567833722831554
16.679542816442815 -0.7439155848919642
13.575145605842534 0.21836736008722132
17.315337742045383 0.4554373652908851
15.527116263880673 -0.6440734601042607
9.10319278612911 -1.5174641786228966
12.656532057513802 0.06251551450367979
2.5253835717806634 -0.9925595798634249
10.493069347349865 -0.5665561198342027
19.97786597639428 0.9380563810801577
19.981564297508445 -0.17817069818701387
1.6499706815879338 -0.8753265212218844
11.832258584575237 0.0889370858549059
7.81063169044473 -2.032725910651969
11.650908700793341 -0.20329161775941545
15.018139934935261 -0.47136819263079005
11.286065117533228 -0.3395217391924669
7.040142389466809 -2.2411260594828533
17.100630002372938 -0.3479882045524644
10.910148161255501 -1.0665024152187097
4.959630421654465 0.10879499898636685
15.056412427402776 -1.7196231380637224
4.385773106933742 -0.6422188982271806
4.068612940764915 -0.42881159527278334
2.975544556542765 -0.5749793249641356
2.6889112678978466 -1.5171832669439427
14.79657170452496 -0.39454839773810857
4.9697638065879515 -2.3664160577893996
3.8543804629485474 2.0484383390262955
3.0369957767955946 -0.9068075520623707
7.095867034113793 -0.25648790627226836
18.224795063380206 -0.8358011350769943
16.32605168879412 -0.5536129702614891
14.881503631671698 -1.782458252837831
10.258374205979942 -0.633907598519957
14.89624908907288 -3.323738171834265
0.4727473556696381 0.05254159733544724
6.998399844791403 -1.8295219814539923
12.451616140294565 0.020313062809071067
7.234260575972742 -4.264073007272148
0.03723677752981063 0.06348770070735188
13.97872958798494 -2.7463164617376843
12.726175999566099 -0.5305740015481731
7.517893713769564 -1.8760147684351014
0.647703736458092 0.9409852791598499
8.96802377146873 -1.4317915672055959
3.736302169140126 -0.4894070029461909
11.391801999575918 -3.0465284522386065
12.024537416905888 -0.9703415778969617
18.37526371781877 -0.5086882195654439
16.32515210810156 -0.7336420106953232
15.607974337543398 -3.326178693037889
12.718506124746629 -0.8104825288196215
11.851400997245443 -1.4044211917912757
12.90598944333101 -1.061304208880666
11.207343308144228 -3.1483373733262194
17.138067359146635 -0.563983105103531
19.215159622094326 -0.8333824820438565
5.310461949702015 -1.9057104501781676
2.5083229625851673 -1.5572262631415066
17.658616525223525 -0.39348558809136147
14.952264007772987 -1.767349251422518
6.938562427736988 2.9904059129139515
12.799232014521778 -3.380324461920147
9.951371627076517 2.2799213240828933
14.09388911089099 -2.299490472406194
6.047994468238919 2.5354444443097828
7.743888594614972 -1.9071233489450694
15.64244316611989 0.06574032206023579
4.974528807418557 -2.669185918125533
11.642736131394722 1.9334374379656225
17.94111049174569 -0.8532656670095327
15.96638673327986 -0.7722945824551823
19.843915629329178 -0.8737106443082718
17.57225456572783 0.5013017566868484
16.756947312270643 -0.42319774710716396
16.089635807347637 -0.6166646337040502
16.328918825708982 0.37925945097620706
13.339444658633345 -0.7102373492258929
16.155431875761828 -0.41479870426216253
13.060342231164388 -0.9514896751979551
15.790012343560047 0.06998443314504389
15.493463428895774 -0.8198705539059385
7.114778129861463 2.7754050754295068
18.585110769022616 0.21226078061586898
16.827181156019996 0.5376339819484686
13.456297072861593 1.4863496336145012
0.8734572772471548 0.49941748308034356
17.008182238670887 -0.5279615371861687
5.203922271188474 -1.2193113037871646
13.136694377270208 -0.8039341236719598
7.95003792208955 -1.6427237062690512
16.221312648781446 0.15427077295743924
12.86723712961092 -0.9508566216140288
12.274564319897957 0.854684587124713
0.6823546278195818 -0.6356266423937073
12.036343007845062 0.666333612581526
17.605720232069547 -0.2895378944930671
14.902966723548774 -0.7020934117801881
15.348526213040884 -3.1254011480588066
8.673942944743592 -1.6293334190713726
14.943872522688116 -0.06222417533338624
8.878068171566701 -1.2679173100649181
8.828593388388253 -1.1688203356660103
10.814320309232446 -1.2689069033008114
17.807077607451184 -0.19332823623843817
12.687561832149042 -0.809787625597325
10.549334887624127 -4.037302020008796
10.124269093123688 -1.2507321912210083
15.371252747930658 -3.2726190468517657
12.471741775405759 1.5446159950558227
11.6071555992875 -2.1141219386195043
18.653644450786807 0.5845212438800016
19.376063791005848 -4.070618969625402
16.67312886318839 0.4980171389921329
15.35968702787801 -3.495720759501146
14.256058684720971 -0.8869557393733827
17.82215475666709 -2.0775384746282333
3.7007872212161796 -0.952743763487781
12.464341196571747 -5.210792237182478
19.04204951771489 0.7679513008352952
10.564068334846844 -4.155443006089596
12.644777664225522 1.4642956205112836
5.3157991484712594 -5.629922203778807
19.298279045732656 0.3178793435589332
6.35335346043011 -1.9842999292146268
6.341347690768492 -1.8616598456485878
7.119352360200762 -2.2188140627014623
13.218019246173718 -0.9766416995048551
16.179601977379985 0.3173424067433617
1.3519060046984375 -0.4094704914848249
14.625881195070102 -2.1429386887538118
0.6379912472234756 0.5951049306155936
12.238428454237058 -0.8080756231233954
12.970378461387057 1.4770499006315352
3.6995358927575435 -1.0318826959325276
12.015301860112615 -1.1611684478094055
17.50751464060759 -0.5094877194415134
16.162738613804198 -0.20848310026065525
17.091430639800393 -0.6105682116928043
0.3950398394663883 -0.9040713497891197
17.22637541545066 -0.4278709953825268
14.466898064510326 -0.20757824465990682
12.53781203463492 -1.2017396060636276
12.027406647976827 1.6224172508221895
8.584617064231788 -1.6787949020749378
9.600639870131413 -1.4029785804364228
6.05807886295607 -1.4159939527999903
4.0769081629312325 2.1975567660718496
18.456200405474817 -0.6812298635331946
10.048411893462191 2.3389443084537684
0.27241168212125594 -1.5605832596695046
8.30136490278424 2.915846260734146
6.812685247636843 -1.988689690448657
1.457369251149795 0.20337852783545074
1.1678852343429826 -0.6390113248922487
17.75529104191866 0.24087303719907857
0.5398237428467182 -0.7403735581715783
7.306020921680117 2.963098765013961
11.054517300883937 -1.8189669039258123
12.049673252525102 1.5286273010418927
4.975532625079799 -2.774738242506072
2.5104200618300494 0.05264881736636094
10.307795774716867 -1.9456238199477545
19.161413638590155 0.5943876546269201
12.011732216892845 -1.4335460723065876
19.08689421786168 0.8319619166726931
13.714626500791137 -4.693606099499891
16.201204017930053 -0.3402340530626222
6.4649168981125635 -4.213015961520482
17.79815628184482 0.6153978067287383
10.32364579079436 -3.6182163118811195
0.17155431568879187 0.9713381390712363
8.987375973622553 -1.9100580609944504
18.87300534021772 0.6532876265837183
7.484672266016777 -1.7886310505272935
18.50521507080925 -0.39526913226468946
13.160902112391593 -0.8150701110571201
9.529843265098089 -1.5845523791280736
11.200367853079202 -1.287229476778386
16.092180119294294 -0.990775286731649
16.3668214462663 -0.9022921236696135
16.871132694294726 -0.013005590163476369
12.241851869520817 -1.0292372985607428
6.392125499339878 2.6799330011772096
2.2556758464244684 -0.5787124464809639
6.846148339532684 -1.207589932654961
5.061444278757051 -1.507902843752768
10.856125736315482 -1.3258360150266162
14.352217866124962 -1.2838655024132124
14.74412510117252 -0.29925511802149796
16.733983014653454 -0.9683497328794981
5.807291024206146 -1.2817845708985491
1.7455879455693406 -1.0650768360523073
13.438629521417345 -0.8448165113144109
17.702769587259663 -0.15562058507983126
11.498109437610138 -1.2014455362397423
13.300890950135491 -0.8855782686536385
4.889547379076373 -2.6355753156176633
6.389279040678229 -1.5699920745915927
14.022990122897948 -1.037434212073711
16.69642046004016 -0.5339962372156714
15.448899590066455 -1.1393796571600663
13.661419979327327 -0.9440700800507565
15.013196543791093 -0.7916071294007523
7.183612099108081 -2.0553380473048883
13.044210151781956 -1.0081750314371303
12.435152036496955 -0.8739657959711035
8.917285540596103 -1.2622974263608615
11.061793521506175 -1.5647138808411842
15.207241927468601 -0.8860497922599125
0.08698748407800608 -0.6575478826545362
9.075145812760082 -1.3217118820254918
14.599055842829438 -1.3170870242803767
7.9480013812603305 -1.5071102762601547
8.677162699973156 -1.5832227010778683
4.428338377409362 -1.1451853530843845
6.999282420478241 -1.5237985715250348
18.79929049331633 -0.7425046478128839
6.618908879493509 -1.51036078696277
4.564837811535008 -1.0974591558427893
18.340151089587724 -0.534025981327643
3.1849277130403135 -1.2233908923245835
10.968228868039686 -3.896100662601273
15.770382587391794 -0.9861110242960995
6.074160558414563 -1.516390033107096
10.25700151065332 -1.2228659145198744
4.729566150100647 -1.324023121317786
13.730808659769647 -0.8549482721243478
3.5864694332077782 -1.3769966347648168
4.0011636567718725 -0.151205619569564
14.324157744076318 -1.446455150544725
3.327208091139276 -1.1832718547850238
0.9055326834307604 -0.43838840973586735
19.475725351962495 -0.8200127132097446
4.7630632271192415 -0.6358903851644023
1.243871766113542 -0.9976199390444351
5.286820024626419 -0.9084308042648254
17.957847633640345 -0.6809483846743927
14.612014368485289 -1.3245910342095892
2.6149123382172 -0.9690254893558579
19.137415170900777 -0.4922162566547652
19.701057528636454 -0.8203693851625637
10.737931932164127 -3.9835152029178085
18.77214609818636 -0.30497742492306884
7.953294195764538 -1.8133590846053684
11.802566085499336 -1.0147780706050133
2.568945599482107 -1.0195046485953492
1.9012601599549677 -0.8605417588547902
4.68326761826257 -1.2376204463559874
13.007263510547242 -0.3498474904488311
10.143583614175423 -3.349951593913578
14.390822785044676 -0.9011567477984518
11.700421915049054 -2.712654333140271
2.418003158725371 -1.1130291147979516
11.340006492105685 -2.8779361575364724
14.584757297743028 -1.0938844495014775
9.869972864535683 -3.386902124114539
0.6477712592851204 -0.742448421253593
10.694404138028265 -3.2111517806644767
7.2720241906262055 -1.4491920817471946
7.816456665313145 -1.5895285519104598
14.078337347808061 -1.0743511629382343
12.49046584232935 -0.829006574874911
18.043155843270082 -0.7303008305584269
8.477043546065339 -3.4512674772886998
6.349490828212302 -1.5169435843803705
5.256160215747718 -1.883863902584647
11.882940205328563 -1.006141717462214
17.407528223558035 -0.2688941537541819
13.698031377325856 -1.0334457230860066
12.897563592637972 -0.7908109804482295
10.983354804677528 -3.8696167381121134
5.805310409085837 -1.5725790017978285
16.63629714877237 -1.0489687894705988
0.012779439893183926 -0.3311551043248194
11.135811045735377 0.46078784990668575
17.976067751904893 -0.09087633699657288
9.610781901900085 -1.5765945721670211
5.663594527189478 -2.062197011705496
0.42895318751526956 -0.7336054931624841
14.431710465803333 -1.0075597640858152
0.07273879550980264 -0.8838681639922938
8.68401641660965 -1.4582393241166232
5.773043478337154 -1.4718873340528031
7.331043699146218 -1.757740453184744
15.099290826282857 -1.2784340272315773
14.77578747671337 -1.8138452396788662
15.381703587282066 -0.8490006500375675
7.29958285409516 -1.7958118720199951
13.504638356073471 -2.7270617798024595
1.3309274821985246 -3.322198031363109
7.081266846337472 -1.728272874515801
11.057231298757367 -1.220010943910503
13.465821845230565 -0.7687381500234783
0.14697966259719655 -0.8936691713205329
12.161848486453627 -3.532031015583319
1.1287079419242023 -0.9975460755053516
15.401276985595167 -0.4700965876158212
13.425862637698575 -1.050276839670118
11.629414929923223 -1.0531665299579145
14.046766242164958 -1.1109855460684017
8.402277517896975 -1.4371197719700048
6.077133397370851 -2.240421758368647
9.336536482902307 -1.2394884969526225
14.319142325265393 -1.1140362721441444
11.391067327385358 -1.217644060299624
16.80837300334956 -0.5543132432323141
17.08364528295615 -0.5016927519013442
7.419557342927703 -1.910785067410583
14.49343327176082 -0.7993505778787171
17.66599686732911 -0.5029816359399898
11.817195758644344 -1.0169740592015775
19.905086762692477 -3.625695607916726
14.44273021407266 -0.4013861656486188
15.645426173483651 -1.0711050076682198
6.437282907819385 -1.554874370613261
0.500523167010781 -3.4954014407994687
0.19785645753929926 -0.4645610577886086
8.105073657138352 -1.7272790788935446
13.225038809532984 -0.7440392704783864
12.527591085419797 -3.4574098805289064
15.177247127472105 0.002326521946981769
1.998598690260287 -1.4003717010097185
7.571936451268711 -1.0753023329588647
7.055294252478908 -1.8731508482200419
1.2690723726344286 -0.6136167294033685
3.152851690856131 -1.5286464301395728
10.116684731069132 -1.3196863945823714
4.807509451858965 -1.8813348481262047
5.794766300320288 -1.3129510276908671
7.79608017370814 -1.8435346706528162
12.367275418366273 0.020094601015226587
6.975968514228985 -1.9012353284835857
11.716529856242598 -0.9748220891920609
2.7972960897757697 -2.8871466035115065
0.5353371980375337 1.0324082351667587
1.9845296999516358 -3.0937217657596014
1.8792077348332565 -0.7302513438842928
17.021469009190174 -0.41559465589354483
13.073492570905568 -0.6271605895939842
15.108676072698136 -1.4466463091350417
7.05714239237691 -1.3868721543234372
15.068130683649347 -1.3742604479675196
1.633141855269257 -0.8300026709264363
18.33123500902894 -0.4286308333507583
11.326552634693241 -1.0353000153164833
17.047579748310522 -0.6540824496944047
10.816260042174994 -0.9687118155181201
14.833233285152042 -1.9799706926468736
3.7752445569738833 2.037383851209625
14.842356801829535 -1.4231138091399531
12.180763634913365 -0.7284843811046402
18.378907665671694 -0.4201754742916408
2.8244200351762636 1.6278721409887642
7.390552310640246 -1.171688769625694
0.8027368498035864 -0.5769694985772904
18.74823934165377 -0.36500878565229605
7.8943987977636 -1.2314046878028455
17.003142010851214 -0.7783896487048555
12.060007615714598 -0.6698941621334845
1.054227831819008 -0.5398252843661676
4.652157478700053 -1.0425722920835117
0.8796618170813824 -1.5974454380627927
7.787041938601525 -1.2553897463040669
1.109995085814145 -1.8902673871222486
13.403690856808723 -2.786680027582021
14.28605493961706 -2.2901414732845535
19.100693117505884 0.4960226811749566
0.27453046174766604 -0.5393988913233771
19.91642893466421 0.6502755491088945
13.764713615412195 -1.0906033076587254
12.616503277132143 -0.5547742730968169
0.8858282340773117 -3.351554547402057
6.3490070354487385 -1.3812621358693724
15.79051682004401 -1.0077145981921052
14.880250841892206 -0.3810475991882828
2.3071636661937984 -3.0059449805982297
19.75977612459595 -0.5121649227267798
13.998767094596756 -0.3872290932361003
1.8026095230489299 -0.44792902826848197
16.33495356397041 -0.7109860498675054
15.70547995500653 -1.3548192656198101
3.1223702558043676 -0.6175153183962075
4.20052978753161 -1.075024183291849
1.217228414016723 -0.52763551944832
1.8281991269463738 -0.6696865635523577
1.0878069944644737 -0.5757488238851675
13.118422700521315 -0.636777178569284
15.673880977362808 -1.379613079364645
4.748069765273418 -1.1499140330736477
0.04903885918559003 -0.5505490826554704
6.000745743953793 -1.3281941592600006
19.156182824942896 -0.45631685907058595
19.679520968403903 -0.6281180543007996
0.84941673196122 -0.5536129116069701
1.66806105006779 -0.7671032644482814
19.37992939581236 -0.6719247336974723
11.083094359948564 -0.9555732959502923
15.783671558628852 -1.3638411778434065
10.940502635747002 -1.041054391189111
1.483379057917727 -0.6771882895929631
4.619156177348809 -1.075343031964662
4.200440895458453 -0.8919602879859915
6.011385080004568 -1.3973478166125965
11.072120370804774 -0.8410700470124157
10.275597382232627 -1.1578877337239766
6.112319769295605 -1.3000974029380705
11.517444396260066 -0.9367690779491945
14.989660496501932 -1.8969096451899947
11.257840053985888 -0.9777559109990233
7.363843249009702 -1.3187879912439895
16.44779836014525 -0.36857449633211953
1.1886764683895317 -0.5588521710439236
16.464786321571953 -0.1355441543899482
3.9012249658217533 -0.92621988125445
17.77767724703531 0.3762512012476783
5.603241112529472 -1.251802923549182
14.133992723833064 -0.7457673586811282
4.592481534711684 -0.6624959490211603
16.3371569512962 -0.19811435123969956
14.06654235965748 -2.4648121630130317
14.311475989170036 -0.9155956717255899
19.440639535256896 -0.5983329469825243
11.033479079236828 -1.1276389160902325
0.9843793336116808 -0.4718497746088373
11.521918727028575 -1.051106905180601
2.045447710611519 -0.42188448066016215
10.057648797112375 -1.162802710443703
9.998574152280248 -1.4234760987356254
8.165332389327737 -1.4356792733608488
5.171601659135488 -3.273162894358756
6.98542486525791 -1.464712508550693
5.488343707946361 -3.417950113246721
6.97109111728001 -1.4692590931485265
0.8498109048961173 -3.316454063398413
6.494557375300439 -1.464044713905626
16.40101089418314 -0.631579391146385
4.187263238759106 -1.1530030253999966
14.019008380675881 -1.5708352163766583
5.629240024315901 -1.442575063242853
0.5783081064938387 -0.5715200997954835
5.244577032710872 -1.0359693711417965
15.869015804286144 -1.0263365802213056
0.2962872009193534 -0.40521707369372134
14.512870081294526 -1.5622115143924464
0.28877661300417545 -0.4509679845754215
9.510074535526263 -1.0604006402445827
18.388429128283352 -0.18614024115967284
18.363180236672036 -0.5057531103563502
15.453699208470477 0.258700991977719
19.761589161638742 -0.5927948348059109
4.938980968526123 -0.575076070447511
3.9036931162423434 -1.1252157948852446
7.679663489254695 3.01290861906749
16.019407644268092 -1.0718084101954453
1.473195625300926 0.576791828051743
3.1463795678805204 -0.7616822285974709
15.311754269540465 -0.3308305289595717
4.3027052047796275 -2.6753682333827613
18.084803369656967 0.6661778157157452
15.400480131967647 -1.4697267365338718
12.070524818609893 1.5267084915508315
0.9670681877117955 -0.3952679026517006
17.94510368080817 0.6263503834000819
1.4806347006029033 -0.4882764232671109
16.410258558186506 1.239635351599842
11.383879656731725 -1.5463941717915044
1.498845743679953 1.0425513724895008
13.021904239051253 -1.2621384364654578
14.076121530704645 1.5159843094257854
11.676411761712433 -1.5085250084835564
12.78551347351845 0.1942318425718366
1.0900648495210012 -0.5127554458027747
12.787628954899091 0.7886300556161462
7.336724999779025 -2.300814172080346
19.855427050183064 0.3154852660670802
15.337875375387773 -1.5682294671923582
11.86900372464654 -0.20734408970836188
5.367642664421431 -1.936120257341317
13.073322320388325 0.09797991393377099
3.396051052246205 -0.6771717632283549
6.275377141683936 -0.6664866023067229
3.936207888775245 -1.0834774075102636
10.374400467847078 0.3648697106476714
13.680564902715648 -2.6085354684260227
4.976146371528424 -0.15132783968815533
3.812080362319663 -1.1466741810877221
16.299171222633227 0.2816829332971851
2.5085385529066677 -1.5533163645135277
14.740016874942382 0.24680276841566914
0.8191973878468525 -0.7364543120466844
12.673609653930102 -0.6002177130485135
8.61910116435109 -1.2768149420770762
18.95584437633078 0.6704483376768098
1.2990251396249821 -0.7534855412377323
0.06291336899381506 0.7746693403298475
8.600548325055382 -1.3073667083773666
3.6787279476394317 -0.9010618727789519
15.550352845359676 -3.332272326129331
10.132601729130412 -0.745458082042916
14.997994292564446 -1.623188961883909
3.7992840173152054 -0.9037707781138126
7.63398155249844 -1.5118096245161152
6.145896536553775 -1.0262713967706931
19.82108791151985 -0.1143480279081436
10.000640660680505 -0.9573269892477471
19.951309793889113 0.029416392270127822
12.506775260381024 -0.6441777328793784
18.962583625795283 0.2957585111074354
12.093593048099429 0.18808127422761142
16.594273314537308 -0.03344415443929698
13.51465158775195 0.3543729815811024
18.380591420754996 -0.2846060743206077
11.354889344588011 -0.23476037571393737
14.829510055200528 -2.153459211493982
9.487068059299167 2.9042299335811133
0.3004986340320975 0.511669948307681
16.147866270871955 -0.06014512083539009
7.144819950635937 -1.4606058832008129
1.378057788104444 1.0400416202804605
17.26550852340989 -0.2803006998366675
13.326645856495627 -0.12042183807195231
19.754292367804798 0.3351652432523827
5.823760986248963 2.6447675368488435
1.3311275636672284 -0.8570480698389236
9.154049710091517 0.09031412488042048
7.145029624228379 -1.4233278613348193
2.764753150725781 -0.8205247672329177
1.8101096887263113 -0.8407931395212733
13.490338151786204 -0.5524291577798401
2.1576813787972746 -0.7521863941892901
17.00409326397207 -0.20167546512169957
3.004424502335295 -0.8043343673477256
11.402140855339123 0.04459108492015854
17.471669894550367 -0.1458970872726152
6.842064609396193 -1.3166995915930453
7.69025512771224 -1.4278386119364883
6.3326821271876135 -1.3503712086045667
0.6441169569251463 -0.7373986070662538
15.917681373596869 1.2586072818415253
2.2704483425271853 -0.8934239842069773
10.634053246436112 -0.5800249058833695
16.76973178566039 -0.4553885268014368
8.327946659958759 -0.055959313014698864
19.7909537341733 0.3299396342008373
6.926525649681251 2.635447519246494
4.9515543469878756 -0.18026101611740872
3.442640090678689 1.0869773736810366
15.674250247323377 -0.5247242915848721
1.8803104381918294 0.7195889843239943
11.802175849774358 -1.4751406788177108
7.644860031257616 -0.152917011053282
19.49297963108343 -0.4249659297804768
12.288424266815895 0.8318367801089042
16.915935808646715 -0.8391033160445721
6.503320901825253 2.5911771474952747
0.08010092235483408 -0.2776274743278019
1.7286779196884143 0.601807019511297
16.65172075266208 -0.9752596107915564
6.862146933747687 -0.07576423676333761
10.96327294379794 -1.1477911380245864
6.791981085982642 -0.07197411004070321
3.8795307401880583 -0.9789545488068807
2.757504484742313 0.32647208883843903
8.077636466708023 -1.4453526907004453
10.938267224537872 -0.14445457534968437
0.06916437025408262 0.46163549266750065
13.697348514731535 1.60129367893545
0.6647465933489274 -0.442906501549917
11.784226791026088 -0.5101868047284766
1.6536886152377508 -0.7890502631037946
0.4785574891265837 -0.19196135657039518
15.826300243639247 -0.9286817768990177
2.496707195366537 0.6469157097221805
2.446033421286735 -0.8276684127637421
9.64005385175074 -0.09975210974061703
0.7032014515393703 -0.6519819717275527
3.239102141511849 0.761162243304056
1.4941745403070867 -0.8845487557042373
6.236287404897594 -0.290932739007564
15.757800785535965 -1.4308824453098454
1.240582730073722 -0.1053136782914107
18.568287688662345 -0.3659665759545273
19.321670344841852 0.09329571093955036
5.26465337791651 -1.3819935601642777
6.650998231495684 -0.29048756612674226
7.605437330196363 -1.3430209403477438
0.30214524136342596 -0.14120811588601268
1.1580181607938882 -3.237632790300539
19.403200918822087 0.06297811920554175
15.890044918664614 -0.6297690934656426
19.929831995451703 -0.29312003661494773
19.318650584604004 0.2979186088314514
8.946485011322501 -0.7360417013657418
10.15899428535728 -1.1742613790888325
13.333633677502451 -0.34698111390370573
1.0377312041647269 -0.07286459190740854
12.740018102491115 -0.31358160811799807
16.606795367799222 -0.45552605482578173
12.428965506222559 -0.4873770943294549
2.3050839200334723 0.8293142085701986
6.316787831054907 0.2581059371239318
16.1045655845129 -0.610690140935531
2.713967861847838 0.010327110745653054
19.371822936356416 -0.6497947034195956
5.089401596392351 0.20833153308034613
1.5278878011127361 -0.8432417657514619
4.662915890133112 -0.9279258991147696
13.468863917319277 -2.9883118000856137
5.711898356644299 0.16904745308368485
14.532166897246237 -1.4056376989357204
13.755189288956807 -0.19491757432168993
19.71342735225242 -0.19446261087351022
5.977272632031213 0.17481894716482504
4.42661736247678 0.04447084720101872
3.5664169858715624 0.44052018299424506
0.9318625284042064 0.178259437905457
19.631763913324008 0.2120061834589369
17.853175905523752 0.6511032893197642
8.76463102259483 -0.2079706612128198
3.4311724922971214 1.416511773902273
3.793320793796667 0.10942610735265007
19.305572951886713 0.29708667922457965
4.5593248939004 0.30791512812423816
16.060555794962045 -0.7058046494804371
4.835590562500358 -0.28594400222687366
2.4423704042422894 0.5856932209866589
5.161179361818036 0.19840300749745066
0.0067438723815058665 0.10207303246222081
11.676313877750479 0.09834877922618585
12.114928261359161 -1.215783341181502
1.4505961212281573 -0.32249827927209723
2.5876171848680487 -1.2885945592104442
0.16466135383117342 -0.2615152452214314
7.022869112925636 -1.4768178078607652
8.40828895972497 -0.9779705490344065
17.29535545172513 -0.6495994522045682
19.115646210843675 0.04471313015338313
16.127313899361106 -0.6764242875178362
0.8072504410559713 -0.5652518107444273
15.815389974529804 -1.4237818443004484
19.11660343448811 0.2151960110495674
1.4167134732240294 -0.7241229067714254
0.683588720636994 -0.5277562955699896
15.771910444763623 -1.1226612648309797
0.8443837393039829 -0.402113698242317
17.246900917852766 -0.6642543175262249
3.4596961866238813 1.138035087763861
11.945810612363855 -1.35088643095016
13.875097528499067 0.027008728778820268
14.603911228427624 -2.1389027282904736
4.9025592435359595 0.05817255916180989
16.39207591261753 -1.1534411245317693
18.25848212274966 -0.21871760467964851
17.870763464647183 -0.48777811066848736
10.582981680268109 0.08606537259948155
6.088784406008659 -1.4820180978992434
4.558282031509661 -0.6431552273691261
15.611746482353537 -0.7301555898690081
19.794780575441763 -0.7896657349299444
12.328501765210216 -0.834168229021755
3.6782634319094374 -1.0384351123202074
16.274284834644043 -0.354803647686592
4.203824617074426 -1.1467761262316134
14.757297156599318 -0.6032533481323842
3.514570196489787 -0.6740018012700366
18.66079551088267 -0.43106661384136785
2.5947707124406536 -0.8619568105110447
13.533361771505302 -0.8654931364032477
19.955719403230162 -0.8098392478769154
14.054633176914203 -0.98651480177545
3.595813118539233 -0.6745629304871371
15.166896429016788 -0.5154981384792299
14.507723265332164 -1.1003993946404442
3.008138585097458 -0.3695746061393024
18.987043637970924 -0.5134120129955743
0.15427332704023888 0.22465779390543045
18.805055498779613 -0.48041851875412617
14.900774779299258 -0.6664922681448985
12.454725315584128 -1.1634806550805774
14.768376950987124 -0.6690154569202448
16.224311153091527 -1.095703628180006
9.473968636499723 -1.3685213975414234
5.137307353513837 -1.2421870939669903
10.391270817522008 -1.1799387372459051
17.643217237947866 -0.1355918094296907
10.224425490301643 -1.268321992403988
4.854694363280781 -1.233454243680697
14.259191724836214 -0.9453601762284716
19.334490377819442 0.303783035595327
9.838113275916866 -1.2349109070993372
11.825443041078753 -1.3082644499202594
9.580838888697093 -1.3651010906423855
19.591618401752303 -0.6164997528298672
18.211250881770905 0.16993797341018368
13.670988689004645 1.466812942470798
14.392418509896885 -0.8095975996083306
3.4789198978709526 0.48825458703376917
14.584024446718825 -0.7531019193480183
2.0003877792814904 -0.2788886027531918
15.228858307970789 -1.263377739065537
3.152259001482597 0.8219227591674843
2.552212881745551 -0.6179462836506504
19.278615872568622 -0.014704086254895277
17.821393282120024 -0.44433425205345145
13.653140488559144 0.9696888803795951
1.725788732794225 -0.4269855007854959
2.7541481230288802 0.3311990640571322
11.153114716023769 2.1735632682177104
5.546265696903711 -0.21138724003510764
5.322898564702017 -0.8475286883305116
12.91556069856431 1.220841365405581
16.414850577558017 -0.5389431503685462
18.76429745101986 -0.18275666980146238
18.698514225055195 -0.3044273935260952
15.439889876388207 0.1911466131091853
0.5232951919425124 0.18786354436857414
12.765151106324307 -0.27113669717195354
18.11945233125334 -0.2721327430070895
5.958993077705748 0.2575593092860603
1.0625505885393427 0.29290417045212735
2.0339038062788863 -0.3111333280961761
14.332915680896546 -1.0061111280150634
3.446310520282061 -0.5418328774521952
2.921853595057809 -1.29071721838293
3.447443800081251 0.12757806628955592
11.889019185191763 -1.2610101285688498
3.911373971127402 0.09958767419432991
3.819400170215681 -1.2623620801539304
5.620844720996497 -0.17069311427398168
18.653421310118233 -0.31369463300638545
0.14279580755446497 -0.13457731352834326
14.031605438752479 -0.7822815293284727
8.626887187352587 0.015736905731154563
11.544479139121846 -0.5793978260606186
2.0835333564278176 0.8585602824234977
15.533824831684194 -0.7790129295283972
4.619779319262724 -0.8884107941631514
15.310881073534098 -1.2182405147463222
2.1694347606168716 0.03811007903233203
1.6963586989787869 -0.3982840948886771
3.4522137759670133 1.066143873660228
1.0622468892188446 0.3111482551595737
0.5124175698463874 0.2840930802149662
3.424848114794905 -0.47656519205899633
9.509946632359561 -0.5855328843166369
16.377981203368577 -0.8333833036181353
15.676334798947755 0.4619595980737847
14.388115188009499 0.33434899774413435
0.701155799062201 -0.17786315162929192
16.756826409258206 -0.729954008644069
4.0086645018200455 0.3028063454105162
0.3425523134615362 -0.4700449724319423
0.4201745733727462 -0.1097307397668649
18.653957095415212 -0.3422888284889793
11.627459389409875 1.9866486758756778
16.9280436330725 -0.33345878589772293
1.546464676560224 0.6793441894635465
0.03988315526349424 -0.05024031458709983
11.648590919441311 0.025910179458415578
14.441991707849873 -0.03281804811439032
15.871595356987944 -0.998287636210585
15.46402137099772 0.19557803798515205
16.093671522300298 -0.123311349284509
4.646484991217432 -1.0088094662484843
5.223401585399587 -1.3198064446590654
12.496392724079175 0.9873845582657694
2.9815007081541087 -0.3829858109760742
18.41341340538318 -0.05161528114072264
4.72874738140497 -0.9837974306065572
16.353590307930535 0.3279412792458768
1.185039023479915 -0.14635795992321782
12.560368001126582 -0.2415864424887894
11.84390037175341 2.001550772273082
10.310676091091805 -1.0640064303915184
9.516697539678395 -1.164344206491626
1.6519355516414806 -0.7501667826982752
2.782736536527091 0.5666527486530211
9.42628856699412 -1.0219321960244812
6.705427213036417 -0.06589895071048488
8.120489399156087 -0.2619203992598481
2.773787537144395 0.6308534001931401
11.990525892326932 -2.2256527994768547
1.0239030259124156 -0.3603128261553949
3.1684651766552543 -0.7211447228887292
14.007048665745344 -0.9930654545639549
3.1853374221166355 -0.4916693685461455
0.4103876718551407 0.7555414369031563
1.362279572568358 -0.524921885688275
13.422203384171949 -0.5688330368261347
13.301113287640781 -0.5812781847727854
17.93305851886147 -0.04577637075333404
10.62999608962276 -0.8053393745379994
18.182552309210283 -0.24780522253587245
11.965665963150595 -0.6987464487313708
5.531149890157785 2.936354076489124
15.339474831695869 1.0476256803934223
13.391240395332984 -0.21653690271188833
1.8559679307897339 -0.6981680825149188
12.359446316404282 0.2952254985732968
16.535132536309547 0.8515074716705352
0.45454360068536614 1.5921236814715911
16.083577508642783 0.6413957939966088
13.064290798577852 0.2996103220199563
9.711521104696144 0.1572491595548527
18.392506936499636 1.4990965894960537
19.592979564822308 0.6039794169674789
1.966538414071537 0.02787059366030434
13.096871356080653 1.1163952605415253
1.6024080125702476 0.012135249205626721
15.202717179815414 -1.1601242669417005
4.13806573751119 -0.8287393866613678
2.4408726587516387 -0.5406756680109722
2.9235285114021403 1.911965922926081
2.5180927930183845 -0.5374579614086032
2.1821242600320545 -0.7161591424504488
2.0432924933212164 -0.6155835485345399
9.881121071432192 0.2971179190261067
9.033450566499363 -0.5601185164578873
15.176451646661985 1.7851551879533811
5.218480317724454 -1.1425809455617801
7.486695169458776 -0.038588721506275944
10.56893673807362 1.9355732345829098
13.369109524341233 -0.9317926360231912
18.825189142162326 -0.19723233042880184
15.390719379052598 -1.4245657413781738
14.419316350453975 -1.2479069543082533
14.42799712178799 -1.2681350947153902
3.855824480261005 -0.25719481115298565
12.413929435776991 0.9427645359718009
6.5030855079088985 -1.1371066319011711
19.89501565079333 0.742238379194399
14.413916019550118 -1.267709556300653
13.240274967819557 -0.47378287707384414
1.9658518637133968 -0.2947832349610544
3.9832912694231535 0.3494092072529293
19.80335680595443 0.881098193498207
1.4963888390034825 -0.4640869413158119
6.877867686302196 0.09045632681029502
6.611539232376954 -1.2637932686874862
15.581989189352365 0.2538903050111621
14.497006847412486 -0.04304074857053869
4.693254920058612 -1.131960705611305
8.840662790895944 2.99515905234983
3.025447452067182 -0.7739935748553358
11.537074172489847 -0.7580696967891337
4.242975903682701 2.3313070207011037
14.453096654541872 -0.5444793911568583
3.833066617326158 0.2517377379617965
6.353912145663868 -1.4522474177069598
4.389849929173719 -0.7564437681545367
7.598588207554182 -1.2283564554244575
13.257123838345677 -1.08630089955797
19.16755521300367 1.4821476927880883
1.3692984092147595 -0.6838972433986042
12.276076576213555 -0.8493239571787792
18.703710182967786 0.6925999369628799
16.23935878291735 0.34205956989099695
9.216579292820906 2.8761851438714885
18.692085206889015 0.5954160445711234
4.460235201123215 -0.8970114145503891
16.75589987024052 0.41100566452420306
6.363903841083093 2.833808376244779
8.695278955477017 -1.2915095045957785
6.770581582953805 2.9234910790549145
10.995345970435944 -1.03337684238595
12.646226250104991 -0.5060843790387886
13.42100013470897 -2.9498989897141707
15.38069929787001 -1.5025727721615358
13.318925148682473 -2.835976579662272
10.53957356335685 1.9869475388877498
19.123990791834174 0.2495491408623189
3.6060923139945475 -1.0068863434808824
7.952477204332152 -4.135027317780054
4.028316657707607 -0.4200259472232528
11.208234104310806 0.6358883312157445
3.566164333428866 2.0597540095748377
19.199922894927102 -1.8450475811314118
15.67229537736487 -1.160836621865885
17.581950774280383 -0.5663565099262119
10.320177268138135 -1.069631079664664
8.857413931159815 -1.327139381781262
5.653442306163359 -1.4444190739759422
8.119619054213587 -1.3014858016359303
4.072495665516282 -0.8958494971310377
9.381787846327752 -1.2247200428283977
13.48167428423698 0.915574668658033
2.106666720543732 -1.3338591121156802
16.58863467387409 -0.5121338508483153
6.467085254635214 -1.6546005249331208
14.869733425388358 -0.17583628920743904
14.215877162006276 -0.9718574017664039
11.402702382394015 0.5182299250806632
19.522350017944568 -0.7352109567885565
17.955923243988174 -0.30828285049585763
3.24041066283498 -2.873017728597575
16.095842550530513 -1.0722140579563542
17.981588118091405 -0.10487060725316774
14.516493702669672 -0.9270842371852418
6.209657694790289 -1.7953613120369778
13.509486994026032 -1.0503661672694342
7.2912184587770374 -0.2535982490486398
11.691758571625188 -1.2501970380668619
3.2372413740461647 -1.482985815501967
16.341051444895147 -0.6782217574389318
7.756812403250806 -1.5534274616638635
16.97949497991371 -0.6200949015691651
1.2855648884014168 -1.2121521153235786
16.773831319669476 -0.8425085396601555
13.81288226615629 -1.3732654925790972
16.441743449803443 0.9408699557610992
15.607788350433324 -1.4845199418638517
6.048867247180057 -1.24825273539561
18.31353038114922 0.11038275037673242
6.092930458362703 2.497810624424434
11.084648576577615 -0.9909115653279666
19.938026210116757 -0.5083196543186189
17.443364331026654 -0.288597915954651
11.010452469484099 -1.3878765105992596
15.600309274831446 -1.118402262289442
0.9225610795890687 -0.7318587627019831
13.65434708091703 -0.7737170608863421
18.34857936365319 0.03637385312319917
12.956187312178082 1.6004642365549753
3.789079486206074 -0.25429578255138396
6.27316587624 -1.739244297933517
17.408347531263278 -0.25533226969696254
0.501213973626736 -1.6095497676011008
18.985223390453722 0.04175127535163779
13.742520453842214 -1.0061928282971164
16.168253112690266 -0.7916986881877808
7.3020952939036405 -1.7359208618179456
4.138600874920237 -1.0343594896478931
13.621712732822042 -0.3436579338860941
14.87704662387237 -1.6358013570262742
3.975839380733884 0.022589964229458675
15.465532851558416 -1.2638266170336414
4.385545149334143 1.7006250212335985
3.602520927945197 -0.9537950524243887
4.478287605544711 -1.09268159819206
16.0557213726361 -1.046926903052871
15.707033066116804 -0.6423228104877865
3.9456907806081265 -1.0996950406464152
12.634009456193398 -0.8809288956031215
3.789044961297197 -1.042441971868274
12.9216660348159 -1.110150050420028
12.174892768386039 -0.8413292543661646
8.00529695734462 2.507804188512248
17.318613523401453 -0.600837171181822
10.523176177273085 1.8189485768937752
5.390308114237923 -1.263828785411224
9.66173207929997 2.1189455705827345
3.8552818676012968 -2.679821557389709
7.399269722159671 1.0800164194532804
12.614672160032603 -0.3292377094654041
19.691214965087095 -0.25975745210382994
10.4402893350869 2.49286687040687
8.113210586687932 -0.5182862010873125
7.7081153114647085 -0.12210613977210485
5.434215200740443 -0.17014680929149437
19.88631673520541 -0.35640823575552677
9.816643500889942 2.03544334222044
9.460660417127809 2.450839386229823
11.166007519696583 1.4898980842148188
19.739303512182325 0.7027370530087721
9.659057866591231 -0.19792219661526678
16.775458257564686 -0.6035084045528423
0.44567623679480595 1.4558635352600464
0.055460758861596175 -0.5538936229345848
3.565938241822154 -1.2813448761646564
1.8963313333663958 -0.651682668124564
11.480322060394231 0.29429922801082187
8.80571997423634 -1.2411841130890848
9.456249711179115 1.9416679053294281
19.630115625441583 -3.6811131464341535
11.354619271341232 -0.15147778577203552
13.493454766337067 -2.772461005408546
9.555318682212734 -0.20451259834828822
18.967319864059803 0.5838064701302363
3.5393576373703284 -0.49258556014303156
2.4970771781695333 -1.1198164206333525
11.573578750592018 1.1261340590647424
3.688066500736937 1.4672631597153958
8.847891882962706 -0.30467426335986636
11.465782394024833 -1.0523924362276251
8.809011350913838 -0.5003451696988636
11.069217262221576 2.1927931269826293
10.746902412038548 1.1331310482660588
12.212325664493171 0.8905184619287618
9.516959849621314 2.209476662186014
15.905594540926861 1.5923237936121633
10.780372735367726 2.1970044701747242
3.5893864489278178 -0.8811759550392309
8.064703186725858 -0.3367642184010231
18.138903708645508 1.1129476595643084
3.556177932787581 -0.024691383351965017
14.732207125315773 -1.50909051815295
9.766602465877414 0.9594011467389156
6.064590531481903 -1.2250915398952733
10.563965756828242 0.9056066748179544
14.970859237733032 -1.4075304061766571
7.476540527270961 1.0802007393063213
14.590012364464025 -0.6790216966452532
14.950570798996756 -2.0583486640571733
3.681324883701334 1.0797847853605322
9.73240139681092 2.0996850266893117
6.94699843934331 -1.3841328333434444
9.0458696817721 -0.28074342356017656
14.859855357906818 -1.2605665737757334
7.980274624633256 -0.3673422930655895
2.261864526024471 1.391359256158277
10.549896835563906 1.4852129565140266
0.4296507592636306 -0.5189256000218161
10.938026133563291 1.0196651830719043
9.42318572042607 -0.8969424248468585
14.143006027656629 -1.047044312788114
18.373577941722257 -0.30651730510926256
9.713337940932716 -0.2138080579826725
8.181943371337123 0.01467528670858785
10.84311403561885 1.1783259037750937
2.894540543476862 -0.39551691578001646
2.9361361969124564 0.4349628021887176
18.43961135327224 -0.3184338576790745
16.29180907382658 -0.08670288970269778
15.970300650229337 0.5779307398717413
19.726829478550282 -0.15853332865051073
14.820949379293133 -1.453622829761442
8.876784631648174 3.0389233905237973
12.705392601362831 -0.6913138430972271
10.987996066404426 1.031701972301726
8.75663026109295 -1.0631348143026358
18.001588687775424 -0.4254066284276649
10.021354788064569 -0.9127454861515362
7.142389751185394 2.7118522656034196
13.927646771418592 0.1923841722878934
11.79847014948258 -0.10743688347660123
6.081625512952969 -0.8974276499205585
18.89468693421501 -0.5244632144524152
14.972218564787013 -0.2495752829494764
14.660159616434004 -0.8960518525572535
16.169214233843235 -0.3823708789135508
16.085586891061645 -0.5533832606450261
15.580987403083816 0.4398429784991831
14.948592343972242 -1.0882358756071844
4.383828145214722 -1.003711933973066
16.871063954407603 -0.11702969789508484
13.845710474293426 1.376571018995295
14.52784164274999 -0.2068727067699324
10.984058581023431 2.1612536419612285
19.82890814394827 -0.4105220134281459
14.45190469278196 -0.49400818526097373
11.731407446206973 1.9256632506284959
2.4452298726412076 1.1067014353062463
13.74668273495992 -1.0125714360816664
0.6814645190723261 -0.5430066370680152
6.162982666181742 -1.1048459168546503
8.950212210503881 -1.237547086824235
4.793817838076351 -1.016504030821135
18.89497449460363 0.17134495079778478
9.78064493804908 -0.9054419267433425
14.67554930173814 -1.915267505453416
5.348220943482601 -2.4754248348164385
4.302765834057567 2.2552516141339067
9.073578288908951 -1.593315967062169
6.220322218521721 -1.8840602821641779
9.50929246425785 1.8181874569429441
15.328892281132426 -1.322491162292895
2.173096331106861 -0.044388635142735514
6.308807719860711 -1.8603422334962214
9.246615571339609 -1.0336898678046176
9.535934522650784 -1.4973376098605744
1.2922713198951454 -0.5372495164121467
0.6540922801174406 -0.5079664884295182
0.45968132741122053 -0.5041888899528347
14.80211385640263 -1.3332553589270248
5.172984830097522 -0.9236654406106874
4.145893226276181 -1.0301329831591581
1.9497245431286698 1.0877540010274422
19.566259156644477 -0.48918881568194816
0.7408551481240115 -0.45525834347598404
5.982648620567163 -2.2406716750554136
0.0948454062252281 -0.9346028203661032
16.195792835569456 -0.8101942400738151
17.491995837020113 -0.3327378883887854
4.131312864465952 -1.061327460384303
3.330961084983761 -0.6783529923635649
1.438744014515352 -0.20919301176038518
15.004805444006077 -1.0103182070350092
