10.843672523360553 1.5655936330486386
10.958648092047634 -1.223345066490166
10.856424745237721 1.5647360351337087
10.923433619074848 -1.2282188538193064
10.834729926237737 1.5532634842099449
10.399350364536836 -1.1493808024219765
11.1278494394555 1.6687341864562575
10.193961897696697 -1.1201886368052798
8.902651708192122 1.3963303698639546
10.254145011835448 -1.1456737676060338
7.574006461707154 0.8326758997116269
10.234306400920579 -1.1547041719554643
8.438390982671296 1.2281934412824247
10.188643424211776 -1.164142248102134
10.508886596943201 1.4613739976159077
10.2728841223983 -1.1588037350391458
10.49873657645462 1.4476308684378232
10.124571582913624 -1.1500539630704774
10.459222411017366 1.4481177510640848
10.049975340470953 -1.1270129479640767
7.754507424360184 0.8860635115455837
10.014465923636482 -1.1263457119551261
6.413676436108011 0.2653802914338176
10.07848610677018 -1.1286215491950857
7.445405098115954 0.8015679988189011
10.017709908687687 -1.138503492467224
8.829903351739448 1.3934732283865527
10.015396183788857 -1.1428468533083453
10.273851526691839 1.418539534453374
9.985264330228002 -1.1318593938434756
10.571713399030315 1.4543731648714788
9.892064383475589 -1.110955752568101
5.02559144142834 -1.0418217368072358
9.853353656328647 -1.0873269820821163
4.839519439821586 -1.1581982043848122
9.824850826350099 -1.0906840721668487
7.72657716468512 0.867406608423098
9.786773169058332 -1.0960559668197776
8.841138631300668 1.3874777544518995
9.877503330306894 -1.0958088730400601
10.172607190047959 1.403393613077979
9.77203199065546 -1.098312765868206
10.15077179642633 1.3951010842912228
9.776827454276592 -1.0874860245745703
7.088303303722716 0.6747207879362056
9.667703945734612 -1.0554938285605429
4.97728801457346 -1.0768359456186876
9.672350271471954 -1.0453525248856639
5.805019726358428 -0.35625706769924914
9.64254913298819 -1.047320363852392
8.878852076606377 1.372482518209188
9.588751379337367 -1.0311715289268455
10.008274681199834 1.4131610453133578
9.589664513779255 -1.019785592328955
9.9793938007455 1.3929903436497895
9.593062031065191 -1.0450444746187004
7.1612545916000805 0.706779032790511
9.582032060858335 -1.022137606168224
5.061308816799039 -1.026554670677245
9.509877420252165 -1.0012538317542534
6.378308372653269 0.2264872343933119
9.495993173583859 -0.9774110258178084
8.416043020855117 1.2075720897842734
9.501114383400365 -0.9505727348552435
9.917582282171603 1.4079665452545405
9.398462714818805 -0.908564202217049
8.797706595193212 1.3634002357056298
9.403366948821812 -0.8959200792085955
7.683536366301762 0.8647608862812883
9.34582910188642 -0.8736980620629018
4.74780659045284 -1.227060546585711
9.222655344534767 -0.8340754825752575
5.498946596912482 -0.6916642198961481
9.31599244437801 -0.8716415460864466
8.928869321599247 1.3622887534016785
9.330292096812013 -0.8694638090178888
9.063970996111754 1.3699193883940348
9.314845646360954 -0.8448485341474058
7.995053364844629 0.9514470087283082
9.19445007307581 -0.8138612825041182
7.920260415991259 0.9308610966290198
9.179198287011753 -0.8071938672988347
6.260845945608387 0.12312725925656531
9.107870683227798 -0.7778895248156268
6.594833376160845 0.3942132802852506
9.041739863103508 -0.6664255916633487
8.930884439051217 1.3569827598399977
9.093906208134921 -0.7318025977673748
6.998326719175709 0.639048782269182
9.081972584765548 -0.7232771951735049
5.552128608339608 -0.6287925408141953
9.093881625105272 -0.737071685275825
7.463869128141701 0.7953713063689796
9.065372779719326 -0.7422592362263578
4.739171219852209 -1.253611903605014
9.084418982708117 -0.7062665572291706
7.7201567027531945 0.8649605645010765
8.814072213638484 -0.6148308342418474
6.530721781771479 0.36335793551001616
8.776978840435357 -0.5973640951279797
5.881157507004576 -0.27359820841412563
8.741049853572758 -0.6062272777308282
6.1512911212725605 0.004411423942479002
8.729131595171589 -0.6001237273224904
5.8660872591313025 -0.28736682651410683
8.62814184703775 -0.598803595750488
7.176278880516757 0.6916578077391125
8.584320258788537 -0.5916596755442283
4.648797111075977 -1.3100069251280084
8.586641963218078 -0.5910584840709447
5.372104580570134 -0.8061466428415456
8.646442180002499 -0.5990268890915214
6.552847463315485 0.3661300481711681
8.528748333891633 -0.5774907771884407
6.118225112273339 -0.037578659495547014
7.913447513250317 -0.5463867429177266
5.730955958559284 -0.45187215725877733
7.883116543257128 -0.5589912129582811
5.300067401147768 -0.8757298325833031
7.783249614097498 -0.6100653820146178
5.104132693521585 -1.0189333175707322
7.777723562608627 -0.6142122182830181
5.066916405411171 -1.0510074314272146
7.681546080646723 -0.6572391540343923
6.947075009121441 0.60056225574812
7.697053899739557 -0.6552242415921281
6.733410737179712 0.48631007018905476
7.635165911330445 -0.6803038769960004
5.252334046733277 -0.9061791145366311
7.40322522987812 -0.7281509572193722
4.758287429064581 -1.2782419612507485
7.49966897048412 -0.7203472890878355
4.7195671200305105 -1.3037607045813555
7.33427149683872 -0.7364855444296382
5.180082091915288 -0.9813967406132615
7.278520226496804 -0.7469425224167922
7.203695258629514 0.6970632643585222
7.245603817272688 -0.7462387048298647
6.032495361355442 -0.1111724433767467
7.095105124756077 -0.7383256661277844
5.486189198670118 -0.7238248719573835
7.246245518010945 -0.749332299068409
4.921505646948497 -1.1832009438106559
7.036963503148352 -0.7382749247191731
5.273891946275406 -0.910654231335773
6.989328103988536 -0.7543756650369473
5.713167058464648 -0.47258190169374087
7.038858908592919 -0.7377699517542007
4.850877907486429 -1.2359833453056737
6.677190708091941 -0.7794828878911731
5.832604863510153 -0.3334555320387891
6.655099880116858 -0.7759164205096053
5.503702392852969 -0.7026503735730142
6.599901039767944 -0.7733689799789301
5.661505396843379 -0.5538609232118783
6.857354551093674 -0.7571994190318942
4.93440085411464 -1.1865683033191783
6.480741571330556 -0.8016978392601021
4.817889228292726 -1.269897119391039
6.505500027599416 -0.8015181402023709
6.605755934371415 0.38468865350819587
6.492847970180384 -0.8010780624488053
6.297891976386448 0.132611939729608
6.457004423200827 -0.8139835200645228
5.459922856497688 -0.7555556048461479
6.287578449064211 -0.8741962175705882
4.692752497575263 -1.3660452019430906
6.284214801809038 -0.8775232137240048
5.197864015951503 -0.9844698180052317
6.227313994149929 -0.896753859840258
5.508046027232391 -0.721420493987451
6.2927385458927745 -0.8817217953713676
5.1512482994567295 -1.0434076009402706
6.234817897762113 -0.8915280548806876
4.872418092176356 -1.2527648621282637
6.208417616269096 -0.8865086913768432
4.745136799865361 -1.3416788743769261
6.182773517771567 -0.9067752792557053
5.770996584334026 -0.4332712596265469
6.202629371168541 -0.8800844380656301
5.985432750948231 -0.18138264033341028
6.175244779196606 -0.8851674990943994
5.646085349653064 -0.5812300584146484
6.1738614747353 -0.8798355018760822
5.462144373672607 -0.7746238775833111
6.152026906585845 -0.895743076722346
5.467509804866319 -0.7788273753845835
6.115175659591904 -0.8908186672440002
6.220533655103397 0.036388508390261774
6.089364148097414 -0.910907745429393
5.4712880648807385 -0.7904708595210171
6.7862140886579185 -0.7625845054066441
6.178200587108255 -0.007941129305296453
6.068278217868436 -0.9067146350986945
5.396802429055233 -0.8645419959179459
6.661066714740706 -0.7903501998926429
5.3478016889208675 -0.894415592094252
6.00091845765136 -0.8814491380157742
5.415483742729611 -0.8589876765392794
7.470195549683997 -0.736802167804752
5.437360123701156 -0.8355490084465219
6.152904339215978 -0.9057621546301113
5.266569256159898 -0.9815068196792859
7.049216202715032 -0.7618337794746164
5.605070604347094 -0.6338563135771014
6.6296026373049965 -0.79328101874996
5.400837370319917 -0.8799004030707729
6.860035754461087 -0.7699244030114512
5.358786903859552 -0.9128516430621285
6.584198343561872 -0.78044405672666
5.991697231515806 -0.2288604558361484
6.563192903772432 -0.7835615383933778
5.660078484458927 -0.6241690237979439
6.989933248433072 -0.7595358629273932
5.517960996780759 -0.7602454123498957
6.98905459413114 -0.7616443396224608
5.527434347224547 -0.7488009907086818
6.9619187630439665 -0.76793374269601
5.572391582264433 -0.7259075413845729
7.674633821111687 -0.6736016973404952
5.813209007407722 -0.43934072407788183
7.646336896479818 -0.6811525358167121
5.521913873431773 -0.7814979796295701
7.56804821475579 -0.7072950507666043
5.4190650668619975 -0.8920560357154063
7.53047388070467 -0.7254885760418144
5.769502435203501 -0.5136035753016969
7.464727556121849 -0.7403486691334468
5.483749926602687 -0.8550403154984324
7.4400486158169805 -0.741710497243923
5.774993531998737 -0.5287198058180321
7.557630519748334 -0.7142366907867468
5.892064354485351 -0.39639958483644033
8.504579079254741 -0.5965880436324568
5.4779250184250445 -0.88395520372205
7.498665399250592 -0.735241161398769
5.383509359497716 -0.9806691652609082
7.413030736645972 -0.743212546376846
5.424472393332997 -0.9478262639932346
7.390256197241743 -0.7403410709985521
5.598465180188005 -0.7768776625826908
8.535218652576631 -0.599761326885783
5.513425636444264 -0.883450962857602
8.464423235318884 -0.5676699594763018
5.486704661922104 -0.9374005575240064
8.440944780572268 -0.5722625138324807
5.510735824529746 -0.9055216448857969
8.072612536083577 -0.49797464502155786
5.366012327955657 -1.077137149834543
8.014123127485574 -0.5252403622563768
5.584231665814457 -0.8690719380723051
8.40993805223852 -0.582714631734058
5.555125689764795 -0.929190642179656
8.034697002147881 -0.5239087899053247
5.520037211398106 -0.9577490789525568
8.408155366874063 -0.5764383611375136
5.589802536792829 -0.9424367910787588
7.966995776121061 -0.5369268715655413
5.5446582751982625 -1.0142768835477551
7.735962288594776 -0.6388146005019522
5.619102030353902 -0.9675114680615012
8.727642871467058 -0.6218139117126835
5.595422474514712 -1.0246850999003987
8.347514847021003 -0.5389299754253755
5.669457804021499 -1.019015675699513
7.911168269736498 -0.5619653744689336
5.618796274942066 -1.132126972129266
8.321284541974974 -0.5327158510298486
5.706828170224272 -1.1004876220443942
7.641460848156955 -0.6863242480476182
5.997579449201643 -1.040918043014208
7.8578481823149104 -0.5856681190284504
6.509549825632561 -0.8560747016225939
8.569725407572278 -0.6234085019624629
6.842525314430234 -0.8351620308826926
8.558598617182822 -0.6164824256166168
7.7061772193980635 -0.674073879118289
7.798073414286562 -0.6089093986116495
8.104087944520511 -0.5348218674785559
7.776343144655882 -0.6284994735022273
8.581458500090497 -0.6753706513239852
7.7585098632558 -0.6339110209071852
8.656256515551581 -0.6825980303945727
9.141942971357707 -0.8714111781366979
8.661781452337705 -0.7158447856343007
7.417916926014755 -0.7600766005747246
8.862883302324349 -0.8144760114002061
9.625746294035133 -1.140145605427853
8.847251077958346 -0.8521535055383667
10.538514549953781 -1.2307064714461133
8.907602530298286 -0.9149983595508027
10.230295372519734 -1.203991095587424
8.93011087253468 -0.9786952385053228
10.238796375964036 -1.1882895510724607
8.943159464283811 -1.0050825048249732
11.428819209984939 -1.2085860336503105
9.033321326499955 -1.0441599529524055
10.136226051926295 -1.2028411945060573
9.040741221891324 -1.0846180130468035
10.617907559335935 -1.2639804768951226
9.147073379040963 -1.136486134023924
11.442553858481938 -1.2073736826218853
9.146514708273992 -1.1529665552976196
10.494443045399906 -1.2287835714527415
9.198638871128422 -1.1886887938132116
11.323147810375481 -1.251528820098902
9.228639331305182 -1.2527110003227118
11.335398382056377 -1.2454002714010515
9.280783308563404 -1.2700580465034117
10.524400619630285 -1.2522543191174136
9.343697575393866 -1.3003672899928003
11.327527242695918 -1.249360646170285
9.401382129246134 -1.299449507989349
11.410103826471305 -1.2271289879770881
9.42394109693873 -1.3279312977071982
11.328843936889736 -1.2496781306745537
9.511735037358983 -1.3501307583134012
11.304696863995884 -1.2615293029105175
9.53385233890929 -1.3674803235410184
11.463803388301294 -1.21090469456392
9.644974550900491 -1.3744429759619718
11.265113339947112 -1.2731088267107817
9.651889553592218 -1.3866724142655968
11.380187138721015 -1.2390727353685156
9.771523992761784 -1.3860041926104385
11.377539210013781 -1.2426011647384967
9.760993237915919 -1.4117715760499596
11.337461037779931 -1.2594558124874182
9.868010642877556 -1.4198143584520415
11.301121806691063 -1.2738158260299857
9.881161117377605 -1.4390203545739109
11.377058461629131 -1.2477968511596895
9.935697023141003 -1.4305567492889133
11.389118521296218 -1.2468298425667546
9.985641042118537 -1.439351625667563
11.314733574765972 -1.2742836328225189
10.033363272894144 -1.4488945778833484
12.513469267243964 -0.9657707173447015
10.083204606952117 -1.462245317897049
12.2051696450338 -1.0180351394133962
10.128951116613852 -1.4640760851085224
13.141532682474395 -0.761843407214856
10.187486685276198 -1.4640560743797049
13.413656472775017 -0.6379331803320207
10.208339513897831 -1.4763524485288984
13.67917035894306 -0.534793595541084
10.28102782302982 -1.487520088295062
13.661911299910592 -0.5402071200369772
10.309124466930653 -1.4868268029766536
14.05281097510515 -0.33110967295104543
10.382109604073865 -1.4915142209847618
14.03726213893536 -0.33568032147734095
10.383211544635383 -1.5070309359169005
13.865406946332195 -0.44460876800677007
10.454228569570867 -1.5094246107584652
14.106779775738522 -0.2966932839198646
10.469057735483293 -1.5267750832075317
14.104881036000654 -0.29870829436192353
10.525167943256903 -1.5288550708622495
14.044158477116639 -0.34182718246053256
10.573527160846485 -1.5302758206802447
14.337598729368842 -0.1199560671147672
10.593410454839576 -1.5416285645784136
14.343103196008716 -0.12306735763836868
10.608007237964452 -1.5479343891445052
14.233104416877062 -0.2023220708187316
10.686120215890144 -1.5581883466769866
14.38448000203645 -0.10359857183457538
10.677712430477516 -1.5684948980817177
14.527299079581207 0.017990521792849292
10.785360716248785 -1.5645053290078936
14.330538911669805 -0.13299876155988927
10.789399699567984 -1.5712818347853992
15.079971940527805 0.47694358798275915
10.874753791130138 -1.564912261567037
14.89584127873608 0.31703592563007527
10.87893660170865 -1.5697860066393243
14.927169516513066 0.33650461956755934
10.972767939787815 -1.5564208406130762
15.06498654208388 0.47163086042700664
10.990649637887271 -1.5673346286139695
15.185635954505738 0.5797438270418336
11.00877982555801 -1.5708446403258933
15.379869628082421 0.7790335222376323
11.056390176051293 -1.5538343956979546
15.340126953851286 0.7311826198201988
11.07438975659097 -1.5570984764066762
15.416162664844302 0.7998029016649294
11.154915289013298 -1.5350176477187114
15.464926983223776 0.8267211525336694
11.165737813538051 -1.541106397266598
15.367310606241551 0.7720572546251758
11.22200557927919 -1.5135888854717172
15.556684038451326 0.8652709940606004
11.248165101084822 -1.5087020913767395
15.555024027458403 0.8611677688690506
11.340686767748863 -1.4682375671719243
15.540047434154179 0.852012707262676
11.360994776515106 -1.4690869337936578
15.528838782038076 0.8535957712937036
11.360931666810636 -1.4770169031426632
15.610531481393046 0.867941308069022
11.428881664304479 -1.4507015829702183
15.60796060469487 0.8652768600333501
11.44510526355258 -1.4441309526909776
15.671450878857916 0.8640008848160398
11.523663599751192 -1.4080224772210934
15.676363967040066 0.8557082019257591
11.514033992727617 -1.4242183999820026
15.747254610569405 0.8499625256568931
11.517754991859102 -1.4394903915716208
15.735688432763828 0.8529615364362672
11.558630616777936 -1.43344262830055
15.718834498157863 0.8503585652575075
11.561309988068443 -1.4404525573947116
15.737397258865363 0.8499075471369945
11.583878504418447 -1.440435525981601
15.787636805365466 0.8380287890912846
11.612816401834808 -1.439248307433857
15.843816077523 0.8262995060254529
11.604860588718998 -1.4633746105163261
15.826057435744339 0.8245566285876985
11.658231042774837 -1.4573165383539186
15.880449401343425 0.8146722965338423
11.650352591840017 -1.4649280877353348
15.859973278307722 0.8144898407211231
11.674843192035208 -1.461839211755075
15.9061407770872 0.79999501859077
11.729684365897905 -1.469813604525463
15.878881747245343 0.8093584496541978
11.737889857820136 -1.4734093271403277
15.971451525486787 0.7813243978628825
11.806529683173986 -1.4495458274257569
15.953943928794397 0.7866251015092605
11.815532453197685 -1.451386502831379
15.953265483604547 0.7845985253159087
11.820318956018385 -1.4704920607908727
16.01861507367611 0.765834939397858
11.86995379224621 -1.4640856151391355
16.02909618589978 0.762067210694152
11.884668197823204 -1.4689707081059868
16.01761645464941 0.7622687834681591
11.899174928277374 -1.4686862199894715
16.044112228712958 0.7532297128838231
11.900326065220867 -1.482384913737886
16.057082070307303 0.7535000446690855
11.936715641764364 -1.4832552488196735
16.106865225653095 0.7314332289575218
11.964790954641716 -1.479539959094602
16.125132699117362 0.728448558259686
11.971824105607375 -1.497445524456872
16.113737969045598 0.7278823986270695
11.999738256051305 -1.4867839709208206
16.120435509002917 0.725771620146203
12.008088404827392 -1.4890182292145981
16.1956887121078 0.712132716414459
12.042658057315517 -1.487858371903895
16.17645878562231 0.7093656063279083
12.04385635703412 -1.5063242921100297
16.24402605021554 0.6959951237363563
12.126102664920722 -1.4765348786538615
16.23431769823716 0.6980572665265719
12.128056540064245 -1.4830948285412295
16.23482694407154 0.6955059133459107
12.123567516240012 -1.4909930942142402
16.213968286291387 0.6985325347793666
12.13865966282942 -1.5042448609654755
16.301861386193632 0.6749880937552682
12.204843165678886 -1.4782732312186755
16.267795064970503 0.6827684905146463
12.214854800065359 -1.4841709673865657
16.326533944088997 0.6694275918337078
12.221509841107705 -1.4892783540349255
16.314608402997113 0.6672593789807135
12.287235796298653 -1.4690487438135018
16.393766953546546 0.6470015977446864
12.293311467978357 -1.4750904539066352
16.369816412481427 0.6445892348415823
12.303013286467763 -1.4815641030914155
16.3830507832077 0.6412021708094622
12.315434459308793 -1.4931621679175078
16.37575746064078 0.6431095217611114
12.35407510009582 -1.4713213926771007
16.46054697644151 0.6212376702578252
12.37884049783667 -1.4722814569042426
16.45298400633467 0.6183617644458329
12.385351067114177 -1.478538886251231
16.47076069776363 0.6092812825362327
12.389257893878709 -1.4920154110483863
16.474297694928744 0.602376628111043
12.451939621993281 -1.467148435418531
16.474506106251436 0.6007294751824661
12.466458332728893 -1.4712936214143608
16.50898443222337 0.5906621010259676
12.462888793559273 -1.475940881825009
16.546197023494788 0.5719858000089842
12.475822093588365 -1.4800949169286763
16.55367269100336 0.567411915763217
12.539299121775503 -1.4563104515583183
16.567268337224256 0.5656592560490811
12.55248957740158 -1.4633274496327793
16.554405516007773 0.5620230860179846
12.559780456907518 -1.4672270476691853
16.58747243856201 0.5472994869909084
12.568028715496899 -1.4703397960753772
16.607307736145582 0.5413714362495318
12.631605526791256 -1.4368059053396012
16.633104645155168 0.5301659865576915
12.640169041818853 -1.4446389177878907
16.64830390809285 0.5197407079270944
12.655927032197873 -1.451321697380564
16.639169997244082 0.5166258159201571
12.660667638126402 -1.4584029269095782
16.638266807228643 0.5185175689619619
12.717332320266223 -1.4204299915312788
16.6739685410828 0.508262328412463
12.720117720595185 -1.4347852911839885
16.70729966639899 0.4932131077468383
12.735874952024075 -1.4389573767386392
16.70713104627154 0.48812535690084996
12.754911412393232 -1.4391684116419134
16.70050676971175 0.49030491329461007
12.800487629930586 -1.4162298197192922
16.725865613042753 0.48228617309508276
12.801037039694563 -1.4216238954714668
16.76135878101438 0.4670047875428145
12.814947011154796 -1.426031078960104
16.770271211784998 0.46361682277031546
12.852632159717524 -1.4128986465731561
16.779053638683074 0.4614195161030692
12.882168194306631 -1.4066447016541512
16.765037873058173 0.45783693921180313
12.885576254076744 -1.4136900606507317
16.77982883724626 0.4499273456551516
12.89554765858718 -1.418666427523828
16.832346187443036 0.4407184878612257
12.90460970576525 -1.4236316557413038
16.831243106264246 0.43334649901310884
12.9586780664753 -1.3958920367306538
16.83251592785261 0.43283439665749635
12.976707768064903 -1.3963874413109374
16.853619048739354 0.4220266948602715
12.985106461767652 -1.403442995865133
16.845035613446193 0.4186593624753376
12.997004815936004 -1.4056703340434227
16.894215474759527 0.4102663275717236
13.044687863622393 -1.3710506614299127
16.891977981040068 0.41024448341090475
13.048296023211924 -1.3788875815074055
16.920931170200635 0.4062463565143953
13.06945158933412 -1.3846404867542876
16.914871297832953 0.4034551688432307
13.081084240988119 -1.394332254154453
16.922759443385335 0.3999111701826484
13.12822604510224 -1.357845995943744
16.9729959797336 0.3889747807654194
13.132887360228896 -1.3653291849743634
16.98510881446092 0.3811876028124021
13.151148210457302 -1.370640635018169
16.98367476667242 0.378964975422523
13.171652877746501 -1.3684059334992886
16.982081821181342 0.3704368900419522
13.181852239478374 -1.3783670697825992
16.977073485565974 0.3717076194735845
13.214017554818103 -1.358874811743613
17.02823939861627 0.3619434683477765
13.223518261369254 -1.3626121518538894
17.03427532249252 0.35365965226580914
13.256995744689812 -1.3512505449521006
17.048024325743967 0.3527146777325989
13.26662239943341 -1.3603241856032906
17.029654299338933 0.34846045683167476
13.276939213769747 -1.36775214067336
17.06129097308914 0.34256758661731646
13.299894647818718 -1.3580392663166543
17.114382121976174 0.33708337744157674
13.307811483308416 -1.3644518882615422
17.098876107697162 0.3334662971320029
13.350487678351193 -1.3420798291985192
17.106151127155872 0.3338705758789167
13.36634936868357 -1.3493500280032606
17.12323630275322 0.3190053459647534
13.379510424384318 -1.3560469250525622
17.110027883029648 0.3151535164489455
13.398555631996425 -1.3492174047160121
17.157876614587252 0.3130659659284773
13.408845089714463 -1.354035215629154
17.16126970392966 0.30528644673130795
13.453307498248046 -1.3267856816447747
17.178115681445473 0.3016115238298103
13.466910780442905 -1.3364207678170172
17.179453674599788 0.3002442235298795
13.477506450120611 -1.3496464905812207
17.17597436467577 0.29756474091462676
13.496933212669763 -1.3419269777490301
17.209015839061912 0.2851883671342071
13.50513515108907 -1.346397058351086
17.234536067200285 0.2871897927005082
13.547223055092974 -1.324870273964985
17.23520894397768 0.2854664920305418
13.563340548663994 -1.3274713063277592
17.229035325655406 0.27905955331447624
13.581537273137007 -1.3317108035137102
17.252905065062684 0.27051381036445815
13.590788003732335 -1.3382647729501485
17.274272212413273 0.2670175242767082
13.594926093480883 -1.3447713116935196
17.275234042925998 0.26008740565293487
13.626779968540939 -1.3238643533866563
17.285227333506146 0.2574217060731707
13.666757067196038 -1.3109180529459692
17.28254640616251 0.2551477331034351
13.681363464351161 -1.3195471196862423
17.315874490978203 0.24931439942919065
13.677059614843975 -1.3339689447798313
17.327497664023763 0.24587884656326808
13.683611674747771 -1.3382816158919268
17.334254842967308 0.24427556395347927
13.717675022908681 -1.3190994707545294
17.340984076836623 0.24346411817864866
13.768695103162063 -1.2962979684160318
17.34291531709156 0.2422767250241754
13.753670317818946 -1.3160797435531078
17.361685436064125 0.23259682413955995
13.778560756312007 -1.3179971735766491
17.4055282273982 0.23574151546219513
13.789683707472319 -1.3190100409357046
17.40548140464644 0.23210119086950365
13.850304944914509 -1.2708661737604656
17.394714468879798 0.22543989348052573
13.845977943162612 -1.288072630304902
17.38429215902333 0.21846484611077388
13.866562521929152 -1.2981460788714723
17.418635541687976 0.2191505555491826
13.881311836548988 -1.2984502472345774
17.433326476268387 0.21304930388487078
13.911269666633077 -1.296840933449926
17.447718562687545 0.21586252915814594
13.9130617469394 -1.305044589346685
17.45794118779234 0.21555628548885417
13.94317634035242 -1.2846318286320781
17.4747125492936 0.21908531708781862
13.968740914157026 -1.2830049039672848
17.484033294119943 0.20903197965045514
13.995050565910798 -1.282026167370762
17.504370663176736 0.2115931656893508
13.988021114986928 -1.2917136832125056
17.526481947700912 0.21111142568682026
14.001047278541149 -1.3055389471467123
17.520061596885196 0.20803993177524202
14.045415771339433 -1.2726024434271024
17.53874537634913 0.20263942130322335
14.07909520092228 -1.2699505669322932
17.56281849657298 0.2043506177968226
14.076153681137159 -1.2833572180643027
17.58459079462042 0.20490681836324484
14.083501625477746 -1.2907671030796997
17.564390453350853 0.19362775940576496
14.10444688566999 -1.2968273655301807
17.563124748611326 0.19163642360588432
14.151597262414874 -1.2632038446756462
17.601506486007192 0.1932883196391287
14.159094579867077 -1.2732673388177391
17.630908898091313 0.19860901966320976
14.17440654110314 -1.2772506904059544
17.614341847156037 0.18379910245407252
14.19628209099077 -1.2833874769253746
17.629121529339603 0.18577066380114882
14.207447517049959 -1.2875907722130011
17.65380602791955 0.18904706176714786
14.239309025387511 -1.2713774117461432
17.654950163354993 0.18214637078298213
14.25978631094122 -1.2707008035684078
17.685077943203538 0.18220657912071375
14.284534043202404 -1.2770769427737196
17.680832209180785 0.1794660598668989
14.296784070810014 -1.2800100307623365
17.70046767522682 0.18280335771500322
14.302877002196249 -1.29180015555801
17.71145290095272 0.17653535810390136
14.3441945973265 -1.2683667660487516
17.725140379279807 0.17586947868459513
14.368832172485781 -1.2708537835539844
17.75027751277462 0.1786628291083442
14.379537164784727 -1.2802719928475597
17.753369889031767 0.1761150558186898
14.393457160278324 -1.2904356707035332
17.73094024251733 0.16430136477431462
14.420052101100168 -1.275058796963256
17.786662544977595 0.17118586023231497
14.447705797005158 -1.2661228322202023
17.79230258858702 0.16932972668024548
14.472111314615672 -1.2749009269851723
17.786938016877784 0.1589826711191148
14.481046851113849 -1.2871367062191204
17.796490273934523 0.158735241683104
14.509773450522328 -1.2924526825151725
17.84266682909666 0.1711691389309797
14.53109688226841 -1.2664521810952754
17.844636836625412 0.16928388779037026
14.557805043779243 -1.2749774980272517
17.83120721601311 0.15625667382796607
14.576231670788186 -1.2798909802026148
17.851194442298542 0.15999211181143883
14.59854616564767 -1.286704215713397
17.87107297829723 0.16284018732382696
14.619145000642368 -1.2883618123545784
17.870311544049688 0.15639463176120702
14.629233903594068 -1.296867242645814
17.889748175878655 0.15920262921643527
14.669764563806865 -1.275942424817715
17.90001077872883 0.1612913352735009
14.685870034932574 -1.284400766974255
17.91687884554907 0.1597952253020861
14.709748965072375 -1.2893914244028075
17.916595175250993 0.15299512026247566
14.728083838536854 -1.2907783865081497
17.939482694071916 0.15550612303140818
14.75904599966135 -1.2730305543763187
17.96340750386482 0.15865827011094416
14.779660104617193 -1.2801541726126977
17.965341413461584 0.15659890780104516
14.79928413215727 -1.2930795519732368
17.991625025815186 0.15463419452249746
14.835754696387605 -1.274330017943657
18.01416057257358 0.15704026496007825
14.851973738761105 -1.2814619845542385
18.012599263244606 0.15509255013344866
14.870137226740994 -1.2886847060880562
18.01543606723829 0.14992806886011575
14.899471968231136 -1.2840366985437204
18.00822669073357 0.14639764736603963
14.92769424081959 -1.2939863634347242
18.06905223633431 0.16308361504357707
14.944949564235076 -1.301567811879852
18.07774703958602 0.1661677677612979
14.973917947158144 -1.27950014365088
18.063943917246156 0.15614533257543636
14.996330302528825 -1.284043006236041
18.08045641249604 0.15854617204976082
15.026905200277909 -1.2928776287364874
18.113773229790027 0.16406713348286697
15.047900792219792 -1.2951264103261744
18.12414880917143 0.1648215265009447
15.070288274162957 -1.3002710055393543
18.12994798671648 0.1594168585774884
15.099578280246055 -1.2860239617250966
18.13782291917975 0.1582893793354653
15.117418046016372 -1.292615698674399
18.14576718525039 0.1597219973235671
15.148349687778085 -1.281738669324795
18.17185379147315 0.16039162592218512
15.174247620992723 -1.2889051547607462
18.182546258578476 0.15767542041644686
15.2047617406014 -1.2929423697137856
18.204179367994346 0.15936144054093335
15.230287564819363 -1.2995490202783173
18.203111608641187 0.15658649114052234
15.25296858670124 -1.3035479447390261
18.22599904881253 0.15851467140327968
15.278885318999011 -1.285489169424417
18.249420138531573 0.16171745014725386
15.309871564129267 -1.2946319304131826
18.261035672527512 0.1640836950198999
15.338651005553189 -1.2928273600044182
18.27446796835196 0.16593544424725354
15.366525482233659 -1.3038594031915696
18.273010582268085 0.16039032201416176
15.390952956406036 -1.3059321182357666
18.30713537242423 0.16554800428404676
15.415427993896262 -1.3096134489666293
18.320217341315075 0.16791359585304633
15.439399816414843 -1.3149348781680879
18.31765129404265 0.16332596027538265
15.474472119435367 -1.3141042830758947
18.346886187352734 0.16446937508560178
15.51035114059422 -1.3194541107067705
18.368871654979237 0.1691202331800879
15.537354740104577 -1.31735779604529
18.362883995798875 0.16447121032635525
15.549165491589033 -1.3299947197715594
18.36474757905279 0.1612627051808035
15.589841834394054 -1.3268616832371212
18.38922502004091 0.1626113974919829
15.621804771338713 -1.332795114124004
18.427207011193058 0.17082634658422471
15.647205349216014 -1.3313143482749183
18.42478283033154 0.16775823572000373
15.681412202088262 -1.3399766470421843
18.408493901281243 0.15654519683069262
15.710100062261873 -1.339272607684226
18.430280982393505 0.1618556334334648
15.740839877965769 -1.3420633227472936
18.475646723815426 0.176194970153649
15.768880827000473 -1.3437942909297727
18.464831496958936 0.1673997216310636
15.806349718430898 -1.345530829228745
18.475609202809384 0.17034790071523093
15.842546311311612 -1.343878075686576
18.480956035579673 0.16917111153108572
15.86903542404911 -1.3477322393341589
18.5293260305954 0.1804756604096317
15.89190485785723 -1.3494285559364279
18.522192336316966 0.17423827512045076
15.930008057057107 -1.346156500569701
18.55019664577168 0.1793032115420573
15.967938925482638 -1.3491729039857967
18.56446105239452 0.1791008590415496
15.990932439070958 -1.3490712513111278
18.58254039704014 0.18203300888204926
16.02427435787985 -1.3493906605541888
18.5811025138282 0.1788154096199479
16.06068183211212 -1.3453817635355452
18.604257896793882 0.18097799693314515
16.086363593893704 -1.3507974833902043
18.63466925818857 0.18812154922978408
16.128943115780086 -1.3464338828061817
18.650175703001697 0.1905652501431303
16.158212919630156 -1.347703054171696
18.654096595761548 0.18920919151002769
16.195566298383262 -1.3431190623744527
18.67724242376742 0.19297989294170492
16.211196241594685 -1.344411934651842
18.691929930913645 0.19619288532248447
16.24736124392849 -1.3405881245384756
18.70371361110854 0.19688394455369534
16.290106852947538 -1.3386644998729673
18.720105196955593 0.19771689854545466
16.32140734607221 -1.3347918130197145
18.73941736672704 0.19994946736244806
16.359618321356013 -1.3321881451244995
18.761896161900353 0.204855691905989
16.38011339350852 -1.3302059876156562
18.761817560637624 0.20147371973471578
16.417274735297813 -1.3238500972015006
18.788177159103594 0.20234914071921972
16.445098960778328 -1.3204772151230872
18.799969098499187 0.2036214342171217
16.490596628183695 -1.3153204564761125
18.82483472834493 0.20705839728408226
16.529612044004484 -1.3081159345654516
18.821664771356875 0.2026533262318969
16.540289607043476 -1.3060489158021922
18.852854304394462 0.20754902163542444
16.58612897175049 -1.2981334960740663
18.863975194787578 0.20974634748289517
16.61834056120458 -1.2945655958421578
18.8836584642976 0.21097152533759728
16.663237639874605 -1.2830265262880887
18.88951298940007 0.20915462932243728
16.683438131101997 -1.2816050402160029
18.917369295868898 0.21374046766697363
16.705614383477176 -1.278088812670388
18.938153079501088 0.21696457784736878
16.75096977217351 -1.270480707819473
18.95059144959682 0.21648434383671356
16.77746354337785 -1.263403668990074
18.945818670598744 0.21228820844186524
16.82194841916525 -1.2529369164647546
18.98467362816515 0.2183204078122572
16.86289743476248 -1.2455216283702761
19.003798604592752 0.22171381553849495
16.877819570897415 -1.2442528170000111
19.00434702454392 0.21823111956875135
16.908575712319493 -1.232329730163158
19.02275784250291 0.22121321570656083
16.9527878260869 -1.2225766441127366
19.032790039183908 0.22045348067414738
16.980832747546728 -1.21723240006579
19.068166227580274 0.22808516452600286
17.017521135224538 -1.2077463726320596
19.066714159484903 0.22396585182483192
17.05432885901139 -1.1954456449932682
19.096820883966252 0.2306422891503403
17.077379569376888 -1.192806326584143
19.106882608955964 0.23145089050527617
17.110849402030624 -1.1861203633574606
19.127857769649335 0.23445564888785386
17.139414676698298 -1.177003191838059
19.13288316870661 0.23123342095330157
17.19609971581284 -1.160293589777617
19.15090058177559 0.23444446315662482
17.215444420432476 -1.1577411658380847
19.19322072985324 0.2403792833117609
17.230717553802304 -1.1571738290914604
19.199360468197124 0.2409472965754979
17.278720860327645 -1.1387265821235066
19.20078996334411 0.23834550958521922
17.31204521689963 -1.1299183981272547
19.22260277894016 0.24082582949833603
17.35349874043118 -1.1240361113729422
19.244223314372057 0.2442954034795091
17.387567550670443 -1.107049838438881
19.271253583310312 0.2490890494616724
17.404661801387114 -1.1047418750059437
19.2759927291144 0.24905456698329745
17.44398718445082 -1.0989896430367458
19.290013194141185 0.2500363186394725
17.46516219245041 -1.0975338736280478
19.32030505016638 0.25540645907698883
17.521152118067775 -1.0746776138978127
19.33601958449369 0.2576895438622289
17.546030140121918 -1.071320204032443
19.350228944986117 0.2561343305361658
17.56013510993477 -1.0705885785000906
19.37048848126775 0.25993623068920174
17.599237310018005 -1.0560240465463346
19.39128210677223 0.26297504814590617
17.633411309066048 -1.04916777444864
19.399851793229587 0.2623787883213387
17.667617832296177 -1.044707042335818
19.40689532121313 0.2601914635125963
17.6994649082191 -1.0324986606782665
19.448283655822316 0.2688373007487388
17.718014634017436 -1.0266651270388987
19.46810177442042 0.27032104958787173
17.744098581250352 -1.0222678801338276
19.474060782885758 0.27082691201796105
17.772304986754136 -1.0204600118272997
19.485890950577197 0.27245239257157194
17.81733436292935 -1.0059733946191263
19.507594620065337 0.2742016255221248
17.850107397593195 -0.9982370036377518
19.539223387597158 0.2800647049787608
17.8712878189624 -0.9950119925320281
19.54243751503659 0.27893383500759195
17.895454369235093 -0.9915866660171005
19.561937237765896 0.2802350867630409
17.919804850275558 -0.9821347224756094
19.579046664432695 0.2830937178852786
17.960099452489604 -0.9728888647531795
19.60697273770846 0.2868968483881529
17.994886774116363 -0.966300957569141
19.618373431264637 0.2868542178955654
18.009934545682615 -0.9622178845351865
19.642643227215203 0.29065771606330315
18.03082809312538 -0.9578845716085155
19.667121679018155 0.29599811857608893
18.06709373354475 -0.9509369266832629
19.67414816515595 0.2946971687181992
18.105918518037118 -0.9432054668003712
19.682532480715544 0.2930743579158165
18.126218365265853 -0.9360136620869874
19.715390184788443 0.29972587228700676
18.157036283818154 -0.9292307237636597
19.73651760216768 0.3027191826881953
18.166056827459474 -0.9314728608280369
19.75345802584903 0.304274727264197
18.205121035973693 -0.9210198806118817
19.762046468451604 0.30418937249079836
18.234761993129876 -0.9158248552061562
19.783057720551113 0.30746992537687157
18.254043527501633 -0.9125986415299187
19.809040017209885 0.31060124257480404
18.293035059884005 -0.9026670751628504
19.82769984996002 0.3125535618425199
18.31060817886268 -0.8967766710226543
19.850897252109522 0.31699993226824486
18.332318117007244 -0.8956575735846726
19.8622957177274 0.31646179039108413
18.372156926461862 -0.8854111795103659
19.892334777638656 0.32318931620429947
18.397437202046824 -0.8813688752862356
19.90188486069854 0.32217777033073447
18.42211483936173 -0.8790186491354752
19.928228690003298 0.3254191286182738
18.434019466348172 -0.877317603647439
19.950563076220636 0.3283354703887289
18.465237870686042 -0.8696400787270175
19.97466288265827 0.3310620576579163
18.501189418667103 -0.8637976388162818
19.974356324505063 0.329538321315589
18.51949175293328 -0.8604914535756253
0.011617780997607241 0.3351512622798105
18.554620184458845 -0.8530953268587742
0.029617590421189277 0.3369734323038298
18.57336626266124 -0.8510470772961423
0.04368449478917049 0.3347975098921885
18.597197208051348 -0.8470320559544638
0.07426841358787942 0.3383676288421136
18.613352858571606 -0.8490526288018733
0.07729386183718193 0.33703858974626544
18.648945844109523 -0.8398559207731873
0.10612936978154985 0.33878848990148647
18.683097056932922 -0.8331518489073015
0.1265714359438791 0.3405721317119642
18.696333205654376 -0.8329603751933916
0.14376473943478366 0.341177674049597
18.708996149044562 -0.8340277014156955
0.1640581136551225 0.34314246262260484
18.739128553121052 -0.8271099103898035
0.18072089933698865 0.34531409088621035
18.777186538669042 -0.8199819951134434
0.2065694862132607 0.347343365757943
18.79213293102926 -0.8208288665485443
0.2221147567498546 0.34845151418181985
18.800629287123346 -0.8216740796013283
0.24920877003348338 0.35472442612314303
18.83640141875557 -0.8135376538876016
0.27121685172510396 0.3594757192429271
18.864003785524464 -0.8091551800917673
0.2858777784232372 0.3615945248036698
18.881295352328593 -0.8099310926225487
0.3105662045060542 0.36623077363983625
18.90500816704719 -0.8050980344066831
0.3288091881258285 0.3685477905279857
18.933705980787597 -0.7989684723105556
0.3557082673693154 0.3732423826072243
18.95170387595394 -0.8013235861009099
0.3725372877275735 0.3759106065715655
18.97127019107786 -0.7984275438987258
0.40072095648356143 0.3791614710607579
18.996999500275496 -0.7930909144790712
0.42142381057157335 0.38424094065290815
19.02033300813842 -0.7895223389866022
0.4386945362845339 0.38462625175864396
19.046814230897972 -0.789390768322568
0.4609057870511941 0.3895248718166179
19.070575320264286 -0.7837470767389232
0.48030453618624963 0.39025309534068686
19.08194534777936 -0.7836028003207685
0.5188493535882409 0.3961987414747811
19.108737243578812 -0.7797575430358001
0.5258825770116136 0.39528694241344325
19.131406885164044 -0.7787935266803704
0.5558195199278843 0.4005034232931058
19.15497579800174 -0.7742984764704438
0.5696140779529067 0.40089909569400617
19.175438830781356 -0.7721974239071128
0.5996520952495704 0.4044994424871281
19.188860938216983 -0.7710051760766714
0.6280770289974308 0.40753939799401107
19.213429663754916 -0.7712874673706822
0.6360620071610186 0.40485818697294573
19.24232985553178 -0.7662861489410522
0.6688786414360323 0.411180769955461
19.2650175126663 -0.7633591294368771
0.6818075361932289 0.40910335748191456
19.280825668916517 -0.7657276804091491
0.7106910350535978 0.4145692189723034
19.312788033402814 -0.7596424122014583
0.7351124366153148 0.4135974702854584
19.32515162440981 -0.7585764903650929
0.7643875242609984 0.4197896825277236
19.348456923749772 -0.7566833285254599
0.7738345225110741 0.4157272708122978
19.363928742248735 -0.7587672669990699
0.787356292557474 0.41619037586743207
19.403926136803722 -0.7521567155393251
0.8242758280420488 0.42254999499440843
19.417261235462234 -0.7525674254302025
0.842302878672615 0.41963898515402764
19.427119505761908 -0.752285005467582
0.8741290051092898 0.4227883139846287
19.45624607964883 -0.7511656960838194
0.8839396458359082 0.4221159949776822
19.48090815867143 -0.7486693736382702
0.9002927147961262 0.4220908449980259
19.5050535559737 -0.747526962761432
0.9269949333045666 0.4245866322996537
19.51910733642848 -0.749088157073039
0.9534176121967395 0.42584123253450173
19.522903634673845 -0.7499932449116036
0.9812275350767633 0.4281871507781314
19.56278276114652 -0.7454136524112003
0.9935492450129416 0.42799963767802196
19.5756742789837 -0.7454585216424678
1.0101775263204147 0.4288991114989033
19.60367490570906 -0.745078538171887
1.0369103001730255 0.4307891296374173
19.621744371657336 -0.7448815604786845
1.0624160891437846 0.43219167637149736
19.642059949555104 -0.7438198531875244
1.0771280383511954 0.42922950775007607
19.65823672650088 -0.7431812142675978
1.1090211481212107 0.43613552544422735
19.675138184157767 -0.7427966225385876
1.1215368720023977 0.43601986027526834
19.706726492915397 -0.7414236319361178
1.1372995129533328 0.4368216589450364
19.72972468750629 -0.7397592987677898
1.1694825893626624 0.439058973049744
19.74380591110229 -0.7390644659004922
1.1939344388414872 0.4414030980078973
19.75061388452305 -0.7396767770101916
1.2038178405264621 0.43864955742636663
19.77082042776575 -0.7390239879896315
1.2326231631364468 0.4442319710608634
19.81341562879718 -0.7368028079389662
1.2486824896598736 0.4453624047984417
19.823198493311864 -0.7373393904680076
1.2664804571007309 0.44364102377838643
19.83929047902628 -0.7362885960763529
1.3050722864867452 0.4500881687243477
19.852373871587 -0.7381875549503161
1.3271010982557827 0.45213120090604736
19.872295730084513 -0.7376327446187876
1.33144983978619 0.44910175453463114
19.90838838523814 -0.7338319992226161
1.359191689385251 0.4537858172520914
19.92588345717857 -0.7333565273748075
1.3867071258028039 0.4542189986071066
19.947881057626443 -0.7352368918793366
1.4102840334554283 0.45531537518429527
19.963340524169002 -0.7342538939757284
1.4426329948295276 0.46042179346970197
19.97463155275733 -0.7343329599239976
1.450494093418987 0.4587722108345932
0.0032456152166121105 -0.7310251648916463
1.4705426679790008 0.459967392490083
0.020687979861778907 -0.7309456816594636
1.5046515971838192 0.46480982155500244
0.06115045298512396 -0.7249623788439407
1.523583558477895 0.46393191486786084
0.06359028984129252 -0.7261311465651697
1.5503551516014231 0.4660626566006307
0.0759321710489301 -0.7263353013468877
1.5750862743281837 0.46992114426986115
0.10537460154514176 -0.7249126709768879
1.5827339420034334 0.4674826111291244
0.12676277683987094 -0.7245753310580811
1.6055468665530264 0.468356114649178
0.15096743135233828 -0.7202227941317096
1.6452712865946781 0.4736953525974444
0.15985978820329283 -0.7216973536062412
1.6635344698942276 0.47334521162750914
0.17187675727634755 -0.7216572294398558
1.6772232379959473 0.4735457871556484
0.2016988168223668 -0.7204124681170403
1.6984514834673672 0.47661265398175173
0.22922998704371805 -0.719144425973943
1.7214821276835477 0.47657441096001135
0.24744650220067033 -0.7193907965975017
1.7468017723007354 0.4789462689504388
0.2616182087233668 -0.7197515945541013
1.7820356050993085 0.4833837397751982
0.2717726426841053 -0.7202301403306366
1.7912782423567866 0.4823996607890949
0.3041864899688532 -0.7182165364771735
1.8058925818267433 0.48278997196999585
0.3227572401801663 -0.7187032883835949
1.833735524102979 0.48533491647702953
0.33784063503251816 -0.7189024365532557
1.8621402392160247 0.48903878328944284
0.35564915715434037 -0.7185422962633421
1.89011372512835 0.49164525514150814
0.39208124743928385 -0.716653264356901
1.9058657992435537 0.4923361202654613
0.3912743675075281 -0.7190867196307453
1.9298587139591608 0.4959205733115221
0.4148881006024898 -0.7183872768174975
1.946837776492787 0.4956688843729011
0.42824018162944055 -0.71862763989606
1.9734135847813428 0.49765986578940685
0.4554325500065365 -0.7173391899737436
2.0087436931956093 0.5030435402763129
0.48072999300242414 -0.716296488238318
2.0257412076337142 0.5022914970167365
0.48844843224069523 -0.7177883309606792
2.042661181525755 0.504273657249489
0.5015358200952583 -0.7177129032584435
2.068734991755621 0.5074814735785514
0.5316996052120708 -0.7167876514902172
2.0922916261800686 0.5092100720615689
0.5479088149705239 -0.7159894766302675
2.1179141412850297 0.5118507131309581
0.568762388001362 -0.7150671333622911
2.1529653823013075 0.5163641212947321
0.5861394162302895 -0.7156481540375331
2.170741422457847 0.5183880103144646
0.5871977055388026 -0.71733800406971
2.191149146469443 0.5183417631920496
0.6235983376117638 -0.7138325937268181
2.2087532404769146 0.5192976144387105
0.6357219677192126 -0.7145056702038012
2.252595165414644 0.5251373257152266
0.6558348740899164 -0.7134173911181122
2.272997162170654 0.5257430615782727
0.6760497331671146 -0.713101821590454
2.2838510511954517 0.5255284305572064
0.6984756811873887 -0.7114137006568441
2.3074069439048355 0.5268811575566634
0.7094305350645385 -0.7120284387943109
2.3406086681295175 0.530381207420879
0.7217901724869764 -0.7117345017810144
2.3644161285944 0.5318012118653291
0.7459290433044344 -0.7106105941766787
2.388874897023358 0.5326962055682988
0.782389687327629 -0.7075601201373185
2.4194746039575366 0.536649490033133
0.795870570483006 -0.7072117547629684
2.440303164363579 0.5367798400627163
0.7970941247907053 -0.7087144976930055
2.4620317189329026 0.5374404393644017
0.8199086503588819 -0.7075053233833326
2.4814057861706535 0.5379032413536975
0.8430588175933151 -0.7055160402925926
2.521202895650101 0.5413793991816405
0.8715617699583027 -0.7039588713383701
2.537372282170721 0.5416364629504402
0.8909853576070823 -0.703303962687381
2.5553048495036563 0.5415460476614795
0.8900335921042093 -0.7048586096351114
2.5830128560591072 0.5432888341651543
0.9092720755722907 -0.7041802916085057
2.609369569840931 0.5450322108858796
0.9459214137833702 -0.7012733978576575
2.633658350128897 0.5457066765320162
0.957882725125648 -0.7019856997781544
2.653520240622821 0.5460612619408456
0.983774050882547 -0.7009588071586312
2.6812957546586182 0.5493546101801516
0.9892799927577345 -0.7017382224577673
2.7032415858872234 0.5500086180371908
1.002292626591729 -0.701965416106878
2.72349529656895 0.5512965464491302
1.0275983787644538 -0.7006989635924084
2.7531222688230574 0.5534354042300886
1.0504114276136274 -0.7006117537020373
2.782347192396044 0.5557555280436148
1.0746759850280112 -0.6998051865936568
2.798358522838314 0.5559852556608811
1.087089077834406 -0.7003416708268104
2.816730201204241 0.5564778878015291
1.1034132701270483 -0.6995335664550042
2.850089059823014 0.5599494020443689
1.118318566094158 -0.7000187754986054
2.874148174165033 0.5616802279380917
1.1374577030929294 -0.6998618064471258
2.8978357137726776 0.5625590983942237
1.153280435072438 -0.7005530970353686
2.9201748606000395 0.5647840480134682
1.1907151568744783 -0.6974686451123366
2.944480143122247 0.5667948274676474
1.1918236837498788 -0.6989637622448845
2.96936170004261 0.5684543478303211
1.199920662518108 -0.7002534764908828
2.9942749749773725 0.5701445344688852
1.2283259785978062 -0.7000859679222593
3.0260239830725952 0.5731534026219031
1.2490428757180656 -0.699023590356385
3.0467198575645864 0.5741806193208682
1.2683165031516999 -0.6988910503152892
3.0673448814538777 0.5750287393615034
1.2748977519740927 -0.6999258006664071
3.0892117081202013 0.5760525113364454
1.290904442109574 -0.7000023209328066
3.127325120787987 0.5799668855346471
1.3117557247254485 -0.7000893507242494
3.148690439884146 0.5802044122894823
1.3383190945794143 -0.6976502878038591
3.172122244103032 0.5820913521431583
1.3529837231937338 -0.6980704295341655
3.1969116831938793 0.5835661977600104
1.357799657479098 -0.6993335286354267
3.2232476915920176 0.5848542884403318
1.379589515639666 -0.6982237542845706
3.2476440045685084 0.586173119720264
1.407191385012831 -0.6968494041939712
3.27334933913262 0.5867703464234637
1.4207364575586738 -0.6971483166526637
3.3023253512516195 0.5888469110036494
1.4383949771110056 -0.6970218385407274
3.3233153280395413 0.5890959037685755
1.4486905836459834 -0.6964966215122059
3.3500079142765933 0.5905372013533297
1.4775892996652733 -0.6943466216834204
3.3684233299276487 0.5904328769770277
1.498482650585937 -0.6939894372941504
3.403960189954425 0.592421372250505
1.496907141645382 -0.6962489323036345
3.430890260954129 0.5938883372664836
1.5245130446963573 -0.6942248755161449
3.4499390062910806 0.5940318944686365
1.5312958462637107 -0.6948780511175845
3.4761777653831967 0.5943595561408217
1.554055817359231 -0.693898089630743
3.5011992390931455 0.5948011904809107
1.5893923915288417 -0.6924626387288475
3.526815464181571 0.594889643192235
1.5926235954000305 -0.6930341725436522
3.5524074282296567 0.5950554563725183
1.6092153912053129 -0.6945253785018601
3.575113831351056 0.5958381108584858
1.6342447582173398 -0.6931313918445048
3.6013298761026356 0.5964584354460283
1.6588262645639351 -0.6917238547108058
3.625298519102187 0.5967743391242106
1.6733207278819113 -0.692958276285085
3.6459424430437744 0.5956440825388531
1.675623355157299 -0.6953446900918807
3.688277141264133 0.5974723959786385
1.6976625112977237 -0.6944897466208599
3.7005055057703977 0.5965920034476759
1.7218155479363177 -0.6929456639653944
3.7240353620584794 0.596419695575812
1.739883090501781 -0.6932395210087607
3.7436034805051244 0.5963167049937658
1.7601435525437754 -0.6945852000622834
3.775909649575415 0.5977573048345762
1.7676083715353625 -0.6952566679799188
3.810337751726148 0.5979138366843103
1.7911847427028302 -0.6942237680091625
3.8249594271713603 0.5978493035442042
1.809628286784458 -0.6953690460459296
3.842176439565436 0.597236781887886
1.8107855919884532 -0.6977860896357715
3.8693598750147467 0.597005384986403
1.838471626904788 -0.6977735555450815
3.8976594579711894 0.5970801863229054
1.8542550157693802 -0.6967882981485116
3.9260261516001393 0.5965036725503362
1.881449588129802 -0.6968908985157325
3.9491026656257784 0.5975687485081903
1.8815634800548828 -0.6983538011430221
3.971556912902455 0.5974567481309702
1.8870614036984976 -0.7002664881098042
3.992140088503711 0.5966218088044304
1.9251560234584733 -0.6986819878937109
4.013863081824466 0.5959085959749744
1.9367555336859166 -0.6993984838958428
4.051881925238238 0.597046689855197
1.96128224454447 -0.6980356684042509
4.068056143592528 0.595112468173906
1.9721648518686192 -0.6979638369459846
4.09056602713239 0.5956492056266829
1.9685420892836638 -0.7010787343585761
4.110950475696637 0.5949756622574758
1.9941301871649668 -0.7014711000636057
4.139390712803338 0.5938708130897223
2.029000143844515 -0.698031375268943
4.174261324769048 0.5944173860339927
2.041109343302985 -0.6983136726424884
4.190146008974831 0.5931575443369941
2.0490072287742667 -0.6994219081013008
4.209581710055406 0.592025309126814
2.054443182627799 -0.7015284091952695
4.237281906808725 0.5921767643063305
2.0907571161104292 -0.6989855072548475
4.263806747640273 0.5912292167058838
2.118110645357186 -0.6980925998498618
4.288556813199661 0.5894326502250561
2.1295499940084603 -0.6984906528730509
4.309075683998955 0.5888818605687315
2.1457665659843257 -0.6980106228395038
4.334098241192473 0.5876837219075016
2.1494243744641914 -0.7001274276624931
4.3589820069619 0.5865100335661847
2.168453786746437 -0.6999933453636911
4.3812746586193345 0.5847430722061174
2.2059067858901127 -0.6987953950763205
4.416302186333224 0.5848196660930448
2.2122175444077703 -0.6993248308631964
4.435155290656553 0.5831040665859127
2.2153124600335055 -0.7007446536222962
4.459054880165374 0.5819872285528074
2.237501715958233 -0.7003311846797232
4.476385953519568 0.5802163006787266
2.2693001447181507 -0.700622710854752
4.496512163746855 0.5773346418789311
2.2890059939903833 -0.7010904536786078
4.539072374429576 0.5772571366378262
2.2898946169953858 -0.703727309566688
4.554822123692759 0.5741105087907382
2.305548855353402 -0.703629409177597
4.57587174010263 0.5719895945242132
2.326135609242376 -0.7046504740230483
4.597735429885234 0.5729397913214057
2.361586714556592 -0.7042603772452987
4.626991295132483 0.5706026968394987
2.3565377609336555 -0.706405860668593
4.654650538639297 0.5669895932953897
2.3840794608379565 -0.7072356837458387
4.674393892999775 0.5629675326700311
2.3857230280005677 -0.7096400042394866
4.690127643219859 0.5599718502668459
2.4114767249896643 -0.7099631580896009
4.7188689317303885 0.558283015702518
2.4521852391553116 -0.709533549980065
4.739565386392946 0.5542989413643797
2.4522092142331493 -0.7123770085393171
4.765790585828185 0.5502482355664249
2.44904138811895 -0.7143196482542578
4.796880890900646 0.5468835456807057
2.464910240138945 -0.7143498140869704
4.810062555793024 0.5464457393380282
2.4987738293084956 -0.7145139475085274
4.8361989157383665 0.5442454333495256
2.52213643633225 -0.7147997602941281
4.847367762397657 0.5402411989965171
2.519727947791634 -0.7168654970462041
4.885102340652498 0.5403759440277124
2.5452582398436783 -0.7151296033568337
4.905647094058919 0.5378505042635061
2.543576139659858 -0.7173637294873982
4.920770751794646 0.5320967599089593
2.573557747171349 -0.7185604630394551
4.934861433225665 0.531182564661233
2.599329077718018 -0.7180792653414249
4.962984870491557 0.5292221042440808
2.61495572270059 -0.718816091011616
4.9867416014608255 0.5236189069657899
2.6171598780506757 -0.7212686602475097
5.01704825747296 0.5216550055161324
2.6263076408870343 -0.7225076914508336
5.025444048502581 0.5176400583588854
2.6542370784837614 -0.7223980749469208
5.044669896041673 0.5161035140765586
2.693747479597118 -0.7211972169325146
5.0714248364854715 0.5209597921337299
2.690129618736973 -0.7249427285176285
5.097699061749037 0.5171249281050043
2.679508452707022 -0.7280323158598591
5.117972830483333 0.5188483896813787
2.723720936049069 -0.7243935667548832
5.138949595698089 0.5181140348522353
2.7579753386717574 -0.7252493112522832
5.1584951670878265 0.5148260046689946
2.759050280996866 -0.7268799180365232
5.1765400751159065 0.5131827288534382
2.7654315192179966 -0.7287164810990373
5.206194008117057 0.5109164041438764
2.7914937505037956 -0.7278195466109856
5.2326553329468 0.5065961986725424
2.8109307882951287 -0.7285762153548856
5.251992599521319 0.5132479693572537
2.8344244405343755 -0.7289926525270973
5.263552194669555 0.5079136382441595
2.8418631601150737 -0.7318832613188575
5.287563622124321 0.5066772217750203
2.877838609554965 -0.7304608127582688
5.310040842882951 0.5120363970750164
2.865746443231543 -0.7324478780034207
5.344522376462178 0.50931242285139
2.8636520739702305 -0.7358103092750925
5.359756151467366 0.5122629768973483
2.9233716799167677 -0.7335095551941135
5.3783476066530636 0.5113303281983002
2.9388727778158774 -0.7357327634432864
5.390912050037046 0.5053010293011436
2.928381333103282 -0.7379914563073895
5.432588563530701 0.5078878395582368
2.947900330525276 -0.7400453644427658
5.446486710780963 0.5004909135575336
2.9593299294345266 -0.7398978101898277
5.468497325068083 0.5075347225133934
3.015141840876527 -0.7393880774854231
5.483068801022207 0.5067443197124376
3.012795870731211 -0.7422889583223637
5.508232533626678 0.5066398786435552
3.0128757745686263 -0.7442690106713181
5.532018610751115 0.5037100550208502
3.028940817659895 -0.7433822115858293
5.556986700050439 0.5083078011796327
3.0607173137994272 -0.7459615575578102
5.570060456328645 0.506145979070038
3.0853021368643505 -0.7467047067182906
5.601171295654931 0.5134750303296406
3.105672225702478 -0.74645981819074
5.610122170712703 0.5074156849381839
3.0928379780773794 -0.7493975601388798
5.640481867072806 0.5090171531295963
3.1201398549865895 -0.7504089761904222
5.665345887544226 0.5250114206558559
3.1246585857527798 -0.7525822908850759
5.678634197207063 0.5186790039959123
3.1757477649900787 -0.7522993265761546
5.706278426920603 0.5353375150366451
3.2271287352077267 -0.752257082350398
5.717305774325747 0.526796529973202
3.1921503830496203 -0.7588820647517229
5.739002993385801 0.5235291620285625
3.1921647977114826 -0.7597069900837372
5.769129576260522 0.5293720410500093
3.215762625064778 -0.7589708111116555
5.789185641852772 0.5358699042126562
3.264972249913077 -0.762179354631447
5.804723822600912 0.5320161316177395
3.2708826493002467 -0.7625719799023414
5.821310215126479 0.529671245607081
3.279965831960382 -0.7637036603794034
5.847458036070737 0.53498017634237
3.274832393552063 -0.7672953676331202
5.881907480484504 0.5648679177237503
3.288111220792932 -0.7653450807930193
5.899574277828529 0.5591118647862365
3.3584111130454843 -0.7676008318379601
5.912424036680069 0.5804751472972945
3.351781442533136 -0.769316987222425
5.940565316985709 0.58627354350008
3.3555344666527747 -0.7742385679158104
5.9635279533125765 0.5992587198803164
3.3647047289991874 -0.776204268137038
5.989935275235462 0.5985581814055717
3.394965835079607 -0.7742865616123684
6.009188688431583 0.6074914457230775
3.431917137718906 -0.7772454799617814
6.025664717754991 0.606435582427563
3.4344882900236837 -0.7798921997943002
6.0506218781451855 0.6152878045625855
3.4229758959063465 -0.7819977271681646
6.076189761235264 0.6206403270744428
3.4329422645624295 -0.7834113940053022
6.102672056308726 0.6280645979088404
3.47750241522011 -0.7797339142350321
6.130690435743954 0.6523945829276167
3.5247717456164986 -0.7847776315474344
6.140853762021089 0.6470330845115047
3.5299014135866016 -0.7859866557962765
6.179540962626592 0.6808557673687364
3.544896438214208 -0.7890937799861797
6.1951744510275555 0.6744819569576007
3.5304694480191428 -0.7898231300153276
6.234348278046434 0.7057604109622558
3.555342686687236 -0.7922733392234915
6.249040550214776 0.6986400043145394
3.58165676366752 -0.793134864514926
6.276203798249125 0.7316027890096646
3.630187347488975 -0.7943011820750275
6.293241865756479 0.7281061899462631
3.613536436808998 -0.7957188828894409
6.321129308652151 0.7427007553876483
3.635660416684531 -0.7976245728600221
6.342220720226683 0.7447739215377442
3.619529929746246 -0.7995329485010011
6.378473947865407 0.7588973246775539
3.6891328654906856 -0.8012876875314866
6.391497137605193 0.755347213112123
3.7216950697509734 -0.7988519914887314
6.419265715876227 0.7786427676440788
3.7161302902569946 -0.8010751145674693
6.450864196765503 0.7841790140380687
3.7155110305602324 -0.8026684636871317
6.48392043418556 0.8083541732394823
3.7205778592781598 -0.806476279432312
6.5261915915000035 0.8415038079764462
3.76451995580746 -0.8054944934509751
6.528643793456419 0.8366164304182717
3.758490463609295 -0.8079742562143819
6.576755059311634 0.8803291748570277
3.8037480848893384 -0.810445080953851
6.596588472445416 0.8754697849450742
3.77413078418952 -0.8093441456879455
6.6401326607799005 0.9088544691225103
3.8509717947788387 -0.8114101911353369
6.685084381633377 0.934147575416426
3.826245559722253 -0.813286763761199
6.7003343017511 0.9311058723944563
3.915488000989573 -0.8152243918749527
6.731400668280698 0.9503370958555055
3.861690903181874 -0.8171437549953782
6.772968849460742 0.961279665254271
3.9137577984491863 -0.8176955899601459
6.795864737611387 0.9669033000556091
3.923729728007103 -0.8183417588073469
6.842954917780855 0.9951716746654664
3.9733787780909156 -0.8212478951302036
6.847197243986106 0.9880633501226659
3.94054319970237 -0.8263390098137073
6.875819754130195 0.9939084167364969
3.9954183608079368 -0.8271959439576737
6.9145935505519684 1.0125635008635416
3.983577638179884 -0.8290327538672244
6.96774483301227 1.0491605828558688
4.025732166637121 -0.8299056704389938
7.028791613140126 1.0786787095926504
4.0083277080642485 -0.8332697324548488
7.033378110435102 1.0731848840921991
4.032311489301264 -0.8335873237641671
7.090901434734979 1.1032994233251676
4.11802682067853 -0.836460154594103
7.135869493448231 1.1109283291053211
4.107870329672886 -0.8382372326111875
7.150168953051342 1.1067600984199033
4.111881624018991 -0.8408998960021978
7.199582954856188 1.1238781245432445
4.123384509464035 -0.8431686802556341
7.2243706392674465 1.1197427104255966
4.0966170250526615 -0.8436775782287891
7.253607596972798 1.1334874907433745
4.165759868798178 -0.8470108882449593
7.272860355903845 1.1283105161868017
4.199866456819769 -0.8464316333394114
7.315913370534906 1.135496820622358
4.190572761720695 -0.852397160481794
7.383318730499492 1.1685184327233444
4.180904108271093 -0.8526307148273126
7.388496272152095 1.1618141500519825
4.225894772501865 -0.8504436703993049
7.452450089689257 1.1886619458783851
4.288721233683175 -0.8547384528314176
7.512406582442137 1.2137148034044298
4.262214024328506 -0.8578385996961612
7.567567214630278 1.2175479438528312
4.298207024127032 -0.8576612164287564
7.591237649738652 1.21178298722456
4.31519502705033 -0.862122130099924
7.633019536087826 1.228073943554883
4.303770545829363 -0.860878340049534
7.666606757083852 1.2220296768862713
4.309365674042669 -0.8668606814791017
7.697607242171855 1.2281828334132798
4.37691335092405 -0.8688059665416684
7.748370709362923 1.2272693769666243
4.397619693510324 -0.8691447238491461
7.765412900313162 1.2200736875758218
4.466762835976221 -0.8687950526934853
7.819599932076221 1.2446024956111663
4.450576274643513 -0.8715700590104094
7.880866366121345 1.2614096633693688
4.433053663441736 -0.8738745442625988
7.950108939725141 1.28580709099198
4.409195858490769 -0.873210974615173
8.019886214152512 1.2942813135950673
4.513245221043357 -0.8791115098655436
8.032655370858276 1.2872120797615707
4.532518984791956 -0.8776421159577618
8.085012608559802 1.2924661604863585
4.526662555751733 -0.8810046007102127
8.11591084667961 1.297898089723754
4.507362198161665 -0.8799831211731155
8.166662846761481 1.3036311710481125
4.541606050863241 -0.8800921688637526
8.220451222700655 1.321866579402773
4.521212037770293 -0.8845590904402042
8.284423880698697 1.3507384727832856
4.6458854604726785 -0.8823685150395576
8.312761670616382 1.3631810545080567
4.6300390100691144 -0.8844572607639288
8.382965030374184 1.3970834622234387
4.644395201204508 -0.8841323434055396
8.502549310555853 1.4724077575802974
4.626835193293841 -0.8862040067455726
8.593815245586491 1.5116786602331411
4.6597539880408245 -0.8858792216071344
8.647899398358627 1.5292288931740268
4.709508452753179 -0.8838897841335868
8.736821200145679 1.557201395508983
4.745756514813288 -0.8781939005986134
8.811857746846346 1.571200444383528
4.739875267489356 -0.8812273844577078
8.873104243466104 1.5749171110348177
4.709921272628881 -0.8899099201229411
8.981866891331308 1.6038559503904282
4.796547942114825 -0.8810328128863837
9.088209261417626 1.6193719575561396
4.815231870225267 -0.8807094676574933
9.125639832323571 1.622039326014823
4.795028517831485 -0.8859177531009733
9.226905647239812 1.6374690969033021
4.780102041680032 -0.8830081139283391
9.34613195828823 1.6534357715199977
4.899053755861708 -0.8677250394392257
9.407407857105103 1.6497309013099883
4.880459251981414 -0.8730411776496481
9.50324394169123 1.6593330498059982
4.974979481455369 -0.841933495208388
9.633697295189885 1.6736175485214384
5.005889159193606 -0.8388257291363824
9.701906607519586 1.6936174812278335
4.936192111638441 -0.8625436509219193
9.735198582821493 1.6783841062704605
5.0417926996468525 -0.8224891537896104
9.869792611099783 1.6897917954267827
5.02451165554349 -0.8371248413262486
10.000775388852752 1.6685871694364742
4.988265850943824 -0.846580325724347
10.040529950496767 1.6601191346593098
5.089732724884925 -0.8065520808251385
10.156887463138526 1.6644420032219707
5.079480101349691 -0.8104245996221957
10.22990761516185 1.6372417347246269
5.054494840800233 -0.8241865388533165
10.329242115714338 1.6357905322837345
5.1380297108921615 -0.7895041513142111
10.47183186837234 1.6438589840820024
5.239106056495273 -0.7438896878162918
10.511911916305193 1.6301006245654672
5.130793355368186 -0.7931566447044496
10.674812028772692 1.6546965331033976
5.182303454570585 -0.7709978008544829
10.715120035944208 1.6437190194920153
5.913372021998037 -0.18734095460600117
10.821451156008637 1.6675827864395751
5.140918871659298 -0.795186153301656
11.107815473972074 1.7578719147238118
5.417030700358192 -0.6423562758877372
11.273611266205718 1.8063152883765814
5.6569990046690695 -0.45540890400842066
11.47589641478216 1.8705265813210494
5.180845577570114 -0.7769448622516242
11.633351279484557 1.9068970901014444
5.411387015044545 -0.6445159083402632
12.075963417265386 2.0555140000125105
5.894350306490553 -0.20003995484344747
12.249249893936652 2.117729895286914
5.228711765317022 -0.754727195667222
12.78286247305888 2.2749950733543116
5.730999098974189 -0.36687632129251135
12.868843749727212 2.3008832516776727
5.984315682095197 -0.09497216676548664
13.075062711078463 2.387392676318884
5.460871609254724 -0.6247771448659403
13.696315041828013 2.498234736652908
5.7656067788429075 -0.3333002047449396
13.822592471201482 2.501782605995995
6.181065473501902 0.08923351995259568
14.316425911721096 2.492429910716721
5.785543677970531 -0.30592058863616
14.326499324715002 2.473171359099921
5.986066706791784 -0.10059892235359286
14.61836784089286 2.396537127092222
6.253377263258295 0.15964652526656456
14.673525247367527 2.345738976787164
5.869720322766925 -0.21840037150417577
14.76469812213554 2.287326036029927
5.791351444213258 -0.3111806873793703
14.811287831240838 2.167348831944583
6.17818062610264 0.08125128361472048
14.953560538407643 2.1322679693976236
6.095180488686796 -0.008295017313980059
15.031650661582423 2.062269059678532
6.258587068547512 0.1562251608716924
14.988539324293088 2.0124452672321427
6.241245709540964 0.15107869899675333
15.117283911167734 1.9562524804995742
6.225486706931575 0.14538307672858233
15.13313200510682 1.8575770442654176
5.9912455164084895 -0.1037524446321193
15.217249143258833 1.8521974151249208
6.536755073487509 0.4072809460227779
15.147589432010385 1.7659788189233203
6.428255382906565 0.3022900561382443
15.224524868277825 1.7558654067537378
7.472153650997783 0.8519110954398956
15.31067952562952 1.6913496368912377
6.611664880690538 0.44548355913827803
15.276509677653365 1.6318894178521868
8.236137658325733 1.1403185691785027
15.30077333653876 1.6196588118952033
8.292292501459366 1.1592819884872356
15.345020945550477 1.5838807951748295
8.223301387894729 1.1354408725688572
15.337952058456178 1.5190662072236492
8.240054276053746 1.1352700894057004
15.36082499088233 1.5104975424229972
8.268418780719118 1.1457497981693723
15.263657159894903 1.3832227681828893
8.126220219472176 1.0807770150146816
15.41779880950365 1.4857294511632437
8.26694578708919 1.143646938916453
15.357979193090152 1.4183575807923567
8.242272604731886 1.1293628696732285
15.297578626066837 1.2983386025232095
8.193189486633628 1.097644547690259
15.434051173840578 1.404681200179172
8.208482491206182 1.108966847188034
15.434605412168342 1.374337991503852
8.152636265912587 1.0826506230528388
15.309720337117373 1.214348180441297
8.26994159782571 1.1389660003874629
15.262033999861396 1.1586241079756834
8.225478916407452 1.118018363094957
15.361581744470794 1.2261820154622378
8.196130348334469 1.095543647921036
15.42101399719156 1.273621034061918
9.258230282900138 1.4822024023749907
15.31217745062224 1.1224897592700438
8.126411751109062 1.0683568082161126
15.416979636482646 1.225661900564953
8.176615447309354 1.0820807996767199
15.407434821497604 1.190491308400921
8.232060068787197 1.1113639826107136
15.496355762533284 1.2764332295528489
8.19072262762472 1.0866542901010565
15.369882279002496 1.1270594293348402
8.161756750771028 1.0736834038898726
15.369189188072237 1.1077002052684906
9.305852384801742 1.4787085009952827
15.291347980313414 0.9949468445486647
8.214137250926518 1.101860855235234
15.281972266203956 0.9666465499049577
8.138675859745202 1.062045607102584
15.275247013980216 0.9517248407400342
9.549894428373587 1.476942282637866
15.373266726364763 1.0628180171915362
8.094644941144491 1.0417506259608544
15.47662856445525 1.1662987695683171
9.335510222704563 1.475179192391399
15.262797861047119 0.910919573944422
9.32248099510204 1.4695937322836712
15.22833721814855 0.8713048006347831
9.640279392366162 1.4969165838099052
15.310493562781664 0.9702902550237805
9.393635652916885 1.4659688816039718
15.434752670628887 1.088528159237922
9.30798718410382 1.4650194648356205
15.31605172568648 0.9543248939300096
8.05091631685779 1.0202158485680093
15.054869545153409 0.651728962179568
10.17535751595121 1.4440925069627317
15.032050638463598 0.62335522177519
13.069567056568873 2.356324638894979
15.340764110207225 0.9713100323073839
9.735179269882678 1.4919219299195234
15.319313710978278 0.944376636374218
12.226968520647754 2.055886107047375
15.233909367270115 0.7943337827090532
12.131582533262021 2.0115669257276836
15.0550594464474 0.6314320331487148
12.973471227913057 2.3109035166418774
15.150574620923171 0.7232460616716219
12.10916301848247 2.0048163685951983
15.13243999777534 0.7010973648808606
12.958088654193775 2.3029687420225855
15.073280453083308 0.6416230459973457
12.05315273787145 1.9919049967704705
15.019164825554613 0.5822289816637196
12.791131456225074 2.227737077123429
15.387679409337252 0.9600924894919239
11.379114182169193 1.7591362087712952
15.340428969361772 0.9275866464707144
12.789247430351068 2.224084486830879
15.163419408668204 0.6965285201858348
11.07452269341335 1.6580990495045274
14.693710962699907 0.2759419982212336
12.762819759139834 2.215166716349745
14.962731783273686 0.5107128792177816
11.749717806200241 1.8978251501147119
15.435269561409036 1.0201653786206706
11.720984248318196 1.8882926135062972
15.353013582049211 0.908642088187453
11.06758515849264 1.6493082765838099
14.957559465139346 0.4916493555897466
12.697426666355124 2.191014038064063
15.056781844210885 0.558072421886315
12.383056545609334 2.1108032333511173
14.945251595863391 0.47046774504486516
11.683331068455896 1.8715396343050896
15.336586903535613 0.889904479890748
12.356859744784721 2.1019687413537285
14.76109537227873 0.3070179055822909
11.523505260443196 1.8011714792937048
14.990517922852666 0.5039992175760402
11.496643755217864 1.797142671817824
14.821577016651156 0.35746858387124375
10.913554968061192 1.5935910655118262
14.816674437168514 0.34022674941510817
12.115261631193071 2.0041692833445857
14.670797006744786 0.22272827356588915
11.461183272605144 1.787381151054408
14.832389618655897 0.34251193643104544
10.896510082654277 1.5899604488346717
14.687763467670388 0.22469677956727702
10.868948919159111 1.5811332342876705
14.734050580207754 0.27501869304306104
11.37572695294099 1.7604778262131
15.56954465613815 1.1287940654674296
10.835687755805365 1.5657111742454077
14.637498303894553 0.18357788611917178
10.420457298899432 1.4578774435324804
14.103211553434129 -0.20166191383907534
12.006052118986446 1.9769914477047406
14.402254228743606 0.003546198987756235
11.322501624881768 1.745154729318111
14.535498011454361 0.11288408671704404
11.27906894638334 1.729066308536205
14.406642410498446 -0.008978643814159002
12.844997148559218 2.2405953576620763
14.338829546410494 -0.04788580604059062
10.183428241584823 1.4265594687646663
14.156099591069022 -0.19208968716552496
12.692633827860185 2.1857475058073135
14.10790970215142 -0.21777472910311207
10.150694654750835 1.4196977904588195
13.860930006690657 -0.3619409143006913
10.62840157260326 1.4883474150603722
13.616812461302771 -0.4629229129028382
10.607249774868968 1.4879117449436998
14.792347313114217 0.29866212730435016
10.59385976351887 1.4818951230013868
15.078183465255607 0.5719534081648573
11.871300545950538 1.9187279643922481
14.00153270683344 -0.28078235601589235
12.62783585493553 2.173566436894564
14.006393890488607 -0.2789581628743832
11.503975156716937 1.7962882328178886
13.235351524540835 -0.6463333858029793
10.918739430118828 1.5921015439373285
13.803655575796771 -0.3991758279996054
10.900394835854575 1.5888770413626667
14.293526402119094 -0.09181778682062663
13.140112767440238 2.3629969407076796
13.96443763690974 -0.31555009150693614
12.275131359562929 2.0699761959392595
13.586042722183945 -0.49852224865850797
9.869427816952324 1.4632502223212045
13.131515819489902 -0.6996589058560972
12.25022012594146 2.061849109481544
13.024141098815976 -0.7418643921078658
9.4841679507662 1.445710578603252
13.765953043019554 -0.42771771320413804
13.109174599840244 2.3600686839995197
15.407867042035063 0.9615021193293666
10.792246381794271 1.547390693450128
13.863854359370082 -0.38194484988219257
10.190371270408837 1.4271158248807163
13.30007875395085 -0.6131296336127219
12.00515018762923 1.970577615714341
12.938975494371855 -0.7823968948166273
9.537124878427766 1.4503664124816464
12.982603671218087 -0.766772987253425
11.286481125069354 1.7264831701499626
14.53912672715053 0.08514403432495861
13.991265924367642 2.4020053605873364
15.238359912054658 0.733419042860247
12.833581658475198 2.2328435013576775
14.101787960466174 -0.24310252955316086
11.989767196523017 1.9633685115773054
13.23404829055985 -0.6605597054147639
11.920507838406586 1.9323760988548793
13.203025265995002 -0.6806909978473653
13.993591741250576 2.4022176981844017
13.096200756717522 -0.730212699758497
10.63138840022955 1.486704053375745
12.99400286348303 -0.7672896550847501
10.59786852618259 1.4819028889001273
12.347759984197072 -0.9198485317312447
14.237258311017117 2.3512343622288094
14.22347443715143 -0.1544351709363374
14.123279245031487 2.395113877548182
13.034862069656912 -0.7590986785794848
14.108801519577293 2.4023505145627957
12.774861347497144 -0.8422923591335981
12.589353554795935 2.162702533443773
12.586578947720422 -0.8819597199679826
13.954336131856454 2.396893563483094
11.34891667942301 -1.1865048957840352
10.554536933790152 1.4737150770754972
12.478699772808294 -0.910842054196545
13.737892244285193 2.4293759059918556
13.010538031435033 -0.77365033927527
13.698067047033595 2.418980337505346
12.117368576720963 -0.9531305932238912
13.085680450872008 2.352293702184634
11.93426440410974 -0.9780620198967767
13.830300418283844 2.406492904826221
11.424268006878497 -1.1578163141792093
13.54995532599099 2.423268938417245
11.271945364508372 -1.2272877654947658
13.637373568490572 2.4266289030824337
12.229868864177979 -0.9337703595672452
13.436530052234314 2.4241261566898227
12.711364971807473 -0.8768811467210281
13.372624025263564 2.409959027506545
12.30550049477008 -0.9273158843002635
13.367670556903947 2.411052191767577
11.608018145265092 -1.065282768978306
12.828883274912087 2.2310876495992464
10.787987855189298 -1.1533510341128281
12.803095323682932 2.2212442815576487
11.134709121195446 -1.2409703137749366
13.302705318753244 2.408223041713318
12.173863265057484 -0.9598040536090879
12.783608265284458 2.2147397112796785
12.639489609606683 -0.8984545851439488
12.646678392171326 2.161299502383984
11.767007317052007 -1.0191426766551035
12.540161075767374 2.1468760271165057
10.8922774786547 -1.182843376125883
12.57867500008041 2.1554528505636834
10.700085489632755 -1.146466600540093
12.476976483067952 2.1235401689205213
11.08998835380142 -1.225387436090985
9.138133374958997 1.4094402211909485
11.26412279064508 -1.2379657428093473
11.907292685087786 1.9246255023588226
12.90988843957912 -0.818636428868427
11.986618082641813 1.9555277017509949
12.890923734963296 -0.8245307375458294
11.963140393159415 1.944836174066303
11.832346021083676 -1.0090567450700518
11.796925475621844 1.8812894019562318
10.566324606709975 -1.1528750610240608
11.404803442586392 1.758078117385112
10.544467692229523 -1.1641424071979323
11.399335967975427 1.7526217956745573
11.034657284432747 -1.2509963433207902
10.816116914880325 1.5556278044678002
11.203445687530857 -1.2569678724267361
11.295013472206902 1.7275700235950429
11.091669402398036 -1.2806175333245622
11.72553885018043 1.8848429713677914
10.749042287594385 -1.1710211649997015
11.303116272754638 1.7248685337975966
10.450038236615544 -1.1524549979939775
11.181395431502482 1.6880044047989826
10.433718909622424 -1.1304039560394232
8.296750425295603 1.132759807663613
10.889368674688736 -1.19802028320778
