2.3559472318366 -0.9708921403164992
17.66632175874677 0.9719642491163809
2.3750946966603603 -0.9710468014263592
17.68639850545071 0.972039646894173
2.3950946177057357 -0.9710468014263592
17.706427931461462 0.9721628366740933
2.4151183626973918 -0.9709521728006638
17.72642804988951 0.9721628366740933
2.4352250210023074 -0.9708280371200473
17.745624420821873 0.9720085233025579
2.4543256204325488 -0.9709562732405835
17.76458692726754 0.9718159523257772
2.4734889039500185 -0.9711128738594176
17.78472403544753 0.9719568343876881
2.49348862769064 -0.9711128738594176
17.80474982768235 0.9720563405215904
2.5135246781305116 -0.970972163567613
17.824750143376193 0.9720563405215904
2.533596826238925 -0.9708916583247938
17.84384128361403 0.9718875241951083
2.5527036726722927 -0.9710226712576382
17.862915395286937 0.9717530880201987
2.5717852753208406 -0.9711960950783786
17.883063423947885 0.9718990824009607
2.59178480202934 -0.9711960950783786
17.903104265620993 0.9720572501421304
2.611808570389051 -0.971101797347097
17.92310477826908 0.9720572501421304
2.631872844272713 -0.9710192844349288
17.94228963546137 0.971909610146188
2.650979737109509 -0.9711573636171654
17.961328705427494 0.971796291233183
2.67006075457012 -0.9713359915181538
17.981501292763085 0.9719486204873294
2.690060084713583 -0.9713359915181538
18.00155548178975 0.972100118081288
2.710074004174186 -0.9712416213527507
18.021556190886166 0.972100118081288
2.7301542291286043 -0.9711367319508379
18.040861872147392 0.9719760954519896
2.7493088529662377 -0.9712765698051153
18.059880067709642 0.9718726876274904
2.768294644810861 -0.9714748410700879
18.08005294750662 0.9720106528798467
2.7882937790503557 -0.9714748410700879
18.100115802531327 0.9721865879271496
2.8082998950348355 -0.9714327160935302
18.120116707376273 0.9721865879271496
2.8283737341662563 -0.9713206940484808
18.139592801478486 0.9720944622768825
2.847526382393632 -0.9714605477415977
18.158559550146713 0.9719795033918274
2.866484602245258 -0.9716680809395563
18.178717565547636 0.9720951737524337
2.886483541435183 -0.9716680809395563
18.198785172426206 0.9722433395571358
2.9064854832146527 -0.971622458739989
18.21878627212671 0.9722433395571358
2.926549661064855 -0.9715062195779366
18.238420695817428 0.972179788521615
2.945794945785222 -0.9716329703586113
18.257233737719012 0.9720332879147282
2.9646426523111855 -0.9718630761338221
18.277376855808967 0.9721310273662083
2.9846413974984336 -0.9718630761338221
18.297453744612646 0.9723145837308482
3.004640104027645 -0.9718630761338221
18.317455038083438 0.9723145837308482
3.0246936385547047 -0.971741938931619
18.337236920345603 0.9722770064381675
3.043955222508696 -0.9718661669299672
18.355886483137652 0.9720934019042217
3.0628019658678207 -0.9721014632632363
18.376045809593816 0.9722059647442484
3.08280051829074 -0.9721014632632363
18.396111966719857 0.9723565840101479
3.1028021105831987 -0.9720552894076813
18.41611345268444 0.9723565840101479
3.1228402740367462 -0.9719762899345097
18.43607624337975 0.972349981692289
3.1421654502081298 -0.9720891408287151
18.45455344965502 0.9721291096948759
3.1609236806977177 -0.9723425748971479
18.47471662425101 0.9722374210076825
3.180922041784893 -0.9723425748971479
18.49480266650003 0.972394296928564
3.2009203647929962 -0.9723425748971479
18.514808407362548 0.9724552549878687
3.220948176722181 -0.9722642939052819
18.53481012236732 0.9724552549878687
3.2402730661307793 -0.9723745339509773
18.5532633122657 0.9722236812823875
3.2590057661409446 -0.9726426627606046
18.57344194208447 0.9723346930251356
3.279003937509785 -0.9726426627606046
18.593549063431198 0.9725001375002204
3.2990020711455585 -0.9726426627606046
18.613561509812843 0.972563617604715
3.319020785366784 -0.9725627551184549
18.633563413836463 0.972563617604715
3.3384590056444376 -0.9726596156555516
18.651978635048795 0.9723270628212263
3.3570684509029443 -0.9729552117382854
18.672190445330145 0.972450623793165
3.3770664343580856 -0.9729552117382854
18.692338346332335 0.9726898950974834
3.397064380463399 -0.9729552117382854
18.712344606925452 0.9727529955739644
3.41707853539013 -0.9729084244903429
18.732346698088882 0.9727529955739644
3.436557217404535 -0.9729986174718583
18.750732124346637 0.9725207639706509
3.4551304304516632 -0.9733101970326313
18.770986016038137 0.972660449586413
3.475128227983201 -0.9733101970326313
18.791160194910987 0.9728979519793488
3.495125988585005 -0.9733101970326313
18.811173472572136 0.9729641815571013
3.5151373051493047 -0.9732576480573741
18.831175748811653 0.9729641815571013
3.534592598127439 -0.9733468952560388
18.849649758489388 0.9727700596514101
3.553130359539166 -0.9736724770716647
18.869931769652883 0.9729352320892178
3.5731279733206573 -0.9736724770716647
18.890072531336802 0.973121407476097
3.593125550628967 -0.9736724770716647
18.91009668116775 0.973249911114766
3.6131330048381445 -0.9736368074446632
18.930099140236976 0.973249911114766
3.632698078197393 -0.9737089981354226
18.94868001424065 0.9730812318886523
3.6511168669862615 -0.9740561331291169
18.968967601877516 0.9732390423279449
3.671114299372623 -0.9740561331291169
18.98911992061732 0.9734168711220342
3.6911116957783436 -0.9740561331291169
19.00915415113491 0.973534197484116
3.711115657814948 -0.9740214725313546
19.029156790607047 0.973534197484116
3.7306560471736567 -0.9740945680016989
19.04778918911696 0.9733749522030425
3.749135178558405 -0.9744304502497975
19.0680673193685 0.9735185674390602
3.7691324320835595 -0.9744304502497975
19.08825059223552 0.9737369754183868
3.789129650156124 -0.9744304502497975
19.108272012027914 0.973852089971302
3.809130002623748 -0.974411431822851
19.128274829298114 0.973852089971302
3.8285642351986313 -0.9745012746569864
19.146905801001065 0.9736889068751281
3.8471806277272953 -0.9748117399571339
19.167175237894735 0.9738211551506119
3.867177705101683 -0.9748117399571339
19.187365351115584 0.9740219186822578
3.8871747475865184 -0.9748117399571339
19.207399498368844 0.9741390013011474
3.9071759389890084 -0.9747854489267803
19.227402490656804 0.9741390013011474
3.926607618089959 -0.9748940100408495
19.2460173049215 0.9739704158281284
3.945207583782576 -0.9752178073483727
19.266340445462983 0.9741331184385406
3.965204487890478 -0.9752178073483727
19.28649917760097 0.97430006020377
3.9852013577062912 -0.9752178073483727
19.306550365456307 0.9744835757873158
4.005200349051014 -0.9752048731638688
19.326553529809004 0.9744835757873158
4.024661155174433 -0.975328882436585
19.345184664820447 0.974318235871541
4.043246151831733 -0.9756842724960122
19.365519605753722 0.9744784474906644
4.063242885728416 -0.9756842724960122
19.385736319961484 0.9747114230636755
4.083239585964327 -0.9756842724960122
19.40577215606209 0.9748360142067967
4.1032372674934665 -0.9756690501399586
19.42577548935668 0.9748360142067967
4.122827446077365 -0.9757878824190721
19.444429007088466 0.9746765152707721
4.14122482596931 -0.9762073292456528
19.464774842066685 0.9748338143712838
4.161221392878026 -0.9762073292456528
19.485010513953213 0.9750586550254872
4.181217926790499 -0.9762073292456528
19.50506487369139 0.9752564780219207
4.2012144278435635 -0.9762073292456528
19.525068372638327 0.9752564780219207
4.2208637446298845 -0.9763147468077424
19.543750119974437 0.9751029993126634
4.239118414999239 -0.9767847096955039
19.56410444230555 0.9752571149539565
4.259114818308034 -0.9767847096955039
19.58435634865585 0.9754770573228763
4.279111189317681 -0.9767847096955039
19.60443023499348 0.975670750730892
4.299107528171443 -0.9767847096955039
19.624433896139717 0.975670750730892
4.318721281242683 -0.9768747927662456
19.643138627433927 0.9755221277872719
4.336954736416479 -0.9773511864619064
19.66349666723132 0.9756715604232427
4.356950979674852 -0.9773511864619064
19.683764473992003 0.975887080421234
4.376947191363047 -0.9773511864619064
19.703859171305567 0.9761469795913902
4.396943371630615 -0.9773511864619064
19.723862991037997 0.9761469795913902
4.416593637606363 -0.9774313968553844
19.742630871427302 0.9760155745352328
4.434847262638882 -0.9778893810530046
19.76300812095711 0.9761806957587857
4.454843349554287 -0.9778893810530046
19.783267951377255 0.976407486416878
4.474839405659636 -0.9778893810530046
19.80334086457933 0.976601783393593
4.494835431110626 -0.9778893810530046
19.82334483912834 0.976601783393593
4.514444620228831 -0.9779753908287392
19.8421248177927 0.9764712899624904
4.532800420025562 -0.9784181754442867
19.86250432365898 0.9766298961711709
4.552796354459736 -0.9784181754442867
19.88278836992171 0.9768573493344709
4.572792258874389 -0.9784181754442867
19.90288782690031 0.9771289223598316
4.592788133431202 -0.9784181754442867
19.922891952343498 0.9771289223598316
4.612426189969698 -0.9785055598110666
19.941691195126033 0.9770020166385891
4.630812789050786 -0.9789720773726389
19.962076785371153 0.9771568171309637
4.650808575015958 -0.9789720773726389
19.982379625778066 0.9773814169331307
4.67080433178176 -0.9789720773726389
0.0025041014402660267 0.977648028512339
4.690800059515709 -0.9789720773726389
0.022508373706319418 0.977648028512339
4.710512781491648 -0.9790563471431458
0.041323317173873164 0.9775233101359899
4.728765837949388 -0.9795854229111927
0.06171105014687228 0.9776733048012172
4.7487614796043 -0.9795854229111927
0.08207863777192159 0.9779494277521197
4.768757092908813 -0.9795854229111927
0.10218097957655896 0.9782614902229221
4.788752678036107 -0.9795854229111927
0.12218539444926417 0.9782614902229221
4.808519565244643 -0.9796470103327967
0.14101799758635458 0.9781389213363815
4.826627761131056 -0.9802374539040759
0.16148469188771347 0.9783225578467922
4.846623262776865 -0.9802374539040759
0.18180584498152647 0.9785613654414933
4.866618736949227 -0.9802374539040759
0.2019399912733329 0.9788680616308153
4.886614183826814 -0.9802374539040759
0.2219445443957449 0.9788680616308153
4.906428551280231 -0.980288150344085
0.24078537498454178 0.9787468311035987
4.92447387297446 -0.9808991663333627
0.26126054391294956 0.9789259128186616
4.944469239050498 -0.9808991663333627
0.2816575709414767 0.9792243946811997
4.964464578557159 -0.9808991663333627
0.30176633184265256 0.9795005910662287
4.984459891678423 -0.9808991663333627
0.3217710187213879 0.9795005910662287
5.0043238689624605 -0.9809400315921838
0.34062336061116205 0.9793817583743051
5.022357133363842 -0.981537553040238
0.36110779030960327 0.9795572576902538
5.042352368443234 -0.981537553040238
0.3815221687140796 0.9798458109181846
5.062347577883537 -0.981537553040238
0.4016544200796034 0.9801139881245319
5.082342761873855 -0.981537553040238
0.4216592360892776 0.9801139881245319
5.102152434421793 -0.9815785259793844
0.4405320201380377 0.9799987482850474
5.1202385243662825 -0.9821628463818547
0.4611020013598623 0.9802089158428376
5.140233633151432 -0.9821628463818547
0.4814509159417305 0.9804500591615062
5.160228717253073 -0.9821628463818547
0.5016142179317611 0.9807922197747067
5.180223776865276 -0.9821628463818547
0.5216191583195573 0.9807922197747067
5.2000738500247214 -0.9822200416473782
0.5405859404497493 0.9806979059503146
5.218171904807078 -0.9828253416212469
0.561099781449703 0.9808850260941285
5.2381668921250215 -0.9828253416212469
0.5815254675645785 0.9811819180290356
5.258161855739401 -0.9828253416212469
0.6016574755691958 0.9814516143668289
5.278156795849049 -0.9828253416212469
0.6216625354595474 0.9814516143668289
5.298057420823572 -0.9828800821870496
0.6406465337570657 0.9813592014598375
5.316152031008325 -0.9835175007946418
0.6611569719416766 0.981538026495794
5.336146901805978 -0.9835175007946418
0.6816050496478802 0.9818292432300315
5.356141749903407 -0.9835175007946418
0.7017654737870377 0.9821707171176078
5.376136575503998 -0.9835175007946418
0.7217706481864458 0.9821707171176078
5.396084661719995 -0.9835660407570735
0.740762792871787 0.9820784528315875
5.414127300925754 -0.9842329642365085
0.761268279917477 0.9822493210817129
5.434122060265016 -0.9842329642365085
0.7817358999080026 0.9825348126054465
5.454116797929798 -0.9842329642365085
0.8019295713485025 0.9828720899058692
5.474111514127847 -0.9842329642365085
0.8219348551504563 0.9828720899058692
5.494021395171892 -0.9842854062878662
0.840934717881888 0.9827802625865937
5.512302317549907 -0.9848557910216771
0.8615339150582253 0.9829866795150981
5.532076410754841 -0.9849718577584564
0.882000474632099 0.983291233449864
5.552071043180264 -0.9849718577584564
0.9021620086717644 0.9836371688588342
5.572065655190241 -0.9849718577584564
0.9221673966617826 0.9836371688588342
5.591990448531235 -0.9850240853270867
0.9411827039456448 0.9835467974413881
5.610386703384373 -0.9855345393684813
0.9617809453200211 0.9837455428602738
5.630078366460201 -0.9857003409373923
0.9822760547180475 0.9840476038451575
5.650072898943411 -0.9857003409373923
1.0024699048425574 0.9843865891257775
5.67006741208261 -0.9857003409373923
1.0224753917033538 0.9843865891257775
5.69009152356611 -0.9857408899587401
1.0415101953218 0.9842988817231071
5.708556875932704 -0.986212996584324
1.0621043191136676 0.9844896396195666
5.728150278292595 -0.9864463363074394
1.082706594288342 0.9848665602860658
5.748144716229375 -0.9864463363074394
1.1028513902222785 0.9851943577733336
5.768139135912668 -0.9864463363074394
1.1228569705389846 0.9851943577733336
5.788173590619784 -0.9864869095222781
1.1419174866236308 0.9851112566050043
5.8067178224029945 -0.9869113785060416
1.1626119380803912 0.9853387734164054
5.826207099368225 -0.9872025478585017
1.1831379801128883 0.985664791545616
5.846201448247657 -0.9872025478585017
1.2033116477243757 0.9859836712963744
5.866195779982145 -0.9872025478585017
1.223317315989891 0.9859836712963744
5.886182984616544 -0.9872495522933159
1.242439438808209 0.9859131372982043
5.904825450562622 -0.9876216443293976
1.2630828728985308 0.986120131959895
5.9241994568394745 -0.9879944021086607
1.2836311253708572 0.9864394012316678
5.944193722238538 -0.9879944021086607
1.303838974205647 0.98682390198412
5.964187971618109 -0.9879944021086607
1.3238447248260745 0.98682390198412
5.984203714643028 -0.9880392518324027
1.3429831484040042 0.9867556749132005
6.002952078851524 -0.9883631057897947
1.3636205066103098 0.9869536797685493
6.02223917626604 -0.9887853329088392
1.384245364034857 0.9873127668213265
6.042233363844086 -0.9887853329088392
1.4044342401194674 0.9876430579847807
6.062227536543911 -0.9887853329088392
1.4244400674196418 0.9876430579847807
6.082324886148589 -0.9888168881346111
1.4435938953946517 0.9875759311156428
6.1010350828057645 -0.9891434236080798
1.464237705860926 0.9877705419046421
6.120337197697456 -0.9895900851367505
1.4848836571903727 0.9881218222751462
6.1403313131906465 -0.9895900851367505
1.5051061561522958 0.9885146476924159
6.160325414961569 -0.9895900851367505
1.5251120543813756 0.9885146476924159
6.1804522479532285 -0.9896197515243514
1.5442840016987114 0.9884501795825088
6.1992199694675705 -0.9899288788039322
1.565020318072063 0.9886758961473101
6.218453328152644 -0.9904135414554825
1.5856533476709567 0.9890396164867558
6.238447377368277 -0.9904135414554825
1.605841936232564 0.9893648635167461
6.258441414031135 -0.9904135414554825
1.6258478995697085 0.9893648635167461
6.278590026993109 -0.9904424727781963
1.6450470898154255 0.989304188464334
6.297315072219474 -0.9907704933592258
1.6657693205662976 0.9895186636270894
6.316602311662662 -0.9912591236205561
1.686427654168181 0.9898753488969775
6.3365963004734445 -0.9912591236205561
1.706647146691291 0.9902567137811188
6.356590277913333 -0.9912591236205561
1.726653169251405 0.9902567137811188
6.376741157015855 -0.9912871721120835
1.7458735172901578 0.9901995433827928
6.3955664872879705 -0.9915867587369301
1.7665974389414387 0.9904086638503763
6.414805605575308 -0.9920887781882348
1.7873430930699143 0.9908158906061366
6.434799539913557 -0.9920887781882348
1.8075267425898938 0.9911302428934067
6.454793464074013 -0.9920887781882348
1.8275328184294404 0.9911302428934067
6.474979380962834 -0.9921104846813515
1.8468226187400965 0.991085582978046
6.493750309168624 -0.9924287623346909
1.8675944851487294 0.9913145122894468
6.513038159056875 -0.9929367663097921
1.8883170717254496 0.9917316560160936
6.533032044908668 -0.9929367663097921
1.9084727970958424 0.9920513184663833
6.553025921785809 -0.9929367663097921
1.9284789202187005 0.9920513184663833
6.573278052775996 -0.99295247841431
1.9477808180352016 0.9920079804858828
6.5921293584005385 -0.993246613472074
1.9685458665792284 0.9922281490864036
6.611321791500167 -0.9937743044193623
1.9892963513693518 0.9926367678798993
6.631315634899423 -0.9937743044193623
2.0094807137913056 0.9929568323706951
6.651309470536038 -0.9937743044193623
2.0294868781546893 0.9929568323706951
6.671585925882112 -0.9937876710387903
2.048809209365684 0.9929151923392424
6.69042163186458 -0.9940933037229622
2.0695695205663878 0.993128211684403
6.709621935297834 -0.9946426668912971
2.090408695241992 0.9935880959154751
6.7296157423203855 -0.9946426668912971
2.11056270139845 0.9939176414900774
6.749609542799954 -0.9946426668912971
2.1305689009188806 0.9939176414900774
6.76984859785907 -0.9946628142708134
2.149914268562216 0.9938792325050751
6.78878100364219 -0.9949399860834496
2.1707660790067616 0.9941207180048444
6.807893565637392 -0.9955057777203505
2.191516291988269 0.994528229546327
6.827887342394951 -0.9955057777203505
2.2116952176082587 0.9948430377275382
6.847881113835654 -0.9955057777203505
2.231701446167555 0.9948430377275382
6.868165710373839 -0.9955194683029803
2.2510702465695767 0.9948070390689877
6.887069668300585 -0.99580890293335
2.271916541541359 0.995040565833131
6.906219148784427 -0.9963880305072564
2.292749781786897 0.9954941277925196
6.926212901418587 -0.9963880305072564
2.3128931796396976 0.9957999364003822
6.946206649967259 -0.9963880305072564
2.3328994310910254 0.9957999364003822
6.966499565433055 -0.9963997838287691
2.352330939450386 0.9957757214824491
6.9855356338339485 -0.9966518793183141
2.37323243218571 0.9960313788068169
7.004607678795062 -0.9972618300521874
2.3940375202838977 0.9964948321125885
7.024601413471218 -0.9972618300521874
2.414148431558998 0.9967231181025935
7.044595145297287 -0.9972618300521874
2.4341546997329275 0.9967231181025935
7.06492791733562 -0.9972691216081884
2.4536028575803783 0.9966997207059618
7.083968581579778 -0.9975275959209974
2.474492287346225 0.9969444192899183
7.1030561618498105 -0.9981751058358177
2.495371783265051 0.9974531709343972
7.1230498847510795 -0.9981751058358177
2.515457062373719 0.9976671607264131
7.143043606040475 -0.9981751058358177
2.5354633410843226 0.9976671607264131
7.163406601884232 -0.9981756274759546
2.554927321501818 0.9976453342647852
7.182534110474755 -0.9984086095755501
2.5758130990027914 0.9978824767353786
7.201521616726955 -0.9990911144214885
2.596769597984749 0.9984374273205209
7.221515334048076 -0.9990911144214885
2.6168349147276686 0.9985968126650066
7.241509050997129 -0.9990911144214885
2.636841197778619 0.9985968126650066
7.261960893585618 -0.9990774214910367
2.656329540930499 0.99857725321456
7.281016929095678 -0.9993347786842915
2.6773153874167286 0.9988441796680663
7.300028993082457 -1.0000306360447744
2.6982140757249873 0.9993968819862039
7.320022711023676 -1.0000306360447744
2.7182647439548857 0.999558969737904
7.340016429832997 -1.0000306360447744
2.7382710251455604 0.999558969737904
7.36052822200076 -1.0000082623788096
2.757769415714268 0.9995406466862391
7.379630034865591 -1.0002496513990877
2.7787457702862235 0.9997979949370199
7.398594055141214 -1.0008716163387783
2.799720351667941 1.000444140084806
7.418568131812177 -1.0009446863175537
2.8197356550262005 1.0004983088000743
7.438561858680544 -1.0009446863175537
2.8397419281578284 1.0004983088000743
7.459123878229617 -1.000917649635614
2.8593146507062506 1.000491408044995
7.478164404568114 -1.001181404336655
2.880399719130376 1.0007896389443607
7.497201703974508 -1.0017572901243956
2.9012641621748934 1.001467196110241
7.517164991898635 -1.0018690857636086
2.9212704244013104 1.001467196110241
7.537158733016874 -1.0018690857636086
2.941276683283075 1.001467196110241
7.557706476112639 -1.001845447926621
2.9608576450539585 1.0014602587451487
7.576714650113429 -1.0021242180325172
2.9819404610556663 1.0017495756306993
7.595840537531809 -1.0026489706430162
3.002846457370907 1.0024051241376841
7.615790750916514 -1.0027663948337338
3.022852700404623 1.0024051241376841
7.635784512461382 -1.0027663948337338
3.0428589388597547 1.0024051241376841
7.656368609683533 -1.0027376968681458
3.062448465572474 1.0023977982303995
7.675452191853593 -1.002990282712259
3.0835310062739674 1.002679271994823
7.694560795543225 -1.0034996293512948
3.1044808518603104 1.0033538044110641
7.714486778965916 -1.0036814904151807
3.1244870695402134 1.0033538044110641
7.734480567094017 -1.0036814904151807
3.1444932814121116 1.0033538044110641
7.75506947503295 -1.0036513550864594
3.164082160307062 1.003346234056071
7.774164435664541 -1.0039071036587404
3.1852164805658707 1.0036377870897122
7.793354805921821 -1.0043706691640535
3.2061488411434533 1.0042667392573856
7.813252232154645 -1.0045753128545278
3.226155027333438 1.0042667392573856
7.833246052996347 -1.0045753128545278
3.2461612064917356 1.0042667392573856
7.853871662567101 -1.0045408044735116
3.2658371730773723 1.0042727108430005
7.872969655313938 -1.0048021700056924
3.286904954260571 1.0045437687651428
7.89223647611362 -1.005221583843423
3.3078751749583017 1.0051997545751388
7.912100649378118 -1.0054938202979706
3.327881323553346 1.0051997545751388
7.932094509031504 -1.0054938202979706
3.3478874638999625 1.0051997545751388
7.95274488647444 -1.0054566382194505
3.367575523721877 1.0052069001343529
7.971923969006992 -1.0056921293403156
3.388755492197705 1.005508687782271
7.991105708737264 -1.0061652613368983
3.4096482033488393 1.0061110728219567
8.010990185106818 -1.0063936586694218
3.4296543082810254 1.0061110728219567
8.030984089631668 -1.0063936586694218
3.4496604037561753 1.0061110728219567
8.05165956492741 -1.0063539653214455
3.4693665452963804 1.0061187463136583
8.070837346277969 -1.006596222571374
3.4905311616379944 1.0064084619776426
8.090092784769617 -1.0070251070848588
3.5114624241518144 1.0070384796415226
8.109947653321594 -1.007307971589303
3.5314684793963083 1.0070384796415226
8.129941608733407 -1.007307971589303
3.551474523984498 1.0070384796415226
8.150637834293757 -1.0072625046321357
3.57118778847688 1.007046456457039
8.169784717643624 -1.0075193807520912
3.592448030016402 1.0073627733320976
8.189125680034744 -1.0078969830266813
3.6133175314838453 1.0079447043481267
8.208951027585226 -1.0081862966817647
3.6333235310648546 1.0079447043481267
8.228945039849279 -1.0081862966817647
3.6533295188008004 1.0079447043481267
8.249677391682685 -1.008135998099988
3.673127987511265 1.0079654450284319
8.268910925608212 -1.008364288590793
3.6943038400245847 1.0082577192979054
8.288173140417767 -1.0087916953060971
3.715240200546966 1.0088546913829028
8.308025503497644 -1.0090873700632879
3.7352461385436304 1.0088546913829028
8.32801957852311 -1.0090873700632879
3.755252063518164 1.0088546913829028
8.348788667485849 -1.0090309166009046
3.7750509301828377 1.008874378379426
8.368015322864855 -1.009266882742289
3.796337977145158 1.0091967153480181
8.387359590303747 -1.0096444664350346
3.8172193280023836 1.0097443054410096
8.407175163584734 -1.0099582915177487
3.8372251985546124 1.0097443054410096
8.427169307218849 -1.0099582915177487
3.8572310549204962 1.0097443054410096
8.447986079710565 -1.0098958464905035
3.877039641086279 1.009763531455432
8.46719282728897 -1.010145005589934
3.8984355177946717 1.0101155898668412
8.486558186936623 -1.010532504929989
3.919234543761183 1.0106129293339159
8.506399864269909 -1.010865987052888
3.9392403410754486 1.0106129293339159
8.526394082292192 -1.010865987052888
3.959246123053161 1.0106129293339159
8.547199808899212 -1.0108051280464667
3.9790565495981376 1.010631416887786
8.566488958356695 -1.011026091841065
4.000440810470619 1.0109714318483416
8.58584432677189 -1.011398834384654
4.021250203195953 1.0114463317059288
8.605648519899272 -1.011744131713787
4.0412559215510075 1.0114463317059288
8.625642818015848 -1.011744131713787
4.061261623434435 1.0114463317059288
8.646478202048453 -1.011681409206042
4.081161485948731 1.0114774999575467
8.665766992685075 -1.0119089185520442
4.102575869220172 1.011847449726034
8.685145470257924 -1.012289922732467
4.123276817704883 1.0122660782677353
8.704978549167782 -1.0126442842123546
4.143282451457405 1.0122660782677353
8.724972933005718 -1.0126442842123546
4.163288067619468 1.0122660782677353
8.745839342281789 -1.0125728636639728
4.183178073353786 1.0122949234416372
8.76510869379452 -1.0128113372083116
4.204714255913967 1.0127227110489692
8.784579136371335 -1.0131334699981867
4.225307086860705 1.0130689426557675
8.804376808934004 -1.0134924803915693
4.245312630450857 1.0130689426557675
8.824371284035768 -1.0134924803915693
4.265318155349088 1.0130689426557675
8.84527321969242 -1.0134154172304821
4.285209316871401 1.0130961822319076
8.864629442699787 -1.0136233911626675
4.306745413484866 1.0135295880586233
8.884031702686409 -1.013992450316772
4.327365502925245 1.013876733837986
8.903857598759082 -1.014365782572705
4.347370950882171 1.013876733837986
8.923852170577089 -1.014365782572705
4.367376379064167 1.013876733837986
8.94478080364423 -1.0142838376559222
4.387271620812034 1.0139037868547836
8.96412707379426 -1.0145015066961818
4.408935356196694 1.0143872847371447
8.983605668209089 -1.0148193038291649
4.429463876793699 1.0146728246390206
9.00339625031854 -1.01518979400879
4.449469223740929 1.0146728246390206
9.023390924209744 -1.01518979400879
4.469474549849723 1.0146728246390206
9.044366519752316 -1.0151023019024727
4.489470534560033 1.0147141503603463
9.063707463716804 -1.0153282378321558
4.511269090870826 1.0152755482809777
9.083204321237211 -1.0156548587200946
4.531618972964536 1.0154678436863995
9.10302624264696 -1.0160377748842861
4.551624213625273 1.0154678436863995
9.123021023867596 -1.0160377748842861
4.571629432404637 1.0154678436863995
9.143997544459525 -1.0159501766426506
4.591621335438659 1.0155073712906797
9.16340726039906 -1.0161501550786125
4.613526773756105 1.0160936436829806
9.182846886978565 -1.0165209574786356
4.633784261482681 1.0162280646678956
9.20270264603599 -1.0168242326121677
4.653789390685031 1.0162280646678956
9.222697539736357 -1.0168242326121677
4.673794496984666 1.0162280646678956
9.24369069906305 -1.0167355748571492
4.693791739189184 1.0162663455025922
9.263096098191172 -1.016943401667509
4.715945530526765 1.0169455852102707
9.282617705821949 -1.0172550024987606
4.735950566912381 1.0169455852102707
9.30244121516444 -1.0176341299881346
4.755955579594437 1.0169455852102707
9.32243622638384 -1.0176341299881346
4.7759605683750355 1.0169455852102707
9.343450548185485 -1.0175397599992022
4.796047300804829 1.0169973659602778
9.362859219431355 -1.0177511363277636
4.8181194796908215 1.0176451568140086
9.38240377005927 -1.0180683321778154
4.838124395589183 1.0176451568140086
9.402260101437044 -1.0183725855374592
4.858129286804033 1.0176451568140086
9.422255235098799 -1.0183725855374592
4.878134153142277 1.0176451568140086
9.443301039221257 -1.0182734379316252
4.8982224239461685 1.0176948810025883
9.462719881697716 -1.0184884542349926
4.9202785671528675 1.018301277778383
9.482344032024873 -1.0187476939502924
4.940283357712571 1.018301277778383
9.502170620208696 -1.01912633756271
4.960288122633178 1.018301277778383
9.522165881115297 -1.01912633756271
4.980292861726572 1.018301277778383
9.543232675328225 -1.019022534058682
5.000372782211118 1.0183483531738964
9.562717700653113 -1.0192113067066675
5.022418170726147 1.0189414334206148
9.582286306810442 -1.0195146869490321
5.042422831219489 1.0189414334206148
9.602141610872348 -1.0198239272161391
5.0624274651434495 1.0189414334206148
9.622137003700708 -1.0198239272161391
5.082432072315089 1.0189414334206148
9.643238217245422 -1.0197148227180013
5.1025171508601845 1.0189921021584099
9.662730692429525 -1.0199065838291643
5.124572940051504 1.0195829874608169
9.682315840290672 -1.0202183177880846
5.144577465879141 1.0195829874608169
9.702198672025544 -1.0205374999447014
5.164581964233335 1.0195829874608169
9.722194201322383 -1.0205374999447014
5.184586434936492 1.0195829874608169
9.743300543905605 -1.0204265538304134
5.204751186757361 1.019641702219614
9.76279689446236 -1.0206231561490646
5.226738173870136 1.0202143950410636
9.7824505576103 -1.0208807926817491
5.246742560565623 1.0202143950410636
9.802308728735863 -1.0211860701265623
5.266746918910713 1.0202143950410636
9.822304398913229 -1.0211860701265623
5.286751248733347 1.0202143950410636
9.843443861718097 -1.021070898227338
5.3069101739146864 1.0202893798903858
9.862942551809747 -1.0212741351742112
5.328905310115829 1.020847125280108
9.882618382069337 -1.0215344974180318
5.348909553350026 1.020847125280108
9.902503770537132 -1.0218493747626607
5.3689137673848535 1.020847125280108
9.922499585868037 -1.0218493747626607
5.388917952053951 1.020847125280108
9.943640588407186 -1.021732626387821
5.409077530477323 1.0209174835162713
9.963209447719361 -1.02190585285585
5.431071518790447 1.0214564557035322
9.982841085076936 -1.022207826242968
5.451075614375793 1.0214564557035322
10.00275260772755 -1.0224433030419227
5.471079679941618 1.0214564557035322
10.022748572341753 -1.0224433030419227
5.491083715327414 1.0214564557035322
10.043929256769495 -1.0223213436760037
5.511345383887829 1.021534533152387
10.063513800822289 -1.0224945061153028
5.533253145946655 1.0220475177895243
10.083203937004656 -1.0227445498409466
5.553257089841305 1.0220475177895243
10.103092156397027 -1.0230545617146398
5.573261002925903 1.0220475177895243
10.123088274276968 -1.0230545617146398
5.5932648850459605 1.0220475177895243
10.14430100543303 -1.0229219951360626
5.613509295174792 1.0221189079562212
10.163869646625507 -1.023106619225836
5.635402080680806 1.0226148878918422
10.183580637330108 -1.0233590439096891
5.655405868992609 1.0226148878918422
10.203494296963221 -1.023591278522923
5.675409625734233 1.0226148878918422
10.223490571940086 -1.023591278522923
5.69541335075737 1.0226148878918422
10.244738726596394 -1.0234540904154021
5.715667942443811 1.0226562203917462
10.264306257522845 -1.0236470449756985
5.737553831096308 1.0231410224082327
10.284034593244789 -1.023907756695756
5.757557460086664 1.0231410224082327
10.303969881228516 -1.0241465026577932
5.777561056777868 1.0231410224082327
10.323966316978455 -1.0241465026577932
5.797564621027929 1.0231410224082327
10.345215805433156 -1.0240078027748911
5.8178904165673755 1.023192567250774
10.364848188465883 -1.0241699640396726
5.839706931153044 1.0236638355525138
10.384581633871019 -1.0244056389505225
5.859710397240571 1.0236638355525138
10.404499446069671 -1.0246289068625667
5.879713830331857 1.0236638355525138
10.42449604611016 -1.0246289068625667
5.899717230291364 1.0236638355525138
10.445770118228051 -1.024488495095581
5.920019961500945 1.0236847571810053
10.465418578207048 -1.0246496203680784
5.941853758988286 1.024149934434629
10.485170791497575 -1.0248879477860104
5.961857058752377 1.024149934434629
10.50510920311424 -1.0251176036810357
5.981860324855694 1.024149934434629
10.525105970800633 -1.0251176036810357
6.001863557169299 1.024149934434629
10.54636812487054 -1.024978928942168
6.022138140640419 1.0241690724438002
10.566031906544938 -1.0251401032608511
6.043992016993779 1.0246208255930886
10.585803072818592 -1.0253838318119866
6.063995147177962 1.0246208255930886
10.605761093805524 -1.0255328893580036
6.083998243070066 1.0246208255930886
10.62575803232773 -1.0255328893580036
6.104000047785803 1.0246019741622283
10.64704942048974 -1.0253904318332585
6.124351802557834 1.0246286910394764
10.666728167888582 -1.025552322511092
6.146137316968731 1.0250599134497738
10.686551751230642 -1.0257379458926272
6.166140274483898 1.0250599134497738
10.706495213386303 -1.025953283534457
6.1861431971095096 1.0250599134497738
10.726492325765625 -1.025953283534457
6.206142722110865 1.0250397377338465
10.747793341226808 -1.0258055362481189
6.226474601324418 1.0250608941577848
10.767528255681285 -1.0259376205562676
6.248239093218991 1.0254715482956993
10.787326091477357 -1.0261560407480943
6.268241875146422 1.0254715482956993
10.807285962170342 -1.0262994520793538
6.288244621621266 1.0254715482956993
10.827283251256512 -1.0262994520793538
6.308241282990408 1.0254410978079609
10.84862458129104 -1.0261437174779158
6.328577660293034 1.0254568015006227
10.868371370460366 -1.0262755848885108
6.350305346643894 1.0258465509543164
10.888183435282498 -1.0265024170542276
6.370307950238172 1.0258465509543164
10.908156979482548 -1.0266517561899409
6.39031051785181 1.0258465509543164
10.928154447950917 -1.0266517561899409
6.410304564300297 1.0258162828558606
10.949503990105901 -1.0264922290045893
6.430744998663169 1.0258488645658534
10.969262970894116 -1.0266248505459474
6.45233418564858 1.026207765855079
10.989111940875475 -1.0268031992142375
6.472336608340269 1.026207765855079
11.009075853858029 -1.0269345107946901
6.492338994558777 1.026207765855079
11.029073504206906 -1.0269345107946901
6.51232942275548 1.0261574900925445
11.05047886446903 -1.0267619848878133
6.5327637090121975 1.0261939590114046
11.070232959331832 -1.0269032491485022
6.554330865129326 1.026541432573259
11.09009628911806 -1.0270860544164553
6.574333104527521 1.026541432573259
11.110071382349744 -1.0272275512311895
6.59433530699599 1.026541432573259
11.130069216897954 -1.0272275512311895
6.614321473779269 1.0264933904170879
11.151477991909223 -1.027050146603444
6.634828900736418 1.0265430806519704
11.171272858268413 -1.027166504168409
6.65632019729386 1.0268776951948473
11.191121208154819 -1.027378517964931
6.67632225118855 1.0268776951948473
11.211107659631425 -1.0274477098361703
6.696324267733404 1.0268776951948473
11.231105680516007 -1.0274477098361703
6.716309806559005 1.0268001986529733
11.25254677748638 -1.0272651332352352
6.736788915195678 1.0268377504557085
11.272348715387414 -1.0273830227012624
6.758306200961077 1.0271729691972222
11.292214968856173 -1.0275997278305116
6.77830806732531 1.0271729691972222
11.312208436328087 -1.0276702862844236
6.798309895956469 1.0271729691972222
11.332206645502191 -1.0276702862844236
6.818287947487457 1.0270983349113374
11.353656313556884 -1.0274849781927031
6.838757387257052 1.0271348247435022
11.373472174348901 -1.0276008165506023
6.860271451325948 1.027457077891745
11.393364952770455 -1.0277686934644261
6.880273128317848 1.027457077891745
11.41335336065939 -1.0278284126538675
6.9002747672306715 1.027457077891745
11.433351759890343 -1.0278284126538675
6.92024299716379 1.0273444814638235
11.454822403681007 -1.0276400941980983
6.940830507159788 1.0273927228769226
11.474655469062146 -1.0277532225786397
6.962206493539366 1.027687080600929
11.494564749870886 -1.0279205594033438
6.982207979503944 1.027687080600929
11.514558971455903 -1.0279855219718763
7.002209427081024 1.027687080600929
11.534557562323473 -1.0279855219718763
7.022167120743841 1.0275747825935608
11.5560090952616 -1.0278010906697816
7.042729913742881 1.0276151180131277
11.575852985543717 -1.0279151463840837
7.064078878299809 1.0278973212514724
11.595780596956567 -1.028080411416341
7.084080171770601 1.0278973212514724
11.615779342143819 -1.028080411416341
7.104079464511349 1.027867890171426
11.635778126038643 -1.028080411416341
7.124028928432008 1.0277611601043384
11.657248953814303 -1.0278978715777969
7.14463778850753 1.027804353267226
11.677117922071385 -1.0279924059593368
7.1659118216655004 1.0280713537650876
11.697042945443242 -1.0281368264521633
7.185912921366005 1.0280713537650876
11.7170385151076 -1.0281873693356458
7.205909021016103 1.0280415868052277
11.73732838862767 -1.0281371428729371
7.225851623479378 1.027940929091942
11.758503699922956 -1.0280062405561459
7.246418015128396 1.0279768551103827
11.778380924896723 -1.0281003579460355
7.267725894186728 1.0282465095610034
11.798317746547216 -1.0282484974686428
7.2877267990316765 1.0282465095610034
11.81831688078671 -1.0282484974686428
7.307725185015959 1.0282093129176604
11.838831904721815 -1.0281588288308752
7.327649911430593 1.0280775745026298
11.859818305986682 -1.0280608066875714
7.348301951227479 1.028130924647524
11.879709336105552 -1.0281510117713195
7.369529117821909 1.0283796595150767
11.899661205644945 -1.0282967113358432
7.38952982691832 1.0283796595150767
11.919660535788408 -1.0282967113358432
7.4095249939081675 1.0283466423149497
11.94027501010509 -1.028188498363108
7.429434393038314 1.0282120164920343
11.961179492129391 -1.0280943480454572
7.450025619662134 1.0282528250536638
11.981077210696355 -1.0281854635725038
7.471288679557799 1.0285022397340091
12.001041501461335 -1.0282902107204934
7.491289192205888 1.0285022397340091
12.021041028169835 -1.0282902107204934
7.5112784145077045 1.0284289068556933
12.041631135728899 -1.0281839853239108
7.531169516005309 1.0282902862743346
12.062616217487708 -1.0280725802340605
7.551823195411077 1.0283310118790892
12.082523968871053 -1.0281630801548796
7.572990416900845 1.0285592862090729
12.102497389555111 -1.028273969007709
7.5929907325946875 1.0285592862090729
12.122497113295733 -1.028273969007709
7.612971416188034 1.0284807544918713
12.143209837120233 -1.028144071410018
7.6328471231344155 1.0283412012345572
12.164107794451246 -1.028044617920686
7.653508037897766 1.0283772913111364
12.184027467461963 -1.0281224365629598
7.674625918238422 1.0285848246086329
12.203998873766936 -1.0282110192629226
7.694626036666469 1.0285848246086329
12.223998794812308 -1.0282110192629226
7.714596784058551 1.0284707113690164
12.24485478133281 -1.0280538862843525
7.734468726335164 1.0283410214410877
12.265660558179007 -1.027975310481942
7.7551943138937 1.0283796428701992
12.285579227583371 -1.0280596927371881
7.776171590587254 1.0285595520407933
12.305558032850417 -1.0281547709970424
7.79617151163263 1.0285595520407933
12.325558151278464 -1.0281547709970424
7.81613532053784 1.0284578203930381
12.346404560777733 -1.0279976359493255
7.836010092338267 1.0283420066182607
12.367204547340302 -1.0279237814726399
7.856727422165311 1.0283830726660215
12.38712712409467 -1.028011185982492
7.877625196170668 1.0285422115039582
12.407112865901265 -1.028065882148939
7.897624919911286 1.0285422115039582
12.427113181595107 -1.028065882148939
7.917598086926733 1.0284328434755563
12.44804580558558 -1.027892239196043
7.937475808807714 1.0283129498747783
12.468780314767 -1.0278292848011534
7.958277308604136 1.0283664062665594
12.488712406315086 -1.0279142575106446
7.979045650169725 1.0285031587832074
12.508703810428948 -1.0279713337588166
7.999045176878228 1.0285031587832074
12.528704323077037 -1.0279713337588166
8.019009308281596 1.028401291640345
12.549713778452697 -1.0277841044119478
8.038890446701508 1.0282939690160657
12.570386777160419 -1.0277207679070617
8.059826962778082 1.0283829274957748
12.59033066245719 -1.0278004250811168
8.080461322477047 1.028495055000497
12.610327939744503 -1.0278207804964554
8.10046065262051 1.028495055000497
12.630328648840914 -1.0278207804964554
8.120411797048911 1.0283468912583837
12.651299166924227 -1.0276356860173075
8.140290559080501 1.028244656373216
12.672042532837466 -1.0275511412082277
8.161331425197703 1.0283553552768212
12.691996535928201 -1.0276172306136022
8.181877825690467 1.028453136740352
12.71199235624203 -1.0276512921055128
8.201876959929965 1.028453136740352
12.731993261086975 -1.0276512921055128
8.221810147207563 1.0282985074753537
12.753078212907003 -1.02743985696408
8.241676154497453 1.0281940162877519
12.773747670229229 -1.027358806171859
8.262719325414025 1.0283061475108897
12.793705628411743 -1.0274270394784244
8.28326185291378 1.0284001115327752
12.813703792872284 -1.027444417575619
8.303257387654671 1.0283490447971546
12.833704892572788 -1.027444417575619
8.323171831312173 1.0281891595019987
12.854827901115481 -1.027218311248152
8.343018093641104 1.0280785652033775
12.875510364662649 -1.0271310732142682
8.36412824837174 1.028196591275139
12.895474594430485 -1.0272002253321986
8.384586528048377 1.0282752722135273
12.915474535311757 -1.0272199343043382
8.404585273235625 1.0282752722135273
12.935475828782549 -1.0272199343043382
8.424503855082904 1.0280938228310166
12.95673247816903 -1.0269657092388285
8.444303484469867 1.0279491412357207
12.977308148135009 -1.0268900504413
8.465562285687326 1.0280842893102566
12.997273120113295 -1.0269702189055743
8.485798799473995 1.02812469799987
13.017274567690375 -1.0269702189055743
8.50579358824407 1.0280682432071886
13.037276053654953 -1.0269702189055743
8.525699415318444 1.0278937706289621
13.058566347778507 -1.0267040333173099
8.545489164705454 1.0277523393290757
13.079158881436257 -1.0266296746404844
8.566945034070596 1.0279153911324823
13.099125552377876 -1.0267220092977372
8.586943433301546 1.0279153911324823
13.1191271912907 -1.0267220092977372
8.606933348657927 1.027864716747718
13.139128868282599 -1.0267220092977372
8.626829862420367 1.0277027957875513
13.160448711546788 -1.026440487603418
8.646624135232404 1.0275725460898595
13.181026307421465 -1.0263779476397585
8.668030281041958 1.0277305984727194
13.200998111993053 -1.026456604654559
8.688028490216062 1.0277305984727194
13.220999940624216 -1.026456604654559
8.708022333417798 1.0276656759661467
13.241001806988445 -1.026456604654559
8.727895957170976 1.0274651194644382
13.262403499802124 -1.0261627215412248
8.747706915871548 1.0273516435357877
13.282905726740765 -1.026112067839542
8.769109130399286 1.0275141702995938
13.302884482198547 -1.0261888265872208
8.789107151283872 1.0275141702995938
13.322886498743404 -1.0261888265872208
8.809095160729843 1.027454326244546
13.342888552638094 -1.0261888265872208
8.828953644516288 1.0272580944822651
13.364228235851824 -1.0259042503430893
8.848788519064557 1.0271613815225997
13.38477527475269 -1.0258435914604418
8.870189000185023 1.0273279206120487
13.404762679329167 -1.0258947200048247
8.890186834733237 1.0273279206120487
13.424764881797628 -1.0258947200048247
8.910165125293966 1.0272010950509467
13.444767121195824 -1.0258947200048247
8.930033434564852 1.0270244892879883
13.466130456602796 -1.0256036794189176
8.949821833959625 1.0268986021953153
13.48666799636639 -1.0255352098814612
8.97125970372026 1.0270753123334482
13.50666439257129 -1.025577325563882
8.991257354069138 1.0270753123334482
13.526666778789798 -1.025577325563882
9.011221624939662 1.026944209746184
13.546669201481487 -1.025577325563882
9.03106602690981 1.0267596597152937
13.568035989351413 -1.0252737687106637
9.050829473256222 1.0266262561887733
13.588577775334599 -1.0251952579153778
9.07225653486193 1.0268015351093889
13.608579510596378 -1.0252051988359678
9.092254003330298 1.0268015351093889
13.628582078210016 -1.0252051988359678
9.11222621764435 1.0266458286498137
13.648584681804298 -1.0252051988359678
9.132023174079537 1.0264016876539126
13.669976907076128 -1.02488452982179
9.151763215624916 1.0262625378173114
13.690532743889163 -1.024798904772269
9.173167471154144 1.0264317160386065
13.710535679351889 -1.0248129766952296
9.193164760240315 1.0264317160386065
13.730538425826737 -1.0248129766952296
9.213124135234208 1.0262851650165488
13.750541207754171 -1.0248129766952296
9.232892720861116 1.0260356237002817
13.772065819415692 -1.0244602664136842
9.252617249990605 1.0258954911447007
13.792513521099117 -1.0243855692756123
9.2739939438667 1.0260549535998034
13.812516588465735 -1.024384490799974
9.293991056246021 1.0260549535998034
13.83251951109135 -1.024384490799974
9.31393356117435 1.0258335766726703
13.852522468606518 -1.024384490799974
9.333732253756223 1.0256228919854267
13.874061931511543 -1.024021993416251
9.353400749146475 1.025451812908435
13.894542626024116 -1.0239443859163888
9.374755675935955 1.0256020499709493
13.914545205919907 -1.0239516096464203
9.394752614458163 1.0256020499709493
13.934548301812008 -1.0239516096464203
9.41470948309167 1.025449358760452
13.954551431996194 -1.0239516096464203
9.43447028883695 1.025196503272236
13.97617883785069 -1.023564879672002
9.454131689887362 1.0250297424374266
13.996566533621586 -1.0235045214700453
9.475425197892063 1.0251666834281885
14.016569765935188 -1.0235045214700453
9.495421965578457 1.0251666834281885
14.036573032038504 -1.0235045214700453
9.515361585414851 1.024942896044013
14.056576331802596 -1.0235045214700453
9.535106178307657 1.0246959283942394
14.078172432414517 -1.0231149517760223
9.554764736414917 1.024535272985782
14.098588827255924 -1.0230455012175257
9.576018401855443 1.024665193930739
14.118592227215434 -1.0230455012175257
9.596015001895935 1.024665193930739
14.138595660306716 -1.0230455012175257
9.615937664927747 1.024453655139557
14.158599126394247 -1.0230455012175257
9.635663142619853 1.0242114044947024
14.180162759313891 -1.0226523665655651
9.655329869276164 1.0240613759484802
14.200595669721208 -1.02257974704362
9.67656898212149 1.0241918720154832
14.220599233971273 -1.02257974704362
9.696565417871428 1.0241918720154832
14.240602830662477 -1.02257974704362
9.716463237068359 1.0239014337469439
14.260606459652832 -1.02257974704362
9.736229619287323 1.0237015673400782
14.282274539311475 -1.0221550263500463
9.755866812508673 1.0235330873978987
14.302616539912226 -1.0220828076607469
9.777088201016145 1.023658519096855
14.322620264935363 -1.0220828076607469
9.79708447599301 1.023658519096855
14.342624021676986 -1.0220828076607469
9.816999083864262 1.0234299986512576
14.36262780998879 -1.0220828076607469
9.836701350257183 1.023169286498666
14.384341931177365 -1.0216291366763401
9.856323983657923 1.0230008309127105
14.404661387555198 -1.0215604789089017
9.877532117193738 1.02312320036524
14.424665269675259 -1.0215604789089017
9.897528235073686 1.02312320036524
14.444669182759853 -1.0215604789089017
9.917418909204144 1.022816049628937
14.464673126654503 -1.0215604789089017
9.937101579268642 1.0225597145558383
14.486414383041664 -1.0210884140084542
9.956705429145428 1.0223901573077634
14.506727233146426 -1.0210258707536406
9.977892595552392 1.022508266058542
14.526731268532219 -1.0210258707536406
9.997888560166595 1.022508266058542
14.546735334098043 -1.0210258707536406
10.017752407749787 1.0222100429262237
14.56673942968339 -1.0210258707536406
10.037415827152264 1.0219594050158214
14.588590984512983 -1.0205293629345022
10.05701328412048 1.0217945109576763
14.608804040027238 -1.0204614603370767
10.078162637598707 1.0219057012213273
14.628808224696332 -1.0204614603370767
10.098158452929615 1.0219057012213273
14.64881243873116 -1.0204614603370767
10.118043971695467 1.0215915149689576
14.66881668196536 -1.0204614603370767
10.137633723349518 1.0212815279859992
14.690648057913085 -1.019964203934649
10.157229988845401 1.0211227096474795
14.710893710663782 -1.0198947452121494
10.178358289236645 1.0212299514779712
14.730898040486416 -1.0198947452121494
10.19835395941401 1.0212299514779712
14.750902398831506 -1.0198947452121494
10.218215976204224 1.0209309237784063
14.770906785526996 -1.0198947452121494
10.23786414997313 1.0206705360918
14.792677601278172 -1.0194066310566938
10.257384383145178 1.0204792074596696
14.812943055291779 -1.0193193401132545
10.278486148580585 1.0205814574366487
14.832947525994943 -1.0193193401132545
10.298481677877435 1.0205814574366487
14.852952024349133 -1.0193193401132545
10.318313573030963 1.0202067792189622
14.87295655017677 -1.0193193401132545
10.337949412207283 1.0199546679732414
14.89478843320875 -1.018801099780604
10.357470503436375 1.0197707551593984
14.914967409459244 -1.018728181088727
10.378554927701186 1.019870348337038
14.934972016630887 -1.018728181088727
10.39855032052955 1.019870348337038
14.954976650554848 -1.018728181088727
10.418407492807788 1.0195645258508441
14.97498131104819 -1.018728181088727
10.437962483095525 1.0192525608561314
14.996808526094641 -1.0181809582851709
10.457487872832084 1.0190767508281624
15.016987632813546 -1.018119827157636
10.478544859956234 1.0191739022518647
15.036992371906944 -1.018119827157636
10.498540120862835 1.0191739022518647
15.056997136827547 -1.018119827157636
10.51836778769389 1.0187930474861993
15.07700192738725 -1.018119827157636
10.537976672198575 1.018524702706617
15.098839201362503 -1.0175411638448661
10.557452145853341 1.0183249455165215
15.119013135632507 -1.017478825805416
10.578464392320816 1.0184124595936088
15.139018001970747 -1.017478825805416
10.598459525982575 1.0184124595936088
15.159022893185597 -1.017478825805416
10.618314475992188 1.0181036522120734
15.179027809083959 -1.017478825805416
10.637848942131663 1.017779686063175
15.200873054816354 -1.0169022989093788
10.657321770513041 1.0175856020368208
15.221046770377582 -1.0168380385233935
10.678311619332154 1.017668685911744
15.24105175915818 -1.0168380385233935
10.698306630551551 1.017668685911744
15.261056771840243 -1.0168380385233935
10.718129404555786 1.017284405481458
15.281061808225855 -1.0168380385233935
10.737644769384174 1.0169681086016513
15.302995816065925 -1.0162361801976927
10.757121124433288 1.0167819471768966
15.323078604729371 -1.0161857064760718
10.778098471258179 1.0168641506740954
15.343083711029006 -1.0161857064760718
10.798093364958543 1.0168641506740954
15.363088840231356 -1.0161857064760718
10.817885965016075 1.0164924443849004
15.383093992133926 -1.0161857064760718
10.837378442988857 1.016181723068241
15.405016934885534 -1.015587994455179
10.856853293842553 1.0160012060404775
15.425095917182567 -1.0155362585988335
10.877804699106504 1.0160823744099494
15.445101135961934 -1.0155362585988335
10.897799480327143 1.0160823744099494
15.465106376622671 -1.0155362585988335
10.917621352325584 1.0157004991728364
15.48511163895789 -1.0155362585988335
10.937108602481208 1.015368691991173
15.507031601293466 -1.0149316042406846
10.95649143698056 1.0151539439632482
15.52710597424999 -1.0148784185029347
10.977439997456258 1.0152352970061564
15.54711130035878 -1.0148784185029347
10.997434671347467 1.0152352970061564
15.56711664730601 -1.0148784185029347
11.017224708030424 1.014863892240555
15.587307178942432 -1.014784479923678
11.036692286021205 1.014539319593779
15.609149904559331 -1.01422665269416
11.056064484229951 1.0143279027005496
15.629133426203307 -1.0141870356681468
11.07701656493499 1.0144089434433818
15.649138854385303 -1.0141870356681468
11.097011136753 1.0144089434433818
15.669144302342229 -1.0141870356681468
11.116833882997753 1.01403134646043
15.689563627027596 -1.01396944682551
11.13621044300894 1.0136477489217086
15.711182740173053 -1.0135185058082943
11.155572775692093 1.013440052202592
15.731164425959317 -1.0134775296700553
11.176502685562975 1.0135178702434857
15.751169950857548 -1.0134775296700553
11.196497160664736 1.0135178702434857
15.771175494447704 -1.0134775296700553
11.216290888063108 1.013155366343737
15.791687765755627 -1.0131986347676287
11.235736124135622 1.0128196635890294
15.813201089642186 -1.012792538474989
11.255037679031341 1.0125869053716818
15.83318425462662 -1.0127500695355975
11.275880715961968 1.0126486376379131
15.853189870788686 -1.0127500695355975
11.295875099799904 1.0126486376379131
15.873195504541204 -1.0127500695355975
11.315706437251897 1.012290925086128
15.893763342749933 -1.0124326101078416
11.33507149732178 1.0119032059572122
15.915187362583456 -1.0120503703155754
11.354375790912824 1.0116780573266935
15.935163647998198 -1.012006804268807
11.375209951322311 1.0117392164519607
15.955169349881626 -1.012006804268807
11.39520424943889 1.0117392164519607
15.975175068236684 -1.012006804268807
11.415007549132072 1.0113950709468038
15.995689112751432 -1.0117019301816568
11.434358770416557 1.0110205644088344
16.017211800606233 -1.011295400805838
11.45366701268876 1.010803291639891
16.03709397808352 -1.011265768480575
11.47449112761281 1.0108646928753584
16.05709976006123 -1.011265768480575
11.494485345635097 1.0108646928753584
16.077105557375496 -1.011265768480575
11.514258638617846 1.0104634226998919
16.097685409185765 -1.0109092259390644
11.533588442179498 1.0100977749523465
16.119106834636426 -1.0105364961593388
11.55290055092036 1.0098888837645408
16.138993066550963 -1.0105049205225443
11.573712641389 1.0099481604869531
16.158998922916847 -1.0105049205225443
11.593706785023114 1.0099481604869531
16.179004793469076 -1.0105049205225443
11.613518464343667 1.009620227681374
16.19967407167386 -1.0101007639788575
11.63285306988195 1.0092390865994556
16.220999806098867 -1.0097713072365821
11.652060082167191 1.0089956491561967
16.240887627525034 -1.0097383176926347
11.672848167955705 1.0090507088910559
16.260893552499564 -1.0097383176926347
11.692842242981174 1.0090507088910559
16.28089949049623 -1.0097383176926347
11.712626225826302 1.0086739989444706
16.30157057626341 -1.0093176515887547
11.731946738499019 1.0083045626441332
16.32297856414761 -1.00896378615549
11.751154536608766 1.008068036518167
16.34277200856278 -1.0089452216329944
11.771909025237665 1.0081189811458333
16.36277799629873 -1.0089452216329944
11.791903037501722 1.0081189811458333
16.382783995879738 -1.0089452216329944
11.811727045065371 1.007821089234502
16.40354878309308 -1.0084956038432111
11.830962153762947 1.0074029799474173
16.42486020407454 -1.0081673210972348
11.850225680862387 1.0071871754082815
16.44464269189676 -1.0081491867606216
11.870912506278225 1.0072263005972402
16.464648736484953 -1.0081491867606216
11.890906461690038 1.0072263005972402
16.484654791729447 -1.0081491867606216
11.91076616848689 1.006949168322074
16.505512099413124 -1.0076511865830653
11.930020350496758 1.0065214983351003
16.526729891455663 -1.0073477643752566
11.949187653248734 1.006274355247916
16.54649723902915 -1.007330241410076
11.969868051979462 1.0063139012246904
16.5665033345043 -1.007330241410076
11.989861956504312 1.0063139012246904
16.586509439436487 -1.007330241410076
12.009694026007114 1.0060390627990055
16.607318170874876 -1.0068414005514472
12.028929179977444 1.0056230625579776
16.62855615790441 -1.0065248689865678
12.048103894563003 1.0053848160840388
16.648313274729905 -1.006507887608006
12.068771667776312 1.0054229504539043
16.668319415076514 -1.006507887608006
12.088765527429695 1.0054229504539043
16.688325563671565 -1.006507887608006
12.108627938374491 1.00515862807928
16.70918341149858 -1.0059812433254363
12.127777921136277 1.0046940469809589
16.730390880425986 -1.005679312601498
12.146957072773542 1.0044638931696992
16.75006043003395 -1.0056758366409118
12.16760924663889 1.0045000959254045
16.77006660919225 -1.0056758366409118
12.187603067480591 1.0045000959254045
16.790072795382237 -1.0056758366409118
12.207441632981764 1.004232467362537
16.810885667325888 -1.0051489080313492
12.226673067252026 1.0038170550807322
16.832103384388645 -1.0048361835588913
12.245744417362264 1.0035541463839865
16.851766405546265 -1.0048326694006895
12.266360288423948 1.0035861071372543
16.871772617418166 -1.0048326694006895
12.286354076552053 1.0035861071372543
16.891778835098066 -1.0048326694006895
12.30622365250429 1.003326722724088
16.912662494450306 -1.0042585715226946
12.325379934670046 1.0028681352574347
16.93377718016085 -1.0039743288249767
12.344465439778306 1.0026165479372258
16.95342110014548 -1.0039719766719701
12.365064828900968 1.00264636721471
16.97342733860061 -1.0039719766719701
12.385058590445839 1.00264636721471
16.99343358163433 -1.0039719766719701
12.404957658990288 1.0024469932078988
17.014280080959164 -1.0034131372995059
12.424146488924414 1.0019863072215223
17.035408479129185 -1.0031179809292883
12.443180022472946 1.0017142123772536
17.055036694464587 -1.0031172288821164
12.463730180629122 1.0017362957447038
17.075042953346347 -1.0031172288821164
12.48372392174736 1.0017362957447038
17.095049215572764 -1.0031172288821164
12.503648051328936 1.0015501449462245
17.116028148005245 -1.0024928065417833
12.522769976161605 1.001052022346713
17.13705556021942 -1.0022357756543132
12.541814073803902 1.000789648968544
17.156609080903507 -1.0022472036363483
12.562346989867004 1.000811246475568
17.17661535403514 -1.0022472036363483
12.582340716735372 1.000811246475568
17.196621629274187 -1.0022472036363483
12.602288140334917 1.0006860674553006
17.217558106741023 -1.0016453204964018
12.621345935875455 1.0001512110644468
17.23859814928122 -1.0013780192393071
12.640382334226054 0.9998942303905479
17.258137793197943 -1.0013900134497653
12.660905061508226 0.9999139426749083
17.27814407438862 -1.0013900134497653
12.680898780317547 0.9999139426749083
17.298150356447405 -1.0013900134497653
12.70088160477543 0.999850025280373
17.31905097780414 -1.000765358120772
12.719969728783175 0.9992860537814945
17.340100195769324 -1.0004879428596603
12.738887506359843 0.9989955214104965
17.359618726163706 -1.0005025042932725
12.759412929983073 0.9990157354691486
17.37962500921466 -1.0005025042932725
12.779406646932125 0.9990157354691486
17.399631291893538 -1.0005025042932725
12.799400364253247 0.9990157354691486
17.420554340730824 -0.9998629547432974
12.81844572467402 0.9984103393611268
17.44156356651201 -0.9995939016382064
12.837415836859735 0.9981378067813976
17.461072399079594 -0.999609372992166
12.857859875294235 0.9981451769171216
17.4810786777902 -0.999609372992166
12.87785359658363 0.9981451769171216
17.50110225860958 -0.9995056771524866
12.8978473194849 0.9981451769171216
17.521974717508616 -0.9989418166340804
12.916975373833804 0.9975742218018958
17.543000083934853 -0.998660923729162
12.935846541535026 0.9972734455487589
17.562474917709483 -0.9986796319851857
12.956252116585096 0.9972758409778619
17.582481185883417 -0.9986796319851857
12.976245848411162 0.9972758409778619
17.602545827941235 -0.9985196946383665
12.996239583087318 0.9972758409778619
17.62344524955768 -0.9980033738968158
13.015338600483286 0.996713494438239
17.64442369697639 -0.9977418849297701
13.034226442423233 0.9964252254281051
17.66382398369654 -0.9977743089691047
13.054618401829908 0.9964255725012118
17.683830235147862 -0.9977743089691047
13.074612150378579 0.9964255725012118
17.70391251928212 -0.9975653389024788
13.09460590301274 0.9964255725012118
17.72475014152088 -0.9970830906352519
13.11368041730466 0.9958493418605033
17.745742398781818 -0.9968108374819016
13.132597007901788 0.9955760882326254
17.765125870200425 -0.9968443304774498
13.152967457272192 0.9955744589446782
17.78513209875972 -0.9968443304774498
13.172961228712895 0.9955744589446782
17.80523460623913 -0.9966478612554276
13.192955005470454 0.9955744589446782
17.826008428079593 -0.996204645804143
13.212111854959275 0.9950507574212722
17.847019945051176 -0.99591898787459
13.230941502813467 0.9947535243336427
17.866389639919987 -0.9959531052145795
13.251260822169398 0.9947457323515485
17.886395839440418 -0.9959531052145795
13.27125462264897 0.9947457323515485
17.90652203863931 -0.9957074101943865
13.291248429671517 0.9947457323515485
17.927331736037043 -0.9952656549538934
13.310370495425762 0.9942165901175478
17.948230440540865 -0.9950145869219353
13.329279650233882 0.9939427848004332
17.967579742661982 -0.9950505155104457
13.349542275728316 0.9939246083811057
17.987585907025363 -0.9950505155104457
13.369536111364928 0.9939246083811057
18.007687997600947 -0.9948489517177167
13.38952995476419 0.9939246083811057
18.02846816963825 -0.9943984174254371
13.408738983471599 0.9934484184918131
18.04943069100879 -0.994126262663469
13.427565493976317 0.9931509881208768
18.06872523011955 -0.9941737112447733
13.44781281040129 0.9931338587047903
18.088731353242405 -0.9941737112447733
13.467806687278435 0.9931338587047903
18.10886435684335 -0.993902596639268
13.487800573130224 0.9931338587047903
18.12967918880101 -0.9934566734099426
13.507001250026086 0.9926584555177977
18.150529533144088 -0.9932184870291746
13.52583653885916 0.9923715192229908
18.169798342506628 -0.993268941391497
13.546055651728324 0.9923498039590871
18.189804418346174 -0.993268941391497
13.56604957588878 0.9923498039590871
18.209974408648037 -0.9929738300566616
13.586043510227029 0.9923498039590871
18.230708005761443 -0.9925726804325863
13.60534948629608 0.9919240956263422
18.251558132755914 -0.9923278243288373
13.624087832185175 0.9916111568680401
18.27080772918377 -0.9923807848402795
13.644291127312528 0.9915855064307608
18.290813751743883 -0.9923807848402795
13.664285104752413 0.9915855064307608
18.310959319079707 -0.9920760433317916
13.684279093563195 0.9915855064307608
18.331677376329957 -0.9916607635814564
13.703668864620521 0.9911716848185481
18.352543552033715 -0.9914029677275916
13.722437766007118 0.9908592821029469
18.371756402487378 -0.9914597050435704
13.74250120817705 0.9908155473441413
18.391762365824523 -0.9914597050435704
13.762495244839904 0.9908155473441413
18.411941892644588 -0.9911497481257581
13.78248929405554 0.9908155473441413
18.432694263798638 -0.9907375283661967
13.801835189378366 0.9903921324413438
18.453453115283033 -0.9905143098400823
13.82067734990855 0.9901047054718546
18.472668639440727 -0.9905712149039628
13.840699063725763 0.9900589859424871
18.492674537669807 -0.9905712149039628
13.860693165496683 0.9900589859424871
18.512825612282263 -0.9902642886709778
13.880687280989873 0.9900589859424871
18.53354679182591 -0.989845172859781
13.900047452173933 0.9896219554153614
18.554308083135393 -0.9896145223410161
13.918834171371246 0.9893162075105404
18.57350510000961 -0.9896727023779676
13.938903630418128 0.9892820680659431
18.593510927309783 -0.9896727023779676
13.958897803117953 0.9892820680659431
18.613689443888003 -0.9893724550648484
13.978891990695999 0.9892820680659431
18.634325918246624 -0.9890043693977507
13.998156642753347 0.9888244615571444
18.655160693105305 -0.9887480208365966
14.016910905648746 0.9885167729846633
18.67427851434323 -0.9888237475368087
14.037076208991822 0.9884968290453711
18.694284264963663 -0.9888237475368087
14.057070458371394 0.9884968290453711
18.714433872536198 -0.9885175727944268
14.077064723770457 0.9884968290453711
18.73505201740545 -0.9881381783611907
14.096369668212578 0.9880884633407917
18.75588418403311 -0.9878747477682212
14.114981116703937 0.9877220047755348
18.774955722072484 -0.9879563101024527
14.135105672471013 0.9876946220716054
18.794961390338 -0.9879563101024527
14.155100004205497 0.9876946220716054
18.81514409085723 -0.9876473391145432
14.175094353084933 0.9876946220716054
18.835783621445884 -0.9872765255694583
14.19450209609869 0.9873585996371971
18.856524516425786 -0.987044723454695
14.212930424028913 0.9869573480505869
18.87558331258684 -0.9871279078213536
14.233041442888016 0.9869266249351077
18.895588892903547 -0.9871279078213536
14.25303586257131 0.9869266249351077
18.915741245916973 -0.9868138634708854
14.27303030050809 0.9869266249351077
18.936360647216652 -0.986432409814886
14.292576019568394 0.9866802843386238
18.957125132781584 -0.9861848858150697
14.310907889969025 0.9862682936312832
18.976155831675307 -0.9862699478047527
14.33095282425054 0.9862310700286125
18.996161318536103 -0.9862699478047527
14.350947337389742 0.9862310700286125
19.016362654161487 -0.9859334704377773
14.370941869872953 0.9862310700286125
19.036875894259012 -0.9856269076994999
14.390616623223279 0.9860571938040726
19.05763551771532 -0.9853733842357228
14.409019210225571 0.9856547501260836
19.076678744156172 -0.9854560637011811
14.428949471637033 0.9856002287348665
19.096684132146194 -0.9854560637011811
14.44894408364701 0.9856002287348665
19.116852337643138 -0.9851190172241531
14.46893871607243 0.9856002287348665
19.137439108336903 -0.9847656662409616
14.488719135121535 0.9854854810836827
19.158088641760305 -0.9845516796951514
14.507130387903407 0.9850619281706374
19.177127480878127 -0.98463344604134
14.527051060517048 0.9850075109063725
19.19713276468008 -0.98463344604134
14.547045776715104 0.9850075109063725
19.217315707442058 -0.9843088419879632
14.567040514379878 0.9850075109063725
19.237822888023207 -0.9840003103452242
14.586965574173242 0.9849703371506688
19.258532691551274 -0.9837638205699726
14.605264808495667 0.9844617317304438
19.277490718835658 -0.9838640610370404
14.62519036487972 0.9844098525854115
19.297495893235062 -0.9838640610370404
14.645185190480314 0.9844098525854115
19.317650855140602 -0.9835278797502689
14.665180038577743 0.9844098525854115
19.338137847669724 -0.9832122880948666
14.685174909375393 0.9844098525854115
19.358832669967903 -0.9829726671756671
14.70334879824406 0.9838135528000185
19.37774979149823 -0.9830789036498845
14.723245073831798 0.9837608229526948
19.39775485138858 -0.9830789036498845
14.743240013941445 0.9837608229526948
19.417943416319723 -0.9827406313121602
14.763234977555829 0.9837608229526948
19.43845075887094 -0.9824326443804797
14.783229964873772 0.9837608229526948
19.45905223123952 -0.9822278033442916
14.801403015539867 0.983162761594226
19.477964045011195 -0.9823353932306759
14.821256204995706 0.983103313682367
19.49796898539899 -0.9823353932306759
14.841251264607912 0.983103313682367
19.5181271586679 -0.9819853091785112
14.86124634870955 0.983103313682367
19.538613660868563 -0.9816699831692964
14.881241457494703 0.983103313682367
19.559225768903634 -0.9814536748388619
14.89937712674292 0.9825128884965031
19.578107110030526 -0.9815640695021274
14.919239244142226 0.9824577669848533
19.598111926040207 -0.9815640695021274
14.93923442813255 0.9824577669848533
19.618240866517436 -0.9812796561555356
14.959229637572847 0.9824577669848533
19.638707411325935 -0.9809547324741409
14.979224872652239 0.9824577669848533
19.65931848769813 -0.9807307473253308
14.997315301365441 0.9818903897102075
19.67819552271544 -0.9808421210189441
15.017180725643389 0.9818364025404135
19.69820020959418 -0.9808421210189441
15.037176038764656 0.9818364025404135
19.71835740713902 -0.9804883355072562
15.057171378271313 0.9818364025404135
19.738742237090676 -0.980223544453391
15.077166744347352 0.9818364025404135
19.75935291704257 -0.9799912186836491
15.095300260768727 0.9813039898649472
19.778208722262022 -0.9801045154093913
15.115120167349188 0.9812564643519224
19.798213275384434 -0.9801045154093913
15.135115614226775 0.9812564643519224
19.81833849688573 -0.9798225107399762
15.15511108839914 0.9812564643519224
19.838791072455848 -0.9795091244290862
15.175106590044946 0.9812564643519224
19.859303895669466 -0.979317064797891
15.19325831351319 0.9807596013634864
19.878156983356796 -0.9794290554347352
15.213081668836008 0.9807127560698643
19.898161398229497 -0.9794290554347352
15.233077253963305 0.9807127560698643
19.918259835995606 -0.9791401074791126
15.253072867267818 0.9807127560698643
19.938683430142383 -0.9788223282552178
15.273068508922726 0.9807127560698643
19.959255761808155 -0.9786060633395076
15.291238177451303 0.9802354345778633
19.978022931927118 -0.9787364161367331
15.311030452616079 0.980210863049246
19.99802720419317 -0.9787364161367331
15.331026180350024 0.980210863049246
0.018148744861193652 -0.9784965092291977
15.35102193711583 0.980210863049246
0.038490086564544834 -0.9782438956223001
15.371017723081001 0.980210863049246
0.05904995896625703 -0.9780237661932152
15.389235877539665 0.979762319358878
0.07783054638791403 -0.978152667825218
15.409010012942895 0.9797255628704422
0.09783467183110067 -0.978152667825218
15.429005887499708 0.9797255628704422
0.1179340595742472 -0.9779086964389773
15.449001791914357 0.9797255628704422
0.13825694969560048 -0.977649447352361
15.468997726348535 0.9797255628704422
0.15879586233423512 -0.9774284754802792
15.48742230525066 0.9793278457151471
0.17756495300919703 -0.977559758229854
15.507014879346242 0.9792688019619064
0.19756892755821007 -0.977559758229854
15.527010904797235 0.9792688019619064
0.21764776543408326 -0.9773503268049614
15.547006960902584 0.9792688019619064
0.23803010403556685 -0.9770391897554153
15.56700304781799 0.9792688019619064
0.2584714288319607 -0.9768607003014654
15.585521346004407 0.978889917252656
0.2772269961279263 -0.9769962895740022
15.60508420455412 0.9788172549748033
0.29723081586035666 -0.9769962895740022
15.625080384821688 0.9788172549748033
0.3173326153979714 -0.9767146298879616
15.64507659650988 0.9788172549748033
0.33764409200821655 -0.9764647712181451
15.665072839768255 0.9788172549748033
0.35807996900513717 -0.9762801443254339
15.683572595663843 0.9784211652375644
0.37677646425293865 -0.9764241515263501
15.703174015318453 0.9783341600507479
0.3967801253991795 -0.9764241515263501
15.723170354172211 0.9783341600507479
0.41685948316100047 -0.9762113659586636
15.743166725181858 0.9783341600507479
0.43715982451546415 -0.9759467873857429
15.763163128490653 0.9783341600507479
0.4575948560381658 -0.9757539170247441
15.781628428765615 0.9779177508813592
0.476284937226945 -0.9758996737280642
15.801248323395546 0.9778299050965813
0.49628843617388296 -0.9758996737280642
15.821244824448604 0.9778299050965813
0.5163483861887664 -0.9756794749146704
15.84124135836108 0.9778299050965813
0.5366300432655631 -0.9754076995738861
15.861237925269796 0.9778299050965813
0.5570613687862036 -0.9752074683358939
15.879576569824382 0.9773920990000545
0.5757379415055452 -0.9753541167698896
15.899221052819248 0.9773203050464644
0.5957412748001416 -0.9753541167698896
15.919217719524651 0.9773203050464644
0.615819102659116 -0.9751442792808432
15.939214419760559 0.9773203050464644
0.6361125027726564 -0.9748886779234776
15.959211153657241 0.9773203050464644
0.6564649668028779 -0.9747279189391976
15.977566035282326 0.9769013675736687
0.6751305907250853 -0.9748775331308092
15.997148283799799 0.9768467584999273
0.695133755077783 -0.9748775331308092
16.017145119447108 0.9768467584999273
0.7151909391493276 -0.9746641682003233
16.03714198926292 0.9768467584999273
0.7354634564282014 -0.9744003935609468
16.057138893370823 0.9768467584999273
0.7558125898017466 -0.9742333654272819
16.075550820985953 0.976467059494621
0.7744455117375846 -0.9743873055291509
16.09510857270007 0.9764282371310938
0.7944485040255482 -0.9743873055291509
16.115106683292726 0.9764447803404099
0.8144878181412103 -0.9742483642023101
16.13510372577756 0.9764447803404099
0.8347302979324704 -0.9739877241300354
16.15510080315195 0.9764447803404099
0.8551252188986046 -0.9737968612905019
16.173578025902536 0.9760971906614518
0.8737008793074246 -0.9739697972418335
16.19318953146494 0.9760627276617367
0.8937036965776279 -0.9739697972418335
16.213188955801325 0.9760761773012645
0.913759592518259 -0.9737624045712265
16.23318617387389 0.9760761773012645
0.9339510881727149 -0.9735616844335637
16.253183427399044 0.9760761773012645
0.9543319496491822 -0.9733680410853712
16.271761588976727 0.9757538632287355
0.9728888033476298 -0.9735427773789452
16.29131436065865 0.9757020111408327
0.9928914428197618 -0.9735427773789452
16.311316047296426 0.9757319924611115
1.012928451971741 -0.9734108526580825
16.33131344370215 0.9757319924611115
1.0331672525688544 -0.9731554851481652
16.35131087608851 0.9757319924611115
1.053474045549561 -0.973002600600538
16.369854703526997 0.9754081843543762
1.0720319547704609 -0.9731782489963878
16.389422969701695 0.9753491343610612
1.0920344138396896 -0.9731782489963878
16.409426680000756 0.9753724287156766
1.1120587409643745 -0.9730420491666121
16.429424257309066 0.9753724287156766
1.1322699239120768 -0.972787490753803
16.449421871090557 0.9753724287156766
1.1525685354501514 -0.9726302670889323
16.467886800876645 0.9750379869580991
1.1710941105497645 -0.9728114060056234
16.487474540129405 0.9749798918176086
1.1910963867892845 -0.9728114060056234
16.507482073890575 0.9750203256345586
1.211133712615589 -0.9726790598287143
16.52747983449238 0.9750203256345586
1.2312979837167293 -0.9724858694263243
16.54747763202391 0.9750203256345586
1.2515832717277595 -0.9723264544325274
16.56601610664499 0.9747086893239216
1.270100167700451 -0.9725110006940283
16.585564922884284 0.9746456881645891
1.2901022588638815 -0.9725110006940283
16.605579033870352 0.9746915772349578
1.3101255345109157 -0.9723790492364702
16.625576979975666 0.9746915772349578
1.3302748196896625 -0.9721774181626234
16.645574963430807 0.9746915772349578
1.3505431182038892 -0.9720178803042406
16.66417477582642 0.9744071701620101
1.3690390248193396 -0.9722063871130651
16.683684077986765 0.974344988112686
1.3890409288429624 -0.9722063871130651
16.70370600888197 0.9744054200834742
1.4090533092895996 -0.9721433026186362
16.723704142517736 0.9744054200834742
1.4291855287198783 -0.9719352064914278
16.743702313886576 0.9744054200834742
1.4494383163652451 -0.9717743587709596
16.762478145088583 0.9741617853437754
1.4679215586722625 -0.9719703410145345
16.78183304402091 0.9740774806653942
1.4879232736770331 -0.9719703410145345
16.801859538926323 0.9741351226378027
1.5079293446473419 -0.9719044313383953
16.821857861934433 0.9741351226378027
1.5280912351012814 -0.9716454921255143
16.84185622302161 0.9741351226378027
1.5482844305647452 -0.971524922975927
16.860724393422043 0.9739154341611365
1.5667293483093525 -0.9717320501717612
16.880084496569403 0.9738380474098454
1.5867308726027725 -0.9717320501717612
16.900097748451174 0.9738768637407463
1.606743301003247 -0.9716663955563801
16.920096262486595 0.9738768637407463
1.6268703776541504 -0.9714690893957064
16.940094814909514 0.9738768637407463
1.647055530855453 -0.9713451838086882
16.95910423260482 0.9736824907691597
1.6655155896819498 -0.971555739961433
16.978373092879604 0.973577840751315
1.6854629907889007 -0.9715650921529051
16.99838749638772 0.9736078001772224
1.7054685269846888 -0.9715014512779027
17.018386202916933 0.9736078001772224
1.7255777097593035 -0.9712960778255306
17.03838494810418 0.9736078001772224
1.7457950320608902 -0.9711492457843729
17.057357804829902 0.9734071615869156
1.7644171827203148 -0.9713485910897324
17.076632975287705 0.9732836795215727
1.7840972983994319 -0.9714037682611734
17.096649264166924 0.9733116614221624
1.8040983980999363 -0.9714037682611734
17.11664983817828 0.9733367671000375
1.8241906754868211 -0.9711893569407366
17.136648777368205 0.9733367671000375
1.8443987585417585 -0.9710374075596266
17.155587945071982 0.9731315570543966
1.8631253205584046 -0.9712228453950692
17.17485149666863 0.9730033998936228
1.8827029985020134 -0.971296391858683
17.194880497891376 0.9730663430707576
1.9027039033469586 -0.971296391858683
17.21487959304643 0.9730663430707576
1.922778849399827 -0.9710707232470727
17.234878727285924 0.9730663430707576
1.9429794296625773 -0.9709115684254771
17.25392938589474 0.97288243310117
1.9617888896599536 -0.971083903062254
17.273033756865804 0.9727381357595627
1.9812520588678648 -0.9711782951362776
17.29307861161134 0.9728134088548234
2.0012527679642798 -0.9711782951362776
17.313080263792635 0.9728488280203851
2.0213460036284974 -0.9709672904078066
17.333079593936098 0.9728488280203851
2.0415050788347795 -0.9708453883992922
17.352191954126475 0.9726805335999565
2.0604461735443658 -0.9709968804974023
17.371295950022624 0.9725345219104565
2.0797760553439217 -0.9711153187929582
17.391348810416716 0.972608683270654
2.0997765679920106 -0.9711153187929582
17.411354443199993 0.9726455558588692
2.119849195166875 -0.9708977670000952
17.431353969908493 0.9726455558588692
2.140001478796834 -0.9707702072156249
17.450652377588664 0.9725105192180793
2.158935462555958 -0.970918164550976
17.46965221494082 0.9723448497928813
2.1782497836545565 -0.9710413643331762
17.48970879999468 0.972414111163726
2.1982500993483987 -0.9710413643331762
17.509720141390755 0.9724840888572719
2.2183029293866894 -0.9708929555052969
17.529719865131373 0.9724840888572719
2.238439384493832 -0.9707665009447417
17.549083157860434 0.9723580653046342
2.257486830429821 -0.9708964785127974
17.568030960381947 0.9721730393880322
2.276687527164965 -0.9710408951225167
17.58809080674461 0.9722382139467369
2.2966876455930088 -0.9710408951225167
17.60810828137441 0.9723036157669137
2.3167244806553517 -0.9708937882359199
17.62810820241978 0.9723036157669137
2.336845978176417 -0.9707684752514172
17.647346249099225 0.9721542626072035
