3.100021723610207 -1.8975160884542586
14.628629842513659 -0.35163883344452135
4.139979961787107 -1.9439435294500569
15.597179707652113 -0.08023169112672407
2.974098249814752 -1.886494663190342
16.141389850255536 -0.49676563702881765
3.259900959266958 -1.9622923430112744
15.865181045240856 -0.6390640521930174
13.067597906043144 -0.04719398805966246
0.9355845510105525 1.1776053121343442
2.438750205307017 -0.4231937010901408
18.908266815126126 1.011640360946341
8.539436107372465 1.5489485273673083
0.5954300259131938 0.04832370692483624
4.080818052094277 -1.9585062079920623
13.373733981038617 -0.7988529833605525
0.8997931207505213 -0.970895465674875
12.454822595264277 -0.6180474154886846
0.603236213295208 -0.8857133793015162
15.327677384880525 -0.5699540030550754
3.353289440382843 -0.9451518278414905
6.511026470670788 -1.8767215259162602
9.091572726246595 1.131180276909122
0.7716326863914924 0.09172148542269423
2.018658092450497 -0.2696148732342276
5.18878326554364 -2.522470041904175
13.051825802733656 -0.01568320962768279
10.57473721265516 -0.9268714881430951
9.553641917071813 1.1859023460820688
10.426151701019636 -0.8987168514718404
0.33142013996553377 -0.9113881695533719
8.378071867291737 -1.072977311855773
2.2472250750241805 -1.3325004538307375
14.637376635538132 -0.22337852968718241
6.733241910819045 -1.2743737063519127
11.954733583956836 -0.9269279597296678
1.7237950955424821 0.07569562793400852
11.524004522471948 -0.923153014114393
6.516725065903971 -0.6855869211569687
10.461382294142181 -0.906001163107745
2.062533978729207 1.0219567450755236
10.061505057154287 -0.34997638438412915
19.796535132276592 1.4933472832084862
13.03691811998169 -0.6884957354502479
5.972386073789562 -0.9005723280766799
10.115246654583718 -0.3375671593271983
19.828686287020655 -1.2171806845345137
9.039695513920284 -0.6545022435441675
17.330852981703543 -0.1894590740045864
10.755713346250324 -0.34456660579827764
8.359018148146307 1.307670771961913
11.521215722439964 -0.6536804641270568
0.23465545218656772 1.5725746439890913
10.851144926798575 -0.32842285369720153
19.689894111477322 1.4515240227561281
4.35799927117713 -2.0565966129232125
7.618515229634702 -0.21840261453030965
10.662309980584512 -0.3576615743941726
2.319601513751215 -1.3896611422654876
6.753896925497423 -1.520702018828302
7.0449555638528425 0.5708296935000057
8.710078963420983 -0.7152668012276028
9.35787684568387 1.0495364130708604
16.63515495650049 0.26307997013097784
1.3452532847291303 1.0938447733641312
7.891814527675183 -1.0310062234293644
15.24370744646202 0.06018262356211898
2.8504782163077396 2.9174405254568803
2.1146778760204983 -0.2651244699217413
11.50083461019631 -0.9235823179864362
19.541649668410304 -1.1519140915694601
5.302245354631863 -2.087170954894392
4.561824826860178 -1.6306836361490995
4.985487567292678 -2.1344773382869096
8.346199652995628 1.2585122877794335
11.310411352987943 -0.5709087451498187
5.245984418744054 -1.1036799333763363
13.523676886957444 -0.23854175024075944
1.7290641504057325 0.008114909834396465
0.1840799795964969 1.9362655346814925
3.188502624856836 -0.8718878090602602
4.032772203217487 -2.250459272010987
4.554115034148235 2.949336821217481
10.86615673495688 -0.48288991706824264
9.707399226868178 0.42970214420550934
17.861791731449234 -0.12094133568991132
12.384687271524259 1.2920340045424235
7.345311387259089 -1.475015538150632
3.621804246249918 -1.0067149476921378
5.7843573089304225 -2.2095361022714246
7.615840705184776 -0.7087836732198091
10.473100091625922 -0.9580365442594921
1.8287013653107949 -0.09334188032341145
12.605117120340562 -0.7111592317198758
1.7637792068814067 -1.0219536092448123
15.527682983470209 -0.5293134715308503
2.2389912130040766 -0.40687496477342266
10.027000148625085 -0.7189048974120682
8.843491107084708 0.252858231110225
9.278813456771678 -0.7741433308336729
19.002394976049782 0.42729796666089365
14.016689267528816 -0.7872686717935179
6.131087782913282 -1.1849622716141643
13.437016193908883 -0.46119220876102307
18.791557935785686 0.5358419086504945
1.2181995477892709 2.2360040847823663
4.879668912596246 -1.0866139575530722
11.57194737236807 -0.8909070457151272
17.24435729806052 -0.6046398673686499
15.712577295169948 -0.3677454509797214
18.129162169316068 -0.22011008982261532
8.15100349855281 -0.9850379070304157
8.489701099469627 0.12893939023148188
0.7952447711698052 -0.3097210169168917
8.504809790298804 -0.16583662115445352
11.864397888630075 -0.7559961247181394
18.26416782165348 -0.24937666960246596
17.120611771005763 0.4611606155926559
11.825457519384434 -0.6005184543773768
18.945757586055038 0.5427420713541967
11.494813184893097 -0.15424063640075095
18.862069087860274 0.011331107621019701
5.0370051283347115 -1.8988918520978237
12.123103256529452 -0.8480461001713371
3.966486012043587 -1.0398198542835542
16.511776367712326 0.2046264042925987
10.206305361058952 0.5842242980643071
18.591088995021398 0.5354886927883885
16.796574413775073 -1.3276218983085584
17.7361095727007 -0.04597340136790365
16.21626313972597 -1.2152962189821959
17.551340038606124 -0.24850302648956218
16.344362264429005 -0.9792544839590575
12.17048377799323 -0.8342232941807293
5.445916556959842 -1.878739565984867
13.776611683558654 -0.13982200081264015
6.206857476598997 -0.8036888512645454
12.225346245126486 -0.610906349488695
9.218637102834204 -0.48129127126032123
17.698489888674555 -0.061131897105561606
18.713244799903812 -0.5040462274873965
14.925087215858106 -0.23285418727139462
4.096600499357761 -2.1086473999784725
17.566630313468895 -0.08494305764135
14.086929662843703 -2.1932313593543045
18.60742585121294 0.5005066444085157
4.332884010773656 -1.710907225340725
17.133057738556627 -0.4042168648758742
6.841066092355935 -1.352410342261332
11.274288124990829 -0.47544510451379174
19.47915545114481 1.0225051071065776
7.0201398160548285 -1.3774901418228689
18.56416906914653 -0.20090227404070263
11.016698973234057 -0.4127719174734852
6.4149644853290475 -1.1021319143617776
18.878415584920063 1.3594421527413516
5.77382043909103 -1.7173365291855727
10.907605670766053 -0.2980006600754585
0.19320979439601155 -1.1165153229948426
10.686444532211558 -0.3402983351375423
8.794185946288051 0.21755914034767543
10.743544564231868 -0.32076980407392225
12.622517155039931 -0.6784155109299983
13.775667957224433 -0.07375728793620255
0.12237030629623416 -0.7288456200893194
11.39155636993052 -0.5214277953865276
5.698127318587349 -2.3480167933561
12.290996416135798 -0.5230520608990137
5.819844544543839 2.65053027274618
15.539000844939178 -1.6232209906649606
18.69661162153762 -0.38336522820044905
11.253781685319293 -0.47771765705955116
3.36097791928045 -2.086873134582219
10.074501621471116 -0.3140018980268864
7.002026810567716 -1.1251499494400086
5.0069437241423405 -1.9513481049811818
16.5046271452212 -0.8058748504311578
12.313225363997482 -0.3244523785635463
17.971869837205162 -0.17560781452532365
10.614889241540213 -0.23860394039137775
1.8381281726400012 1.1493462998709971
17.51237847772412 -1.3901068346258607
3.7318736355753415 -1.7937689880577008
14.818748609878863 -1.9280714783345776
1.1129782978811484 -0.7913685506321064
11.319549104689163 -0.20828627474861464
18.366094865415675 -0.17123798919854766
1.8323632484152592 -1.1100352915382394
0.3989015279127004 -0.5922402946596321
2.409108374019674 -1.7817725767877683
1.6261018905442708 -0.7016075125334681
0.9034073620138102 0.07476202934854459
7.883101832013862 -0.4792212164230561
13.317161520786977 -2.342789331066772
18.320215168787357 0.029642809375024684
10.905834427265809 -0.21464904044836486
11.70084045274287 -0.46054203711248576
10.761004672992593 -0.31481824803694536
16.626561640774543 -0.6248689926354569
12.766542333331913 -0.42184089653066287
18.3956205277406 -0.14205990477492245
11.358157696773343 -0.18551490167267817
3.45408802302635 -2.201464722457494
14.286198190425761 -0.1623905664834429
6.904363121848832 -1.0098728031951743
10.671173449662255 -0.31217897978001635
18.556456856299235 0.2658308117847537
11.86514640060417 -0.755502428103905
2.678082658113303 -2.0028667699022256
11.969806881059213 -0.6175005813642249
14.118452972008804 -0.15975332169207218
11.19606840407815 -0.454858379811259
7.59415559640851 -0.6805542507114939
18.27316985052499 0.22850496560598077
18.072436531217875 -0.27458689093441274
18.83121882211204 0.16110737709347336
19.051643389253407 -0.5521705157962546
13.358697748399944 -0.2560545740464213
7.0657002595236325 -0.9469975890507002
18.879640376198655 0.5124239377000117
16.980418682355957 -0.4029783898899823
18.84091283785434 0.46163823935373405
18.012371751939458 -0.20160190729018596
16.809881079491092 -0.6288856919435435
13.194067561882587 -0.5045906479342048
17.939643863423992 -0.013691345064927134
18.89733266741479 -0.5221985303262403
12.767528208476344 -0.42880515276814396
19.05676573031882 -0.5199523709697862
15.045915084506678 -0.22143379172173894
19.363086197060206 -0.6098405943589522
16.489348248346747 -0.7273659455983726
17.396796618641055 -0.19598394447292855
9.019294978257776 -0.6222460089175795
16.5329993298427 -0.6713588715290535
18.301504461241155 0.29966614405658876
5.726030415307999 -1.758124019903423
15.081541091330031 -0.21606028145158035
14.906295216107985 -1.8724764907470763
17.917493831524077 0.06373009375662142
18.052500820613286 -0.1608365544581622
10.058935195954815 -0.4041119440927943
18.738120210967825 -0.3232231872815461
9.544064761973498 -0.48260220363853285
14.32375247969542 -0.05055978792613393
9.169300134502006 -0.6266696610303626
17.442062686980716 -0.3225895662615897
11.358963137019737 -0.7011424788666065
14.063391577695844 -1.6722475886910428
11.498605190294258 -0.6736456217724331
18.35619518074347 -0.17885516798986495
10.322736492236068 -0.3317676339480597
17.231279600367017 -0.34343371696929825
11.702710837533006 -0.766559017224493
12.471917742547667 -0.5001492728723592
11.275496265593803 -0.37287843806800736
17.334276553047125 -0.3977990628396333
6.42534312484318 -1.6569268390067025
18.912876909257264 -1.2419434929006388
17.9105775904109 0.7618940228063446
16.705746655117576 -0.5758559054690292
5.456276786310486 -2.057818994775774
10.294028564101232 -0.26291166424147067
0.10474019255332934 1.9313009074508072
16.973833498179758 -0.5592112590036481
17.749928054917707 0.6542959156755795
15.521998218608427 -1.1899512165625703
18.827160582449192 0.01637254028065506
12.29103593922872 -0.7150801012660648
18.480664590452598 0.46158003827416133
12.135669855845183 -0.5697972520718252
19.041880814630826 0.4667996953388349
10.924714956029861 -0.22773363565440463
18.219518110773702 -1.3390440775916692
7.739463240959645 -0.9486232867492753
14.792194133233936 -1.9471580913473552
19.0479656981409 -0.2458780956965527
18.029012552355056 0.09674931609143973
11.525678011677316 -0.7033345473649419
1.1002766284520642 2.1910368996375897
18.438931970546182 0.4391284659858805
18.51066485994324 1.1175757862923545
18.179845714261504 0.28176057676987454
9.448968088024218 -3.2850876933314828
17.544680152624846 -0.09253046468097097
9.356671835853124 -0.4969714990322728
19.040911988050798 -0.2771152670410475
18.84137484360396 0.38447594344933295
14.871705520429504 -2.7577207435767646
9.710242277343406 -0.7215035008862251
17.908524058051743 -1.8339117065006618
12.349342104170546 -0.6619920336573657
18.06762152017413 -2.46705168624321
7.945558557951884 -1.205508082041316
17.243226468458936 -2.302461079634674
6.371146530261042 -0.9440379460242593
17.139307508731875 -2.346363537991914
8.757533136199303 -0.8389070211308505
0.9894677072498467 -3.1997334305068
10.504628220922088 -0.8479453811608081
10.651265641901443 -1.2695428875793036
5.256580555960744 -1.2602595184485683
13.217182470208321 -0.9921824832674757
11.117347122958279 -0.80243238685071
13.574743381565902 -1.0434469295374085
9.942774573344302 -0.63470814099248
10.628292759665959 -4.638070540603748
12.197889468435589 -0.8840064240697478
10.937805654044714 -4.499995599756577
12.4866234054747 -0.6170121774223326
8.925214586448188 -4.999638255476571
12.484227590980032 -0.9397167695492648
3.2825621853961406 -2.91262238362072
13.072998754564411 0.13982484982252952
10.622231286206476 -4.550476153883433
12.636999193588421 -0.8361231348052593
0.5826117251754485 -3.1332892327594797
9.674358676189975 -0.5539642987034963
12.430870474422113 -4.143377763658881
3.238356685373464 -1.1187717972579363
13.399942179523475 -1.0223288399587664
16.40629438229551 0.15888456224720465
13.686051200443911 -0.960417435541441
14.62109670472392 -1.1072541892186603
18.243421365787245 -2.4741987342234677
0.982318046036186 1.1982825487448001
12.24703749713116 -1.1695172734884456
8.70141684378735 -0.9267394329313473
18.124187914148543 -2.2142838906598517
18.73760733424059 1.2746010355941326
18.588562567831083 -2.541719419785174
11.661588570665096 -1.2900757938962322
17.437554393326483 -2.233184039133085
14.698799346738324 -1.0709810876923271
17.73511542014357 -2.2055351837567327
14.484700699833295 -0.23730112488501395
16.950237428536568 -2.329158370235304
9.449473873192986 0.012208119659393255
17.840462580922964 -2.1524018954484996
10.627353079413968 0.3425038880232906
16.668991400283478 -2.410571382459123
5.551242148258475 -0.19252529591632922
17.448413631605828 -1.967984997670293
9.201153968377472 0.9471391462459587
17.620517114701673 -1.9491639774298242
6.97735326187502 0.25429116155266834
16.8055509495343 -2.1105904124659003
9.84084783367971 1.1785575383348537
16.392278159801368 -2.243000139315597
8.018298647290495 0.5255229707511705
2.8630290883783074 -2.0156632195613042
8.481675198467379 0.6742077345816017
16.362522508054386 -2.239628000860373
4.590180443775308 0.10494636797382018
2.934790967229923 -2.315652234590482
6.4628749552711655 -0.02232123637391576
4.955007702740383 -1.917213184581663
6.529269778709975 0.0035650134741549502
16.211716030257893 -1.440102334991155
6.891959967553951 0.11021731165791293
12.07529982692468 -0.8696479396557878
9.125374256852862 0.8773119801006686
11.734096793130286 -0.7486648185259218
8.157488898073037 0.6065324338719151
12.000325319398044 -0.6727498186418268
8.363600690629434 0.6701296407315432
19.247884962978777 -0.34719431122291916
8.591787488140902 0.6781792882466091
19.48599651044111 -0.3952302608793043
4.417698600982569 0.4598932280417176
11.344230425752821 -0.41101676721792546
8.56130112966417 0.7108892257947931
6.784920183297241 -1.4836716273111579
14.402291393384601 -0.9031184544684924
10.263042710574855 -3.148904073549869
14.819984429718952 -1.3828869056984427
9.168662057754076 -3.2937991939942295
16.201506292094464 -0.8270710897600391
9.406558013195305 -0.4862979203400545
16.354638703020523 -0.3244758623241056
8.608521284109417 -3.3439677875365432
13.323695657165466 -0.7443235350682136
7.42731272438986 -3.3078304235817995
10.552946271465062 -0.701974360771852
2.9985382146763593 -2.3313672701602086
4.367137515403557 -2.207407908055279
7.710595067192838 -3.3224070474528435
18.092614703870616 -1.431041400186352
9.124147600206573 -3.273629449846044
5.902442867036534 -3.703423421871357
7.206858949301404 -3.2240942622815854
7.015761761892445 -1.538848325633989
12.171712751852349 -2.634543092314845
12.127722188457764 -1.1903924866953628
7.241073467968541 -3.169107122512707
11.823016616651358 -1.0598317631850043
10.034469815481687 -0.3524838869377329
3.916856412586672 -2.320729669667514
9.753122549381551 -0.39486786103913396
8.359880461143026 -1.0167833007838825
10.081027211110708 -0.3387692284687226
14.160284117396015 -0.9044099199120055
10.15775609746852 -0.3714612284694868
19.321212944538726 1.1963348779803433
10.087527589347077 -0.38302010327740665
12.747721706525091 -1.2290316115298874
3.6746999490133803 -2.3336563893259044
13.236245357616683 -1.1303720984086627
2.853612760361136 -2.4106148485429575
18.26539493960247 0.5720530496557347
7.82675882197097 -0.9727721066341954
18.810316970064136 0.9383855261696654
11.151095408266318 -0.523072196362911
12.930931389088741 -1.1793917793779747
3.4647635402714925 -2.3692360784751916
16.99911472151046 -0.13652650417589282
9.108526221207947 -0.667921412756773
17.105762522505657 -0.08900528333921878
10.890775198572735 -0.7379809104562176
14.355046042825641 -1.60101689071844
7.972968835739005 -1.0132090173203694
14.11862631427929 -1.1382699291479845
16.797649884114865 0.3100159381910172
17.54634950379794 -0.3321351570015247
16.077648567179565 0.09329620888325858
16.703825113949804 -0.4424203130938274
12.111148794684766 -0.7451680169009774
5.293524658629933 -1.8158286086553257
7.239760072019527 -1.5038232603945094
14.245306349807414 -1.6624583252051284
6.520406038412079 -1.8410500007179842
3.630703474267968 -1.0853437708613627
19.73914724816422 1.156464471599392
8.087234661134891 -0.5525009815776616
14.558158270298408 -1.0947277706563858
5.98717393287975 -1.4878937134606969
1.2509026321614458 1.0604477854300165
8.137355735497662 -0.5611310561839391
17.441787262142515 -0.3534578591412207
2.2557421429593667 0.9399768086064985
14.6062220409264 -1.1400986832611404
8.259419435326302 -0.5216810617562859
0.8006985425302265 1.1643978579227774
9.953382401005971 0.44313337779867235
15.092888418647897 -0.6540563618285722
10.051923918644713 0.4439239687236272
17.64781624731803 0.21107563337564683
13.667555101614116 1.3771727457663492
0.7898530133264884 1.217196498014453
8.645413024454735 0.06096957926682068
12.385548750536392 -0.8358905275152317
10.5682816254465 0.6692447962173786
12.920438883339877 -0.8699275715763543
12.39771356578196 1.248261038204078
17.081989671342917 -0.04171604732623601
1.8067887602457595 0.8986908804873237
0.7626855695493753 1.2121785375385674
10.645083160433892 1.0583821391629888
10.443179053757698 -1.0209013461090042
1.6613828723630142 1.328975532556819
16.151793997305788 -0.539283228307799
1.8445395985582427 0.6455067011947377
1.1149960859882735 1.2228647637480123
2.1053558033312068 0.7906473475902687
17.56705785952453 0.1886122044753728
0.4770405311854202 1.4883622389627238
12.786136541823016 -0.849937665800399
15.127383436204205 -0.47707705328900657
15.464242100915964 -0.8129682208162093
9.454811948240744 0.24436552675186982
16.435938121206174 -0.5909496358106067
19.20217779609416 1.1994808956028216
15.119447651346844 -0.9471675182562087
15.460407666690717 -0.3614251183825778
3.1686751021101043 -1.577319275596711
14.280354867667647 -0.6359796025624194
17.883470344289737 -0.12851609973624012
16.452999723976973 0.0732620843952235
15.613633882817728 -0.7494708655848865
15.424574904337517 -0.40624817250269124
12.29014453063125 -1.1032593915699203
17.866239791907674 0.5680946915675426
16.09566272530659 -0.5637095962707741
1.2712778283018322 1.4405339111482194
17.39602220482762 -0.38370782221197747
15.426567865243946 -0.4046682600310882
16.43180853538124 -0.4178650336247254
14.903686476625342 -0.48015181250472383
14.538326621025519 -1.1254911812760906
0.8732767147106707 1.4592358252584516
19.98373082045855 -0.7786846277625512
1.6708174657917592 1.346208480479156
16.924042230400765 -0.28707040938379613
16.638017229632407 0.15412018278724982
14.669773745985967 -1.12980909049369
0.8207594813570082 1.4863001959466677
14.03840448773072 -1.2584458675994001
1.6817435032901165 1.639783858412779
1.3972395581928923 -0.7620295877635834
8.150775683655958 -0.10962957586172747
16.73056468683582 -0.3880878806940385
8.931126396720035 1.2694865050715374
17.56894389663873 0.06178804723706683
12.89765074793547 1.4050416146989722
14.180913301427484 -1.2496671210215466
11.529008281935951 1.0002884225430853
7.014210699005688 -1.0341303241562116
17.60767756080644 0.2726449402846633
18.26219592706241 -0.4249754720061266
17.19728568623683 0.26224571643979416
2.827144085221102 -1.1756852598762122
4.122014698821649 -1.2026358832983377
15.97431413785253 -0.6074050810478306
4.898469971593354 -1.212987104164099
6.417667712392759 -1.3331831797728801
17.268774784845935 0.21486880006956477
1.0061343456571 -0.746174937399925
15.960837005366592 -0.1254238847458749
2.901926095677818 -1.2109743904489805
15.242260311870725 -0.4282963595686497
18.415269539653547 -0.3587211424710153
15.01589287337461 -0.542739388881883
18.799733960171668 -0.5809989953487176
19.930297317165664 1.6465845897576572
18.622681633546172 -0.5383725647517379
15.351003920947825 -0.4104968365354503
19.897609798667446 -0.8024215819125531
16.109820854387504 -0.1528285164593181
0.4291647980015526 -0.6944881222322312
17.25341171152379 0.20859621428709763
19.36979355740386 -0.7606993293753577
18.55198993260682 0.9441499464977758
19.83718270136018 -0.815774017349679
18.25814871008438 0.7590627199140947
18.425324156442457 -0.35777899141132263
15.192426414068018 -0.28112433813532584
18.608538755550786 -0.4779112820316176
15.907337151494295 -0.17121576358245366
18.797033911773998 -0.5549248690194275
15.056866313470033 -0.4359786954947584
17.237597900489895 -0.4773199985423652
15.970235013761778 -0.1804520368265336
16.993226449925952 -0.5929156211114269
16.288785530731094 -0.032907290330288774
17.874181875080417 -0.20178710133878375
15.07080092015445 -0.3095178994520021
6.937784059487317 -0.5010999226353631
15.080707473124722 -0.30838142072545766
18.60305796249131 -0.5447451391165717
13.9225911804792 -0.7006109078299545
19.848883868968787 -0.8249829794151096
14.700216633467479 -0.4114288897548088
15.364423453183512 -1.0998355352550502
15.466216522352187 -0.18706900888315003
8.372192944541581 -0.643221598847518
16.50139884716731 -0.012940296981162697
19.50007235826511 -0.7813487241176306
16.219862060098087 -0.06482164944112322
19.323105222625365 -0.747558890195814
14.02744520135522 -0.7069105472326843
6.38175721113736 -1.3542552759702737
14.519009109903752 -0.6037644179190239
16.67239875646759 -0.6917107277006661
14.52768254778123 -0.5903690500683277
6.016351280109264 -1.4820391447387418
10.195322155333766 -1.173686876872029
6.26644622952809 -1.3935263238785673
14.853004022901223 -0.7581274176556353
8.30275675503573 -0.6625429547419257
10.20540400099772 -1.1771109846845709
8.816022726722919 -0.37846084114496104
13.340806689210023 -1.144800290759876
1.1531778639499548 -0.8418002629973608
4.988568037609412 -1.7381339958407669
1.4690082846882844 -0.7596932233365232
17.41027982560834 0.3130587543346135
18.318233567142023 -0.5145324560681894
17.59571628582825 -0.47805203761642606
7.703747503876017 -0.8910138717754081
11.606291863207556 -0.0301818184576296
8.64684885843093 -0.5314876814027176
11.820001987170409 -1.6022994109107929
6.576174069665461 -1.2501632756099856
13.741074593496325 -0.8617193525400938
8.740189477524659 -0.5596823735766504
2.130586382209001 0.8050451005880181
7.020737692821755 -1.0301092037499968
16.326425517539214 -0.8316129226464958
13.082401976123638 0.1463842951622506
8.756157428284084 -0.6178743780463842
7.668026496745818 -0.8809415098440935
6.745252811657352 -1.1958003015962886
0.8272717624874465 -0.7082189206811538
7.00348509281447 -0.48347473855778816
8.500455679752607 -0.580908676019411
7.525738739487509 -1.00202246484339
8.596726728310415 -0.5455951987876333
0.13830094350484146 1.4937005961977006
17.85047225331927 0.7625056062288841
2.8013073116918332 -0.7229729371579862
18.18742887527741 0.957923357151065
17.712479352911764 -0.30977114539094663
10.909813379837791 -0.12443999922633182
8.964843684406889 -0.9013305042740424
8.657448917232553 -0.5858804624380359
18.568715652613324 1.0713164219618077
8.59964354439159 -0.5540627028375122
2.9867245953815704 -3.0938444664000886
8.110672897251177 -0.748906521448961
18.79678794410362 1.0982448949802488
10.213751916967487 0.5438930350598088
15.747393801829984 -0.1087897547538122
14.907600351771507 0.1180784212234677
15.392287007102215 -0.9038654030696377
10.744789844189576 -0.13783308819677173
15.891242073455112 -0.6665152553553316
7.810930658991118 -0.7883565543852419
15.710101092218308 -0.7502685695288596
13.438784633520783 0.039276644746226365
12.42863985635791 -1.3334045997344874
1.8543106409663386 0.5199709173948597
12.226091066691858 -1.4194943684649588
11.710131451907946 1.1859727879678412
12.986409585963496 -1.2029470434470853
9.868644840706825 -0.29310475456694995
11.390555952665268 0.8747849603454838
9.84832588892294 -0.29889372766998046
7.7717402639019815 2.0707912291755983
1.8058099420684381 0.9022837065048601
6.21586350448088 -1.4451735450287668
5.892070752780312 -1.009089868057358
16.8245884175344 -0.6711526852131136
12.77371430910588 1.1913466759482596
17.711104581228774 -0.5427074685490941
10.2043323277265 0.48650171874839315
1.193048962677564 -0.8981624950983877
11.175870992613195 1.0764229139918011
17.61917925651799 -0.5425532342397456
13.314927922058757 -0.03557653431390957
11.915482536046992 1.0829760496215077
5.516784508309825 -1.1090481130959102
4.253655204170423 -1.882571576494572
11.92891303223049 0.956120306915319
5.036140695282528 -1.8452217322296152
7.731015333803341 -0.28751178702551844
0.6751790585692748 -0.7734628262294985
11.578433390787591 0.9252031781644041
19.293947924302238 -0.7678612803871231
10.978882102942041 -0.10558376745617061
15.69535351256027 -0.8567178452171877
18.457288704409397 0.7986307312277462
6.020338718923082 -1.3415629997873568
1.7770121298328876 0.4100262517272669
5.531665514445293 -1.5551500753195362
5.557838636522923 -1.099914486422931
5.579637141589489 -1.5622120358182494
5.332213395630826 -1.1079617138567268
19.463307887565897 -0.7982703261681386
10.931556196585266 0.807453697733042
17.18026452273064 -0.528884768218246
17.63400338004637 0.321330708517708
5.717527978701111 -1.512755908167478
17.501082720578097 0.28805494466034726
15.675149569273128 -0.7711779210560818
18.050406757125142 0.5662445982825954
0.7247786250916143 -0.7655601673283327
18.5998829030925 0.8866259156687903
5.608828847773868 -1.5535792704180476
19.96487199276488 1.4397417255329472
16.48500651839244 -0.42601868665883147
17.424541715007376 0.21898046401659882
14.623524776995565 -1.1752993467480393
18.720096514323508 0.9759131903432955
17.542013118310717 -0.6188163886657664
17.94432102564453 0.5533368923762111
17.34166618964059 -0.48870965220958057
17.752549484389878 0.43011871744497426
19.851218558466606 -0.9280271020496069
2.166914676658899 0.9130264432098152
18.969551129735216 -0.7217977120711795
1.1014238495411999 1.4995233293644241
18.636175911061002 -0.6428641617018767
18.928429402977063 1.0770437763210265
2.189419402482105 -1.1021661295673475
0.9656331859133762 1.4822877258727085
2.118961010985648 -1.025185767150231
18.018539747356296 0.5863617836431539
18.651349559075843 -0.6768924897269084
1.2845909153732493 1.3857091814280103
2.472965630266859 -1.7673078997323428
3.2930120839166586 -1.0239634411162215
2.531085477956574 -1.737623627432401
17.515638930128926 0.21211891416682077
2.572786157037709 -1.4098740748769474
2.065492922625947 1.281458835350618
2.610300759760504 -1.4422060379560044
1.6805548486287283 1.2284765828413613
13.009526684198239 -0.20789346175292495
7.6697078942401 -0.44661563139056604
8.126560351323333 -0.8005057533167358
4.4053550886384345 -1.4209944579883476
2.4702485326886885 -1.7325869163992869
4.534889384612732 -1.3990126336589968
3.040662095237251 -2.037501913606606
1.2076427603385202 0.06911736315585734
13.656337028729636 0.01301218099529819
17.566628777162524 0.23513576636899114
4.115581185055798 -2.087915464708093
1.6360597910094543 0.8617252380275406
16.431810959376556 0.23103667168450234
9.792777038399818 0.19101004568173327
8.145408570415436 1.6004851241851163
4.257916589024216 -1.4399153603357182
16.033035986909827 0.12132380232224403
6.6853164389048425 -0.7817809203644169
7.871600896027308 1.47861901427588
7.246118437309554 -0.5784822449954063
15.282518624910367 -0.04893272287629728
0.9933665033765117 0.2090568482755895
6.526383404681024 2.441863207714705
0.9926117189365263 0.17448651880943888
17.709148555185 0.6789725973714857
5.943352277762618 -1.1280825650993844
2.548145179707689 2.8549294388245054
1.1663719782510453 0.04990023351548753
12.823776878031627 -0.3265208795095012
14.235257445304837 -0.708999562242592
12.59798335593777 -0.32344862165933813
18.7283141696354 0.9338176452786068
3.3814868754966376 3.1118057907073777
1.3352904284956213 0.5837228490526246
13.120289175211882 -0.20114958896069401
1.164697922285787 -0.0346211706262968
16.367904955284256 0.1928490922009664
19.736876787465754 1.369229622507397
7.529279394693019 2.1778816709827433
5.212463610227238 2.3761935405989845
7.99594036350664 1.5113462884700937
6.3906484040341365 2.005747843736643
12.598845704197753 -0.4027243779179837
16.04619190516686 -0.18633393274704962
7.301695842134408 1.4047790030543816
0.4943249901208049 1.4386002416350272
7.780340488544622 1.3230072132834956
18.621059811213524 0.8829159699254456
7.519818430034975 1.6887657034109425
5.438869470266045 2.2931556112453246
7.832739925138554 1.3627954206795914
16.190570225561572 -0.2546142535201921
7.868716459650981 1.334427298243436
14.094824149603923 -0.5467694166271816
7.165284608928274 1.2796345704495395
14.261446621652095 -0.5268839699753487
7.0249638521065325 1.2406365407295765
14.38949077957968 -0.5234863685090824
7.03731445819786 1.2879785959856012
16.62586897760319 -0.10475350022346376
6.9849966485511015 1.3247553215270313
6.299838456857465 2.012138342029494
7.120345843273715 1.2151752163942833
3.9946123146188977 -1.4552580295977267
6.9340780189193145 1.2283312207683794
1.6077501463208705 -0.22905538077590032
7.194200188757658 1.2329168355706122
2.1012816604112703 -0.5786199530902455
7.255070250078482 1.711106831312961
14.267981424609262 -0.5487691783221151
7.17221617811681 1.2190166344908688
16.242531516167784 -0.22439807662343286
6.333564511377029 2.372612659534337
2.6851944804019836 -0.7880679938467483
12.667950437644857 -0.44897962915578266
15.404533319158647 -0.2277213290286752
13.819934144278612 -0.10124139254968893
5.5884691525978 2.276955839569174
12.06332839370415 -0.6261431486877913
15.990149928412157 -0.20269223208610476
10.912001207369515 -0.4263795505153846
7.9022249278479055 -0.4217159797788273
11.150721410429266 -0.5021485183829404
2.1830825894919226 -0.5488328137760644
11.803032867673558 -0.6642953977241216
2.540047190700002 -0.672224465275034
10.879578063846871 -0.42833740244944557
1.480179349060271 -0.5961313533176102
7.123085168875539 1.7251472825776486
1.5100363809893884 -0.587925596813079
13.910160730298756 -0.10572714652654644
14.202929975011694 -0.49449346329361704
10.88317066427079 -0.40125483050427574
1.4673719487487975 -0.5800721926678705
10.778614115188093 -0.40013037866731044
5.713156916104213 -1.2531498504408463
6.454477173792085 2.276431106408085
6.238339188809769 -1.0551975447354187
7.091523245216844 1.9996174307047885
0.882733609448677 0.1653193068321448
6.590623027549702 2.220177042853778
0.9114740029546946 0.14821315097754195
7.070899976451526 1.9332304888886531
13.940249707860938 -0.3979007104427607
13.890993531501213 -0.11004462896163267
7.602685804029875 -0.5879497318660881
6.536116718632637 2.222919806960994
1.6824435019621087 -0.43042608424809325
2.5392621484121083 2.8331815811195122
14.745792858642805 -0.4090560793581372
10.247378225143468 -0.3712679912442168
1.220542742810788 0.522392948434635
11.923166580949236 -0.6832382673482241
1.2559358214225813 -0.053500389878047415
11.039298169930543 -0.4832436875059931
3.671493436536645 -1.4174126442673836
10.330846352625857 -0.371464522350156
2.894902452261215 -1.0020121415211936
10.621484237455206 -0.38324875046588086
1.3083191191879397 -0.0526863586673483
15.831285996687708 0.02996490444712918
5.921716791247919 2.113944318264728
15.250449642417873 -0.16501048146874148
5.797044578489017 2.176467501660186
5.53340148515267 2.5501780158843306
5.496108702547278 2.247121325339113
4.024727501660079 3.1335410152498944
1.3820100847861088 -0.5715645611874707
0.5417103296298307 2.0506011857720874
1.6929941314251502 -0.5341135271192206
3.2978134561954633 3.073404857018202
14.031542404409823 -0.5193618689390194
2.6088968201825273 2.83875569021578
2.0445352462100352 1.3823946065831294
0.8174801162889201 2.110812245323304
1.8551656370201717 0.8269625027098577
1.4196920310756325 2.3246804250185407
1.1802161022003852 0.3575543693336905
17.985545448302723 0.8052656952639602
6.853399580930913 -0.8136532962848657
1.258011034764991 2.261959114796786
1.4549889862460585 1.2436975631139022
0.9685726156620871 2.1427205696421368
14.441163017630789 -0.5187238712371128
17.729290787560558 0.6558879652576212
4.425180138031472 -1.385427768015279
2.1905360043498874 2.6698073785545104
6.093094502835723 -1.096046994128358
3.0649351976042456 2.971941640959436
1.3720793394953494 1.347385478520487
1.3873337097532326 0.593427581269394
8.708766783861982 -0.0857126298404352
13.100561751304625 -0.6928318355744765
4.9531823983066 -1.3189692905766928
15.664560048573371 -0.40642469194577185
0.6661948569762752 1.4415059997463067
1.4622435739048993 0.6400726082446108
15.332179814559558 -0.44185394099366937
1.0883793419775185 0.20457087735530963
15.323968797867456 -0.47058562589808495
15.783216425958939 -0.35842332450246683
14.703815629033883 -0.4730639530452177
19.396805897060563 -0.46757298390907276
17.83230894849598 0.4508890774509567
18.82255851446183 0.048256354252905295
12.954169381284782 1.4400469001724163
18.500716048537377 0.008231375481508658
16.691679808908805 0.06334414907005732
18.548234594835254 0.05673641187874133
14.950296620543496 -0.5850069890300678
18.541205811748885 0.056017720956449954
6.080130473630048 2.0690956603690887
17.276007255725126 -0.39513718141910115
3.7856982349639807 -1.4084536945510944
18.507444245870005 0.04161517012636777
9.435504523679231 1.200515251883718
17.11791143534604 -0.4747493091974248
19.28499336032083 1.2356799040916275
17.67920675602481 -0.16090013742707457
14.036262981572992 -0.634110747293733
17.15818039760474 -0.4614772008272022
18.226219633131773 0.707297396218578
17.128895200597288 -0.4730421699770854
1.6995622939857429 0.800462433799266
18.711757661671662 -0.176712756443886
12.063252721273987 0.9937988973310413
18.146778902336827 -0.22666355965276458
13.453041961661235 0.17160003162753482
18.179496927046735 -0.18792510553777936
7.75135975187721 -0.8038626558106737
18.128392394350236 -0.16598595401338262
8.115440444525893 -0.5388451343015752
1.956068941151925 -0.7187255231600894
9.578565814796 1.214685412730218
1.1066063273117799 -0.7789162129079155
9.1162795357587 -0.314138584348273
0.7053829129594014 -0.6115458520728043
18.02993270062889 -0.3986588565544557
0.4339375473302972 -0.6540413615183887
16.162210570596205 -0.35827265430505795
3.7092409518741314 -1.7722502823800819
14.489123759550226 -0.9512891342913371
6.6905852828910515 -1.0013788620486905
18.219148169103686 -0.34301532363648013
4.048392222012833 -1.7676072802470146
19.18918254373979 1.11899776137937
4.058004237180325 -1.7627481805470622
19.840546617102707 1.2730777537438565
6.9873731859166615 -0.9075359219288638
0.2443591901417988 1.2059149987266105
4.48313630984829 -1.6580295342192337
11.91534053387134 -1.2172227839596517
5.8685069517275945 -1.352626963213665
11.076005108036506 -0.7467555718484705
6.684643448887179 -1.006689100529423
16.13259158043442 -0.37803196982845366
8.655974654409915 -0.32392951249550794
0.47047964371768747 1.1928164391148215
8.003787432516024 -0.5021615883772114
6.473306799569327 -1.728881441783546
9.50634712601507 -0.09500949395075392
10.38742334299918 -0.6242996571317805
9.98478959324744 0.06193464796751356
0.47095458638274645 1.2431383701639525
11.074598560020819 0.0724653491828635
8.429450019393528 -0.9346150878921746
10.649461963748283 -0.08474223325608901
5.6871802836236265 -1.9857491490800543
10.628664913165407 -0.07731468449324708
10.470792461120862 -0.4980969327677882
10.71306833797637 -0.07621121934188138
7.362598755432584 -1.3819395298224686
11.655551697485333 0.04732964393669929
10.727522893063847 -0.5276730316862743
12.382249091828355 0.06286028957247325
7.409660003362014 -1.2344983562009249
12.859787635108608 0.22771438786047277
14.102134682013329 -0.14944865329537427
12.811633942902693 0.21538815929822086
9.361332972089432 -0.5780957618151419
14.399777094183905 0.34247562649961555
2.1902071672579493 -2.175841042125792
14.475126627172202 0.3496039451107019
10.158966143401816 -0.4474245442616233
15.556606118909755 0.446831981037855
11.13117255114807 -2.867633128250734
10.06171774538312 -0.17591397049071383
13.044515027687037 -2.0995175603794074
10.24223627622553 0.027553714585624743
13.110864688183687 -2.083497416793649
9.487783993724674 -0.13605212443457118
17.63194485281698 -0.8163752823857834
7.6001450095604905 -0.7351906354198169
11.015377644464719 -2.912272332816225
7.566634050773621 -0.747058945809306
10.90162450238547 -2.947379291352207
5.63864248002331 -1.463400835682878
8.254455581964212 -3.2458089568730624
5.092772962121408 -1.5441106236583824
8.388114784122028 -3.241769882457909
17.73779831949782 -0.21847310864335664
12.259501042121984 -2.4531515590223587
16.196594096243047 -0.8015405131629734
4.398547959126456 -2.1558087009889886
16.42436768836455 -0.3937156173417298
6.17477519358249 -1.7110759541301697
15.140695868199805 -0.9440861195526191
5.622417018652713 -1.9633768718507207
15.161514136899179 -0.9208349786867873
12.346239791369111 -2.4234352566817634
16.246576465684708 -0.4617946327815418
7.3949490674415435 -1.160067514065909
15.343915959394653 -0.835824090795273
9.330563686302465 -0.6011489296487378
16.19388349233569 -0.4844897717834202
7.323394961155652 -1.2982561839703843
1.116337545636685 1.0257006908836503
1.8799713204843411 -1.9587110583941016
0.8195918527196548 0.6935389793660531
3.2609314705840684 -2.445381555535547
0.620641259159879 0.5757270252641051
7.500688885442951 -1.2819706789504917
0.24403302810716077 1.389577269450836
5.90084313563753 -1.9130921100140477
0.5203620352844613 1.3881119116902068
10.498765859845959 -3.257113558474646
14.488816303456192 -0.857492300542701
12.151176564695465 -1.0638493855799491
1.3001487209353295 1.1526719951520994
14.517251004464306 -0.8644202550756865
14.405015215746417 -0.8517532505149877
16.838665231557485 -0.24910726730287677
13.24153837670213 -0.8124197363859669
10.127912913215384 -0.24876707664484238
14.99340133557225 -0.7060571360759607
0.5997286748238515 1.4541426130174284
14.452241253091717 -0.8105967900900445
18.466594775883717 0.8162950786567863
14.428609861898604 -0.8418256018628106
15.735559133034762 -0.18934804825553164
16.58262315992986 -0.2202886126530818
18.4183194933006 0.7380089298343325
16.1928453800655 -0.3544251021459954
5.365852157685198 -1.8140965012616757
14.276549362771092 -0.8455526131402655
16.23363284054381 -0.5916178318971486
0.10342151079838757 1.386009265719662
15.194386508706977 -0.861726807068836
16.766335663467974 -0.19673579627017684
9.238855446462429 -0.8243933031090462
18.067787972898305 0.48063423547860495
15.740182257412227 -0.4899355318499115
13.386337578741458 -0.8028264312793788
11.375935764752574 -1.385192056201054
15.460524851287861 -0.5587479612070887
16.92935766038288 -0.2548998915264943
12.647699611341599 -0.9661602885031868
5.349157839966786 -1.78212089686223
16.039864120538418 -0.5801552057293036
17.945093375525065 -0.552169638932376
15.174947686392512 -0.9426230152575488
10.919660593691937 -0.8299210263730895
12.670623355030257 -0.966186298815398
7.730896705151879 -1.3097998747374147
1.0840419985639316 0.934489811893174
5.831495217943925 -2.2039424108844576
18.947252965737892 1.0242528750863564
3.6849311166001266 -3.394652728313063
16.692844790994346 -0.28924538299205144
18.442075503295243 -3.6369657156065696
14.913397078941681 -1.0271983649886929
18.30975303128551 -3.6600213363601157
3.164696641948382 -1.811284130216689
15.623959554818004 -3.6619268840876913
1.2823852783791683 1.2344652654911672
16.224928118353528 -3.528966463443115
1.2598319756265073 1.1593245718936513
14.518938366159833 -3.845864166475429
13.491326671535772 -0.820597790050216
4.531181964803164 -2.676311897281503
14.34185505786685 -0.8710358456736927
5.299024987514685 -2.407229419885212
13.359779860598923 -0.807210800499479
17.188899718605015 -0.1364640535123285
16.566812182104016 -0.3521041196905976
11.991648841595719 -1.5164097251222977
13.658171468595889 -0.838222481255227
4.87329725828429 -1.7306645201249256
1.4011502471012474 0.7716300492525623
6.92151308834681 -1.1179369791634457
15.18703989706663 -0.6404393957579777
16.56763349672044 -0.38757117966374294
19.81886501928275 1.1550867372496558
16.327223891773343 -0.4836518177834784
14.62844015976469 -1.1295198787067988
16.434807568647035 -0.4358395503390531
1.1203948901015082 1.2567701199086172
17.881941486188836 -0.5158361377893083
0.55745994916564 1.2145708471668653
0.4155743788999961 -3.2581062390933155
13.134940128290136 -0.8281046211149536
9.612780302018983 -0.7631605236281772
1.883115308624355 1.209949974062307
9.780253803560901 -0.7865182638695535
1.1631873948075613 0.48517457641182954
4.647267995874184 -2.6974379372228348
1.0819406850667346 0.43367515040416854
3.4593073463017765 -2.8782086949597643
1.8754698845045146 1.2810712195111553
8.45131190828892 -1.0543512146430134
0.7563654688720631 -0.005795525502489587
8.285144573623828 -1.0704353047345052
1.107526006666307 0.42504136579013857
18.851075516266622 -3.638982327646238
0.6488365609195765 1.4096643284315487
5.88767739057279 -2.01516505828281
0.45115669604821934 -0.10023234150857498
5.547671243233803 -2.2072965901890327
0.8051106544882239 -0.008147187464174855
1.5576663780158406 -3.6380702284550357
0.2529268795685029 1.410101539259344
7.3489818661948245 -3.574450088291617
0.9211320140510552 0.04296989281035893
4.20164798431519 -3.325090485817641
0.868281012215273 1.4065527604866908
5.026756744441868 -3.1813608295029487
19.791204589844124 1.3619746289167307
5.210534558177744 -2.492123574093878
18.757861500957635 0.9302464324551155
3.578238865543252 -2.9484047704063183
16.231478700616975 -0.2899599051446569
15.348471100873688 -0.7763722582104791
15.381381040835372 -0.52929575402254
15.422466836987264 -0.7374689409491862
15.874239788774656 -0.3815191830639727
16.506412131068412 -0.3993898698730094
0.841832759378405 0.030998572181918673
15.675993377011505 -0.7521597554885242
1.9705019358159437 1.2561319408066693
16.573055498776384 -0.35164847389502624
16.63744654546544 -0.15328630295929374
15.59637450804827 -0.880277281847403
15.173306104224395 -0.5600303124883785
17.52512341866173 -0.5793986849122907
1.0199588709055192 1.382607741554665
11.968010770389213 -1.4898275729255297
17.216513584735214 0.03530329212054861
13.837451498224942 -1.183394358275282
14.838665901040873 -0.6458491133611693
16.228065880680642 -0.5217009751157936
14.872228427080668 -0.6364513576437917
15.666153479838409 -0.8366075836126017
15.354263616083749 -0.5322701380398038
14.180124563805943 -1.022533915651013
14.418356265044364 -0.7793930714161253
15.541111057480181 -0.5655347299154985
13.55125089029787 -0.7374542418380858
14.5698134901757 -0.8450077969235303
14.12010444920861 -0.7972248525534925
0.5839663077454614 -3.2453783985877727
13.06948090552373 -0.7424597361310876
15.381301106359661 -0.750549835543505
12.691820909362265 -0.8095619072181008
11.299500013455841 -1.384205114572143
12.697688481794048 -0.7036393733495288
10.82565111290972 -1.1073114286004226
12.41163022683795 -0.7964947651077916
15.675063005400244 -0.6014310667857317
12.219558467247518 -0.8483482407782998
15.485756009782113 -0.5829816454693845
9.709476132401688 -0.7048951927603463
13.305390696542695 -1.1488598294172043
11.00373097974274 -0.9000012591975429
13.198546651445161 -1.1703573501930353
10.064792657140732 -0.7995117488345638
12.175928480340088 -1.3914424152984162
10.652522329454253 -0.9428283745033431
14.440418941827218 -1.2232996373745166
12.756997314486552 -0.490999202489334
13.375304770634326 -1.187654527905197
11.847433989882498 -0.8116902706742769
15.553599214023002 -0.9325524216433139
12.46010587400215 -0.611307828408338
13.618249152158532 -1.2828584829672527
18.649596613164178 1.197823698354752
18.263150351554955 -0.4955226879747753
10.919072142308861 -0.7344029634996974
0.5831859354731085 -0.7345002120903199
9.041881383649363 -0.751611111858855
0.5406078861559889 -0.7904707054059742
10.709567786110226 -0.6971467846716094
0.5724168089512478 -0.8172432462873118
7.896658512839978 -1.147196944994902
17.739387337284235 -0.572320158151537
10.34205397900196 -0.5868517366142167
0.5579615254072626 -0.7324167887855882
9.18878897138361 -0.7065972593671879
14.436182430978395 -1.5471182249120026
14.158872988437954 -0.198732667612313
16.248383433271194 -0.5386174939731756
12.19132696819249 -0.6424022755114325
12.655756978405622 -1.3382539637981206
10.48101091806731 -0.6195861858706222
13.490827005543244 -1.2439234713072305
16.325700519727736 0.12054542973790884
10.15603998407429 -1.6102315254872168
12.476013168601282 -0.6070735326389547
9.35183743553535 -1.4340684398539871
11.04367364853384 -0.7347475492588421
9.274505358217464 -1.4514118715908337
13.081655408256047 -0.3794447656576252
9.744559768814963 -1.55783179963338
8.180072701600539 -1.0733274257197118
10.427977185830107 -1.6479284772036829
11.976835343688593 -0.7414356878247796
15.34424869019323 -1.0230601911670032
13.177264159246583 -0.37503402528483043
15.59691423500531 -0.8594818809407525
11.71579840073513 -0.8519884356286748
10.763874666700012 -1.8615514542564902
11.969871964916104 -0.78061861833967
15.212929881504555 -1.1076855241564136
12.088010359148265 -0.7329657751302426
17.4883165631231 -0.45898731430499157
13.293595354256766 -0.32949259476374493
16.498470954848596 -0.7872130483712011
11.720929732365413 -0.8322764371273609
15.020845697657014 -1.2419302489943131
10.57138639237793 -0.9650571042330851
17.56474522341978 -0.37216890779688167
15.293547414477148 -0.1628604235594348
17.294203334864964 -0.5018553688522605
13.846733179388828 -0.1511051761517691
17.1849005044234 -0.7314593627720585
9.164464113782357 -0.7947212773635566
17.057125230379643 -0.6161740706456528
11.936785133775757 -0.9218517345966073
17.135491797254613 -0.7992937431587925
9.43033249275356 -0.7149924811480536
17.053735643880668 -0.8175190927457147
13.044628368292422 -0.586360083753841
12.520832799546403 -1.383909280892859
12.920554929494083 -0.6374714812206912
16.710875202988518 -0.7291245605680817
7.8445069075948615 -1.255456314460221
11.7912122186627 -1.6912097732457063
12.649238753323036 -0.7900917029297212
16.001927393644902 -0.6578356036564508
12.696134153607852 -0.7604670923024532
14.470232411733553 -1.559029040177195
11.01617558566894 -0.8624409739190311
14.464781065675895 -1.5597825423610059
12.966398602212843 -0.7799952669802337
17.907726698736504 -0.6105692092329803
13.030421190590763 -0.7620785314736729
18.094519984137726 -0.5447831615983676
12.794104359153891 -0.8236991096326403
17.364874808544144 -0.592336073549165
12.52714797799974 -0.763704177778842
17.82862158964957 -0.5827435751508648
14.877294439858275 -0.636205254651418
19.714226774093582 -0.9333852080650454
16.111288061728832 -0.33200275823211844
18.245389390180467 -0.6738701655964957
12.838189360739172 -0.6929101254940409
19.876774030598927 -0.9429400803248449
13.015519418970847 -0.7668810323310802
19.40158962955588 -0.9265280127881977
1.8073649594203192 1.0757670612644026
18.1883218154335 -0.5870319212707819
12.67960258753268 -0.8146217719172155
18.197706487590487 -0.599889357459893
16.306078119523427 -0.2964887369973525
17.824893801568226 -0.6371441281497486
13.971018731193467 -0.866637066232839
16.72883210617034 -0.988781678625346
1.0649887721724505 1.2824298767838398
16.85926335529748 -0.960390502315345
2.320081623133077 -0.8434470731018879
17.26256161797705 -0.7916133676927096
2.9955444342099 -1.7625087664564054
16.94902981698968 -0.9308130023131779
13.133204794206382 -0.8289368909772277
17.524096988504564 -0.6907704338883152
3.032610479427195 -1.7465231888494999
18.384788965016547 -0.6788230090591152
4.637659662108342 -1.6328398511307092
17.892991107160324 -0.6570327914252135
4.201540117667325 -1.771176447191915
18.21005056218817 -0.6687281657196132
19.59927665472901 1.1249134659932725
18.223299742819034 -0.6380577556883823
3.082014339538891 -1.813918692365196
19.36379311928137 -0.9438308739014857
3.4417223188982566 -1.8491278053634073
19.999786543214327 -0.9608237369666699
3.7996921577720895 -1.8388788829367886
19.871719880016276 -0.9597348716957346
3.2594663164817375 -1.8539033846076822
0.4290449313712193 -0.9478668020434384
5.2128335150586835 -1.5458563543659238
0.2703221905288586 -0.974265351613535
5.903515381688316 -1.3834318519243582
0.26129647438454334 -0.9762952273049587
2.4225071872835535 -1.2044771214325347
19.84129093504093 -0.9678286412181214
6.307970406427915 -1.2800954573193954
0.25181767592723187 -0.9642626304384897
2.7942209598562946 -1.4407070408667284
1.1931118398157194 -0.9305191246102998
3.1298521475700265 -1.8490982612111817
1.549162031162429 -0.8238412380669938
1.793820211099555 -0.8069629175796915
1.7382825751064273 -0.9030223395439156
1.9137775916824982 -0.8403513147310899
1.8246918276842414 -0.946126394070409
2.838865594992115 -1.5609946899949803
0.9089509997540597 -0.9805849189892228
1.820562965902002 -0.820468695252859
19.825239232027897 -0.9780293560922065
1.4504725839440207 -0.7925192931474332
1.7073309436129813 -0.8890237049303973
2.818092797492957 -1.516203026762256
1.699947336685533 -0.8737950066624631
2.6302715533290715 -1.3059389196061753
18.606193721361553 -0.7369467260777255
4.06981249893134 -1.8091264199947263
19.32294785086337 -0.9421431614021815
3.9444975037519496 -1.8292487270429323
1.0389239592177257 -0.9812372563017189
1.9502805536837875 -0.850694377979169
18.607817674637417 -0.7462012037574168
1.0701539285150958 -0.9279824055122828
2.3629670627979746 -1.2602929954559574
1.0326285651076592 -0.9036632126279398
18.893948551447195 -0.809342305893494
1.032375339101931 -0.9237345765037362
1.354973611975563 -0.8728699297771478
6.88622990994805 -1.0886647160055944
1.9136706166889157 -0.9894749277602201
0.9521027604327063 -0.877530067137826
1.943095879346579 -0.980572048474062
3.4347948813203937 -1.8533530441934625
1.1345615283047448 -0.9487264630019862
6.60888572848451 -1.2032514454455543
2.1882416169680146 -1.178985170798248
2.8420448033004346 -1.561226682270743
1.7628793890852454 -0.934114343797001
1.315163845886822 -0.8330180126844642
1.9886795312888095 -1.010678738489988
1.5941500214879742 -0.74592753209741
2.157400651662533 -1.1719821916559194
7.132105976761161 -0.966339871514205
1.7904386961104477 -0.9345903450546744
7.415292997805766 -0.8487636089973208
2.317612471942776 -1.2880650560432536
6.645440887572617 -1.2154185445153862
2.3180069571649295 -1.283035689859966
6.302872626566643 -1.366979656210113
2.412244925555099 -1.3252057450910992
9.069384330203764 -0.4295802377449238
2.1354055063285364 -1.116220213579953
9.187304051211205 -0.3958881243970338
1.132962410322297 -0.953378401816689
9.090431619048353 -0.4054172351141019
2.1630942758135654 -1.1192575994747633
9.32977160692237 -0.2591030775220794
2.195982304135252 -1.2312601044553642
8.980338280388299 -0.3338928777450382
2.1741795814414266 -1.1359353503204885
8.616934657772878 -0.4426938079967735
2.312683306506293 -1.2534089975402574
8.578742811507183 -0.442543622627501
1.8031293128431627 -1.0638159509062557
9.921421101952005 -0.2626806787775033
1.7459590182940472 -1.048736635851351
9.98145238678627 -0.2587563118107435
1.5533750683252978 -0.9700199562820192
9.336776862713984 -0.3980401411557949
2.022977890650244 -1.1080616702256143
9.367171489299725 -0.369324158758924
1.3386437949669714 -0.9580964731591519
9.612879913923194 -0.3328855243739149
1.0792392928471348 -1.0666851092889145
9.316890778009498 -0.43327255694268885
1.1375881117612108 -1.0355447985532737
8.92477059123043 -0.5481401635682117
1.1084303923964451 -1.0436646444672653
8.926429839669428 -0.5424460286978459
0.6032540351716101 -1.1192100241573115
8.928590591644896 -0.5446267002452709
0.4183955081984057 -1.1115035065991559
8.315411607663442 -0.704472661640593
2.958948462645921 -1.9997562344837325
8.420856619702166 -0.6872413660603044
4.338679439553391 -2.0130133551813376
14.59880782056373 0.11932847135219858
2.427485523260311 -1.6761009326321892
13.735719278306245 0.09665737749050501
3.541862302861618 -2.0982703671627534
13.79066520056781 0.1085326809023458
4.6096010942635575 -1.929307363285024
7.893793320720378 1.5281020585388023
4.097270154033259 -2.0975742246218654
12.57658559792519 1.1875081756130634
1.8779443013279142 -1.1121362338807348
6.758136030516381 -0.6372229109590442
7.100412292565124 -1.0757691107556229
2.245587276477885 -0.4913285025781189
2.397452767170611 -1.5922569231739205
18.400036853057347 0.739230245116599
6.885502098537495 -1.1630986930782479
19.448031245634386 1.3475814422607606
2.4564251807773485 -1.7750303350156973
1.438758541277218 0.43710228145302715
1.784347418423673 -1.0806943209852575
1.4603430738408538 0.4508340057707988
3.6382277084331314 -2.1674330249355087
1.4274317160780743 0.45175730496955707
2.155580295497198 -1.2441763071389533
16.20739510468402 0.981987406947515
3.2526641366010995 -2.088038060471558
13.135520385370773 0.7027887417998535
3.215554781995974 -2.094515800686756
11.499393952015911 0.5472564209201218
3.679118064844157 -2.1566306001442905
13.391424695770672 0.7691316462851969
3.612612621043584 -2.1220452812232544
14.091129211062624 0.9356116059333042
2.395698091427768 -1.671229231342637
10.620689672647956 0.36552142405013294
1.7811833621984738 -1.0818872227287188
9.418859794047762 0.029805800527654948
19.943888854089035 -1.1875501574163214
8.846826151827747 -0.10654969329128047
4.2731810361071565 -2.0488090368786964
7.673745470473725 -0.5392401117797987
4.841852734787296 -1.897590354314931
12.489393179676176 0.5558842156374584
7.189152686292089 -1.2132552088945534
13.247493140223453 0.7042242189155581
7.590121382297181 -1.0263865849825369
12.841144721124994 0.582010023240064
9.744312148098617 -0.34167245108348687
7.3101922443403975 -0.7366707673856323
8.538144134815658 -0.7051001008880632
5.750876184651915 -1.3694493734943511
7.732267073332079 -0.930158406774398
4.056623254456944 -1.660312499580052
7.265208004535869 -1.1963067810062151
3.444322194081663 -1.5147570894863474
9.530534170815042 -0.40549453701137156
1.595696830097974 -0.6647711574387046
6.994543375756138 -1.2980195097553373
2.816487781920567 -1.1120118995052963
6.973739907972676 -1.2973788375961386
1.0992048863020045 -0.6176249283784166
9.535037197068176 -0.4061876493526208
2.2116783696051048 -0.750520040436573
11.041073513123834 -0.10997856233796695
0.057151183049765325 -0.6661453455716353
11.072533414624884 -0.11745405810484287
5.817128492411857 -1.3443666544793023
10.626511048736223 -0.20105594129182894
9.251391239523766 -0.09022716426638716
10.089782618882971 -0.2870709929122945
14.777160836096803 0.5091850778133874
12.337110930317392 -0.13872870214723196
10.424877442129235 0.23241684252313508
8.503383894838317 -0.7412796512378514
12.689586358192777 0.4285127662328077
11.958130610716053 -0.16573630921890709
13.37363662613929 0.5817973192624739
9.084056506160149 -0.5663734202288931
3.7693322091390113 -1.645034387210692
12.342829252021966 -0.19829353593409674
12.235511017976616 0.3496671450228022
12.083484201353114 -0.1754452223167876
1.6233598626784684 -0.6136898691176403
6.3219390313588475 -1.4949966488832898
2.6649489973523592 -0.9399132755215145
7.661477725592767 -0.9880856167810825
1.53114291517906 -0.6243106478942269
7.444332338086891 -1.122526073470184
0.8737164747956455 -0.38855047035669676
7.367557841563189 -1.1591170094363634
0.2175883698371528 -0.4625954541968217
7.365208743072479 -1.1607101853384032
1.4678734946273593 -0.2370327024018469
12.370546902805042 -0.3079357247345906
19.799159685412455 -0.6530845750798714
9.189873983323638 -0.5329900884299854
0.6921847950898259 -0.5458444219422685
6.3275988593901795 -1.5043879297054041
17.043884910335866 0.7752702578170645
8.718673130264092 -0.6715420682713383
9.820487852957427 0.08323781740977362
12.341161633744862 -0.29248259718848074
2.8763196373464903 -1.057270931602965
12.230437385855376 -0.26211110147328326
6.740725675146845 1.276469639688585
10.988687300859347 -0.12003555979741777
4.1896155822466365 2.9890734129135224
10.338603667563868 -0.23882299279428956
6.6463040777937445 0.569999652559867
7.1084389727580515 -1.2731240684592697
6.778355768517434 0.392046765298197
14.069270893678253 0.007489568095068774
7.027978225303661 0.5676949167188505
5.411076120106254 -1.8630908763222138
6.736882769108924 0.7607483879285402
13.884508787199488 0.0036522687217631564
6.759505312707619 0.7133875697446576
5.2872034409894795 -1.8811045013543586
7.391398387129787 0.7696882333870261
9.991367990132085 -0.3167477683562865
7.4045992691474485 0.7756226176641889
5.546492022070145 -1.8326558783839166
6.8165666351822605 0.6841130028006415
9.54661174658025 -0.41064175492725125
7.9121924435035185 1.2226327899344829
12.181469844578682 -0.25967288791270055
6.853213691474525 0.45340002014544706
13.891360475562074 0.0013704867212990177
6.873063970940812 0.48207315647656895
6.35653289833616 -1.5316057856965992
8.764017990538983 1.1844464118667184
12.398909269366307 -0.3190927492002083
9.403826977403527 1.062838278509454
5.627944926780273 -1.8222480959609553
8.107908686144377 1.1424523092058407
4.389341635280477 -2.0193481489978895
10.259801922640346 0.8210790463791038
6.011358081927646 -1.6784614324904614
7.825747639803289 1.3856611371832877
6.1547946564599565 -1.617270661306195
8.318084674942751 1.2061777788724868
13.948920220169704 -0.007707394177482008
10.07737673352198 0.6381813212479999
9.000748477745763 -0.6096152185552278
9.93733209020012 0.5657157399702856
9.150715076204314 -0.557102600344686
8.087737985702818 1.2428449767905927
3.128383234305807 -2.270536200303762
9.082965154038938 0.9362556178485348
12.128936302685613 -0.32013894812118776
10.244825597149296 0.65018079788615
11.760232281840038 -0.20133617161203812
8.72960100934928 0.21610860292175815
9.964821093895862 -0.32005028492180637
11.205945864735545 1.0139027914418643
10.737994341721903 -0.1842952976048516
11.148791845059424 1.0260611074479498
11.805459843658046 -0.20442152322965024
11.209097839177504 1.0229616371413852
6.432530867886178 2.4333528628281895
10.61704143788898 0.9575805019589472
11.96264564262502 -0.26909785922371526
11.606491577346086 1.1356288620152264
4.224591861497772 -2.09593599569714
10.641640324462292 0.8990454715080383
4.463655677995301 -1.9988124647822163
10.586637082612752 1.063322180504519
8.842346671867663 -0.6434690116510151
10.598182193742417 0.8797525109013566
3.5090887460839983 -2.2584373218659928
10.309063775504201 1.2211216444841708
11.519576995850286 -0.15075048159716745
9.470483189406346 1.1831123846756875
6.040720036426529 2.555176886241356
9.531674559282294 1.1694764903436292
4.794759808485492 3.1290347055209287
8.372455082781716 1.2527035851041173
15.380696411669984 -0.04673311908278506
7.734355715783414 1.4369150534191095
6.325417920577396 2.492124687264645
9.345453308177914 1.2127299654516728
12.036335575652574 -0.27802549742660915
8.401344222477904 1.672851665353043
12.110333870995724 -0.4478049225771153
8.88035178177521 1.24547447983123
6.33743398186964 2.444415130904042
10.62012765900639 0.8898905953561884
12.087537993468779 -0.4806695690226412
16.837551522686525 0.3880046883724733
13.13542191642972 -0.20589839853275987
12.226985337571788 -0.0540764815928568
9.722114352479474 -0.37146348372552956
12.89044564893897 -0.02763878570138017
9.365187899470655 -0.48585110287414335
14.147821120180499 0.07212179531114624
6.328901536553931 -1.5862900868925718
8.396539733545717 1.2722053064541736
11.35304067812969 -0.2117511351353946
3.6337342904858283 -2.086300811455531
5.992350139955828 -1.720206526725242
11.898121461938093 -0.07350233765537716
5.831056317318751 -1.7971480792586447
4.0305739095249375 -2.1050792115884955
5.60840014633815 -1.8888737523174541
12.964520076718866 0.0501807884670081
5.652701989726301 -1.8704401784570734
5.404710283108063 2.8911874246797162
5.249491178234916 -1.9731151332835328
17.17203489835853 0.5123729193485527
5.3467165760315165 -1.9585606445226718
6.126257655748371 2.5174931769082947
8.40032422080082 -0.7926829435344596
8.341886551983714 1.3116011528325835
5.3534904205857865 -1.9536099131998508
8.756787682152096 1.6831965400890407
9.63268463388774 -0.3930944706717971
13.10605324150956 0.04009041885750041
11.42904120976503 -0.32003611041492874
6.83994773715566 -1.1866628040983298
10.443053710347456 -0.2369368857063777
7.236481240870501 -1.116859015100189
10.634714002479287 -0.22967374928783194
7.473192951170208 -1.0581682597847744
10.250374216234855 -0.27316819469137427
6.027628919153782 -1.5711331777656856
6.641857741907506 -1.4874955266132392
4.422537699568249 -1.982724341006569
11.388237070276942 -0.25376742596368684
8.40792609403029 -0.7329380229776155
11.540291748526466 -0.340122867896297
6.03355550355341 -1.5692083081537163
11.583155637253016 -0.33648050578158917
13.227347726255823 -0.09880056070481566
11.31032419314486 -0.1643200325478906
3.8302539956187176 -2.052410019424586
11.186860451594578 -0.2764677404866356
3.9439525209655026 -2.0640341723340327
12.238941775509193 -0.5141349915588107
13.090210566940284 -0.11299693189952986
11.504823028178176 -0.32704457290545996
3.859731758368849 -2.107094932325308
11.677105940211883 -0.4960605712722138
4.523285334113312 -1.9468825509863157
11.790174943263459 -0.578251940103209
12.092981076502316 -0.07590280278353398
11.704904144050051 -0.5220248570592253
8.910764618926576 -0.5824778916031699
11.697441255691205 -0.3720599676791072
10.540753201915937 -0.1615110660411949
11.778136002785226 -0.5738056492993359
13.168813846864827 -0.10476522170813289
11.762196532764001 -0.5505951683573779
3.4417337424085783 -2.0887131505379704
2.537559916050049 2.8420689814394375
13.491387560739529 -0.02321245757288104
12.016866954883305 -0.5915693733906997
9.262033213485305 1.240476822729995
12.116970646294769 -0.563691444115609
8.865918819825048 1.2267160897077567
12.830391084343193 -0.3421168986459175
9.168255509048889 1.2628279277521315
14.385908418919247 -0.025403837553230287
7.8904827392843995 1.5004453746408168
14.359676798272536 -0.0757934616658626
6.84865220574937 0.6274393010917763
14.468617241881331 -0.07450377736763976
7.015147634882791 0.7017653725955904
13.822921831763834 -0.06528908175787385
6.249895747105449 2.22150646709389
14.524273787189934 -0.06741971864262954
15.431712271733291 -0.09247692422190285
12.541698248614372 -0.4395401961661077
6.5988958041803505 2.1138925237716495
13.711451171415352 -0.08821150340220277
7.548927553816159 0.9855711922438837
16.761271647134148 0.3396359131487153
15.707580040509251 -0.011666086013428154
13.448576588956126 -0.13314271034999145
7.354452464093556 2.2064886907672716
19.592569700597334 1.7936994020609611
7.5788380110885205 1.7773182923252124
13.409755498303042 -0.13978254463661302
9.361883362026736 1.0598604599191894
9.929018192549696 -0.4443022712644014
12.281835566606556 -0.07327593956447404
13.41650718611048 -0.21453257467180317
7.798788523084152 1.8603352888956524
8.085010783951068 -0.9693127576068505
7.688683089013602 1.4737296394518622
13.641790846619974 -0.09539844886981227
8.352170616303887 1.1970639718396077
11.373768023792334 -0.5289616421857752
7.373569685380398 1.0661229339154012
15.069996161672126 -0.20655631069140012
7.080493621819941 0.7972077250572975
12.501989267458624 -0.49454177268001615
7.3111884236462235 2.2551508240723677
12.665517792540552 -0.4624534743549313
14.711015709061373 0.4467220317574821
14.097755840233058 -0.1280479169186377
4.528948288441563 3.011748791734403
0.21608813214906952 1.954868048075321
18.308755465218436 -0.10309962258691688
14.559053066853254 -0.1763410285577978
10.188163933076957 0.16442286006736484
14.60954870111417 -0.15900415392457812
18.72077004788296 -0.10234651714930504
16.977304536801753 0.4186025521061718
6.579582343953906 2.166074132370807
14.464700533647802 -0.19091452292863212
3.936384038397691 3.0517952103598724
15.020381873845317 -0.22965844518605805
8.246327090394644 1.169237810059038
14.31346768667322 -0.15878960357913136
9.35649363256263 1.0638373546892659
19.150381204171403 -0.3444663506888586
18.62038195400472 1.1988377928646798
19.4795162053663 -0.44997139633276684
11.116438588294198 -0.07862561372844888
14.561311220830415 -0.17493095900942415
2.865748013462651 -2.0010060328832315
17.672897164878734 -0.11507666595145977
7.185590194649935 2.3287286500136726
18.63454209565551 -0.3722128702068843
8.782835412674483 -0.6151440965595074
17.549419152286916 -0.18785393026521446
7.639063105493893 1.5166458387874324
17.135126042425576 -0.498071985134113
7.270064192742982 2.267349222651416
1.0466515601749138 1.2509491402847162
6.491210198312844 2.1780039598334455
18.047291097391234 0.1308299813450306
9.188603027897393 1.1395848209559556
6.987444576091772 -0.994776653377364
9.165985342043873 -0.512585200575844
0.4979346109378551 -0.6711254429890517
5.116088690492637 2.78204575583885
17.94675275341479 -0.01983435113634939
7.326513587218357 1.0196089878776042
10.780088641875517 0.15664650457910442
7.2057504944874395 2.005516765762624
6.51937841592199 -1.8773661628326483
14.747059876746292 -0.17054607533296484
19.45985530529394 -0.694143277582956
13.028972148453438 -0.7287558512768473
17.059280785551152 -0.3271044367276365
19.948005799240978 -0.5546602286047904
0.8804304785034723 -0.7077950064243941
0.007272452783284589 -0.5573335155438035
3.409175750230838 -1.7164775209462435
10.98315584228261 0.2537651403995747
17.25407938777174 -0.2370870023048613
11.659971288161039 0.1299462029964519
19.138352892375316 -0.4616796164706616
15.031637622337817 1.3673463968905357
18.439885878534515 0.4718947707985369
10.81255619977825 1.0514066692923374
19.077288150775086 -0.6140753311071625
13.105103405222316 0.8714987390279492
1.342597072344183 -0.09966336361222411
14.429734207989139 1.3414315569213489
19.3718641304647 -0.3940553589722961
12.268773891425328 1.1043626124487467
18.354849101878894 0.42578914202136464
18.71045660016887 1.3305109274583988
19.477349678171354 -0.5331194536250595
15.695386807663917 0.4309942793830724
11.86106363311268 0.5604848471982591
16.14756221521367 0.4211327330276914
13.24291499458301 -0.6459618013947817
0.23986321026282242 -0.6705037926388335
5.391185672937032 2.526199152614732
2.217428769910055 2.7542159745696675
5.4430632523306866 2.475563540825405
1.6029517692811392 -0.6849391767110057
19.10477563429618 -0.6701339700798142
13.374253099872552 0.3414737204326811
9.166200215363197 0.32757454666962027
1.1215389715610244 2.2160991547148816
10.09502072408256 1.1846622030302811
5.770540616979184 2.5177192295105484
1.9769444710629576 -0.2038136514317387
12.603484977120194 -0.6004808523233061
10.257829659401247 0.6209125509719347
3.1524977309746514 -2.011468055000962
13.325956710804519 -0.08779764448916925
13.351074203057296 -0.08446564703258404
7.611333449576467 1.2659644548615738
14.770427753826532 -0.03431016582209269
12.555808172816594 -0.19584882494042982
4.481586201481326 -1.7713511640609667
13.341542488574058 -0.08513012565465053
4.266525237474163 -1.85126265648353
8.851641197938616 1.2302304973202896
3.247591044456118 2.9234368006654012
2.9981859810726292 -0.7698044474269794
2.6104541433738464 -1.60427650628401
10.516835182018884 0.8338430634945272
16.443320106622078 0.002551983267009339
12.557722951133783 -0.1921055030078636
17.555707880093497 0.37910108870803455
7.458266219957572 -1.0659355317339319
2.4006413869653325 -0.5178912057767069
4.333011769483971 -1.991534673150293
16.68201541045868 0.14512231015523092
2.3689063617447035 -0.43843470186012895
17.169363207722004 0.23367142557989715
7.794315443077202 1.934030854831296
7.536552709088839 -0.9925042904786583
15.354788234523186 0.01152234876792621
17.19993821885793 0.07041730150664763
13.17597478436149 -0.07294226417028693
0.43495330055251036 1.9601736938037426
3.449913303288085 -1.9592462193032718
7.604967589648217 -0.7966898435683455
2.827658956989433 -0.6581099855687685
15.52248289465844 -0.2662940067739698
2.004562300880899 -0.18561300338411557
18.467802871911445 0.9005543875830982
15.307254042300547 0.01164427212960148
1.837497442828093 0.9699659732710295
3.745261176823216 -1.0544396390830468
8.299860303670824 -0.5231650326390436
2.8549057605448005 -0.7031623992025186
7.488449133663279 -0.8271449341521694
4.8509399404703135 -1.8722265422455384
11.834207300530636 -1.131561896283184
4.028642121899007 -2.09779072193243
10.606161393319244 -1.087613666735298
4.456960624706938 -1.1773224017839699
13.3498863670501 -0.7292472190109868
5.156876447262844 -1.8496888255687067
14.758422957618137 -1.3798761152723789
6.921660323160427 -0.5487062938407989
1.4423975941039209 0.6518892621706798
19.83052048764801 -0.8849161455515215
17.821954439495702 -1.507232023792654
1.048712847207429 -0.9623820229170563
7.75478387919394 -1.2955405003982665
7.485314239030008 -0.9159834597855708
12.401596559767711 -0.8653377546325816
7.446786046015374 -1.0603155683380605
7.503393387124167 -0.9915689025982527
3.537511773712439 -1.9558929796406073
12.28188076868725 -0.8619402734148827
5.438197003114307 -1.1173551139297917
15.096816348452295 -1.262546085516319
11.84836485185574 -0.03914093033698769
15.290089292414361 -1.1530773622131982
3.2585541190069183 3.0236696975265804
13.183613641748925 -0.7679718385168539
14.178505323662387 0.07832377113933617
11.802565143210265 -1.0445228629746175
12.243422664777233 -0.12226706874429467
1.7862371354308744 -3.1305973489205066
2.7577039464390447 -1.9145207367779649
16.34727137653947 -0.5448435820668641
13.107068278110074 -0.42647334443004603
16.197135936599917 -0.8397277725861929
2.6841882575435063 -1.8781191748998367
19.163125180138227 1.12592392273177
14.32650900745063 -0.386297381062048
13.821042205387677 -1.1011670840268868
18.61103834301924 -0.7130991436826916
13.83320454190915 -1.079561492504731
14.360242227822743 -0.1424112151697875
12.48120102754191 -1.005620780290658
3.004275563557794 -1.8737385245762845
7.613264928480091 -1.322695293078763
18.888572664318012 1.404971984992514
10.615899290691654 -1.0953970578364085
6.963792421440907 2.4156945909326124
14.134016599424639 -0.6412248514285223
6.922851402736079 0.8197164281054503
7.300259133470967 -0.9326676727544676
0.6915816675115161 -0.8742428470576006
18.06404763487056 -0.5584786866107401
18.446874339667055 -0.6888931920020638
4.353441423676928 -2.6891795472709354
8.368001357101692 -0.7557849248932146
16.57424435290617 -0.7299851357823122
12.096755171623933 -0.13317778541709335
16.628596296958744 -0.2494798530005346
7.647540469429575 1.4304016342296895
15.324917029899133 -1.1421615941243597
19.28510389572583 -0.9109279252783209
6.177184440039312 -3.6770930930725307
8.05427479800029 1.4380331223142404
14.632558061543405 -0.5762779593151159
19.296023832643566 -0.919485619322727
15.33535754217481 -0.8184733204595882
3.860156793302804 -2.0109046971499143
15.908445336308985 0.16279267696420324
2.8815044263557668 -1.7265998428936191
6.12030924249703 2.52456965067508
2.608262724647806 -1.8133559943383875
4.0556587629154475 2.934532146736816
4.458153883754943 -1.9721094602078395
6.336278042271666 -1.4071279880690177
0.30957928477163643 -0.9612565186608394
1.1576393240684193 -0.03201042664974332
5.873996729374834 -1.6441796311105914
14.513735486515616 -0.6335298322492525
7.046434732722038 -1.0795426720648236
14.893537250415378 -0.5790900475262232
4.550738783374929 -1.8543526500416716
6.049274735985366 1.6829602095407084
0.488127708056545 -0.9174167725765476
5.967157238689519 -0.1830737595027437
3.7218345387557235 -1.981379341470071
5.76812221733053 -0.3665442183265187
19.279746208035768 -0.823745952951172
4.458934937380061 0.8883202239111525
1.1721796335894998 -0.9247299841899513
9.082856450302693 0.8488273904642949
3.6609248489871087 3.06830753897238
8.155013840169776 0.6176507766062034
6.295748317709743 -0.795971665059609
7.822433871210389 0.5665517039320953
8.69390799238971 1.2482615932699561
6.171553049736114 -0.1281828022935168
1.5331862091894493 0.13318774939987338
5.152718582049352 -0.3590353964959743
4.560340785417684 -1.6960879262320772
7.606380126073156 0.49929472892693966
18.309196551637957 -0.47861721526879086
1.2799630810253209 1.531001411549294
1.777340200855858 -0.8642267519959634
10.905038511366662 -1.0409052742633456
17.617591880322806 -0.30305523290530184
6.658467464403049 -0.013549476012008572
7.728379183737678 -0.9237803473750117
5.962696588281203 -0.30026644162387023
18.69233949208579 -0.6993702719459701
8.7995944063111 0.8187722728761314
1.4936717203284122 -0.8128077207022877
7.371343763220713 0.37897842822805516
2.4477915730659587 -1.2550631066729483
6.892803943123682 0.1879138875900338
11.89000279528322 -0.8812318352736631
4.717020034138153 -0.18837076383319956
7.794090099355471 1.7972142547277676
7.592655322285176 0.4951256466884835
9.489600654339469 -0.39820175270901464
7.128634586507518 0.45420451672766665
0.9457203813568793 2.164760638846433
5.425448671917748 -0.043117126202306746
10.983555847789024 0.880402305835169
5.743730157474492 -0.3506903288762465
1.3413249762385482 2.300371050273466
16.933585197935116 -0.14142772126985134
4.224302356358996 -1.9267721741661021
7.411506856932848 0.39032323703437666
12.355707568156577 1.2302091881524717
9.90458681387659 0.8538615459084795
2.8726961157506214 -1.8704509083771712
5.835807619652988 0.3837428055962445
14.741449298938088 0.08438356147836007
5.370351294266986 0.22488634137380056
19.515221392259516 -0.8896393239428803
4.426908646578212 0.8907312688537978
3.3306104514891595 -1.5559932649307184
8.13903686838055 -1.1574024879911426
4.520697863516847 3.003795712585818
6.1420941369726005 -0.1325119594815629
4.2906195988099265 -1.9032094039097736
7.543777008397678 0.48848573702289705
17.20441479020276 -0.5544551265781577
7.2038293096248935 0.4342407935502631
3.301835870158956 -1.539277308828659
5.714558609255774 -0.23702871220257607
19.62326614026677 -0.8663591010942321
5.200726664622863 0.1144992164758919
19.99748652576695 -0.9009269758097262
13.504977393538741 -0.3150410457577033
11.394889794859933 0.24244844165127002
8.063358822570805 0.5944763284395589
11.738915094777315 0.21093543192572986
5.381551743981068 -0.06911432480996973
10.772424813879706 0.18885997068965168
4.838510276704148 2.6866851555635725
12.276214072371102 -0.10805067854081939
1.148861705962656 1.4075455827231804
2.7832715656420577 -1.1267244540486407
11.312108432688511 -0.01550950699562479
19.316248614815496 -0.8229413166325936
1.4420678516639682 0.7419798055935246
3.955987908313076 -1.7421657705176976
5.199312259819586 0.10787474850302792
19.10263776310825 -0.47901101090884945
16.111266126656215 -0.28002853449469634
3.7273595370392636 3.083830851765806
1.1353151150018579 0.33299184937589493
4.973379889253715 -1.5243636706953632
9.122754976269757 -0.10525917077099481
2.9766777083748406 -1.177521300886712
8.346225091604268 -1.0859182386002992
0.2722934117480491 -0.5197987199190517
13.50626567729875 -0.3322463636132059
1.326382664657661 -0.1678517298713608
12.802871787609062 -0.6014947879650447
18.708467635667752 -0.09995017972510517
13.355901483018622 -0.39884326847845075
19.81036216564247 -0.6978555068935727
5.773736062949903 -1.2721428739781722
5.3715494534655415 2.5776484551377044
1.08886806276053 1.1934131198630826
14.81221942561057 -0.15641415508040796
14.810267936184038 -0.28060484589274504
0.7819429916081433 -0.4453798298680832
1.4796662205415638 0.773331956608811
7.054584283388925 0.8888215657038661
14.372895462273757 -0.42653582787947575
3.366830030308852 -2.008852154273415
3.5982583407551623 -1.381578013640953
9.397874815459566 -0.4323099945609865
17.391526371215388 0.04140031614929003
11.908565507524534 -0.0901266196806494
17.172581744559405 -0.1988939846313527
3.406572630739582 -2.035519102296949
14.599687624782801 -0.37940125626732407
2.1000947264449445 -0.9844090002076028
13.8952294576548 -0.18316800475891643
15.384247771260009 -1.019550147658622
6.458470993902586 1.1055821641474624
19.123352044876007 -0.7320359574935136
6.823520938024278 1.7846451315365486
15.393272613953041 -1.0270434796285488
17.482102382989016 0.14402927377134955
19.43415931134779 -0.8782398757780444
17.829474607448116 -0.1200540458001083
3.110998839006428 -1.8974824128781025
18.101321363002864 -0.3110060247079636
18.25576367879817 -0.5065339227811682
15.629215498332334 -0.06024039762180376
3.5715677217042803 -1.9600301556463204
18.029040603230243 0.8300599590068404
19.009665157849597 -0.660544808206071
15.101196762868016 -0.2473230466588367
18.916498787390033 -0.7280392333940695
14.567028687947658 -1.1114633123025548
18.781362429097957 -0.6211799988258997
15.891443787411939 -0.42430594742098293
4.04895838665787 -1.984064693782199
18.290056533255274 -0.26126978810242785
8.905383467597058 1.2155799052170206
14.484155255738392 -0.7674501656539173
