2.5502611470371233 -0.9725041702389614
17.471788375056246 0.9736372326076302
2.5694395440828552 -0.9726588313488215
17.491850042204632 0.9737126303854223
2.5894394651282306 -0.9726588313488215
17.511861729261575 0.9737840776490153
2.60944609001859 -0.9726183714383942
17.531861847689623 0.9737840776490153
2.6295279211873823 -0.9724942357577777
17.551089081296293 0.9736297642774799
2.648654167841731 -0.972622471878314
17.570090101937318 0.9734371933006992
2.6678487714829675 -0.972779072497148
17.590199033704927 0.9735780753626101
2.687848495223589 -0.972779072497148
17.610206752980798 0.9736227334615563
2.707863107729291 -0.9726886431367766
17.63020706867464 0.9736227334615563
2.7279191547891406 -0.9726081378939575
17.64933197217777 0.9734539171350741
2.7470522038090768 -0.9727391508268018
17.66843297108566 0.9733194809601645
2.766168491221773 -0.9729125746475422
17.688551800870457 0.9734654753409265
2.7861680179302724 -0.9729125746475422
17.70856878224805 0.9735653436867078
2.8061746425482275 -0.9728697510512748
17.72856929489614 0.9735653436867078
2.8262224138494556 -0.9727872381391066
17.74778368008762 0.9734177036907654
2.8453569225226993 -0.9729253173213432
17.76684541383634 0.9733043847777604
2.8644736655635077 -0.9731039452223316
17.7869875353211 0.9734567140319068
2.884472995706971 -0.9731039452223316
17.807013370149054 0.9735498520234764
2.9044750656814435 -0.9730622591590573
17.82701407924547 0.9735498520234764
2.9245343127554793 -0.9729573697571445
17.846344565032556 0.973425829394178
2.9437169041639684 -0.9730972076114219
17.865383442159708 0.9733224215696787
2.962742350261586 -0.9732954788763944
17.88552872890621 0.9734603868220351
2.9827414845010805 -0.9732954788763944
17.905562386887325 0.9735913971253413
3.0027405796561344 -0.9732954788763944
17.92556329173227 0.9735913971253413
3.0227920143785454 -0.973183456831345
17.945057810964535 0.9734992714750741
3.0419726333445443 -0.973323310524462
17.964047551409777 0.973384312590019
3.060972359835762 -0.9735308437224205
17.984182432738578 0.9734999829506253
3.0809712990256872 -0.9735308437224205
18.00422173118175 0.9736084069889459
3.1009701993251855 -0.9735308437224205
18.024222830882255 0.9736084069889459
3.1210111293429774 -0.9734146045603681
18.04386996478008 0.9735448559534251
3.140281764219479 -0.9735413553410428
18.062712306803043 0.9733983553465383
3.159175491900485 -0.9737714611162536
18.0828358770027 0.9734960947980184
3.179174237087733 -0.9737714611162536
18.102882587882473 0.9736306510449908
3.1991729436169445 -0.9737714611162536
18.122883881353264 0.9736306510449908
3.219203741572871 -0.9736950499932714
18.142673279073968 0.9735930737523101
3.2384901711265317 -0.9738192779916196
18.161359562772805 0.9734094692183642
3.2573839737523107 -0.9740545743248887
18.181496376660963 0.9735220320583909
3.27738252617523 -0.9740545743248887
18.201533889676753 0.9736282590364305
3.2973810402106514 -0.9740545743248887
18.221535375641334 0.9736282590364305
3.3174034037695646 -0.9739755748517172
18.241499486800215 0.9736216567185716
3.336751150119789 -0.9740884257459226
18.26002086747497 0.9734007847211584
3.3555600674230637 -0.9743418598143554
18.2801623798084 0.9735090960339651
3.375558428510239 -0.9743418598143554
18.30021704687324 0.9736659719548466
3.3955567515183422 -0.9743418598143554
18.32021872386514 0.9736659719548466
3.415570057093804 -0.9742980741620085
18.34022043886991 0.9736659719548466
3.434916994511542 -0.9744083142077039
18.35871994350939 0.9734343982493654
3.4537033202836325 -0.9746764430173313
18.378876370979608 0.9735454099921136
3.4737014916524727 -0.9746764430173313
18.398950403431318 0.9737108544671983
3.4936996252882464 -0.9746764430173313
18.41895226979555 0.9737108544671983
3.513707517888046 -0.9746352346777091
18.43895417381917 0.9737108544671983
3.5331651102731185 -0.9747320952148057
18.457416705988198 0.9734742996837096
3.551833674748172 -0.9750276912975395
18.47760380407516 0.9735978606556484
3.571831658203313 -0.9750276912975395
18.497703850816485 0.9738371319599667
3.5918296043086264 -0.9750276912975395
18.51770590471117 0.9738371319599667
3.611834877103434 -0.9749951635795395
18.5377079958746 0.9738371319599667
3.631331597714142 -0.975085356561055
18.55613986845302 0.9736049003566531
3.649967126673425 -0.975396936121828
18.576365823021366 0.9737445859724152
3.6699649242049626 -0.975396936121828
18.59649250141563 0.973982088365351
3.6899626848067664 -0.975396936121828
18.616494740813824 0.973982088365351
3.7099658028662543 -0.9753617218233686
18.63649701705334 0.973982088365351
3.729438945284122 -0.9754509690220332
18.65500985111221 0.9737879664596598
3.7480418230589736 -0.9757765508376591
18.67525882778814 0.9739531388974676
3.768039436840465 -0.9757765508376591
18.69536235439469 0.9741393142843467
3.7880370141487747 -0.9757765508376591
18.715369163829717 0.9742051154343961
3.8080378620300235 -0.9757567091347876
18.735371622898942 0.9742051154343961
3.8276173735274237 -0.975828899825547
18.75398623274784 0.9740364362082824
3.846105589315031 -0.9761760348192413
18.774242258296848 0.974194246647575
3.8661030217013925 -0.9761760348192413
18.794359011277834 0.9743720754416644
3.8861004181071133 -0.9761760348192413
18.81437167531347 0.9744324380898295
3.9060992089023823 -0.9761545808081076
18.834374314785606 0.9744324380898295
3.92565421735516 -0.9762276762784519
18.853038562351735 0.974273192808756
3.944200525189528 -0.9765635585265504
18.87328796955607 0.9744168080447737
3.9641977787146825 -0.9765635585265504
18.89342756082723 0.9746352160241003
3.984194996787247 -0.9765635585265504
18.913433997275142 0.9746900338312413
4.004192179517046 -0.9765635585265504
18.93343681454534 0.9746900338312413
4.023644380658757 -0.9766534013606859
18.952100422867527 0.9745268507350674
4.04232286624745 -0.9769638666608333
18.9723434101061 0.9746590990105511
4.062319943621838 -0.9769638666608333
18.992493370620622 0.9748598625421971
4.082316986106673 -0.9769638666608333
19.012506058109352 0.9749182423835604
4.102314804137077 -0.9769517118853638
19.032509050397312 0.9749182423835604
4.121768195460842 -0.977060272999433
19.051157581756613 0.9747496569105414
4.1404329206149635 -0.9773840703069562
19.071448181776013 0.9749123595209536
4.160429824722866 -0.9773840703069562
19.091573525560953 0.975079301286183
4.180426694538679 -0.9773840703069562
19.111596625128765 0.9751982056508579
4.200423530185984 -0.9773840703069562
19.131599789481463 0.9751982056508579
4.219909138163946 -0.9775080795796723
19.15026399247606 0.9750328657350831
4.238565212833131 -0.9778634696390995
19.17056689108551 0.9751930773542065
4.258561946729814 -0.9778634696390995
19.190737010178673 0.9754260529272176
4.278558646965725 -0.9778634696390995
19.21075011923109 0.9754849086571517
4.298555313671128 -0.9778634696390995
19.230753452525683 0.9754849086571517
4.31816925871085 -0.977982301918213
19.249438870044674 0.9753254097211271
4.336650527968111 -0.9784017487447937
19.26975324520279 0.9754827088216388
4.356647094876827 -0.9784017487447937
19.289943948958477 0.9757075494758422
4.376643628789299 -0.9784017487447937
19.309968207893164 0.9758343940037868
4.396640129842364 -0.9784017487447937
19.3299717068401 0.9758343940037868
4.41631097100311 -0.9785103921670874
19.348684149918064 0.9756809152945295
4.434659633950017 -0.9789803550548488
19.369007649120917 0.9758350309358226
4.454656037258812 -0.9789803550548488
19.389215566997432 0.9760549733047423
4.474652408268459 -0.9789803550548488
19.409252965146926 0.9761811519087393
4.494648747122221 -0.9789803550548488
19.429256626293164 0.9761811519087393
4.514281780570922 -0.9790799163504318
19.447991082176102 0.9760325289651192
4.532610514483849 -0.9795563100460927
19.4683192354463 0.9761819616010899
4.552606757742222 -0.9795563100460927
19.488543938207382 0.9763974815990812
4.572602969430417 -0.9795563100460927
19.50859653245237 0.9765833050283294
4.592599149697985 -0.9795563100460927
19.5286003521848 0.9765833050283294
4.612265212345123 -0.979629158220396
19.547394513585335 0.976451899972172
4.630610434217166 -0.9800871424180162
19.567738738870435 0.9766170211957249
4.650606521132572 -0.9800871424180162
19.587953211158958 0.9768438118538172
4.67060257723792 -0.9800871424180162
19.607989623110768 0.9769673644782759
4.69059860268891 -0.9800871424180162
19.627993597659778 0.9769673644782759
4.710223913582277 -0.980165050843864
19.64679967501036 0.9768368710471733
4.7286682703021174 -0.9806078354594114
19.667147459634904 0.9769954772558538
4.748664204736292 -0.9806078354594114
19.68738601526497 0.9772229304191538
4.768660109150945 -0.9806078354594114
19.707441336996077 0.9774181582627092
4.788655983707757 -0.9806078354594114
19.727445462439263 0.9774181582627092
4.808311257075369 -0.9806874184989768
19.746270086366046 0.9772912525414666
4.8267911596687725 -0.9811539360605491
19.76662471651269 0.9774460530338412
4.846786945633944 -0.9811539360605491
19.78688263695917 0.9776706528360083
4.866782702399746 -0.9811539360605491
19.80695630217633 0.9778619082912333
4.886778430133695 -0.9811539360605491
19.826960574442385 0.9778619082912333
4.906505935432767 -0.9812226760987965
19.845800461585203 0.9777371899148842
4.924864807044116 -0.9817517518668434
19.866158195625157 0.9778871845801115
4.944860448699028 -0.9817517518668434
19.88647055866003 0.978163307531014
4.964856062003541 -0.9817517518668434
19.90652553544648 0.9783625139320001
4.984851647130835 -0.9817517518668434
19.926529950319186 0.9783625139320001
5.004630896937892 -0.9818146927144317
19.945387067233582 0.9782399450454595
5.022857181538561 -0.9824051362857109
19.96581703423286 0.9784235815558703
5.04285268318437 -0.9824051362857109
19.986090425807735 0.9786623891505714
5.062848157356732 -0.9824051362857109
0.0061668211216456825 0.9788614375407866
5.082843604234319 -0.9824051362857109
0.026171374244057688 0.9788614375407866
5.102668743454328 -0.9824605763151476
0.04503645093829789 0.97874020701357
5.1208362683464115 -0.9830715923044253
0.06547580352369309 0.9789192887286329
5.14083163442245 -0.9830715923044253
0.08581313417971259 0.979217770591171
5.160826973929111 -0.9830715923044253
0.1058722622034639 0.9794519189793408
5.180822287050375 -0.9830715923044253
0.12587694908219926 0.9794519189793408
5.200694914051367 -0.9831267575189748
0.1447530575103581 0.9793330862874172
5.21884768274236 -0.9837242789670291
0.1652023873456096 0.979508585603366
5.238842917821752 -0.9837242789670291
0.18555905510449974 0.9797971388312967
5.258838127262055 -0.9837242789670291
0.20563908734622377 0.9800228265135524
5.278833311252373 -0.9837242789670291
0.22564390335589796 0.9800228265135524
5.298653844120697 -0.983785244900349
0.24453973537255497 0.979907586674068
5.316856798145681 -0.9843695653028193
0.2650676830828216 0.9801177542318582
5.33685190693083 -0.9843695653028193
0.285368369000956 0.9803588975505267
5.356846991032471 -0.9843695653028193
0.3054735895843054 0.9806234277940353
5.376842050644674 -0.9843695653028193
0.32547852997210164 0.9806234277940353
5.3967035628572235 -0.9844267605683428
0.344464174867172 0.9805291139696433
5.41492272561356 -0.9850334999183724
0.3649405918383629 0.9807162341134572
5.434917712931504 -0.9850334999183724
0.3853068995662571 0.9810131260483643
5.4549126765458835 -0.9850334999183724
0.40538743874280087 0.9812087092016015
5.474907616655531 -0.9850334999183724
0.4253924986331525 0.9812087092016015
5.494819189743214 -0.9850882404841751
0.4443949795120691 0.9811162962946101
5.5130410546175295 -0.9857239413520987
0.4648696526894886 0.9812951213305666
5.533035925415183 -0.9857239413520987
0.4852594870488447 0.9815863380648041
5.553030773512612 -0.9857239413520987
0.5053621316896637 0.9818489473585549
5.573025599113203 -0.9857239413520987
0.5253673060890718 0.9818489473585549
5.592983393321687 -0.9857724813145304
0.5443779036316171 0.9817566830725345
5.61115875985687 -0.9864196838001037
0.5648492170272821 0.98192755132266
5.631153519196133 -0.9864196838001037
0.585259738713061 0.9822130428463935
5.651148256860914 -0.9864196838001037
0.6053885121584441 0.982473596197783
5.671142973058963 -0.9864196838001037
0.6253937959603979 0.982473596197783
5.69106334251328 -0.9864721258514614
0.6444120241556847 0.9823817688785075
5.709455161051574 -0.9870186546866493
0.6649699379463211 0.9825881858070119
5.729252467603864 -0.9871347214234286
0.6853755867332416 0.9828927397417778
5.749247100029287 -0.9871347214234286
0.70547835335439 0.98316052767617
5.769241712039264 -0.9871347214234286
0.7254837413444082 0.98316052767617
5.789176950893983 -0.9871869489920589
0.7445171229117598 0.9830701562587238
5.80767444381966 -0.987671820961225
0.7650756152023588 0.9832689016776096
5.82739926720927 -0.987837622530136
0.7855103124034084 0.9835709626624933
5.84739379969248 -0.987837622530136
0.8056389018207966 0.9838338574730499
5.867388312831679 -0.987837622530136
0.825644388681593 0.9838338574730499
5.887420534119449 -0.9878781715514837
0.8446967337805732 0.9837461500703795
5.905976902326934 -0.9883247370453833
0.865252705993149 0.983936907966839
5.925616972631448 -0.9885580767684986
0.8857795970345235 0.9843138286333382
5.945611410568229 -0.9885580767684986
0.9058688720269686 0.9845663369508888
5.965605830251522 -0.9885580767684986
0.9258744523436747 0.9845663369508888
5.985648399601605 -0.9885986499833374
0.9449515886619868 0.9844832357825595
6.004276852657704 -0.9890029432511734
0.965600536756467 0.9847107525939606
6.023824363493428 -0.9892941126036335
0.986061375163122 0.9850367707231712
6.04381871237286 -0.9892941126036335
1.0061736982499039 0.9852827077105442
6.063813044107348 -0.9892941126036335
1.026179366515419 0.9852827077105442
6.083809649628709 -0.9893411170384477
1.045315596133371 0.985212173712374
6.1025240204578886 -0.989694357643669
1.0659176312913548 0.9854191683740647
6.121972578290594 -0.9900671154229321
1.0864020299093269 0.9857384376458376
6.141966843689657 -0.9900671154229321
1.1065425889413671 0.9860508607902319
6.161961093069229 -0.9900671154229321
1.1265483395617946 0.9860508607902319
6.181985806038896 -0.9901119651466741
1.1457004085539082 0.9859826337193124
6.2007985055022665 -0.9904227530059676
1.1662981657891438 0.9861806385746612
6.2201700483405915 -0.9908449801250121
1.1868512058031357 0.9865397256274384
6.240164235918638 -0.9908449801250121
1.2069763514617147 0.9868001825911121
6.260158408618462 -0.9908449801250121
1.226982178761889 0.9868001825911121
6.280262069268295 -0.990876535350784
1.2461494321107265 0.9867330557219742
6.299037573020164 -0.9912030708242527
1.2667543204192009 0.9869276665109735
6.318427639827339 -0.991639379426043
1.287330015674547 0.9872789468814777
6.33842175532053 -0.991639379426043
1.3074832597550163 0.9876019457837449
6.358415857091453 -0.991639379426043
1.3274891579840962 0.9876019457837449
6.378548623360631 -0.9916690458136439
1.3466739989234136 0.9875374776738378
6.3973781703308905 -0.9919781730932247
1.367365171983805 0.9877631942386391
6.416707820646696 -0.9924436087574403
1.3879254575148092 0.9881269145780848
6.436701869862329 -0.9924436087574403
1.4080512367543225 0.9883849590909536
6.456695906525187 -0.9924436087574403
1.428057200091467 0.9883849590909536
6.476850305751704 -0.9924725400801541
1.4472685253476667 0.9883242840385414
6.495640955094275 -0.9928005606611836
1.4679478610659875 0.9885387592012969
6.515023077547927 -0.9932678681090088
1.4885348576138935 0.9888954444711849
6.5350170663587095 -0.9932678681090088
1.5086868651169936 0.9892108996791871
6.555011043798598 -0.9932678681090088
1.5286928876771078 0.9892108996791871
6.575167532599426 -0.9932959166005362
1.5479246697955258 0.9891537292808611
6.594052780196511 -0.9935955032253828
1.56860676735329 0.9893628497484446
6.613391107271728 -0.9940616696052329
1.5892709761306134 0.9897700765042049
6.633385041609977 -0.9940616696052329
1.6093938580096199 0.9900213442970461
6.653378965770433 -0.9940616696052329
1.6293999338491665 0.9900213442970461
6.673569223957877 -0.9940833760983496
1.6486986661428946 0.9899766843816855
6.692403807694335 -0.994401653751689
1.6694247466892473 0.9902056136930862
6.711787927977776 -0.994869679728061
1.6900639045206383 0.990622757419733
6.731781813829569 -0.994869679728061
1.7101641828509735 0.9908787789950203
6.75177569070671 -0.994869679728061
1.7301703059738316 0.9908787789950203
6.7720309641178 -0.9948853918325788
1.749480871386433 0.9908354410145198
6.790941096753896 -0.9951795268903428
1.7702018862103555 0.9910556096150406
6.810237621909716 -0.9956638338396674
1.7908706472417797 0.9914642284085363
6.830231465308971 -0.9956638338396674
1.8109931852527534 0.991718638283951
6.850225300945587 -0.9956638338396674
1.8309993496161372 0.991718638283951
6.870504429615546 -0.9956772004590954
1.8503300088334225 0.9916769982524983
6.889401262134849 -0.9959828331432673
1.871047716165094 0.9918900175976589
6.908706087190212 -0.9964920637249198
1.8917949139944843 0.9923499018287311
6.928699894212763 -0.9964920637249198
1.9118925977785044 0.9926075468347098
6.948693694692332 -0.9964920637249198
1.9318987972989352 0.9926075468347098
6.968936779227351 -0.9965122111044361
1.9512518467392712 0.9925691378497075
6.987924619372999 -0.9967893829170723
1.9720553600838628 0.9928106233494767
7.007149347463586 -0.9973254075941134
1.992724070757074 0.9932181348909593
7.027143124221145 -0.9973254075941134
2.0128423367546286 0.9934638826579497
7.047136895661848 -0.9973254075941134
2.032848565313925 0.9934638826579497
7.0674242303165595 -0.9973390981767432
2.0522245654476565 0.9934278839993992
7.086386075169379 -0.9976285328071128
2.07302415506661 0.9936614107635425
7.105647457023996 -0.9981782293009729
2.093766682920271 0.994114972722931
7.1256412096581565 -0.9981782293009729
2.113857979594795 0.9943528272560719
7.145634958206828 -0.9981782293009729
2.1338642310461227 0.9943528272560719
7.165930224336926 -0.9981899826224856
2.15330058238907 0.9943286123381387
7.185016711835729 -0.9984420781120306
2.1741509436595208 0.9945842696625066
7.20420964637028 -0.9990190116457768
2.194863341096554 0.9950477229682781
7.2242033810464354 -0.9990190116457768
2.2149306406474367 0.9952146447447724
7.244197112872505 -0.9990190116457768
2.2349369088213664 0.9952146447447724
7.264531343222037 -0.9990263032017778
2.2543897461481435 0.9951912473481407
7.283623702328756 -0.9992847775145868
2.2752302361971988 0.9954359459320972
7.302835825029309 -0.9998950907860639
2.2960079817871293 0.9959446975765761
7.322829547930578 -0.9998950907860639
2.3160573996610974 0.9961066619408168
7.3428232692199735 -0.9998950907860639
2.336063678371701 0.9961066619408168
7.363186369391758 -0.9998956124262007
2.3555320240815214 0.9960848354791888
7.3823604744022 -1.0001285945257963
2.3763703730883763 0.9963219779497822
7.40148294790743 -1.0007650878870347
2.3972158819533056 0.9968769285349245
7.4214766652285515 -1.0007650878870347
2.4172510393318904 0.9969847827425443
7.441470382177604 -1.0007650878870347
2.4372573223828407 0.9969847827425443
7.461919486180003 -1.000751394956583
2.45674957742481 0.9969652232920978
7.481026993128713 -1.0010087521498376
2.4776820386203386 0.997232149745604
7.5001726922912315 -1.0016630872876313
2.4984701864649694 0.9977848520637417
7.52016641023245 -1.0016630872876313
2.518495141268719 0.9978966588840086
7.540160129041771 -1.0016630872876313
2.538501422459394 0.9978966588840086
7.560667446476341 -1.0016407136216665
2.5580034776384344 0.9978783358323436
7.579817537145228 -1.0018821026419447
2.5789283625602337 0.9981356840831245
7.598905950408788 -1.0025040675816352
2.599773714912394 0.9987818292309107
7.618893450369579 -1.0025414163825976
2.619779990151442 0.9987818292309107
7.6388871772379465 -1.0025414163825976
2.63978626328307 0.9987818292309107
7.6594437894506315 -1.002514379700658
2.659360365982508 0.9987749284758313
7.678537066729336 -1.0027781344016988
2.68038578822676 0.9990731593751971
7.697689543293278 -1.0033540201894395
2.701121744385052 0.9996980324389484
7.717670186607534 -1.0034282877957923
2.721128006611469 0.9996980324389484
7.737663927725772 -1.0034282877957923
2.7411342654932334 0.9996980324389484
7.75820694325414 -1.0034046499588047
2.7607166147371354 0.9996910950738561
7.77727087127611 -1.003683420064701
2.781741567361734 0.9999804119594068
7.79650170921659 -1.0042081726752
2.8025181697800776 1.0005844863313775
7.816474202182586 -1.004289439160359
2.822524412813794 1.0005844863313775
7.836467963727453 -1.004289439160359
2.8425306512689255 1.0005844863313775
7.857046321356487 -1.004260741194771
2.8621216431631016 1.000577160424093
7.876180420695371 -1.0045133270388842
2.88314788911171 1.0008586341885164
7.895390893712809 -1.00502267367792
2.903968911174747 1.0014875444051903
7.915347473929938 -1.0051612191042658
2.92397512885465 1.0014875444051903
7.935341262058039 -1.0051612191042658
2.9439813407265483 1.0014875444051903
7.955924142931227 -1.0051310837755445
2.9635717336924974 1.0014799740501972
7.975070253277275 -1.0053868323478254
2.9846477433445777 1.0017715270838383
7.994353336635618 -1.0058503978531386
3.0054557176545114 1.0023583542749541
8.014290033869154 -1.006005309422112
3.025461903844496 1.0023583542749541
8.034283854710855 -1.006005309422112
3.0454680830027936 1.0023583542749541
8.054902562605406 -1.0059708010410957
3.0651428552713074 1.002364325860569
8.07405282845868 -1.0062321665732765
3.0861564248700772 1.0026353837827113
8.093403532025908 -1.0066515804110072
3.107001604919883 1.0032451957371524
8.11331564171549 -1.0068749853718597
3.127007753514927 1.0032451957371524
8.133309501368876 -1.0068749853718597
3.1470138938615437 1.0032451957371524
8.153952442396108 -1.0068378032933396
3.166700524571615 1.0032523412963665
8.173178623152833 -1.0070732944142047
3.18782013551786 1.0035541289442846
8.192454989282421 -1.0075464264107874
3.2085938605303643 1.0041117879047494
8.212383354564272 -1.007721107117125
3.2285999654625503 1.0041117879047494
8.232377259089121 -1.007721107117125
3.2486060609377003 1.0041117879047494
8.25304479571527 -1.0076814137691488
3.268310667779565 1.004119461396451
8.272271028515814 -1.0079236710190773
3.2894173409883822 1.0044091770604353
8.291612243910158 -1.008352555532562
3.3102277598764296 1.0050004954217877
8.311516876464943 -1.0085843533013856
3.3302338151209234 1.0050004954217877
8.331510831876756 -1.0085843533013856
3.350239859709113 1.0050004954217877
8.352197964045674 -1.0085388863442184
3.369951528838392 1.005008472237304
8.37139622261953 -1.008795762464174
3.3911485070029026 1.0053247891123627
8.390812705465567 -1.009173364738764
3.4119027721117905 1.0058722247888725
8.410694226600908 -1.009412004009083
3.4319087716928 1.0058722247888725
8.430688238864962 -1.009412004009083
3.4519147594287456 1.0058722247888725
8.451410530982011 -1.0093617054273063
3.471709080003149 1.0058929654691777
8.4706897230057 -1.0095899959181114
3.4928264776625744 1.0061852397386513
8.490037419158316 -1.0100174026334154
3.513645755058196 1.006764877146851
8.50994138988394 -1.0102566225979248
3.5336516930548605 1.006764877146851
8.529935464909405 -1.0102566225979248
3.553657618029394 1.006764877146851
8.550693263179669 -1.0102001691355416
3.5734525472947625 1.0067845641433741
8.569967111786951 -1.010436135276926
3.5946751268633648 1.0071069011119662
8.589386895964392 -1.0108137189696715
3.615447435019657 1.0076402316750153
8.609263239460088 -1.0110676999973378
3.6354533055718856 1.0076402316750153
8.629257383094203 -1.0110676999973378
3.6554591619377694 1.0076402316750153
8.65006166658047 -1.0110052549700925
3.6752639029006677 1.0076594576894378
8.669318245978761 -1.011254414069523
3.6965893679267787 1.008011516100847
8.688761105494423 -1.011641913409578
3.7172906868780924 1.008495648981293
8.70866082291808 -1.0119104730259043
3.737296484192358 1.008495648981293
8.728655040940364 -1.0119104730259043
3.75730226617007 1.008495648981293
8.749448595746099 -1.011849614019483
3.777108995204273 1.008514136535163
8.768781937962501 -1.0120705778140813
3.7984252530846425 1.0088541514957188
8.788211854886413 -1.0124433203576704
3.8191401934359304 1.0093132234291757
8.808082652806673 -1.012714977498332
3.839145911790985 1.0093132234291757
8.828076950923249 -1.012714977498332
3.8591516136744124 1.0093132234291757
8.848899790454306 -1.012652254990587
3.8790452425383846 1.0093443916807936
8.868234082960129 -1.0128797643365892
3.9003875206901135 1.0097002051943968
8.887688761369063 -1.013260768517012
3.9210047434664843 1.0101188337360982
8.90758317045568 -1.0135435641027806
3.941010377219006 1.0101188337360982
8.927577554293617 -1.0135435641027806
3.961015993381069 1.0101188337360982
8.948429679460013 -1.0134721435543987
3.9809002300806067 1.0101476789100001
8.967746725681613 -1.0137106170987376
4.002351489066886 1.0105564480903857
8.9872815948164 -1.0140327498886126
4.022875073692264 1.010902679697184
9.007148426650499 -1.0143124760645466
4.042880617282416 1.010902679697184
9.027142901752264 -1.0143124760645466
4.062886142180647 1.010902679697184
9.048029424776697 -1.0142354129034594
4.082771855787732 1.010929919273324
9.067427242570501 -1.0144433868356448
4.104223300883328 1.0113481027439861
9.086903314387945 -1.0148124459897494
4.1247739611678345 1.0116952485233488
9.10679300781164 -1.0151042599944637
4.1447794091247605 1.0116952485233488
9.126787579629648 -1.0151042599944637
4.164784837306756 1.0116952485233488
9.147699823713433 -1.015022315077681
4.1846746684512635 1.0117223015401464
9.167089627671515 -1.0152399841179405
4.206242135398935 1.0121928652380037
9.18663178151294 -1.0155577812509236
4.2267135480155655 1.0124784051398796
9.206493803107852 -1.015848514916604
4.246718894962795 1.0124784051398796
9.226488476999057 -1.015848514916604
4.266724221071589 1.0124784051398796
9.247446574120364 -1.015761022810287
4.286711940637635 1.0125197308612053
9.266832705270788 -1.01598695873997
4.308399481127612 1.0130716505569954
9.286394886968782 -1.0163135796279088
4.328710904140238 1.0132639459624173
9.306282242747645 -1.0166128793141718
4.348716144800975 1.0132639459624173
9.32627702396828 -1.0166128793141718
4.368721363580339 1.0132639459624173
9.347236024911886 -1.0165252810725363
4.388705361093505 1.0133034735666975
9.366685736538614 -1.0167252595084981
4.410493585794497 1.0138885200987944
9.386199523598123 -1.0170960619085212
4.430724189324091 1.0140229410837094
9.406113318657074 -1.0173207662866903
4.450729318526441 1.0140229410837094
9.426108212357441 -1.0173207662866903
4.470734424826076 1.0140229410837094
9.44708364013313 -1.0172321085316718
4.490724010863654 1.014061221918406
9.466530604623324 -1.0174399353420316
4.512740874079715 1.0147485629759714
9.486114532420352 -1.0177515361732832
4.532745910465331 1.0147485629759714
9.506003123704941 -1.0180500869943474
4.552750923147387 1.0147485629759714
9.525998134924341 -1.0180500869943474
4.5727559119279855 1.0147485629759714
9.546993582728202 -1.017955717005415
4.592832288207777 1.0148003437259785
9.566444529239785 -1.0181670933339764
4.614774663515718 1.0154554967988838
9.58605251903771 -1.0184842891840282
4.634779579414079 1.0154554967988838
9.605966996098081 -1.0187073928637302
4.654784470628929 1.0154554967988838
9.625962129759836 -1.0187073928637302
4.674789336967173 1.0154554967988838
9.646988104361126 -1.0186082452578962
4.694867662933349 1.0155052209874635
9.66644995009826 -1.0188232615612636
4.716800456153921 1.0161271474955176
9.686125948368476 -1.0190825012765634
4.736805246713624 1.0161271474955176
9.706017238902795 -1.0193784470990754
4.756810011634231 1.0161271474955176
9.726012499809396 -1.0193784470990754
4.776814750727626 1.0161271474955176
9.747058533321518 -1.0192746435950475
4.796885256133069 1.0161742228910309
9.766581313176005 -1.019463416243033
4.818811768554514 1.016775104464964
9.786210595381805 -1.0197667964853976
4.838816429047856 1.016775104464964
9.806124940987495 -1.01999184146333
4.858821062971817 1.016775104464964
9.826120333815854 -1.01999184146333
4.878825670143456 1.016775104464964
9.84719972646094 -1.0198827369651922
4.898901247419583 1.0168210296133315
9.866730553867276 -1.0200744980763552
4.92083885955042 1.0174119149157386
9.886378048520205 -1.0203862320352755
4.940843385378058 1.0174119149157386
9.906313092516813 -1.0206182329199727
4.960847883732251 1.0174119149157386
9.926308621813652 -1.0206182329199727
4.980852354435408 1.0174119149157386
9.947392775174016 -1.0205072868056846
5.001005408418717 1.0174692762485515
9.966928446194501 -1.0207038891243359
5.022877856967202 1.018041969070001
9.986633636648978 -1.0209615256570204
5.042882243662689 1.018041969070001
10.006550094215594 -1.0211837316645458
5.062886602007779 1.018041969070001
10.02654576439296 -1.0211837316645458
5.082890931830413 1.018041969070001
10.047662192817985 -1.0210685597653213
5.103037525774446 1.0180969609251498
10.067201530299007 -1.0212717967121945
5.124921112897644 1.0186547063148719
10.086929433007361 -1.0215321589560151
5.144925356131841 1.0186547063148719
10.106866308634784 -1.0217608739809008
5.164929570166668 1.0186547063148719
10.126862123965688 -1.0217608739809008
5.184933754835766 1.0186547063148719
10.147979776829871 -1.0216441256060609
5.205079738277096 1.0187107645953066
10.167583281435652 -1.02181735207409
5.226965932152768 1.0192497367825675
10.18727531347065 -1.022119325461208
5.246970027738114 1.0192497367825675
10.207231156775864 -1.0222715611044368
5.266974093303939 1.0192497367825675
10.227227121390067 -1.0222715611044368
5.286978128689735 1.0192497367825675
10.248383413944625 -1.0221496017385179
5.307223952728422 1.0193295319710909
10.26800259048528 -1.022322764177817
5.329029117859822 1.0198425166082281
10.287742735412776 -1.0225728079034608
5.349033061754472 1.0198425166082281
10.30768158005252 -1.0227974913219215
5.369036974839069 1.0198425166082281
10.327677697932462 -1.0227974913219215
5.389040856959127 1.0198425166082281
10.348863915772808 -1.0226649247433444
5.4092710370338235 1.019912467398764
10.36846948178324 -1.0228495488331177
5.431064626552714 1.020408447334385
10.38823095742461 -1.0231019735169709
5.451068414864517 1.020408447334385
10.408188283500197 -1.0232507937249562
5.47107217160614 1.020408447334385
10.428184558477062 -1.0232507937249562
5.491075896629278 1.020408447334385
10.449405275511864 -1.0231136056174353
5.511319041029255 1.0204736357329123
10.469011397350375 -1.0233065601777316
5.533107969278455 1.0209584377493988
10.488791875416329 -1.023567271897789
5.553111598268811 1.0209584377493988
10.508763487168224 -1.0237203271780229
5.573115194960015 1.0209584377493988
10.528759922918162 -1.0237203271780229
5.593118759210076 1.0209584377493988
10.549981671396283 -1.0235816272951208
5.613433588414551 1.021029703585802
10.569646486681968 -1.0237437885599023
5.635155849339873 1.0215009718875419
10.589427067069272 -1.0239794634707522
5.6551593154274 1.0215009718875419
10.609386808577286 -1.0241210031913595
5.675162748518686 1.0215009718875419
10.629383408617775 -1.0241210031913595
5.695166148478193 1.0215009718875419
10.65062939838227 -1.0239805914243738
5.71546128987785 1.0215474346477176
10.670310083415766 -1.0241417166968712
5.737202051914466 1.0220126119013413
10.69010996218988 -1.0243800441148032
5.757205351678558 1.0220126119013413
10.71008318158402 -1.0245262744983672
5.7772086177818744 1.0220126119013413
10.730079949270413 -1.0245262744983672
5.79721185009548 1.0220126119013413
10.751314368392547 -1.0243875997594996
5.817481753229026 1.022057331982741
10.77101038493068 -1.0245487740781827
5.839245278952528 1.0225090851320295
10.790830296914562 -1.024792502629318
5.85924840913671 1.0225090851320295
10.810815500858604 -1.0248627036124849
5.879251505028814 1.0225090851320295
10.830812439380809 -1.0248627036124849
5.899254566506609 1.0225090851320295
10.85207533603787 -1.0247202460877398
5.91960097790319 1.0225358020092776
10.87178646157228 -1.0248821367655734
5.941300247832027 1.022967024419575
10.891647169590646 -1.0250677601471085
5.961303205347194 1.022967024419575
10.911622911406548 -1.0252021887779956
5.981306127972806 1.022967024419575
10.93162002378587 -1.0252021887779956
6.001309015593483 1.022967024419575
10.952891489789785 -1.0250544414916576
6.021636663522249 1.0229881808435133
10.972652821105891 -1.0251865257998063
6.043319024589238 1.0233988349814278
10.992494340940329 -1.025404945991633
6.063321806516669 1.0233988349814278
11.012480360345794 -1.0254723507097743
6.083324552991513 1.0233988349814278
11.032477649431964 -1.0254723507097743
6.103325924067952 1.0233787374205698
11.053787832546206 -1.0253166161083362
6.123659160632045 1.0233944411132316
11.073560995197651 -1.0254484835189313
6.145308897092167 1.0237841905669254
11.093418426452924 -1.025675315684648
6.165311500686445 1.0237841905669254
11.113411214757976 -1.02574497690429
6.185314068300083 1.0237841905669254
11.133408683226344 -1.02574497690429
6.205313732831658 1.0237669885665681
11.154726319944258 -1.0255854497189383
6.225747650852531 1.023799570276561
11.174511825040744 -1.0257180712602965
6.247265057580097 1.0241584715657865
11.194396464755762 -1.0258964199285865
6.267267480271786 1.0241584715657865
11.214384232257647 -1.0259554976062255
6.287269866490294 1.0241584715657865
11.234381882606524 -1.0259554976062255
6.307267506797703 1.0241295186167572
11.255752737687272 -1.0257829716993487
6.327694499270648 1.0241659875356173
11.275535085402211 -1.0259242359600376
6.349192160675406 1.0245134610974715
11.29543497624203 -1.0261070412279907
6.369194400073601 1.0245134610974715
11.315428350047275 -1.0261733971223275
6.38919660254207 1.0245134610974715
11.335426184595486 -1.0261733971223275
6.4091917368570055 1.024484645928635
11.356799478681204 -1.025995992494582
6.429689225767178 1.0245343361635175
11.376617616553387 -1.026112350059547
6.451113599416045 1.0248689507063944
11.396508369199099 -1.026324363856069
6.471115653310735 1.0248689507063944
11.416506352654244 -1.026324363856069
6.491117669855589 1.0248689507063944
11.436504373538826 -1.026324363856069
6.5111133775897345 1.0248314321632497
11.457908955189012 -1.026141787255134
6.531584975865861 1.0248689839659848
11.47773447098325 -1.0262596767211611
6.5530352178829565 1.0252042027074986
11.49764406547786 -1.0264763818504103
6.573037084247189 1.0252042027074986
11.5176422368467 -1.0264763818504103
6.593038912878348 1.0252042027074986
11.537640446020806 -1.0264763818504103
6.613030696164132 1.0251654214930683
11.559053052457156 -1.0262910737586899
6.633492837967294 1.025201911325233
11.57889208092075 -1.026406912116589
6.654942451406542 1.0255241644734758
11.59881843472507 -1.0265747890304129
6.674944128398441 1.0255241644734758
11.618816795812245 -1.0265747890304129
6.694945767311265 1.0255241644734758
11.638815195043199 -1.0265747890304129
6.71493116551841 1.025451700632237
11.660248175142709 -1.0263864705746437
6.735509027231788 1.0254999420453361
11.680103866199955 -1.026499598955185
6.756826142066565 1.0257942997693426
11.700046614373635 -1.0266669357798892
6.776827628031143 1.0257942997693426
11.720045166796554 -1.0266669357798892
6.796829075608223 1.0257942997693426
11.740043757664123 -1.0266669357798892
6.8168077827392475 1.0257253857599382
11.761458404341834 -1.0264825044777945
6.837362508654374 1.025765721179505
11.78132510576681 -1.0265965601920966
6.858655032563634 1.0260479244178498
11.801284157593516 -1.026713447446425
6.878656326034426 1.0260479244178498
11.821282902780768 -1.026713447446425
6.898657580847177 1.0260479244178498
11.841281686675591 -1.026713447446425
6.918628390781253 1.0259411943507621
11.862716006483542 -1.0265309076078808
6.9392286122241975 1.0259843875136498
11.882603881616934 -1.0266254419894207
6.960449245282596 1.0262513880115114
11.902557789087354 -1.0267698624822472
6.9804503449831 1.0262513880115114
11.922556728277279 -1.0267698624822472
7.000451405793174 1.0262513880115114
11.942836556504806 -1.0267196360195385
7.020414139799107 1.0261507302982256
11.963985687336733 -1.0265887337027473
7.040973346244437 1.0261866563166664
11.98388173578848 -1.026682851092637
7.0622272944126445 1.026456310767287
12.003846614863768 -1.026783876223485
7.082228199257593 1.026456310767287
12.023845749103263 -1.026783876223485
7.102229065018098 1.026456310767287
12.044342839310811 -1.0266942075857175
7.122180139115739 1.0263245723522565
12.06530963614702 -1.0265961854424137
7.142821508883646 1.0263779224971508
12.085218707282639 -1.0266863905261618
7.163998928504565 1.0266266573647034
12.105193895718092 -1.0267884324643548
7.1839996376009765 1.0266266573647034
12.125193225861555 -1.0267884324643548
7.2040003074575125 1.0266266573647034
12.14578605758369 -1.0266802194916196
7.223936631752241 1.026492031541788
12.166671709544461 -1.0265860691739688
7.244519696663736 1.0265328401034175
12.186587651216835 -1.0266771847010154
7.265732873623331 1.0267822547837628
12.206571354853311 -1.026735835105949
7.28573338627142 1.0267822547837628
12.22657088156181 -1.026735835105949
7.305731738852542 1.0267504441281363
12.247139744041558 -1.0266296097093663
7.325650564466418 1.0266118235467776
12.268102544782398 -1.026518204619516
7.346296098751235 1.0266525491515321
12.288028396149906 -1.0266087045403351
7.367417665375006 1.0268808234815159
12.308017710542691 -1.0266724629293555
7.3874179810688485 1.0268808234815159
12.328017434283312 -1.0266724629293555
7.407412837289479 1.0268483032490143
12.348704178588275 -1.0265425653316647
7.427316454887324 1.0267087499917003
12.36958224522142 -1.0264431118423325
7.447970151635358 1.0267448400682795
12.38951748196059 -1.0265209304846064
7.469046525316514 1.026952373365776
12.409505242875944 -1.0265686552962006
7.489046643744562 1.026952373365776
12.429505163921316 -1.0265686552962006
7.509035210046852 1.0268757881590196
12.450329723846105 -1.0264115223176304
7.52893309030905 1.026746098231091
12.47111978553182 -1.02633294651522
7.549650953581764 1.0267847196602025
12.491055331387233 -1.026417328770466
7.5705922484412 1.0269646288307965
12.511047191868357 -1.0264677037461232
7.590592169486575 1.0269646288307965
12.531047310296405 -1.0264677037461232
7.610575134015409 1.0268986183608544
12.55186229278613 -1.0263105686984062
7.630473068570791 1.026782804586077
12.572647508453361 -1.0262367142217206
7.651182185188284 1.0268238706338377
12.5925875661097 -1.0263241187315728
7.672048131426054 1.0269830094717745
12.612583327014876 -1.0263512108567678
7.692047855166672 1.0269830094717745
12.632583642708719 -1.0263512108567678
7.712037120369461 1.0269169570809127
12.65348153810861 -1.0261775679038718
7.731938820970597 1.0267970634801347
12.674203456411053 -1.0261146135089823
7.7527296294886625 1.0268505198719158
12.694152542501037 -1.0261995862184734
7.773470620550922 1.0269872723885638
12.714151261094395 -1.0262259066906037
7.793470147259425 1.0269872723885638
12.734151773742484 -1.0262259066906037
7.813453446834513 1.02692156295126
12.75512378324877 -1.0260386773437349
7.833356049779282 1.0268142403269807
12.775784114655515 -1.0259753408388488
7.854274774159913 1.0269031988066897
12.795743931387097 -1.026054998012904
7.874886708357935 1.027015326311412
12.815744601243633 -1.026054998012904
7.894886038501398 1.027015326311412
12.835745310340045 -1.026054998012904
7.914860304812394 1.0269159940629937
12.856678809527528 -1.025869903533756
7.934759513821018 1.026813759177826
12.87740526647895 -1.0257853587246761
7.955778240157501 1.0269244580814312
12.89737248745076 -1.0258514481300507
7.976305084357557 1.027022239544962
12.917372428317748 -1.0258653215327822
7.996304218597055 1.027022239544962
12.937373333162693 -1.0258653215327822
8.016266673990268 1.0269173424014646
12.958415997954432 -1.0256538863913494
8.03615357951768 1.0268128512138628
12.979069245118216 -1.0255728355991285
8.057174324189624 1.0269249824370006
12.999040849962043 -1.0256410689056938
8.077698058885002 1.0270189464588861
13.019041910772117 -1.0256410689056938
8.097696998074934 1.0270189464588861
13.039043010472621 -1.0256410689056938
8.117643418791467 1.0268590611637303
13.06012079774982 -1.025414962578227
8.137511799980123 1.026748466865109
13.08078581369021 -1.025327724544343
8.158598349496406 1.0268664929368705
13.100763873881634 -1.0253968766622734
8.179040892985366 1.0269451738752589
13.120765128694382 -1.0253968766622734
8.199039638172614 1.0269451738752589
13.140766422165173 -1.0253968766622734
8.218992719342188 1.026817441118934
13.161972226538552 -1.0251426515967637
8.23882128504821 1.026672759523638
13.182532764745027 -1.0250669927992353
8.260053056650763 1.026807907598174
13.202513185096368 -1.0251296016695532
8.28028148869951 1.0268483162877873
13.222514632673448 -1.0251296016695532
8.300280041122429 1.0268483162877873
13.242516118638026 -1.0251296016695532
8.320220762712449 1.0266738437095608
13.263753175643927 -1.0248634160812888
8.340038798359435 1.0265324124096744
13.284330837566312 -1.0247890574044634
8.361462057363896 1.026695464213081
13.304313561131961 -1.0248632847560606
8.381460456594846 1.026695464213081
13.324315200044785 -1.0248632847560606
8.401458817682022 1.026695464213081
13.344316877036684 -1.0248632847560606
8.421387715636495 1.0265335432529143
13.36558041596201 -1.0245817630617415
8.441208038388071 1.0264032935552225
13.386145503843954 -1.024519223098082
8.462582573721052 1.0265613459380825
13.40613204164109 -1.0245679347904784
8.482580782895157 1.0265613459380825
13.426133870272253 -1.0245679347904784
8.502578954263997 1.0265613459380825
13.446135736636482 -1.0245679347904784
8.522492689317517 1.026360789436374
13.467478652827493 -1.0242740516771442
8.542326343203818 1.0262473135077235
13.487970749025797 -1.0242233979754614
8.563696052378797 1.0264098402715296
13.507961690218819 -1.0242764116159127
8.583694073263382 1.0264098402715296
13.527963706763677 -1.0242764116159127
8.603692056718527 1.0264098402715296
13.547965760658366 -1.0242764116159127
8.62358978685743 1.0262136085092488
13.56924852862327 -1.0239918353717812
8.643444003997631 1.0261168955495834
13.589783435747606 -1.0239311764891337
8.664811177300209 1.0262834346390324
13.609780004532084 -1.0239504600072575
8.684809011848422 1.0262834346390324
13.629782207000545 -1.0239504600072575
8.704803125402155 1.0262281749720494
13.64978444639874 -1.0239504600072575
8.72470675582563 1.026051569209091
13.671089573688532 -1.0236594194213504
8.74452033263894 1.025925682116418
13.691613419544634 -1.023590949883894
8.76592286037195 1.026102392254551
13.71161436002989 -1.0236039741453524
8.785920510720826 1.026102392254551
13.731616746248397 -1.0236039741453524
8.805908547435854 1.0260449298557581
13.751619168940087 -1.0236039741453524
8.82578985941218 1.0258603798248678
13.77292524543937 -1.023300417292134
8.845579986463896 1.0257269762983474
13.793451329263497 -1.0232219064968482
8.866971992285482 1.025902255218963
13.813454577920334 -1.0232176037456202
8.88696946075385 1.025902255218963
13.833457145533972 -1.0232176037456202
8.906961947259655 1.0258280670106064
13.853459749128254 -1.0232176037456202
8.926807731894021 1.0255839260147053
13.874787840597248 -1.0228969347314423
8.94657560340672 1.025444776178104
13.895326552400379 -1.0228113096819214
8.96794602329169 1.0256139543993992
13.915329650873236 -1.0228054962964281
8.98794331237786 1.0256139543993992
13.935332397348084 -1.0228054962964281
9.007929354768917 1.02554668759479
13.955335179275519 -1.0228054962964281
9.027747848659079 1.025297146278523
13.97678924888073 -1.0224527860148827
9.047500404299683 1.025157013722942
13.997222011136543 -1.0223780888768108
9.068845205684756 1.0253164761780447
14.01722489875722 -1.0223780888768108
9.088842318064078 1.0253164761780447
14.037227821382835 -1.0223780888768108
9.10881794951411 1.0251787157288401
14.057230778898003 -1.0223780888768108
9.128658779033431 1.0249680310415965
14.078697742326282 -1.022015591493088
9.148361490239083 1.0247969519646047
14.099162915338884 -1.0219379839932257
9.169686369616059 1.0249471890271191
14.119165976816678 -1.0219379839932257
9.189683308138267 1.0249471890271191
14.139169072708778 -1.0219379839932257
9.209668056463409 1.0248742543305664
14.159172202892965 -1.0219379839932257
9.22947943330633 1.0246213988423505
14.180722262752575 -1.0215512540188074
9.249174186523705 1.024454638007541
14.201098013270535 -1.0214946874404756
9.270440306330254 1.0245915789983029
14.221101245584137 -1.0214946874404756
9.290437074016648 1.0245915789983029
14.241104511687453 -1.0214946874404756
9.310410707774103 1.0244483682824372
14.261107811451545 -1.0214946874404756
9.330204694196864 1.0242014006326636
14.282625998124661 -1.0211051177464525
9.349895383385816 1.0240407452242062
14.303029609084819 -1.0210439639163207
9.371123064637349 1.0241706661691632
14.323033009044329 -1.0210439639163207
9.391119664677841 1.0241706661691632
14.343036442135611 -1.0210439639163207
9.411082016442712 1.0240376981333443
14.363039908223142 -1.0210439639163207
9.430855944263788 1.0237954474884896
14.384524914212394 -1.0206508292643601
9.450552676629343 1.0236454189422675
14.40494295780249 -1.020567922357476
9.471765690261268 1.0237759150092705
14.424946522052554 -1.020567922357476
9.491762126011206 1.0237759150092705
14.444950118743758 -1.020567922357476
9.511707006489859 1.0235681745306366
14.464953747734114 -1.020567922357476
9.531513361990196 1.023368308123771
14.486536883254042 -1.0201432016639023
9.551184251199981 1.0231998281815915
14.506864207680696 -1.0200692397028301
9.572380553367664 1.0233252598805478
14.526867932703833 -1.0200692397028301
9.592376828344529 1.0233252598805478
14.546871689445457 -1.0200692397028301
9.612334435315567 1.0231778891148922
14.56687547775726 -1.0200692397028301
9.632088844139007 1.0229171769623004
14.588498864748955 -1.0196155687184234
9.651745168656939 1.022748721376345
14.608803905104736 -1.0195263768940566
9.672928828302247 1.0228710908288745
14.628807787224797 -1.0195263768940566
9.692924946182195 1.0228710908288745
14.648811700309391 -1.0195263768940566
9.712865426290325 1.022651121364491
14.668815644204042 -1.0195263768940566
9.732599363369442 1.0223947862913925
14.690462487611113 -1.019054311993609
9.752237124695844 1.0222252290433176
14.710759666484172 -1.0189680493832587
9.773400669352652 1.0223433377940963
14.730763701869964 -1.0189680493832587
9.793396633966855 1.0223433377940963
14.75076776743579 -1.0189680493832587
9.813317319666872 1.0221293099509525
14.770771863021135 -1.0189680493832587
9.833030866651429 1.0218786720405502
14.792524116286902 -1.0184715415641203
9.852661302431272 1.021713777982405
14.812723621971339 -1.0184045596566758
9.87378841785677 1.021824968246056
14.832727806640433 -1.0184045596566758
9.893784233187679 1.021824968246056
14.85273202067526 -1.0184045596566758
9.913721100894707 1.0215969443134298
14.872736263909461 -1.0184045596566758
9.933372849945348 1.0212869573304715
14.894468188576699 -1.017907303254248
9.953000879108936 1.0211281389919518
14.914699199883588 -1.0178322217869278
9.974107731134081 1.0212353808224435
14.934703529706221 -1.0178322217869278
9.994103401311447 1.0212353808224435
14.954707888051312 -1.0178322217869278
10.014022454593663 1.0210194245601665
14.974712274746802 -1.0178322217869278
10.03372270589989 1.02075903687356
14.996385467666885 -1.0173441076314722
10.053281204798363 1.0205677082414297
15.016633849694935 -1.0172684027819152
10.074362520238376 1.0206699582184087
15.036638320398099 -1.0172684027819152
10.094358049535225 1.0206699582184087
15.05664281875229 -1.0172684027819152
10.114253503204926 1.0203806084559546
15.076647344579927 -1.0172684027819152
10.13393976463039 1.020128497210234
15.098375579545376 -1.0167501624492647
10.153497638422252 1.019944584396391
15.118541796014041 -1.016690923431491
10.174562144051535 1.0200441775740303
15.138546403185684 -1.016690923431491
10.194557536879898 1.0200441775740303
15.158551037109644 -1.016690923431491
10.214473098950183 1.0198215962435624
15.178555697602986 -1.016690923431491
10.234090482236864 1.0195096312488496
15.20027401064332 -1.0161599772656857
10.253651033979017 1.0193338212208807
15.220440891136716 -1.0160988461381508
10.274688590818425 1.019430972644583
15.240445630230115 -1.0160988461381508
10.294683851725026 1.019430972644583
15.260450395150718 -1.0160988461381508
10.314576264084975 1.019135808560721
15.280455185710421 -1.0160988461381508
10.334238817545575 1.0188674637811388
15.302179515901386 -1.0155410994123786
10.353754242638361 1.0186677065910432
15.3223409825635 -1.0154787613729284
10.374748986290419 1.0187552206681305
15.34234584890174 -1.0154787613729284
10.394744119952177 1.0187552206681305
15.36235074011659 -1.0154787613729284
10.414658050957922 1.0185298276918437
15.382355656014951 -1.0154787613729284
10.434257310327178 1.0182058615429452
15.404085873396287 -1.0149105453213072
10.453768955513826 1.018011777516591
15.424246736880317 -1.014846284935322
10.474742187557954 1.0180948613915144
15.444251725660916 -1.014846284935322
10.49473719877735 1.0180948613915144
15.464256738342979 -1.014846284935322
10.514625705466115 1.0177940064726896
15.48426177472859 -1.014846284935322
10.534204329670464 1.0174777095928829
15.50607665485903 -1.0142537562759426
10.55371791700453 1.0172915481681282
15.526149348778153 -1.0142032825543217
10.57467882312998 1.017373751665327
15.546154455077788 -1.0142032825543217
10.594673716830345 1.017373751665327
15.566159584280138 -1.0142032825543217
10.614537933872667 1.0170837735675688
15.586164736182708 -1.0142032825543217
10.634092556108783 1.0167730522509095
15.607967881754433 -1.0135979272622984
10.65360351036803 1.016592535223146
15.628036516880197 -1.0135461914059527
10.674538681958087 1.0166737035926179
15.648041735659564 -1.0135461914059527
10.694533463178725 1.0166737035926179
15.668046976320301 -1.0135461914059527
10.714420922356465 1.0163727373664475
15.68805223865552 -1.0135461914059527
10.733974533948421 1.0160409301847841
15.709849722279307 -1.0129299282466144
10.753400318053359 1.0158261821568593
15.72991345808828 -1.0128767425088645
10.774332607920474 1.0159075351997675
15.749918784197071 -1.0128767425088645
10.794327281811682 1.0159075351997675
15.7699241311443 -1.0128767425088645
10.814188970895666 1.0156149869970164
15.790095875064871 -1.0127828039296078
10.833721463415802 1.0152904143502404
15.811827259945668 -1.0122317179940854
10.853135945003194 1.015078997457011
15.83180285818444 -1.0121921009680723
10.874071817559667 1.0151600381998431
15.851808286366436 -1.0121921009680723
10.894066389377677 1.0151600381998431
15.871813734323363 -1.0121921009680723
10.913954031296877 1.0148621191329628
15.892189541240201 -1.0119745121254355
10.933407310815808 1.0144785215942413
15.913718548736815 -1.0115241902677248
10.952811182842785 1.0142708248751247
15.933692039295432 -1.0114832141294858
10.973725529105488 1.0143486429160185
15.953697564193662 -1.0114832141294858
10.99372000420725 1.0143486429160185
15.973703107783818 -1.0114832141294858
11.0135836988318 1.014062145629388
15.994159600111256 -1.0112043192270592
11.033096075455255 1.0137264428746804
16.015592153060606 -1.0108116725739473
11.052444181994444 1.0134936846573328
16.03556682425716 -1.010769203634556
11.073274872471824 1.013555416923564
16.055572440419226 -1.010769203634556
11.09326925630976 1.013555416923564
16.075578074171744 -1.010769203634556
11.113162117482725 1.0132728452921764
16.096082420494923 -1.0104517442068
11.132604721378389 1.0128851261632605
16.117432198131233 -1.0100860476238498
11.15195404469554 1.0126599775327418
16.13739977033662 -1.0100424815770814
11.172775973279974 1.0127211366580091
16.15740547222005 -1.0100424815770814
11.192770271396553 1.0127211366580091
16.177411190575107 -1.0100424815770814
11.212639992394003 1.0124492250556658
16.197864260272425 -1.0097376074899311
11.232066114986083 1.0120747185176964
16.219306037567907 -1.009342937589452
11.251417811812075 1.011857445748753
16.239182288580142 -1.0093133052641892
11.27222964648903 1.0119188469842204
16.259188070557855 -1.0093133052641892
11.292223864511318 1.0119188469842204
16.27919386787212 -1.0093133052641892
11.312068003735307 1.0115881352626659
16.299702411174085 -1.0089567627226785
11.331470936846467 1.0112224875151206
16.321051736608027 -1.00860237748711
11.350824823824889 1.0110135963273148
16.3409316533952 -1.0085708018503154
11.371625058949046 1.0110728730497271
16.360937509761083 -1.0085708018503154
11.391619202583161 1.0110728730497271
16.38094338031331 -1.0085708018503154
11.411494162069122 1.0108141321153872
16.401532522922093 -1.008187516688513
11.430904995823788 1.0104329910334688
16.422792365998642 -1.0078580599462377
11.450160695597681 1.01018955359021
16.44267358951602 -1.0078250704022902
11.470937769439223 1.010244613325069
16.46267951449055 -1.0078250704022902
11.490931844464692 1.010244613325069
16.482685452487214 -1.0078250704022902
11.510782507623334 1.0099328659470164
16.50327490523967 -1.0074231558438125
11.530176907556116 1.009563429646679
16.524612120037222 -1.0070692904105478
11.549432010891058 1.0093269035207126
16.54440185154789 -1.0070507258880521
11.570176310594425 1.009377848148379
16.564407839283838 -1.0070507258880521
11.590170322858482 1.009377848148379
16.584413838864847 -1.0070507258880521
11.610051918164748 1.0091396754264892
16.605089135048278 -1.0066140839395374
11.629370648719739 1.0087215661394044
16.626334899480543 -1.0062858011935611
11.648677336727008 1.0085057616002686
16.64611376043544 -1.006267666856948
11.669356337105055 1.0085448867892273
16.666119805023634 -1.006267666856948
11.689350292516869 1.0085448867892273
16.686125860268127 -1.006267666856948
11.709258686717622 1.0083182973975435
16.70688497754665 -1.005780238907073
11.728598402724884 1.00789062741057
16.728042085147628 -1.0054768166992643
11.747815134094298 1.0076434843233857
16.747805928128077 -1.0054592937340836
11.76848762362967 1.00768303030016
16.767812023603227 -1.0054592937340836
11.788481528154518 1.00768303030016
16.787818128535413 -1.0054592937340836
11.80836695274986 1.007456569652404
16.80852914792794 -1.0049721366512812
11.827685306768396 1.0070405694113762
16.829703828644497 -1.0046556050864017
11.846907670648744 1.0068023229374374
16.849457549194277 -1.00463862370784
11.86756781698808 1.0068404573073029
16.869463689540886 -1.00463862370784
11.887561676641463 1.0068404573073029
16.889469838135938 -1.00463862370784
11.907471131044339 1.0066197925590092
16.910223253387986 -1.0041187015368804
11.926714030025789 1.0061552114606882
16.931370336170605 -1.0038167708129422
11.945939212425307 1.0059250576494285
16.951039190586457 -1.003813294852356
11.966584145739514 1.0059612604051338
16.971045369744754 -1.003813294852356
11.986577966581216 1.0059612604051338
16.991051555934742 -1.003813294852356
12.006468487315235 1.0057407462340253
17.011759882312347 -1.0033115709188907
12.025783004041859 1.0053253339522206
17.032915054480615 -1.0029988464464328
12.044906935891445 1.005062425255475
17.052577372806592 -1.002995332288231
12.065516414802477 1.0050943860087427
17.072583584678494 -1.002995332288231
12.085510202930582 1.0050943860087427
17.092589802358393 -1.002995332288231
12.10542537170361 1.0048821320593855
17.113361989558754 -1.0024463400881114
12.124673371362698 1.004423544592732
17.134419826729754 -1.0021620973903935
12.143809193934999 1.0041719572725232
17.15406327628378 -1.002159745237387
12.164402619202164 1.0042017765500073
17.17406951473891 -1.002159745237387
12.184396380747035 1.0042017765500073
17.19407575777263 -1.002159745237387
12.204333787534745 1.0040484992862522
17.21481171830925 -1.001637778453138
12.223614754666146 1.0035878132998757
17.23588108520522 -1.0013426220829205
12.242702707183533 1.003315718455607
17.25550915013119 -1.0013418700357486
12.263248448666218 1.0033378018230572
17.27551540901295 -1.0013418700357486
12.283242189784456 1.0033378018230572
17.295521671239367 -1.0013418700357486
12.303197589087835 1.0031963543087752
17.31638044175919 -1.000752866860977
12.322419138440406 1.0026982317092636
17.337356447795873 -1.000495835973507
12.341515710758337 1.0024358583310946
17.35691225407637 -1.0005072639555421
12.362044307320035 1.0024574558381187
17.376918527208 -1.0005072639555421
12.382038034188403 1.0024574558381187
17.39692480244705 -1.0005072639555421
12.402009131662389 1.00237313470622
17.417741967887487 -0.9999373188633529
12.421173898481095 1.001838278315366
17.43872855017626 -0.9996700176062583
12.440261692966475 1.0015812976414673
17.458270592935076 -0.9996820118167165
12.460780477791774 1.0016010099258277
17.478276874125754 -0.9996820118167165
12.480774196601095 1.0016010099258277
17.498283156184538 -0.9996820118167165
12.500765703767748 1.001567848307334
17.519063515561047 -0.9990923746295228
12.519966622075268 1.0010038768084555
17.54005725047401 -0.998814959368411
12.538942506126137 1.0007133444374576
17.559578693155117 -0.9988295208020233
12.559463886937635 1.0007335584961097
17.57958497620607 -0.9988295208020233
12.579457603886688 1.0007335584961097
17.59959125888495 -0.9988295208020233
12.599451321207809 1.0007335584961097
17.62038822608007 -0.9982448192870043
12.618616840715479 1.0001557664293397
17.641343641240237 -0.9979757661819132
12.63764145941714 0.9998832338496105
17.660855568078613 -0.9979912375358728
12.658084023824493 0.9998906039853345
17.68086184678922 -0.9979912375358728
12.678077745113889 0.9998906039853345
17.70087158744284 -0.9979392842125208
12.698071468015158 0.9998906039853345
17.7216312742382 -0.9973754236941146
12.717311021641885 0.9993398369592876
17.742600462083452 -0.9970945307891962
12.736242344593734 0.9990390607061507
17.762079037509285 -0.9971132390452199
12.756647440557984 0.9990414561352537
17.782085305683218 -0.9971132390452199
12.77664117238405 0.9990414561352537
17.802119905591752 -0.9970116613007897
12.796634907060206 0.9990414561352537
17.822916063059886 -0.9964953405592389
12.815845715250253 0.9984994650109694
17.843842212685185 -0.9962338515921932
12.834791210992226 0.9982111960008355
17.863248984213204 -0.9962662756315278
12.855183100984279 0.9982115430739422
17.883255235664528 -0.9962662756315278
12.87517684953295 0.9982115430739422
17.903303499038177 -0.9961156049602904
12.895170602167111 0.9982115430739422
17.92404467162349 -0.9956333566930635
12.914357734724222 0.9976550214053735
17.944982478253763 -0.9953611035397132
12.933328976046926 0.9973817677774957
17.96437264827148 -0.9953945965352614
12.953699751274918 0.9973801384895484
17.984378876830775 -0.9953945965352614
12.973693522715621 0.9973801384895484
18.004443415191325 -0.9952378690796208
12.99368729947318 0.9973801384895484
18.02512859394153 -0.9947946536283362
13.012948309996776 0.9968738150633369
18.046082979327203 -0.9945089956987831
13.031837404468495 0.9965765819757074
18.065459497664012 -0.9945431130387726
13.052158282220846 0.9965687899936132
18.085465697184443 -0.9945431130387726
13.072152082700418 0.9965687899936132
18.10554874734516 -0.9943423427625764
13.092145889722966 0.9965687899936132
18.126270093694796 -0.9939005875220833
13.111371369616586 0.9960577550652681
18.147118584592224 -0.9936495194901253
13.130335285488131 0.9957839497481534
18.166475072431044 -0.9936854480786356
13.15060154626643 0.995765773328826
18.186481236794428 -0.9936854480786356
13.170595381903041 0.995765773328826
18.206544494354393 -0.9935282765737666
13.190589225302304 0.995765773328826
18.227234559533237 -0.993077742281487
13.209892906667774 0.9953071430334895
18.24814264995139 -0.992805587519519
13.22877890324668 0.9950097126625532
18.26744667877841 -0.9928530361008232
13.249029645554868 0.9949925832464668
18.287452801901264 -0.9928530361008232
13.269023522432013 0.9949925832464668
18.307538115930125 -0.9926309216129855
13.289017408283803 0.9949925832464668
18.328263763241925 -0.99218499838366
13.308309999802768 0.9945409251667017
18.34906647030885 -0.991946812002892
13.327202675894801 0.9942539888718948
18.368345370543853 -0.9919972663652145
13.347426131816746 0.994232273607991
18.3883514463834 -0.9919972663652145
13.367420055977203 0.994232273607991
18.408464530421778 -0.9917656351348737
13.387413990315451 0.994232273607991
18.429117897610368 -0.9913644855107984
13.406804109873637 0.9938365105976502
18.44991905338409 -0.9911196294070493
13.425605043514393 0.9935235718393481
18.469179241914233 -0.9911725899184916
13.445813468729202 0.9934979214020688
18.489185264474347 -0.9911725899184916
13.465807446169087 0.9934979214020688
18.509278011249712 -0.9909288064693083
13.48580143497987 0.9934979214020688
18.529913012549898 -0.9905135267189731
13.50527009150351 0.9931131912108188
18.550727629082886 -0.9902557308651083
13.524101473433227 0.9928007884952176
18.56995182699974 -0.9903124681810871
13.54417366255492 0.992757053736412
18.589957790336886 -0.9903124681810871
13.564167699217775 0.992757053736412
18.610077533425983 -0.9900687408410273
13.584161748433411 0.992757053736412
18.630747460628115 -0.9896565210814658
13.60359126523592 0.9923654838598736
18.65146166840729 -0.9894333025553514
13.622490911160003 0.9920780568903843
18.670688573577763 -0.989490207619232
13.642521768883089 0.9920323373610168
18.690694471806843 -0.989490207619232
13.662515870654008 0.9920323373610168
18.710792574569563 -0.9892463818627281
13.682509986147199 0.9920323373610168
18.73142993095097 -0.9888272660515313
13.701954912062224 0.9916151921423448
18.752145092156702 -0.9885966155327663
13.7208027808405 0.9913094442375239
18.771353745038304 -0.9886547955697178
13.740879067776302 0.9912753047929266
18.79135957233848 -0.9886547955697178
13.760873240476126 0.9912753047929266
18.811479938244542 -0.9884115119705152
13.780867428054172 0.9912753047929266
18.832042795469743 -0.9880434263034176
13.800223126624221 0.9908319419559459
18.852826300616194 -0.9877870777422635
13.819038927234114 0.9905242533834648
18.87195926719416 -0.9878628044424755
13.83920821936505 0.9905043094441726
18.891965017814595 -0.9878628044424755
13.859202468744622 0.9905043094441726
18.91206175077047 -0.9876193321887132
13.879196734143685 0.9905043094441726
18.932604016753075 -0.9872399377554771
13.898583351726721 0.9900959437395932
18.95338349726214 -0.9869765071625076
13.91726712876713 0.9897367089043678
18.97247134776836 -0.9870580694967391
13.93739716107499 0.9897093262004384
18.992477016033874 -0.9870580694967391
13.957391492809474 0.9897093262004384
19.012599879114777 -0.9868078012863559
13.97738584168891 0.9897093262004384
19.03316524699441 -0.9864369877412711
13.99686078918955 0.98937330376603
19.053859781551363 -0.9862051856265077
14.015369403386282 0.9889709737037815
19.072935214585744 -0.9862883699931664
14.035486566868482 0.9889402505883024
19.09294079490245 -0.9862883699931664
14.055480986551775 0.9889402505883024
19.113038378611886 -0.9860346223884724
14.075475424488555 0.9889402505883024
19.13358148918037 -0.985653168732473
14.095070411668154 0.9886939099918184
19.154296469945336 -0.9854056447326567
14.113485786440704 0.9882736225561131
19.173344181236995 -0.9854907067223397
14.133538165442753 0.9882363989534424
19.19334966809779 -0.9854907067223397
14.153532678581955 0.9882363989534424
19.213485899430218 -0.9852199647685514
14.173527211065165 0.9882363989534424
19.233937826980092 -0.984913402030274
14.193236739660398 0.9880625227289025
19.254646745743642 -0.984659878566497
14.211719941785743 0.9876562874272886
19.273706508077588 -0.9847425580319552
14.231661107475448 0.9876017660360715
19.29371189606761 -0.9847425580319552
14.251655719485425 0.9876017660360715
19.31382130709833 -0.9844701227737981
14.271650351910845 0.9876017660360715
19.334337407595456 -0.9841167717906066
14.291453720490187 0.9874870183848877
19.354944143709695 -0.9839027852447965
14.309949451418433 0.9870652087436151
19.373999336096755 -0.983984551590985
14.329881007484925 0.9870107914793502
19.39400461989871 -0.983984551590985
14.349875723682981 0.9870107914793502
19.41412489234348 -0.983727462341627
14.369870461347755 0.9870107914793502
19.434570366596077 -0.983418930698888
14.389802955892259 0.9869736177236466
19.455232872169095 -0.9831824409236364
14.408203568385899 0.9864752996883605
19.474210947546897 -0.9832826813907042
14.428139500598958 0.9864234205433281
19.4942161219463 -0.9832826813907042
14.448134326199552 0.9864234205433281
19.514313311390286 -0.9830174785724216
14.468129174296982 0.9864234205433281
19.534737185588323 -0.9827018869170193
14.488124045094631 0.9864234205433281
19.555384083702663 -0.9824622659978198
14.506414031339638 0.9858508401134719
19.574322452527834 -0.9825685024720372
14.526320852896843 0.9857981102661483
19.594327512418186 -0.9825685024720372
14.54631579300649 0.9857981102661483
19.614450781026857 -0.9823009744865692
14.566310756620874 0.9857981102661483
19.634896526191735 -0.9819929875548888
14.586305743938818 0.9857981102661483
19.65545703035308 -0.9817881465187007
14.604597722408041 0.9852205829646078
19.674390362102034 -0.981895736405085
14.624462801446251 0.9851611350527488
19.69439530248983 -0.981895736405085
14.644457861058457 0.9851611350527488
19.714493335713758 -0.9816197280938285
14.664452945160095 0.9851611350527488
19.734916772712577 -0.9813044020846136
14.684448053945248 0.9851611350527488
19.75548561908156 -0.981088093754179
14.702701058531327 0.9845763326117056
19.774389039141106 -0.9811984884174445
14.722574200232964 0.9845212111000559
19.794393855150787 -0.9811984884174445
14.74256938422329 0.9845212111000559
19.814468424829496 -0.9809894311948361
14.762564593663585 0.9845212111000559
19.83486998490172 -0.9806645075134414
14.782559828742977 0.9845212111000559
19.855436264244155 -0.9804405223646313
14.800763763600774 0.9839529131354292
19.874335574000185 -0.9805518960582446
14.820639985312683 0.9838989259656352
19.894340260878923 -0.9805518960582446
14.84063529843395 0.9838989259656352
19.914436880679002 -0.9802744557283619
14.860630637940607 0.9838989259656352
19.934768752419885 -0.9800096646744967
14.880626004016646 0.9838989259656352
19.955332967217828 -0.9797773389047548
14.898866002973113 0.9833665132901689
19.97421143178243 -0.9798906356304969
14.918697238612726 0.9833053081030408
19.99421598490484 -0.9798906356304969
14.938692685490313 0.9833053081030408
0.014288393732227248 -0.9797162787601886
14.958688159662678 0.9833053081030408
0.03467829204016851 -0.9794028924492987
14.978683661308484 0.9833053081030408
0.055152703327546695 -0.9792108328181035
14.996934757374415 0.9828084451146049
0.07402818914224574 -0.9793228234549477
15.016767867959087 0.9827500137271005
0.0940326040149474 -0.9793228234549477
15.036763453086385 0.9827500137271005
0.11408829966590378 -0.9791467315691413
15.056759066390898 0.9827500137271005
0.1344483379679044 -0.9788289523452465
15.076754708045806 0.9827500137271005
0.15497741665053283 -0.9786126874295363
15.095019840872782 0.9822726922350995
0.1737706573289401 -0.9787430402267618
15.114819819221546 0.9822272041194844
0.19377492959499348 -0.9787430402267618
15.134815546955492 0.9822272041194844
0.21384990519897878 -0.978545622843318
15.154811303721297 0.9822272041194844
0.23414072418095044 -0.9782930092364204
15.17480708968647 0.9822272041194844
0.25465657069684566 -0.9780728798073355
15.193114952883207 0.9817786604291164
0.2734629384449032 -0.9782017814393383
15.212896982138716 0.9817256273029298
0.29346706388808985 -0.9782017814393383
15.232892856695528 0.9817256273029298
0.3135232637535695 -0.9779998580499567
15.252888761110178 0.9817256273029298
0.33379430405759947 -0.9777406089633405
15.272884695544356 0.9817256273029298
0.35428902232181775 -0.9775196370912587
15.291388817877541 0.9813279101476347
0.3730843695466946 -0.9776509198408334
15.31099444467928 0.9812595367280725
0.39308834409570764 -0.9776509198408334
15.330990470130272 0.9812595367280725
0.41312776612608754 -0.9775156016004969
15.350986526235621 0.9812595367280725
0.4334478773176619 -0.9772044645509508
15.370982613151027 0.9812595367280725
0.4538535042232658 -0.977025975097001
15.389576688279295 0.9808806520188221
0.47263618937373875 -0.9771615643695377
15.409154356312726 0.9807996788965534
0.4926400091061691 -0.9771615643695377
15.429150536580295 0.9807996788965534
0.5126958274225347 -0.976957535053189
15.449146748268486 0.9807996788965534
0.5329573322988165 -0.9767076763833725
15.469142991526862 0.9807996788965534
0.5533562839171948 -0.9765230494906613
15.487721965369898 0.9804035891593145
0.5720815806051796 -0.9766670566915775
15.50733923822171 0.9803281927736875
0.5920852417514204 -0.9766670566915775
15.527335577075469 0.9803281927736875
0.6121245998646718 -0.9765309950729243
15.547331948085116 0.9803281927736875
0.6323720255045514 -0.9762664165000036
15.567328351393911 0.9803281927736875
0.6527684829550533 -0.9760735461390048
15.585876933502751 0.9799117836042989
0.6714877154844965 -0.9762193028423248
15.605514142513934 0.9798315810906515
0.6914912144314345 -0.9762193028423248
15.625510643566992 0.9798315810906515
0.711517639962816 -0.9760779686227566
15.645507177479468 0.9798315810906515
0.7317449419714558 -0.9758061932819723
15.665503744388184 0.9798315810906515
0.7521362212444979 -0.9756059620439801
15.683929950162074 0.9793937749941247
0.7708421236506385 -0.9757526104779758
15.70358887450226 0.9793213618810296
0.7908454569452349 -0.9757526104779758
15.723585541207663 0.9793213618810296
0.8108838536554023 -0.9756188634589928
15.74358224144357 0.9793213618810296
0.8311261334974694 -0.9753632621016272
15.763578975340254 0.9793213618810296
0.851446445730835 -0.9752025031173472
15.782017644459895 0.9789024244082339
0.8701419924913647 -0.9753521173089588
15.801611039501918 0.9788410740404969
0.8901451568440624 -0.9753521173089588
15.821607875149226 0.9788410740404969
0.910170087592787 -0.9752168998530509
15.84160474496504 0.9788410740404969
0.9303898499437854 -0.9749531252136744
15.861601649072941 0.9788410740404969
0.9507055776905976 -0.9747860970800095
15.880089516489134 0.9784613750351906
0.9693692876468094 -0.9749400371818785
15.899655032675955 0.9784225526716634
0.9893722799347731 -0.9749400371818785
15.91965204038799 0.9784225526716634
1.0093862372105131 -0.9748740386184231
15.939649082872826 0.9784225526716634
1.0295765889873183 -0.9746133985461485
15.959646160247214 0.9784225526716634
1.0499333373855457 -0.974422535706615
15.978192900933593 0.9780749629927054
1.068543584984632 -0.9745954716579466
15.997811299095941 0.9780404999929903
1.0885464022548355 -0.9745954716579466
16.017808481825735 0.9780404999929903
1.1085708582173075 -0.9744633681570568
16.0378056998983 0.9780404999929903
1.1287222098442307 -0.974262648019394
16.057802953423455 0.9780404999929903
1.1490643426510596 -0.9740690046712015
16.076445577815644 0.9777181859204612
1.167656143608222 -0.9742437409647755
16.096008719915147 0.9776663338325584
1.187658783080354 -0.9742437409647755
16.116006856228086 0.9776779706086802
1.20767173509482 -0.9741816504436932
16.13600425263381 0.9776779706086802
1.22785946218995 -0.9739262829337759
16.156001685020172 0.9776779706086802
1.2481356782611313 -0.9737733983861487
16.174610274080006 0.9773541625019448
1.266728717161201 -0.9739490467819986
16.19419035025337 0.9772951125086299
1.2867311762304297 -0.9739490467819986
16.214189796997353 0.9773065473879055
1.3067378737369004 -0.9738849245602806
16.234187374305662 0.9773065473879055
1.326898145002041 -0.9736303661474716
16.254184988087154 0.9773065473879055
1.3471653118071414 -0.9734731424826009
16.272716806224754 0.9769721056303279
1.3657271146900927 -0.973654281399292
16.292316164505614 0.9769140104898374
1.3857293909296127 -0.973654281399292
16.31231811170945 0.9769356927613853
1.4057424876044395 -0.9735891377395044
16.332315872311252 0.9769356927613853
1.4258681206251016 -0.9733959473371144
16.352313669842783 0.9769356927613853
1.4461215256373725 -0.9732365323433175
16.37091447172599 0.9766240564507482
1.4646753308623643 -0.9734210786048184
16.390475888197148 0.9765610552914157
1.4846774220257948 -0.9734210786048184
16.410481517081873 0.9765860729799001
1.5046836175833178 -0.9733589536622628
16.430479463187186 0.9765860729799001
1.524792576547295 -0.9731573225884159
16.450477446642328 0.9765860729799001
1.5450289674898452 -0.9729977847300332
16.46913414045253 0.9763016659069523
1.5635625754670606 -0.9731862915388576
16.48865587902274 0.9762394838576283
1.5835644794906834 -0.9731862915388576
16.508667133154145 0.9762893436007353
1.6035663458549159 -0.9731862915388576
16.52866526678991 0.9762893436007353
1.6236569460597525 -0.9729781954116492
16.54866343815875 0.9762893436007353
1.643877564161026 -0.972817347691181
16.5674879963087 0.9760457088610365
1.662400002916758 -0.9730133299347559
16.5868597561767 0.9759614041826553
1.6824017179215287 -0.9730133299347559
16.606875155215675 0.9760060703137952
1.7024033949134283 -0.9730133299347559
16.626873478223782 0.9760060703137952
1.7225134975247915 -0.9727543907218749
16.646871839310958 0.9760060703137952
1.742682579158338 -0.9726338215722875
16.665783947406727 0.975786381837129
1.761168922342112 -0.9728409487681218
16.685159527904347 0.9757089950858379
1.781170446635532 -0.9728409487681218
16.705165912801487 0.9757410893051284
1.8011719326001097 -0.9728409487681218
16.72516442683691 0.9757410893051284
1.8212595480188787 -0.9726436426074481
16.745162979259828 0.9757410893051284
1.8414199201027774 -0.9725197370204298
16.76421127154945 0.9755467163335417
1.859922090159823 -0.9727302931731746
16.7835010618278 0.9754420663156971
1.8798713617050684 -0.9727396453646467
16.803509529576598 0.9754703419657781
1.8998726551758562 -0.9727396453646467
16.82350823610581 0.9754703419657781
1.9199407632599967 -0.9725342719122747
16.843506981293057 0.9754703419657781
1.9401287191533518 -0.972387439871117
16.86251996573684 0.9752697033754714
1.9587907388738484 -0.9725867851764765
16.88181983260771 0.9751462213101284
1.9784818899872536 -0.9726419623479174
16.901830525106813 0.9751742032107181
1.998482989687758 -0.9726419623479174
16.921829425406308 0.9751742032107181
2.018534686824363 -0.9724966114417015
16.941828364596233 0.9751742032107181
2.038712380003078 -0.9723446620605916
16.96080857430914 0.9749689931650772
2.057476029586813 -0.9725300998960341
16.98009775733794 0.9748408360043035
2.0770684168231446 -0.9726036463596479
17.000115010081135 0.9748785745053409
2.09706932166809 -0.9726036463596479
17.02011410523619 0.9748785745053409
2.117108720741119 -0.9724498783166612
17.040113239475684 0.9748785745053409
2.13727747003955 -0.9722907234950656
17.059200680078412 0.9746946645357533
2.156121396964282 -0.9724630581318425
17.0783339105178 0.974550367194146
2.175603444586998 -0.9725574502058661
17.098363710644282 0.9746256402894067
2.195604153683413 -0.9725574502058661
17.118363001547873 0.9746256402894067
2.21565723387572 -0.9724078096909059
17.138362331691336 0.9746256402894067
2.235791928680299 -0.9722859076823915
17.157508350765802 0.9744573458689781
2.2547633218095076 -0.9724373997805016
17.17664154899985 0.9743113341794781
2.2741168912681746 -0.9725558380760575
17.196679577121902 0.9743854955396756
2.2941174039162635 -0.9725558380760575
17.216679064473812 0.9743854955396756
2.3141555812758514 -0.9724062403579163
17.23667859118231 0.9743854955396756
2.3342823529489163 -0.972278680573446
17.25600400619064 0.9742504588988856
2.353245928175111 -0.9724266379087971
17.275036977427835 0.9740847894736876
2.3725848892301493 -0.9725498376909973
17.295079710207524 0.9741540508445323
2.3925852049239915 -0.9725498376909973
17.315081725150463 0.9741890103962787
2.4126100709012683 -0.9724529599999838
17.33508144889108 0.9741890103962787
2.4327212350963 -0.9723265054394287
17.35446994633067 0.974062986843641
2.4517946765459 -0.9724564830074843
17.373454754035503 0.973877960927039
2.471024256602988 -0.9726008996172036
17.393501565486424 0.9739431354857437
2.491024375031032 -0.9726008996172036
17.413507024353784 0.973976599258163
2.5110387254397586 -0.9725058181583821
17.433506945399156 0.973976599258163
2.531135160363924 -0.9723805051738794
17.45277486271054 0.9738272460984528
