14.666933317323016 -1.450088618533747
8.556960850904863 -0.7283517300791933
17.852409247304067 -0.23859504626110453
15.316980283799458 -0.5371424403000794
13.97326765416119 -1.812717005787115
9.312406249483903 -0.6586830748736412
14.909642792781279 -1.2935456882321783
7.950418346645366 -1.0057189622536078
8.748583687132811 -0.5231228891712678
14.889960480400735 0.35601747991372423
14.982808898304313 1.3851396840320096
14.55377121927416 2.0210740280185377
11.55667484608529 -1.1309594364300164
0.456323017401787 0.07559129436822648
17.945869017218477 -0.21422203910767382
5.1123850438015825 -1.1548653557758284
11.56687026272246 -2.0481054041171403
4.1592262195637435 -0.9207651623917634
13.428040156482075 -1.8730717435674604
7.775109569724954 -0.9838046683427647
14.135271809798006 1.7707231166168356
10.158552316631713 -3.527575340811945
8.39248329025896 -0.06523896691415645
1.811966508863147 0.15269020158000995
11.914807700512542 2.5315394412327255
11.67250207912953 -2.8818442998060068
8.714538295095736 -0.5441850155909336
0.0838793344405993 -0.6939246281762794
12.409693361155826 -1.3586161551495748
19.557280078101364 -0.6893295556607474
13.936306413809524 -1.6069486985207357
17.361937814247906 -0.5272234894114016
14.485872301292632 -1.5142651317365063
10.329323814987301 -1.1043236806506143
17.838883569476792 -0.4007442002844545
1.1619207470713786 -1.1375044451356113
14.187199402472949 1.8163062759340358
0.42056613095383805 -1.1280100679831127
7.627368420383205 1.3775091588939083
19.694107987908126 -0.6578913852255663
15.861975099248605 0.6316523876050646
1.8887350789973105 -0.6884837564990695
15.786311383558125 1.2566985906829526
5.086337360712765 -1.1364850968757674
8.869254642814225 1.8747511342648615
2.5824949207053436 -0.3763310413147454
4.843769239508593 -1.940019655327147
19.471116610943398 -0.664190021202581
13.949708985401683 -1.4963921290392361
1.9719811573215946 -0.8199322107312402
7.3701793266746405 -0.10126735619730318
2.724315963605797 -0.5828552565452269
15.549925702708693 0.8782687341170725
3.2829470774052374 -0.4594301208331414
15.78825303077857 1.2963509739232546
17.050147570795684 -0.368430466171007
5.924445093928904 0.7012632532649802
1.9893713656596719 -0.7902693395335761
14.521102803970791 -1.50824560678244
14.17819698787876 -2.0024001000009575
7.244322834484532 0.8465533888198877
18.975516558092753 -0.696992537140003
8.7170174012697 -0.1380852737911093
19.326379157752452 0.3567831456910959
15.311943336466554 0.4551698338453198
19.1637859414932 -0.5723445467017734
16.737297318355235 0.13771731056331082
16.89569734409513 0.6927842530625642
14.289850783135767 1.783281592024036
0.17291164754907193 -1.2004364915902972
5.252595017301721 -1.799216534910531
12.541331005877769 -2.734057353866854
3.093731975366718 0.25395180796609573
13.878636634751766 -2.091817323565592
6.3525204415223735 -0.5198796927585227
2.786322274122086 -0.5606254089547754
9.833079499859975 2.289403895001516
7.9892757527218246 -0.6785911346106945
12.748203918135303 2.2948260391629898
16.901016047803807 1.127525137620214
14.554914158120884 1.698523732483058
15.054491026492842 -1.2188590661698084
11.077117800852907 -0.5372896633056332
1.5896205373859 -0.9487187108828914
4.803564139991173 -0.3038087266166314
15.438769217267028 -0.6187892414597072
3.730166195377688 1.3005148307860037
10.309127125630075 -3.5978197886331778
14.160217446609842 1.7338136495912182
10.966555395106274 -3.246013138534617
3.8593978453764235 0.3644171315949839
18.460087247687667 -0.6406535683310922
13.493700435583955 2.183180006212741
4.02101313085397 -0.9095946603705967
14.032769644298273 -1.6955486591068025
9.601423374702636 -0.7064977486130961
13.149397127250111 2.2379406182243793
0.7474600030366707 -0.7269767271669296
4.7650012924216405 0.12613538087155063
18.575139072450586 -0.5543159921157536
9.71040856133004 2.499619644054842
5.433146525750121 -1.1205026577917472
2.429350480985268 -0.07615130110142368
7.414018429894115 -0.575740600149584
10.473090429338457 2.6822264781058567
1.8675033339289295 1.91449758107927
11.377895975347585 2.372129745423417
0.9137422853792602 -1.0419724788946991
8.407782706558269 -0.9284498997872153
11.388816760651459 -1.6553060381912976
15.221051024135738 -0.7696587128745038
19.35109876217554 -0.6136904801559432
4.2980445940137475 0.20215945803465576
0.5373181625525698 0.3175525179468104
3.967359061924337 0.23323028454395098
2.554048428430929 -0.7332712567869956
16.574705581522863 -0.11244679431340696
3.163273997043936 0.8936649270544514
2.96955391048125 -0.7381485181395075
12.091039649834414 2.8116759737908037
4.848383407216464 -0.8675919721966239
4.040328486439805 0.8669798751586782
17.101247430224195 -0.39632246444318125
2.241029189111866 -0.9099703687527407
14.289836839627428 1.7155162392661778
18.645983654964258 0.31609816753906084
6.562393560616034 -0.506843106848105
9.143250540039816 2.297384743265182
2.979879171731948 -1.9488310301258907
16.275832475032654 -0.21894405395806657
4.004940590263803 -1.6192419975797234
13.473463397204304 -1.6621100612383128
4.373347344594116 -1.7106110512812782
2.5296897968653362 -0.8301101878262794
15.951167682330848 -0.787609932059581
8.761351977696247 -0.5854059056061205
8.182112937024073 1.5920102627210115
3.9467676038595076 -0.8728131208544644
1.7349669882251444 -0.5667854882870211
15.646808109486411 -0.4895761436374235
13.876007470560788 -1.613010216807757
11.162752056559551 -1.5886468397684481
15.55158922503483 -0.9102699626749502
15.001048599409224 -0.8580272916792413
18.554717178720658 -1.210758306384969
8.582702814585197 2.0444559671125906
1.7361358669615155 -0.14658016112999933
11.178352214767928 -1.7519682961629182
15.528651563626264 -1.0491319702505988
3.251986271441481 -0.561974199518447
14.205817622070239 2.0739660355871976
13.038566163724331 -2.666089272032777
19.311701821046018 0.2708062693290767
3.265089082967249 -0.4888322596096285
1.8622425885631433 -0.27743759299076115
15.976326859473714 1.5885897000534537
18.69733512170067 -0.19910501941496964
3.5272200374189504 -0.4770852872446212
10.15058907332609 -1.3188788242291634
1.8299803039684752 -0.8749999419881415
4.436491422017444 0.07416504263137444
2.1981890267336133 -0.7157679953389823
4.301017928939814 -0.9554425516133791
9.369898271026848 -0.5072420855911404
16.176520021695925 -0.3868671031804105
3.071277194729297 -0.5936562754732981
11.099094815503351 -3.121857083025724
4.302846840715978 -0.903324571034223
9.764668127535566 0.06046614202912373
2.192570767119732 -1.542782474565981
17.17823510028566 0.0567660394990653
3.229152449141994 -0.5401687902095048
14.205055507311728 -1.7241743748487335
2.6682765038569647 -0.3644365928051506
18.588808395274718 -0.3299543092474478
15.383546885957045 -1.0690260004346308
6.128112626710624 -1.304448256994935
6.0981313715383285 -0.796595787331077
14.684591342892354 -1.1003866906735473
3.148654880717922 -0.4451571713346427
16.583407849493124 0.8432217970466661
1.9804391110941155 -2.2983232793614743
18.983157691315565 -0.03615708397614026
18.846002106931955 -1.8946275531492478
15.048762572176184 -1.0482790020433423
3.9995173856579758 -0.7072247608086318
18.777345956872946 0.2292399823956013
13.829036452337714 -1.820518696442622
17.954572816542775 0.0030992746233400505
8.157566346488531 -1.1618174315987726
16.70750027896894 -0.308814633012366
1.6940030150043377 0.11439799205111167
3.3045545975249535 0.1376090836834919
8.965840615306904 -3.990129026346206
2.355786691006668 0.6307399421149219
3.7466742658792445 -0.5156489880007461
3.6762490917072443 -0.6746390790563487
2.782025399806138 -0.5383231891860277
9.105885609465618 -0.6675853057253119
8.009612694806208 -0.45709446760313205
19.79845594351159 0.3312880189063535
4.319816331866885 -0.703686967042328
13.533387424731705 -2.0648297607414996
10.094188142666807 -0.9094020513254777
0.1757466438654573 -0.4102511622998264
2.3537671695584605 -0.6359789788046356
5.368516454880684 1.274643172721257
2.5916861467656394 -0.7278695387974087
6.588892219679207 -1.5365167507041013
3.559350416518524 -0.7090428206568382
9.632151957429647 -0.5832941688257979
3.236640558341544 -0.5486430220172557
3.974238437256904 0.3913239699822968
4.586411969099636 1.1672408627854969
13.565282236648024 -1.7080647468978343
5.275107975463012 1.229825842008102
16.395886189417283 -0.24027439180182017
7.858089477757484 -0.6463221192224207
1.2946543636911334 -0.37046183910528285
10.714526322026911 2.756257014446947
11.321796810709419 -1.7370607616905538
9.204859242537868 2.295894672684344
14.556138035944338 -1.1819641374387435
9.27352958377019 -0.7030508102477414
7.757896257339481 -0.49807930160337965
18.242446812722097 0.12997345917445474
15.828087037959165 -0.4412414210416634
7.9779418730177865 -0.44599280797348895
17.168670252705997 0.04319974744943585
11.87261154321862 -1.6780889998061372
17.319370463198926 0.03468510216672056
6.701200870884712 -1.1508053191654226
13.84061499835402 -1.5265063442191282
0.29038284044917817 -0.5964876971088019
7.286069405060616 -1.131269795546486
5.137652281011651 1.2757178666864566
18.44039390506535 -0.2686753592575569
12.268356531413826 -1.6899757881015758
19.763063095951853 -1.7305250614691314
0.6945394730281038 0.49773795369801926
16.260539209926666 -0.24289608835751916
0.9892145265094224 -0.9277407016667394
18.043293915795697 0.04752799633041573
1.7055523013656302 -0.6646690827921845
11.195613027699885 -1.575791583252901
0.8542715261299505 -0.6149667186166968
12.762128384202736 -1.7661732869553421
0.9914770991554132 -1.1028431369487406
19.681273884318124 -1.6753428699535375
1.5954684473639433 -1.0149472430873872
18.339981419518715 0.1397304819517956
2.739183966388304 -0.47449453679367337
12.371988560791234 -1.8168163368342827
1.7805599966691137 -0.9405587473894172
4.844441379278283 -1.085414758409509
3.326300958354068 -0.6286434542571903
11.780675205134502 -1.840934151794042
14.452214003764162 -1.8017274063062807
2.294195953637829 -2.4813957781313953
9.656129846517068 2.511283377958113
9.567285166074834 -0.8353675893151237
12.407950494818875 -2.786296645204664
2.7882316787512913 -0.48785792896333297
16.545904205788027 1.0842390081148028
9.50368092028791 -0.8358965462239956
6.8595968127976015 1.4492100058590445
4.16405769040898 -1.4892967835301691
3.9467146622584246 0.836178432974566
3.6963065333677187 -0.8941483755856172
7.737553292433778 1.7771100868181136
3.9998999701980114 -0.8385563427128832
11.240104262287975 2.8225435025499857
3.6477683978557836 -0.5406299413005239
2.1010671156260736 -2.4047027250428616
0.15748100267669707 -0.45677398204292896
18.56898324890372 -1.8933352882421612
2.619073684376107 0.6843845850548401
1.9805484486620353 0.563005615145936
1.0494563831714916 -1.1409028950837008
1.3392573159183632 1.8579285734048145
6.921915592900075 1.4422036416216366
14.584530811815199 2.0902231846480435
4.623866703055988 1.162145869393388
8.856294610260788 -1.2598330547894503
14.8103663071615 -0.9868106497193836
1.6565809257471977 -0.6084790042440301
1.1914922374528942 0.4244503257677965
7.965992106597114 1.838959470122176
14.788689618717447 -1.7374718398727553
0.3910962959361124 -0.6710225941584793
1.1533870814372693 -2.1697113361565528
3.764986159889967 -0.9784150443356566
18.344887243174025 -2.275992654966479
17.39118455506127 -0.49534353214818794
19.18936284413614 -2.0035218492052667
4.768377800098657 0.7483366243456178
18.64656779722651 -2.1218700857988155
18.07650645362736 -0.5574703674191571
14.545528908160327 -2.447462346494142
0.5693843153778064 -0.782701439086226
9.284971641852207 -3.923125241155149
6.341170508252053 1.0079467234476847
3.5143352750518746 -1.1430623412272596
0.6409628012819673 -1.053571446212049
3.8510884196192863 -1.129028523704381
1.128296199988295 -0.7362253504954344
10.512448753982529 -4.949294550044397
2.2093160260387372 -0.9316595862470425
13.00901569799786 -4.265871605909437
4.286341995682932 -0.9346705951638965
4.763478064365041 -5.399466266256367
3.286365296749665 -0.7576528974997206
15.014104004527432 -3.080130760662102
10.028735985623841 -0.7704073049267874
11.626209345722675 -4.635153959229289
3.49501674741595 -1.0102086836370152
15.249349201152082 -2.106826922002095
1.4843019301072917 -0.6944407513562009
17.09039018743276 -4.040248563195162
10.817129590223022 2.5055509168044408
3.7165641614199068 -1.107514245457175
18.117582099181192 0.27500285049712914
4.4246008002047015 -1.1849984751453546
3.826991853749093 -1.320934420961636
18.85611009405263 -2.1715099755749443
15.248985895298752 0.5541365516890309
0.2860443519868535 -1.2948982866070682
17.199644257331258 -0.5836305644494304
0.32574350938807917 -2.0253900506056146
15.734438527633708 1.6596740701931534
18.910667157825326 -2.192478153733506
19.553264404607095 -0.7545266058474801
19.98703380269524 -1.894923624148492
4.314490081959039 -1.3645567996246009
0.24449501565375983 -1.92612689187858
9.787891157623221 -0.7429209630791163
18.663640385209487 -2.09668688452627
4.025924545286892 -0.1277996175016955
0.4544332510471095 -1.9567613594088589
5.966911986027062 -0.7529521184333329
17.60313152543305 -1.9894156387346136
12.14832794615988 2.0054487810910064
1.082138477256149 -1.9155258780544613
6.162937378895097 -0.6334542856609061
1.147616372852385 -1.9751540763646829
6.757877159008227 0.7100415691499404
0.6368234440299326 -1.7359282494229302
14.249249298817732 -0.8661644988779322
18.511592256201922 -2.1039264767376733
5.657162944826462 0.19863255249923495
10.917512619010044 -2.1577761475789266
6.275749616426658 0.1338494458369091
18.547355932915316 -2.0923029610605917
13.262174915062376 1.1870871163607153
0.6305051135685155 -3.1356650649142632
8.951983706488884 1.6321427656814613
18.234257147485184 -0.25322565863003843
8.714600749206127 1.4988420261997393
2.952472873909975 -1.824895464648953
7.121314266146621 0.9027303393327857
2.321602608813663 -0.8323351511550244
5.678009674253749 -0.582189803906605
2.7714403706082074 -0.589974157505513
6.3741976130262765 0.321596710462542
3.4346354924371685 -0.6802670874087878
6.383747380522035 0.2364087816586531
1.8717616313184862 0.4976229048973469
6.233355928411044 0.07261095139812274
2.972028690427883 0.7470189104194422
12.538713589792616 0.8974111720032937
3.2588191985253454 -0.645912118253745
6.37818869283189 0.15402359201623533
13.487590673653333 -2.401942926999259
4.474766796760032 -1.3256042294656412
8.06112172314871 -1.4432270184785234
2.710657029290847 -1.4663712340298682
8.565172747610026 -1.175056873747422
5.581273848064422 -1.461029591919586
1.681555263853729 -0.6315729477655472
11.912157399064935 -1.778104915715525
7.763383250892935 -1.4318967186191873
6.189568344180281 -0.7977336962526375
6.542718655530205 -1.6644649896901496
0.27536414915204566 -1.020675310507177
0.5695349120675575 -3.148104491019519
14.500476169474654 -1.681490197028009
7.850054529495175 -1.3641007736998774
1.68207359642832 -2.4471209311501787
8.711982846966388 -1.2076409288769412
14.772557292133786 -3.352659157048443
8.452704727668909 -1.0818312338552
11.090666116558642 -3.37001628093826
5.352287851118477 -2.6910266588021483
19.90561901991051 -1.3064540614791014
9.484509924348398 -1.2807876668197993
19.91066680950104 -1.25397754423902
1.9581660967630927 -0.6514926348253601
13.623913248281715 -2.10136845958638
1.672729579581591 -0.7443539661528261
18.44329205141332 -0.4391444408866066
2.3751112779032835 -0.44864721247681527
4.275325259935952 -1.2763686677298323
2.344867211319051 -0.4681968894451748
15.49373236093395 1.5950016592030882
1.4636638325162035 -0.8394301307270949
1.5511768769735352 -1.1498128107170176
12.746473116599187 -2.3455350109535265
3.1896523887345496 -0.9280735449257905
17.794225541463767 -3.3090210573230348
8.458104321579103 2.02497159119222
0.11072241407850106 -0.46121951540685113
14.173468092526047 2.276174795044563
2.3230709423886804 -0.6815999841687883
2.389181543456437 -0.9187444198513736
12.4334016202289 -2.0659833561745127
14.809562945412457 -0.9614461620861557
19.977175066149346 -0.5530721699329293
15.01400614882972 -0.8279188776603548
0.663506882372073 -1.0316348567568827
1.0963756429526235 -1.4095870308365437
19.252333891577216 -0.5960400207480376
3.4734459495759706 -1.3111870565374868
19.986512486584573 0.42543605275165713
12.795405066211533 -1.7641516286181143
17.468014268654148 0.28618168111245224
11.186557524978227 -1.7154118820920334
3.361231000630462 -0.7033816269732689
19.41203929166464 -0.15757970360271834
9.637359083224082 -3.6722029994327747
19.950603276558898 -1.6270547697450635
10.739192735565592 -3.439407002117631
13.447083275892012 2.105775906350358
15.316798122832296 1.7285848084902424
1.4198136856862018 -0.5027972081284736
3.576365124178798 -1.40291304646701
19.103561305985142 -0.2495845212937701
14.802509101436888 0.15001559333899853
1.3124118392671675 -0.5145525831293021
12.459975807727034 -1.81612614730517
15.379766445540865 0.36469795214398004
3.334532328680473 -1.4845442624590017
1.7674161814396494 -0.45361091070856
14.821665431532816 0.43175562265671624
4.59926212621141 -0.5604101367578076
6.5970997394547775 -1.0176832004936296
4.620879568644348 -0.5873194725262115
1.467980841905802 0.5384696489049545
11.042805152781671 3.133770632556993
14.891816317657405 0.42633417308593957
4.057607529303462 0.13145015022793277
3.4517304606078154 -0.772834706837339
10.069018542217862 -0.2759671362487399
3.8308007912716433 -0.9996724188074299
2.740267971402703 1.037636691192457
15.783017333767411 -0.3724864298707034
15.394124623051134 0.4697700881210618
14.768715107918826 0.36962750218402796
15.952406475352106 0.09444429592552243
16.82779788192555 -0.7493129417126853
17.45308137533891 1.185076402775158
8.445487251978022 -0.8510700633213341
14.225885634398166 -0.23474861640613298
14.954682835880243 0.22804236044173906
14.47490063573549 -0.23708766485197827
19.90127077493635 0.3707721745815245
15.50572022558049 0.7927796759810823
3.5212416776339412 -1.0966062995948982
8.637535824138828 -0.7111030609052764
5.664061320199124 -1.3815764936762223
4.872719931800113 -0.026321777298728803
8.486446912787528 -0.8460544709405757
15.534129876013456 1.5773356300938146
5.354583824987395 -1.3110233205434445
11.441213773816813 -1.6468825121207291
19.93906067823879 -0.049226444957104494
6.618018078790919 -0.8182973680159722
15.423930823025124 -0.6224944947364428
17.34398091516305 0.21729397436368658
7.132796946747274 -0.9758685722487149
10.794444813371868 -1.3755985007078932
2.216785416848988 -0.7639371307221849
6.159190685189533 1.380275630654138
8.110187334092807 -0.9703708513086756
17.38457905233904 1.2168615536341205
12.047228116352656 -1.849514420372668
10.850913874804638 -1.3838216448007634
10.774264188214818 -1.4349840599024095
7.889494937019428 -0.9312406895604991
3.2543084896992482 -1.4860307296174449
15.458275429829373 0.5879785290235174
15.843837061752852 -0.5108435327949222
17.707934482876144 1.2716964972229488
12.983952291210299 -1.699049886307
18.40303348966647 0.26709776326513796
3.826653104845858 -1.3400936587645083
15.466325165958587 0.620683479248129
2.8498403575085347 -1.2856141840978512
18.533848281895903 1.3615385791411174
15.58501502312545 -0.7345779281186221
4.742268308381545 0.518337163776548
12.013526702788885 -1.8075270140757036
9.789074369974399 -0.0517041670681878
17.295363133604585 0.11794057885631237
8.808694583136711 2.4933842511899647
2.8933804456326824 -1.3407603097053156
18.15370237815495 0.7419456084347931
19.724868840654693 -0.4459403735895014
2.803539194046238 0.784216567622959
12.216351995629713 -1.9510868312438825
19.01498690696881 0.3041856717356856
2.2451996839286 0.001648049039576438
12.492809818463579 2.2139413159579497
7.9218282384419005 -1.0186514783077671
10.155313514512711 2.364846311109309
19.26886027648437 -0.42436121276957595
18.534202398549965 0.2220573484168646
15.447612413493061 -0.7880719084637876
14.488940789714958 -1.0748451087671689
2.270240767321701 -0.00555119695461348
9.53283956201277 -0.6489217787473398
15.483746050392826 -0.5938956066043137
7.571331059796511 -0.9152936278641896
12.888887202186384 -1.8683284761695573
15.694468123683821 1.0091653156844158
12.40100870826085 -1.9453169061718503
10.362053288313776 -1.1430039861387036
15.813825541364924 -0.5012794461086764
14.341506093253885 -1.169331376528759
15.529135028779896 -0.7207312372642002
18.56188365675298 0.2288767657728974
14.254153222446334 -1.387482091387635
13.789843332189713 2.4494697515766064
15.570471516976273 -0.6051517087541182
11.697669181578954 2.848170801381513
15.449697723810708 -0.6304412728336908
11.742003789055577 -1.6632833420207849
13.627013683700131 -1.7122499936750366
13.022137641902088 -1.6454082853751641
13.543032725381568 -1.7483200227709974
9.116735829337317 -0.5834899179404834
10.12007029589657 -1.226723359914579
13.133293924246725 -1.6322183563230312
9.276129101571858 -0.734912751532981
16.257089062732305 -0.11813094373182771
13.800079883180002 -1.6074713821930442
10.488142780882782 -1.1395870593398034
7.292974832370449 1.2125284216715204
10.539165882703035 -1.1509169235897132
12.30571813724535 -1.953959329964979
6.3413970566702975 -0.8197520270362753
15.365036050317839 -0.7443160053388629
8.116979641560276 -0.8932356754224552
4.682482197312932 -1.3721952226486938
13.122307579034151 -1.5961141371256986
0.2984935657310907 -0.5234519864991024
16.236688831370873 -0.15845819472222789
15.075891917310765 -0.901215195132775
16.00655995373678 -0.2119548029001249
13.998176738736365 -1.5537056786050327
6.029463340461333 -0.9345732938159704
19.201966279839272 -0.3857592253417028
6.262992214124026 -1.1211132311563738
7.6342499744385215 -1.096147871962638
6.510393197344056 -1.0209254930917944
19.095864596537726 -0.24152736222688367
9.757914890108044 -3.8488455587311683
19.115862298613624 -0.33514940255759973
5.844939446147497 -1.2125974132936275
0.34095699213907543 -0.5097039630427412
9.688809712426488 -3.8738403838608515
2.6389141325622374 -0.1633340336049446
3.283463922063139 -0.9561868638095584
14.502853963120245 -1.3779412066898087
0.25290568078309245 -0.22215421285113862
15.646673890138333 -0.7098596214662318
1.8374054403573843 0.5698493297397682
11.492742808403708 -1.9216002303405673
11.061971839451312 -1.745880732052872
1.0146539013905442 -0.4529478671129794
6.024356912072292 -0.7823653864886461
1.0681080969274885 -0.5669011260374701
11.295511824469642 -3.489086903860585
19.317046395564393 -0.42085946726404716
5.340057585561574 -1.1288134186980643
0.5478931011449439 -0.593180904921858
14.780146903450424 -0.06530880244348646
19.890767600670483 -0.420960140307927
5.475835010164163 -1.5245568463159782
10.237618793694942 -0.9075917253826999
0.031669172013756214 -0.5370231335390273
0.9454683791183145 -0.45881131949780063
18.731005199871657 -0.2842611673036106
15.732742981464195 -0.6075504099303485
7.232560247500965 1.1793466921243683
0.7392218827437605 -0.5820638735987292
19.877530508676532 -0.4645672588925888
0.8375094984933626 -0.5861715040751517
15.495940556259493 0.9436211681954672
9.487817824418272 2.469657468440294
14.038432850501101 1.7932475450705938
13.439030404652147 2.583915387011122
12.954483287947335 -1.7846241336062487
4.121511233152173 -0.45099218228145393
16.36630891016667 -0.7771621827337747
0.48213334507216726 -0.5799138982050586
14.450441502661368 2.146776867661786
0.8284926153795069 -0.5785567704445579
13.88555050614991 -3.1659443628872355
0.7973740193346223 -0.5156787948393705
14.945914122906938 1.8807207202851315
5.7234584764271474 -0.7961592483745316
15.137926792865628 -0.652931883195171
16.67492310867108 0.14762723851785892
5.31388677721519 -1.4305137980380793
3.8133149798823744 -0.4693430158472758
7.593241682690441 -1.053298235561472
2.3217580011534458 -0.22742631565851462
7.204884859130674 -0.9864702480975442
10.219040708831104 -0.9172588570822758
0.07489765888155414 -1.3282525346186886
14.166217408665036 -0.14405481511895157
19.324451098703157 -0.9904081271280654
19.906984543724672 0.8731530413701297
2.208311893627979 -0.9940045795401362
2.27715109013131 -0.49149263890732
15.286094533281444 -0.30360141933369944
2.218844323995468 -0.5193269534469334
19.138641834152477 1.1370910062963242
15.360669679152123 0.42444464088252276
18.916290644312635 -0.21462167742558186
7.744913489827709 1.4659724474387363
8.761453648431251 -0.72522162762257
4.984720782599128 1.6422447986103115
9.900565992976917 -1.1584119617061326
5.371946076280283 -0.7711652654579944
14.097550282991973 -1.5969123001811132
17.857601829858694 0.7434405455897151
9.919258643652437 -1.157734945939687
9.49895688323725 -0.4510145464488192
19.624311885040367 0.8302891007493016
7.133871948692389 1.237323007401363
19.028532848121735 -0.08262712228769722
18.22590380899939 0.6843081417191232
18.793167577511273 -0.1485592988673456
5.407543418792444 0.741082829926999
14.772601246292503 -1.162332764459308
17.188803752497055 0.5615990999233577
12.86958682064641 -1.8804442977048423
4.014801478310232 -0.5936688560928144
6.136494382692871 -1.2451690587631448
12.981897551247346 2.7117047799873046
0.5592026856542214 -0.29147752053300274
14.231573066287963 0.07257170556153059
0.04245044844807813 -0.2558434457161714
7.11567044345956 1.2263730520936122
19.6679586982274 -0.3487866788481397
8.101534359071382 1.5978953399359521
14.070259012392915 -1.5106108596515344
13.0768043750345 -1.3372355824918711
9.284176413611275 -0.768759820086319
3.990448266414475 1.0243958553902508
19.45270605134594 -0.3615689256398329
1.8564267604653142 0.5568262874750574
7.040251265983272 -0.9925212529986316
7.046035196465379 1.5050354664816992
14.626358282929413 -1.2743175979551333
13.473321753367879 2.4879356463612017
19.597006483437546 -0.3592866460685485
15.636701449878178 1.136691887513363
10.9110953067817 -1.5536605047053595
19.83521309355623 0.3780619728610012
3.186462735537981 -1.494796879578922
14.13235193328891 2.2881374261566534
8.56377087045964 -0.8549542652047455
6.260340601031166 1.3842259567588906
10.332454600598199 -1.257747229337008
5.201155260395727 1.3495581095545277
13.119817013208266 -1.8375205384374267
15.383901893560454 0.3923661205835728
11.522371365319232 -1.9834871070343962
16.93748873793461 1.0503209040255297
11.307167065114266 -1.9044438548142746
14.910635361450002 1.8339461192733542
18.737011454748526 0.0008048722343518052
16.446398744428638 0.9674298157059128
18.791568135099535 -0.0022468774214467416
7.58196169886359 1.7441646081001851
11.12332443238523 -1.820033135752673
16.90139039825867 1.0171699091974469
10.572214061185253 -1.7707965402351236
13.161375499027661 2.1896594256592836
12.710623857493141 -1.9959362906196463
19.99836796486643 0.38819007990953475
18.46719603000593 -0.0629131327882396
16.920045686112587 0.9039194815183555
18.3190940710547 -0.06662084849919617
16.970317965996568 0.9886234660372155
8.571388093639206 -0.5014664970589734
5.188669723404466 0.7482628423496618
0.8699287717498981 -0.5082062094076357
8.66918965474514 1.8368026583076018
11.022436934975005 -2.1714892941410464
8.82123652244799 1.9204686230930355
12.879865283087994 -2.222000140505951
7.192258316195241 1.4355982608466655
9.99907434007775 -0.8036385575830418
1.498566159562437 0.558301562925553
16.508810554985523 -0.4593459618470153
15.29472505464756 0.4236976575814206
18.929710996268735 0.3819967222894998
4.900142839222043 -0.07139155325240645
10.394711571727997 -0.2740527595399286
7.907856620847351 1.571079409114808
17.54016528838677 0.2887242906277969
5.239817255081166 0.8597792167145968
6.490929685270169 -0.3839723228670463
5.757846801760387 0.8313164948198
14.784001376950744 -0.8747852401098712
5.754537055122453 1.154634721750467
11.325854467615454 -0.8432388011800916
4.479328971781978 0.876074953105407
7.05889447496874 1.5371809213214174
5.18089321132741 0.8808476928221648
18.419158367519024 1.1523075224667192
2.8809153752428096 0.2773398381265442
8.556951736822375 -0.4510898286030943
6.089805063746276 -0.9466902334041262
8.271468556129689 -0.42286695474497765
13.916084299603172 2.357535997326553
19.867955731774106 1.399397619357823
15.069852102605624 0.9771469451482421
8.286761967905148 -0.5848419854341257
1.8576677408043727 0.11433849936609426
18.247809929177276 0.2732009995620182
15.546507873192489 1.230391165975036
18.2889811421809 1.0078485995890083
8.526991785825835 0.590376785115671
8.075626070783713 0.02960531740099965
7.129958511455686 0.1663784766820392
7.902005444137256 -0.29173768929169497
12.836203859766055 -1.6854163702250502
6.855030306447604 0.18381618130655192
15.175660112735251 0.5901909381233645
5.673663188227546 -0.38138360123975096
13.579573547081932 2.4755907927065337
6.765437766756153 -0.3154887649345412
8.316627868263065 0.5919089387814211
5.617656416649855 -0.482427217380161
12.287078125356338 -1.766606550306362
5.492763315748262 -0.5148143457179597
6.781719436088768 -0.7613287017949981
8.621987899161324 1.1195967070668056
6.532602155530876 -0.979490040023641
8.237221217409184 0.9566706240307946
6.749649863789629 -0.898649123198643
8.476745742094197 1.0444053386974914
15.216308284149754 -0.6528158895091105
8.641603681226403 1.1657245440118136
7.124699998673647 0.189494512891052
8.060127040860142 0.8776718561096599
6.745605148514162 1.1431954691528663
8.427950365126254 1.070216834771081
6.419091254346233 1.1913551414707981
8.360628429730918 0.9699218573516276
6.762833115732595 1.211528732771165
6.728313126664925 -0.1524834851903136
6.471302526743077 -0.9948422154201282
8.208995584212362 0.9145311472076376
13.611149467222072 -1.497638039568331
8.450677516363193 0.19182717878891217
11.809534587649141 2.509692073105137
7.738327694468012 -0.31157588368548755
13.03578833393051 -1.6039813676127352
8.78829683588272 -0.590102823829213
8.123700155179554 0.49107450984847945
3.706898209636715 -0.8146073895376746
12.738219893041038 -1.6807904923140262
2.13089533326707 -0.7513749850475382
4.135386486954281 0.42690770334737127
2.947103562629389 -0.5103070699407068
8.571591727200763 1.8651246971066464
2.602549299916583 -0.7576704131672184
12.61114226037979 2.2709145538607904
1.5570887273182128 -0.9993619512963916
16.95950573659325 -0.2466782761485105
6.6877333574638165 -0.10951665835180663
17.499207578399275 -0.13183127918777618
9.345762106410653 -0.5125868365145724
6.586338771888873 -0.9600876007776762
2.2661283909093375 -0.6887213504431031
17.126540484301337 -0.21514741078754038
1.657322419703073 -0.9416897980041316
3.572445565455912 0.37587785970501475
7.93507438505978 0.12175188696490843
4.131323716910835 0.5372368048531576
8.51308798026892 0.07720721527561111
2.483420831228257 0.16154097602199452
8.404613744170616 0.13579550088155293
2.4410151549931265 0.14680141489813964
7.680224492220911 0.03204902723509311
7.038400983266096 -0.754440408204617
9.229152566145462 -0.5217694762033876
4.962301433120263 0.7140479751034443
7.550684447819569 0.03289641663644725
2.604503173684049 0.1554626583973055
16.73687693887599 0.6299134540403871
8.520724029095403 -0.7604288698212618
2.815141574520225 -0.38615037175207173
14.286432235746162 1.8199216576117239
2.740624643747437 -0.7585149883445603
2.801761378523604 0.2540619506465642
2.249990324139778 -0.7080449321424465
5.71384347304728 1.0518459776834415
2.763583556371949 -0.4392640514206428
9.509712548200634 2.2579862964751807
2.0628648396415565 -0.7446555608506177
4.327281516303932 0.7962177662995532
17.015571519206137 0.22490421970539348
7.757503666954477 0.4535358667610327
13.515610271430411 -1.4786391826484855
7.816113288386339 0.4394271350853403
8.340966418005953 0.27145466187495504
8.19584878094706 0.5463839022255415
16.59625905404798 0.5399196101782615
16.61199124245267 -0.3188130627874179
19.282631312164668 1.6782281059677961
1.1216941639327944 0.11419541916454105
18.118910028084585 1.0693942230407034
6.821950195017704 -0.7544880000557544
16.355216321396735 0.4513651827254537
17.243073885723646 1.0402265474892067
0.634736665932151 1.7937262123018038
15.057782607995454 0.2100359826086217
2.4578865229342624 2.04501202988293
11.44362166723896 2.5743016744997638
10.90744903200148 2.8253999996243677
3.9497102324272677 0.43574524374611234
2.182136607734428 1.9939694342411092
16.38452570357416 0.8406223356816538
0.9335889794962533 1.8040376724772056
6.991811433779933 -0.8210489329742737
6.824559628026533 1.45062490440609
9.399476923865425 2.1739228324951174
17.998366513110938 1.0802740053565902
4.581216890089285 0.7244468611377437
15.506272797618632 0.059342279185976954
16.73581226426579 0.9411141847271043
14.898961475808193 0.6406800410294631
3.797743873106899 0.10429421464881572
5.265453525450772 -1.1298852303248927
7.0831625369856965 1.2458961530741068
11.302174624320129 -1.646658941449608
15.70840461833718 0.916674057903142
14.364934385951628 0.18344899132921882
9.785285098526419 -0.8053686331645309
5.861212362919533 1.1644210940484585
9.277112505770422 -0.6006492077297282
11.355846146018761 -1.6616041084697861
7.700095634729369 -0.8748777124020678
0.5250800041484159 0.39742503283308656
5.43229045917526 1.3772802279369702
4.321510028967129 0.9819772577972682
9.920699752516098 2.9171073124051192
3.1388604289962068 0.8253103297037185
17.14510628554167 0.14490608367936367
3.9327392695116368 0.9316241004638407
7.202840248610655 -0.8819026641648872
3.9813920622794083 0.9578303802118634
7.470770592998252 0.3318468710768377
11.745984899590368 -1.832739783423016
6.964450669741656 1.2349051681213534
3.5670600711410203 0.9077225077064451
11.824590273315973 -1.1724821254776359
9.904019905406376 -1.1202626937212434
15.5936819372034 1.5394713703325644
14.186707210195738 -1.3875773315839366
6.549529106716109 -0.772837468048717
10.11166068431575 -1.227474067578395
10.350835356781756 2.703157837715409
9.99422972309961 -1.1718301846385173
14.636922567783357 -0.04395039198201139
0.9921740094555808 0.44733120278506777
18.867769235071094 0.7019479997267433
15.339646076208572 -0.681100642428812
11.479829000791034 -1.518802080776176
16.881505786349944 0.006639657476065241
2.083668599738889 -0.30721637142963465
16.985486693435927 0.03921527294549365
1.4322273526758769 -0.508995800590879
1.5900149105812054 0.04442924573748099
13.592251369086362 -1.160416640488597
15.047026652500868 -1.0705552339868012
2.771275992444906 -0.15807328042406638
17.366941241550034 -0.07533199819294395
12.046822121730212 -1.91638608318315
16.725196288078852 -0.1567260506076744
10.680610319374049 -1.333251970892279
19.197221207449115 -0.05016422540704178
4.443911883630967 -1.333673905596473
1.1884627136435686 -0.36520701050975346
13.096113620763218 -1.7977951840371946
19.715832489801752 -0.13421532731242172
15.169301704465408 1.7878675253124825
0.11242160928300216 -0.09835176989020891
15.47810688809881 1.3897737985557266
1.8411165571198453 -0.31266245519572117
15.331511571041174 1.2999640908235983
2.9143284234074844 0.19089068052663105
19.522818752016736 -1.000549070486765
0.776404145128924 -0.28243297395791206
1.3572106272507172 -0.9076426284741674
1.135641041832277 -0.35771343627166197
10.464154252453492 -1.201188400281197
3.2146429107180463 0.03879732362625803
15.262413722108636 1.0347997467177834
2.500947459323124 -0.1705641423122996
12.862181223820553 -2.7046916384069237
3.5201784363189974 -0.17753843433230804
0.39027916606603585 -0.992146716715149
4.185188230047383 -0.22476285229898083
15.304211569229295 0.9635751321359672
5.170589783306675 -0.9286139227724826
18.946669854877445 -0.5457560297251546
3.894104748183836 -0.463638235448704
11.990940609667497 -2.9705306203144475
4.0928476239272635 -0.3638558751172807
2.548056085689692 -0.4139934208118131
4.080460848026057 -0.40085340633087363
11.857465560498095 -3.1329607932008634
7.1617658207937485 -0.38018558410073894
2.314004755763625 -0.5583956357957223
10.172052179704938 -0.6695055841874451
16.955715153218122 -0.5610149298500887
10.410000663378652 -1.0003120927879612
9.726735890174595 -0.6244795030538851
10.28480130206945 -0.9336498823606081
1.256951144247826 -0.6281887427107308
18.308431938255453 0.48744324768067826
17.107259918073673 -3.195840327769681
18.623422489142357 0.5090885617462759
0.9075892785749433 -0.9461182459439607
1.1763938903172955 0.6521999651489085
7.065473428511037 -1.915016525960137
3.256209729001755 -0.3364654021547968
16.106900757664462 -0.9738070891525853
4.214846154369006 -0.2604165015851255
17.88251671733937 -0.8002027033336202
3.2041083425778725 -0.2428652399043426
6.29471719433325 -1.376411204487039
3.001753086929449 0.08701840664907812
6.87053113368958 -1.9387264243521478
2.6799337765681415 -0.021419926765046775
6.93535655337779 -1.9017221111334652
0.21345133637393243 -0.3174140600292512
9.164554821192208 -1.2467624178916243
1.932315453053284 -0.17025985493092932
9.500582594876603 -1.3940316942705926
13.54638531982844 -1.6840239553347027
5.405302960802472 -2.8935467739682763
6.088053965381953 -1.2863125597683518
16.29572770077573 -0.5718494160989797
11.09387562893865 -1.6624624392352965
15.294274147674322 -1.1641655253126824
5.33060129130352 -1.3248940991539504
13.384809281853464 -2.4565768737294325
5.546116087777164 -1.2520271977418336
5.5414790961969 -2.936249724187759
9.74822886209995 -0.8723073264952941
18.264249286708978 -0.4368549145965723
5.25764390250119 -1.4986114080422535
1.230496605307587 -0.6227771386136338
9.457840189265934 -0.7144905825656136
14.483394314613253 -1.808317691710439
14.757787080837794 0.25075259242860526
18.158911046322075 -3.1970314866258205
12.81983542892738 2.3407688794005743
3.257296869220446 -2.4550531404585114
10.21821511584065 2.530855294693046
15.736686763511212 -0.9529455112951039
15.485409249238328 0.9631748182635518
13.86228144243608 -2.138579266149783
15.050478549559893 0.532382876864441
6.507025015312025 -1.8564659706797917
5.648637046088062 -1.1161844571211845
0.9356616573085816 -1.1891289680663428
15.89776555779464 0.8610471916461151
5.627152830597123 -1.1294947184419961
5.460779552368038 -1.142745085734352
13.554304070620285 -1.5576005710519878
4.454477949981808 -1.1530500120676457
3.0806349832735704 -0.36764675944791225
5.791930702210506 -1.2960988885704987
15.60197125830138 0.8516992264496248
5.874389210729366 -1.033837779279002
12.983327026123645 2.6763237502948782
5.602751820407215 -1.1162997050725656
13.10133920734804 -1.6218409591458338
13.847707065474685 -1.4405307222089112
12.186426944067602 2.853425332104651
10.863057763054595 -1.5256830491138087
18.539801745831305 -0.22935499487490735
4.759917667504169 -1.273276221056972
7.525612659190867 -1.0945191677736499
15.400627364012339 0.9891770793630813
5.566647618435383 -1.2896204560631586
13.943968879819362 -1.425564224977026
17.630439579324072 -0.5858141887411003
5.905687929076184 1.3636664734486221
10.214785848366288 -1.1338209596475701
5.159869215311897 -1.146832351143052
15.789631547438912 -1.0615749144892466
8.461769148323352 -0.8144876461230175
13.326499859418236 -1.6262290112185447
3.159946725339851 -0.8476683615794901
19.320454279102464 -0.17253485624137235
8.028497543895874 -1.0007951046820796
10.650923986024056 -1.3963645950876606
5.339111106636811 -1.3267872308000137
0.04902131677730903 -1.075978014205313
3.259498607709364 -0.8330629926091794
15.418276078267978 -1.1387007111711285
14.702655296457165 0.3783097289885788
10.84495650786657 -3.2657883656029822
14.657065564138584 1.9826543701612593
13.090217836093576 -3.6011089728973857
13.376024980828968 -1.587091159380783
9.371128049378264 -4.13863916257736
5.318340103453041 -1.2763010261669716
7.925266306494365 -4.15958423307563
17.420999053138882 -0.20505562019418058
3.574051326678544 -3.568941431165707
16.207109560716997 0.8950817535954728
5.382431445354706 -3.7971230609350224
15.398115021492503 0.5218176688662449
1.0326909665860682 -3.7945050969396843
5.409341387901436 -1.1062698275558107
12.15741493930905 -2.4774704605168267
4.635328537042438 -1.289664536061479
11.712209931773424 -2.9065040200570293
4.944377313304164 -1.177614184322244
14.426619115134823 -1.2286113445824076
12.295935344311518 -1.7947363061085875
17.963602304821045 -0.7364698774297491
5.72011728769343 -0.9871882199187372
0.6955551468322306 -0.1830465265034727
14.549371155066254 0.13506170545042237
18.728889627313094 -0.3039990579096228
7.117210542284281 -0.9092130934019589
11.800568063071033 -1.7818432890466176
15.001761325413447 1.732836666166038
9.718025693622783 -0.858696092218957
3.4742689537415585 -1.4489525786162838
10.503438466640851 -1.2296783130114068
15.259096241270019 0.4281053258066827
11.032451097233945 -1.7395223847782357
15.186784820337055 0.8241613924401275
14.246527331685254 -2.552342353794704
4.24501061449553 -1.0569609316095696
0.044366707292743834 -0.5946576876501337
17.022676110741017 0.9844539909424231
19.332236241585775 -0.7317401565387485
13.275397442622122 2.2329608116024655
12.13090311823642 -2.506385955580678
11.43539393371717 2.601658612025722
16.003238363911752 -3.231771992946591
17.42046256336599 1.151812289347324
17.515963226280387 -0.515605391091796
1.0565356753818405 0.2738597951363839
17.909055931662003 -0.516394575354006
11.682757992882038 2.5980927501224733
11.628707693398535 -3.5373412498831547
15.338772763744277 0.6544271410008096
11.890710531308255 -3.0088097547627157
1.9341377828190605 0.34220767732298935
11.411269680996543 -3.102451829652212
19.980312431925523 0.15393678288474316
10.26399437075547 -4.192145864216227
15.390619325427167 0.8829183734862636
19.078592284840173 -3.487729178505589
1.5199320345994116 0.12711467700249798
14.826435683595662 -3.201638299903647
15.254329120955157 0.47676468581281917
3.9530725815450625 -2.2602344696773993
15.508721962441157 1.1761469376971
11.791538493187167 -2.844735920995594
13.928678288331849 2.346281498438924
16.097287916962006 -3.2505952691748026
11.867887518616271 -1.7644913802093476
5.656030494374842 -1.374657845808693
8.470017354628807 -0.806364814281375
6.885227726991272 -0.9407002640204252
10.769155667697014 -1.370266897464908
11.511680640347807 -1.7298828703230016
1.511083153194568 0.1794916651538964
7.1795150272917505 -0.9780763392852435
17.047846528510277 0.9822280961674573
12.408950702639753 -1.767793184660871
14.883820752064599 -0.868071194360478
5.255210407618217 -1.5556552491633435
7.700047379980276 -0.9513595915594543
9.250687096413582 -0.7841509891674353
15.807764666582782 0.8420718960881398
18.22953989271117 -0.7144752777845599
16.806927987722382 0.022212534034579207
3.1665161422877133 -1.2700079470854166
6.3108364762673785 -1.1368136353412586
9.01504943015793 -0.6412121875277389
6.455360445963089 -1.0817464786697404
6.4616263908688705 -1.1166439399280195
8.259314983317754 -0.8977219335303451
3.795907125403001 -1.275138167783673
6.10384717054827 -0.9475447166321911
8.901606320122674 -0.6361799820598971
7.093132328363001 -0.4793210401038553
6.2309871419204015 -0.9284715332682506
5.264417749421265 -1.1697746745006845
14.214659109860229 -2.5947427348775287
4.643596445371151 -1.1391142453100278
6.233046602704586 -1.2029336894608558
3.5986072727892724 -1.0649806167250642
14.63366815413364 -1.8072435469216637
4.390329776191671 -0.9628662612047731
18.60441882184693 -0.7297305068938688
3.5965817974261145 -0.8758449316493787
8.872166264106918 -0.6468271559539872
2.7944735380305312 -0.7703778828654603
8.093526903858137 -0.9568549517227207
0.6228786862607085 -0.6874448243779693
3.1365441505064604 -0.9524161213459538
19.93917254021398 -0.9938381296638316
2.849139447274704 -0.9086177987880212
19.689732448232267 -0.6506150148496915
19.36666973081392 -0.9702319648011226
0.30635952217433793 -0.7679483572716522
2.9936871348383685 -1.3838421306039024
7.583237792181823 -0.31956788928267726
3.0037710031061993 -0.980999736760013
2.7692221186559536 -0.6003614781255032
5.01489164354554 -1.5493891609747932
4.2676440139141185 -0.9197683883204593
2.978575889158897 -1.0145071027371146
15.274726375602988 1.8159059544080276
11.514493500148117 -1.926738221409348
0.7971405706781612 -1.0083107565445992
15.182631037176387 -0.9247473613000317
18.300557005830584 -0.5439848637008632
14.57910786847912 -1.3022651944752732
0.42477820108662484 -1.0592209673703554
14.60965611205169 -1.257520401562186
18.26930521064277 -0.4643129074819028
9.60243699057774 -0.9596505355194213
0.469673258812857 -0.9957108581055982
15.093836415110614 -0.9974410704272109
19.2774661538678 -0.716913494502111
1.8519261361574109 -1.243818626095067
9.179630200078517 -0.5360451161254981
8.656029920884038 -0.7510904362917613
3.74537710688802 -0.9079509007859735
1.5296085856202157 -1.06548943076883
0.40124723043469634 -1.034048256372501
2.9123549512072255 -0.9970290165634842
17.719670009607913 0.30241775746120453
7.005049456799405 -3.121414222221469
4.314921276331083 -0.9360125826327484
7.825038822365599 -3.4178808159601584
1.3996408072074806 -0.8988420739326728
7.896396801860243 -3.4202549866322953
8.101371710914922 -0.5227271286309015
7.367009921778266 -3.212003747796161
18.36707151221588 -0.4536220566222831
6.813050176628006 -3.1133544747776027
2.4501756039596416 -0.8374035018366924
5.000443143986852 -1.392768545106968
7.876562821717748 -0.5734547201342982
5.638879396541009 -1.3936772886749995
0.6191634190358789 -1.17402317348611
6.595293151536421 -2.8469881798932577
2.3945666060780164 -0.8230717883528996
4.61726479018483 -1.3625670993479764
3.3500130356511164 -0.7020076559177804
11.25426602039179 -1.7536604181887085
7.774631157738993 -0.6184172182666936
6.453915853268907 -1.176202103473389
0.6226385505948462 -1.2025814300052726
3.9957349425654947 -1.3913891898052497
19.211867116201855 -0.7837950847850611
12.308979123495858 -1.853334986846648
13.76931759421093 -1.3852393121845694
9.838471388571307 -1.043606525516084
8.339820876075754 -0.7527805749767738
7.166517749968934 -1.191548460380487
17.923036144892947 -0.5908359463037752
8.868200084445617 -0.7139247711545601
1.006898572799702 -1.173923843738377
6.648046141699614 -1.247252172788815
0.22809751322972516 -0.6242586636096307
6.491755273089677 -1.2734063072384145
7.569664370205473 -0.3264058227107724
19.932325256027866 -1.3595681147152867
5.229955662857078 -1.112699038744117
7.1246946396819775 -1.1506020082208186
16.784318605617145 -0.6110166192391419
7.5725829394326025 -3.747625405760285
3.578168965348892 -1.0698851456696818
7.363148353419687 -1.0590863432611466
4.034642603805179 -0.9076892766518463
1.9183869693178803 -1.2022104043128619
19.964366155305484 -1.0669490874390462
1.969271953506186 -1.1785788242132944
4.314013567070138 -1.0357940376147978
9.32885590585436 -0.8528284586168942
4.374959677777791 -1.1062759599129628
10.960179224113947 -1.6964073533788113
3.80914919500466 -0.9881206802816006
8.556201823217108 -0.8542524981591573
3.548880081048977 -1.0428452960166061
9.59670996569811 -0.9613943161018549
6.499450151077754 -1.061056743400808
11.968037671587032 -2.021296479007673
10.902529256383222 -1.547607810376296
8.368940108030227 -0.98579489636143
4.5001089207077225 -1.103532972257732
12.563054168130426 -1.9423578895434497
4.352816847502689 -1.095472705495254
10.75907731064977 -1.6440697692846806
16.147181380807577 0.7491405778773452
10.254753811108706 -1.2789048116828086
3.46609831273545 -1.0962370749501382
9.973383623697591 -1.2169782250334924
12.138910144802328 -1.7834815591823123
8.337704122741611 -0.9848583896055341
4.690964921229804 -1.2642269331793514
4.198038276380975 -1.8038995984659385
15.088248293317092 0.32598943958166443
4.599431271912229 -1.7752989484574702
3.9884684168736615 0.6315902769370508
6.592775833518287 -1.2598666940262244
16.61427271497166 -0.3622884350989804
5.306901695682183 -1.6266203784475057
4.262562576684903 -1.0528437313088546
7.465377435272735 -1.1831960163860902
17.777054021864323 -0.1488612561160367
9.071845466796143 -0.794171402176447
2.829837397787216 0.14947460311908145
8.242039109553557 -1.042599301406138
0.6571453897627184 -0.10987161684665984
8.535132144648522 -0.8874074971256003
14.78903051332002 1.8154457391026306
9.363985827941754 -0.8884885478302393
17.023171354013613 -0.26462094397321284
10.434158477122727 -1.3238029970036955
19.550569930655076 0.04799647871841832
12.326385964731998 -2.024741822492134
18.713613290072264 -0.10392821497919148
12.208212609678517 -2.029122225285337
17.157341748321123 -0.27756373689520464
13.043183117135577 -1.8739061076708838
1.2256098908703315 -0.24075428301838703
12.505555107724561 -1.9731307627103336
0.1276766151012011 -0.3368766143629365
12.45826833226675 -1.980714095266974
0.06180440790280902 -0.004316681129510879
11.770684878259836 -2.0091035234417465
0.5011408876473945 -0.31535398776878754
12.692899374419786 -1.9420655026515086
0.08401340396617973 0.03645798907952067
14.120895983646603 -1.550009409231406
16.582568672118384 -0.3764691973763743
15.33694903766818 -0.8902640450239652
18.536744228499924 0.005345703926849965
15.482885831208305 -0.8135054443582314
18.95396260597849 0.03787653946243511
15.925446784180307 -0.5809437152495125
18.062093095959643 -0.13275159817226068
11.23327371868698 -2.1035728483340765
18.625978415465084 -0.002174928511424779
11.18918965207465 -2.0639408534035453
15.433114657451904 -0.8395110060253949
15.413653549507755 -0.8767751497768974
0.10375435319265565 0.17650955803347812
15.585967429441807 -0.7620492848338669
0.5315382325229496 0.0544156592226187
9.570794221275847 -0.9749465584783695
19.378982071256793 -0.06593218165852752
9.780941639258836 -1.1383309387988523
18.78660590573239 -0.11038831010420928
11.941668927964676 -2.074676447235623
19.205473186837416 0.08196418532391442
9.392634622927048 -0.9040483454444337
13.554781838078261 -1.8475992870634779
19.046403997383248 0.06448598154553484
13.771243822874707 -1.7370230250081877
10.370356185140468 -1.3041452798807869
13.2524381117873 -1.9280251245650628
14.730661685477546 -1.2690769863613998
19.246321557525476 -0.4488319592203791
15.86121187884992 -0.6523056828952936
13.978797157850108 -1.6156924814668774
16.267421370222902 -0.4966950074702767
19.511792388351008 0.06799332273933732
13.254964449474326 -1.942573225389321
19.467311826959147 -0.45337821125919336
16.15720829978172 -0.5540770047158932
18.13815552925492 -0.12192190287234798
14.963286687412417 -1.19518722410431
14.994919352571118 -1.1047048930259318
16.21743619476598 -0.5175150414934974
16.24272052937863 -0.4633461259278826
16.204805424096353 -0.5339862420762508
1.1131927565214332 -0.3884616201320076
15.357684524610912 -0.9092042046799835
1.6725003841009562 -0.37694629722406164
16.47594387228422 -0.41417072540255206
19.083173454203667 -0.3768873722699964
17.426991066708947 -0.1671866640304339
19.25727178266722 -0.38822410361822113
18.76837279475737 0.01800013766346501
2.046358511407453 -0.47397876066553296
17.664942197415513 -0.12505758544822995
2.1320752331559194 -0.46811554586657095
13.373188074259758 -1.911996287500438
2.1090177013426477 -0.462064986889005
18.458450332281338 -0.024339560829316095
2.8788339773311775 -0.19410690951515353
15.714263535696645 -0.7220316613441545
2.5824223217174564 -0.21233474088804885
17.353256829492505 -0.18515745138787598
2.4029626620197555 -0.25148172259063106
17.82220468016926 -0.12553497388912177
2.1706080957517506 -0.36392221471813946
14.466697117861003 -1.453569968500822
2.7673465007980345 -0.34293376378529933
13.687266192104898 -1.8932554635429346
2.9407679737681436 -0.3287669847145727
13.96918556864941 -1.7160497465998816
2.238140102116961 -0.4378385189248915
15.87503860186996 -0.6255906802728612
2.257336129994948 -0.4465695628574386
14.0021307587772 -1.6723631798676446
2.158982047596489 -0.5299195267655153
10.666105067712088 -1.7052547578106403
1.9885785849207782 -0.5376369189805705
11.153660912234313 -2.1287466554853474
1.1949271971040047 -0.5878749903352944
10.846938456327775 -1.9864045563857209
1.2240488914474057 -0.5878592416172033
10.065158760206373 -1.3156926131460478
1.1987264167994511 -0.5909842423333826
10.441254792570515 -1.364152893945607
19.780306580584238 -0.546516235082563
12.976719507121956 -2.1611283699647066
19.855742808552957 -0.5421223304784875
17.095212333596297 -0.37451338368290304
15.55113647465469 -0.34612027116815824
12.301226559557044 -2.1051790922710416
11.25674354674885 -1.5352664027997505
15.460493435447558 -0.9251683357530793
11.311365992337395 -1.5370981795054126
18.91385409182625 -0.09787026272426663
7.294339201558094 -0.12175599997786819
16.16519575693021 -0.6308140794776284
3.0678967612506076 1.1013052927210933
14.05617084090799 -1.6846175245263766
6.7337728306107545 0.985169108783594
19.236912845243367 -0.4850311043494838
11.785760343336989 2.5122502911292326
13.224285979276894 -2.069061826277668
12.197787803391593 2.8610449745317643
18.333540571607656 -0.3929114611024975
15.662655158682808 1.3331659288814863
10.066632301127436 -1.374090786713895
15.089131148692884 1.1855440612280084
13.518664098052227 -1.9682322960561218
15.069467122159697 0.9453561141020529
14.487841346491921 -1.6055808103067457
15.122115802401519 1.179860878493284
14.753689619144149 -1.3454308348196389
8.415796688732708 2.1293860064937404
13.405414400312297 -2.127558715959532
18.549147213454113 0.5724173445278036
13.058048706427904 -2.2411194055856347
11.516572959748771 -1.3295321687576553
15.182657290793182 -1.1117072195274047
0.917249836935199 0.8012492821064389
15.87256753692549 -0.6912345854500364
5.542169705478895 1.7008507915555322
11.041755256442059 -2.173948809253109
6.2392650412206905 -0.6621852276469655
13.530306134721979 -1.960021465505942
4.160954615451909 -0.10723596437503166
6.632627735688159 -1.4345043648705302
3.5075777646267574 -0.006581673785576593
17.37757176794224 -0.2757218316460142
4.853633224561225 0.6861053582907694
18.460749624980608 -0.22798557885262405
14.255217445085323 -1.020160913579754
16.956320470858557 -0.548153239801218
19.29594537108012 0.6924362356737577
19.387819033911907 -0.5524106491125226
16.192300752898795 0.07986387780427083
1.769654879611113 -0.7245507840853008
3.3279234110851017 0.20175742159030136
19.398125595290537 -0.6538919259275426
0.9317948597728326 -0.2596579381778171
0.4964914146939352 -0.4226902772323784
1.7164884514352559 -0.10769698573037706
17.553573648899086 -0.43879490168250007
1.5160477374145072 -0.08138357268173413
1.993667958957415 -0.5789482543326882
17.306709593947772 -0.18489718363439922
15.297982837624463 -1.2049159291349552
3.839403488832479 0.5557533475961101
15.742520962225884 -0.9355581246556008
17.055061376135665 -0.15018807138324333
2.0628376855684465 -0.5500106024666904
4.9677342117509475 0.9893520655535526
4.0082397966407495 -0.6321413524999769
17.52471041355377 -0.0018522035515500333
4.021095566642618 -0.6558578570175723
1.026123807232268 -0.2905888175977558
3.453929075651757 -0.4297870788813293
3.3353231769834646 -0.18773033404673167
2.8361675161364546 -0.37443980891005674
1.2937607855197817 0.7175787587327459
8.708637789874395 -0.3814643142300701
4.355258561272781 -0.5461052238112842
18.989977793161366 -0.6633888490954353
12.347046589945322 -1.5859708091659839
5.7930373291081665 -0.884889285250026
17.966210837484294 0.5196708582531631
1.3891854709171485 -0.5735630212547401
0.9371437660778977 -0.07206105003471491
8.314256449581121 -0.40125625382041863
11.227100026918173 -1.3785870743747581
6.586810447306889 -0.6251904807973843
19.486007172642832 0.14567290976681666
18.014620731490936 -0.3536725521681511
6.777863910164478 1.1956670965705194
19.776177197095436 -0.4867000037928287
17.17505247774163 -0.21103761563366194
19.052051160106597 -0.4506835005608655
19.239123437240124 0.16412156231580835
18.313926303769424 -0.4251850605778419
0.4042021111772325 0.3420716290028565
18.44191682292692 -0.38726622484741163
2.5497592641794617 0.14378087424579933
6.939867687542755 -0.4963406886630745
18.000397384856413 0.04255769973329437
1.5858295365692392 -0.5744192188854327
18.12004590941637 -0.0033062437877085637
17.84294514061305 -0.3675457457417262
6.960567458360032 1.5569697479776328
19.432916752158004 -0.6537626222088262
4.133755075371558 -0.2158626126626686
7.0203295043159235 -0.4616685115206444
6.869805192193006 1.2248832865450017
6.504179010385441 -0.655580860609158
9.128919418691957 1.4745964396807558
4.023896158086672 -0.5698020881373739
11.778425951331666 -1.0057969587177098
2.9808059776424405 -0.4388353177134988
8.648469167924938 1.383285545090285
15.720493838969412 -0.9515077322522413
7.614268840937049 1.0352745936369052
11.13262737436977 -1.504390197088352
7.330804149115608 0.8868925126927965
16.298574267330125 -0.632540368354111
9.23869194890725 1.6643711045288803
10.319765002267026 -1.0459763025569606
8.53380159625616 1.2972316288603496
17.08422640412676 -0.41061762553688513
7.594758885110403 0.8625522052615853
2.3403834291844605 -0.4716942121298038
7.5851112829681675 0.8537164142568581
18.259180040812137 -0.2759651094996876
8.322548439225736 1.2010321512596092
1.9761276487527966 -0.5858145847468997
5.720660880241827 -0.3176897767644569
5.7719242022143735 -0.9106634611784673
7.278259764668071 0.8962395723300809
10.331079427849792 -1.0240984595189249
7.252031965989484 0.8724896849179886
17.323097176074803 -0.40816073445240153
7.818160490548764 -0.05829683341553712
7.159287636115571 -0.40822815475458424
9.592243557613891 -0.07469283611716486
17.837980234762785 -0.30509250736466237
5.490174349885673 -0.41911679788448053
17.144339255156677 -0.3592734334820793
10.560778196331196 -0.6198734324980026
17.409180596542082 -0.3664332258216029
5.869203644014932 -0.3955146758717869
16.980979634614727 -0.4903873022428909
6.235827172730095 -0.3868447874004525
10.317684827508238 -1.055879492493503
6.597042868171096 -0.49319119518389376
0.33814996401813935 -0.6027565349882945
5.1044902208103915 -0.7586487637301287
1.3469606855147929 -0.5906853830728586
5.612400561708424 -0.5163406111457434
9.320030194845854 -1.0436592697959999
5.915174615990148 -0.5676692146512484
5.014140139467742 -1.0512540334646456
8.059071429143069 -0.16427325361505754
4.865514458692602 -0.9899204717986982
4.339820876085938 0.044605367896609335
2.192482463650647 -0.5406157971148445
17.01196037806305 0.5151989621016089
3.6952031109940275 -0.4501067122329579
16.862526517622896 0.4385763612792711
4.857829541274536 -1.0113315300354593
16.987051477702416 0.49770500677018076
9.901441111950524 0.043406755328731894
13.861402632587888 -1.0995747757093082
4.850740987969468 -1.035060859384982
18.961151103410323 0.754698841922986
16.34710785843424 -0.5451226854193606
12.518880692473623 -1.4212425170717067
17.29395082047085 -0.332819430822772
15.635359716018993 -0.037408423004190415
19.147720292433302 -0.7288838262352386
12.158804141748565 -1.364950686201045
12.907591415221422 -2.3114787422388074
16.835536505487607 0.4954652397751281
4.925865055398211 -0.8987629891917189
11.595637831044716 -1.1918271752849467
9.075223936729767 0.05810127027721057
11.849496168726402 -1.1716681022852902
18.10986006347872 1.0314071541552223
6.343288934424049 -0.5285037402695884
14.807271671140382 -0.8649415276520921
5.912300939488926 -0.3749069650168685
10.489201838414424 -0.21724424743507886
11.212690838738917 -1.0159417113489446
5.139342736296903 -1.0285790840048028
13.787072251969835 -1.0719504787050451
4.354268114872924 -0.8888576926974688
8.780628348678519 -0.10693912697288376
9.493779510078598 0.028790862046908214
12.402513686596054 -1.4032437180249986
4.311722391440039 -0.8260174606553798
1.44326414606633 0.5932081733681156
8.248694388572014 -0.602628047126666
9.046076011339304 -0.310537579552998
1.7392574870208346 -0.7233118772746346
9.13411721328845 -0.42403015531163024
1.7056731607031033 -0.6125749092574376
12.199703771812677 -1.659950309187369
16.414699541836217 -0.6136490340060303
6.940472342819107 -0.28084088424146403
4.066432265974907 -0.7195618198857219
16.452777465374812 -0.45298655254309717
16.972810633253488 -0.4745737803152437
6.8478243842456195 -0.5131961313194052
17.272585637386715 -0.3927246147142106
15.725797143143982 -0.8072206682788591
14.283414188805583 -1.8794519714772135
9.31812444586638 -0.434163410291194
16.279053920012093 -0.6435258923425146
11.941785205525562 -1.0302978366833158
13.298628173785042 -2.4486604046255644
4.402222419586765 1.1752879432769934
14.620164556526007 -1.642555452854745
8.9317964492004 0.06791172857560832
19.0351788702679 -0.6624170371286896
7.350437822649221 -0.11296412638734883
14.797011263449846 -1.5061403781706026
18.401118025811833 0.973803309759216
1.843640455469187 -0.6693799312222197
9.45127539100086 -0.4404622221660802
3.813474341875172 -0.6372029767828974
18.181861101815592 -0.4163961027317907
2.8549849799614195 -0.4930769088417272
19.11870123364126 -0.4452122104488273
3.2613013101772697 -0.4352323511721671
19.61654426100937 -0.5075871311248967
2.9092960425111793 -0.438051367735473
18.210269596255586 -0.3321649694356921
16.06599163104434 -0.7846296689010079
17.43017042863989 -0.2987845458540746
3.901023258914948 -0.7434620702957216
19.27991344953737 -0.6714569753090027
3.8608465043409157 -0.7147460066482264
18.266290347318744 -0.32785832045053176
3.864485773131008 -0.7960979340702449
8.500341001399516 -0.6284124166911821
4.267571200237919 -0.7016222097884809
16.306976265032016 -0.5496309370286291
3.823582366594244 -0.5587373409633162
16.8133280609296 -0.3656350746128028
4.225910534866925 -0.8806006643012818
8.331798389656203 -0.6108142265362119
3.8185762162204195 -0.7101568538414816
15.628804587969276 -0.845187593481095
3.270739926962059 -0.6884844830007887
18.689365578569266 -0.15592895981224167
3.0563653005837583 -0.7334700498405964
8.218447238869183 -0.3769280936745629
3.159140936315804 -0.7175473558307118
0.44150188196601103 -0.6048679277640846
4.030386755498228 -0.7796028835311307
3.466138842010905 -0.42513507205896306
2.9751041277013877 -0.7327433813994397
8.349558557198298 -0.6224505424655684
3.2096011031129663 -0.7118231298005185
14.414381144973214 -1.64622717814293
17.568610926547777 0.979065349816413
9.749125349104288 -0.5860290164006128
3.7793951761009246 -0.8373243463799706
11.082136431932232 -0.9104561840530268
4.027421356726367 -0.8272015233023285
8.41944176668618 -0.058572816473542316
8.461922638492146 -0.4719771489343636
10.805478866200424 -0.6928702861144092
11.935707960065695 -1.667228108595338
6.479072400654922 -0.4531756591903945
10.985053362276727 -1.4639743681311455
7.795606294679347 1.0521275342019814
11.76860621207968 -1.6417296024993742
8.315456862783906 1.1694251674178795
9.681838818095764 -0.5668580439901741
7.429293000841753 0.13046916687454546
12.18948691382958 -1.6815026384264715
14.524899471428203 -1.0290698608199207
6.117804339075688 -0.8042578430143533
7.065001845529809 -0.10977418685360964
9.11406349372263 -0.5166892393297361
7.587008095435399 0.7013400422743924
0.6069284338600232 0.536398451343777
16.97008245766511 0.21573285655053764
8.870465178115026 -0.5235957488413878
14.00514492394631 -0.9471084608526165
16.57868814788277 1.3277801334344377
8.484749595285853 0.045706596942619124
8.502141853707311 -0.6528611406058636
8.932095840575446 -0.13464520589337692
1.1309790753852802 -0.8665993715667344
9.593090424264846 -0.27984868064324325
8.110579010315183 -0.6654566539449488
11.458662524491896 -1.0872734462431373
19.6940756462555 -0.5315349284593827
6.278871847903327 -0.2645630077791985
9.104067967404974 -0.5087233862757901
6.302410133102519 -0.3950586058725919
3.1458979472129482 -0.5634627619861251
7.669289554561629 0.747088989780008
12.450577314715698 -1.6505981844449793
8.497051378175112 1.2319456850306199
5.077409715678035 -1.0777569092745931
15.698555712166222 0.08198488586580051
7.470599788893686 -0.32923806981898485
0.3869813846916693 0.6311567855234221
9.866583407992243 -0.7295775057916298
11.714789385225993 -1.0024904245757857
17.036335050820462 1.172030617622576
0.2801098191806363 0.4459311744494837
10.5643329891486 -1.1212328744163558
4.594237047169097 -0.20474788744708838
11.135056251816025 -1.5600111695076369
2.303592538851848 0.6113065095248492
1.8488362466586108 0.5884597941439763
7.1989594945872915 -0.06836262818564456
10.271961398955158 -1.081318449549159
13.627942643798301 -1.0291442581650385
11.597202666658413 -1.6288882201738224
5.573908269613944 -0.5338284173520618
10.042590133018551 -0.9122855669915699
8.978117080985859 -0.12670193996440982
1.0135223221892018 0.4253674714946953
15.13655020113206 1.830775687964926
1.4647843926921487 0.4459128816305859
4.38347625386132 -0.6793200477359647
10.59913366546253 -1.1281404417757004
12.192100249222106 -2.1330293427101257
14.589536546031798 -1.140581210596283
17.190035678519326 0.7434465143274113
16.98249241089909 0.012869670495002419
19.91042271699021 -0.5564891234462612
14.023780980871013 -1.4482148742540553
6.432619953098663 -0.2551155063674895
9.646208739014428 -0.914458187037592
15.731966932447733 0.08885016979280021
15.070928470308088 0.3383428151758049
7.157548735819368 -0.053438736045631194
3.1107406467027467 0.8357662828957889
8.972680555618807 -0.12499801770820797
0.22924731142695456 -0.40377259147641587
1.7319404897686528 -0.5406913382542752
15.982504250579371 -0.49687005511431376
9.459850959539487 0.09045347028293438
18.09554574840701 0.0877323356387417
7.714560742356833 0.7974876096933501
4.839401917191773 -0.7653417773432398
9.442395571236709 -0.004403653629463426
10.159551806031809 -3.5285188674190455
11.624497448119369 -1.6281312778388084
16.528274580307183 -0.17732620870174212
4.67237921486364 -1.134015046043336
12.412997680339716 -1.7940183868396586
19.796596921398596 0.2866156233112654
15.557446519465643 -0.7139871001921697
19.153760716891394 0.17728106322052609
19.62699554665334 0.009302286495092741
7.319608859586786 -0.2915590073320919
13.606084786137204 -1.5924200442276757
8.218063537476274 -0.27640762906952493
18.651438199066064 0.16977058742382875
13.186272887118138 3.05634074121731
7.6429606353346005 1.7344876283756392
16.74747989823377 0.4192480574124971
15.16163852470255 -0.8373697838535596
0.7426234240746423 0.7929090392841401
3.0925173905424668 0.3577404117328923
12.164403572240925 3.1471882073193074
2.3644643711915045 0.6012983956903958
0.6529637539925021 0.8620953995605714
6.27901383353337 1.3507221276956916
15.994571197458395 1.7640457453155167
19.400384243221573 0.25554574975374433
0.9999660297228391 0.6337045855599802
12.453409393904803 -1.4941974438863892
1.1013956791620347 0.6111176224282567
7.490064431054852 -0.3523217874251751
16.874535501936794 -0.106833244542892
8.185391062738562 0.28715046237005226
19.997182166362663 1.45884614457344
8.10288752154224 0.29898906044175516
17.04542592849728 -0.23316574133710685
13.832608604992945 -1.6384513568948145
14.290925954510426 -1.031226698467314
5.055536608737886 0.008290434291024829
1.790435476765392 1.9480685724325504
15.518484921931568 -0.10015503733190939
8.481145541273277 0.25973817823209744
12.507153424977515 2.338422341076647
4.502778594634678 -1.0644103306365034
7.68919594249811 -0.179157051507967
13.650436302823987 -1.9952010932852748
8.617556257365985 -0.6120639150328648
8.649906602159597 -0.6081698102807779
6.5326258468182195 0.05998688882219734
14.354719970709628 -1.0533821063549444
9.290099477371385 -0.32321313638342686
1.1588867451316747 -0.18811696845739323
8.653470213585868 -0.6051220425113494
19.496475363463684 -0.10251161520693933
8.443893424247953 -0.051184941870623196
13.596582030393366 -0.999966279140631
14.915461375697701 1.461490965714513
14.667553147218637 -1.4139323227972382
11.464648680267214 -1.2310441929337212
16.495974767902258 -0.032725594022678786
9.320489113221056 -0.32361659020617395
4.490863486573862 1.193200039712899
19.60413057869518 -0.5032468804436749
13.885908766262798 1.8852493267536072
17.418317914077363 -0.29029441364463826
18.36748253684217 0.2642793718959488
14.858616486008623 1.5946609023278893
18.824263282643784 0.2771883928416399
13.088714419918427 -1.2271272859727371
0.015350544793585663 -0.4403079970013822
16.196534961505805 -0.0925776033309275
17.062096115336228 0.08181805836430625
8.425688919370206 -0.6317934124534484
17.963415912241253 1.4474766229613263
17.026685651624835 -0.30528148359059964
2.0133317434036835 -0.31295049964740557
14.927025201316916 1.4439596378084423
12.643028593407273 -1.6360973670768517
13.688755990744525 2.1214212872156843
13.442570906643832 2.521707022071165
16.2539747889829 -0.05652387617752146
15.690605193408858 0.6474049224529996
13.752467499649175 1.8861976977367938
1.7597089606461735 -0.45564301962619563
14.74118948790936 1.6037252089676146
1.7549823340881088 -0.37585838196880583
19.45387826867878 -0.1292662305453471
19.6591158795626 -1.127910110638798
15.617737721540852 -0.8733674291552711
16.110809828556853 -0.9241724589419229
12.594900723759794 2.188579503668492
6.487790499977461 -0.7134833235255642
18.357721795014882 -0.2597613586033465
2.529416205449671 -1.4610420616328588
6.717773433656894 0.9627344585467875
14.423549564351456 0.21704395018461423
14.149381857523753 -1.458895762599716
1.5185732185082008 -2.405472529765203
12.20812690283135 -2.074540865359544
16.046660692966537 -0.8251464742434711
0.7888900933743173 -0.4243224077448737
3.3651403525690013 -0.7719999061009868
19.659043947511798 -0.49353477775559973
0.09557776231407025 -0.43892852719617537
17.5196354598256 -0.20501225784184038
3.032262851086259 -0.7685006746120929
7.254001054809692 1.2853811742489016
3.8654513647260615 -1.4021296941979167
7.068916951341888 -0.4309548211020065
4.172176976050402 -1.4673341913952433
16.303283757826012 0.41449231111877405
4.750635404334026 -1.1461112699562106
13.083030117774195 -1.5111632387337073
19.958466232325723 -1.256993666665248
8.54131414169035 -0.3867193776755684
14.39109654719146 -2.6597701556982924
12.839823515018242 -2.073167155944103
9.0572467360574 -0.6510545211391993
7.885173655042834 -0.5491772315871978
5.416981362663066 -1.5414804624467133
11.774439579740406 -2.131868218276046
15.365582580092163 1.791627766547213
7.693081733408075 -0.8002867424189722
3.6252137797306085 -1.229747809756768
10.308439701627925 -1.2889006187939602
3.7821231871728194 -1.1821351547894448
10.177152949893072 -1.0182427255053994
2.2889771132378227 -0.9369518969846642
14.03609595385094 -1.7984361976546952
14.105128575104995 -2.0581043256397407
16.22189896261207 1.681786760435871
16.025801043448503 -0.9616143248468395
15.39553041457089 -0.06966871461170512
6.624994220736132 -0.7509266461883032
9.102783539377134 1.5782165080232204
1.394159778606434 -0.3722131927314706
13.59806705879554 -1.8130696343524535
10.654003412343556 -1.4234597242553848
9.44354623903524 -0.9160378237385831
12.398403836671491 -2.1965419156027233
19.376242486397786 -0.6428795710316971
6.741819538149769 -1.1622189872617965
7.741090279927917 -0.2844024712106576
13.734536006049485 -1.4710568920667446
5.637368914821242 -0.45864860331536067
4.268648489685631 -1.436487831737575
10.602106844033447 -1.410086171717169
16.022484254348676 -3.3767220958728887
7.080300549009603 -0.21318366432379998
6.857360723419161 -0.8765795123349561
10.377987480869903 -1.3102489187259916
5.32435738274706 -1.485188938217611
17.795667323417337 -0.20767973213203386
18.31744269118523 0.3512814335937092
15.22803477161853 -1.0610731298109233
8.983080352532992 0.06439947043355662
12.229685748016179 -2.11442339545838
11.240817994713971 -0.6237632845466352
17.852735800943282 -0.2570452314993074
18.964629960355726 -0.2635420171828291
12.352210293421047 -2.018563286322259
1.8921592780331116 0.1205474834053561
18.578671590008437 -0.24848612975329679
6.2245961784793 -1.1146004334882422
19.164278187523824 -0.4489696631620659
7.130632102672655 -0.8794970813867166
0.46826049190178576 -0.14786379290740623
9.483573239244947 1.3160274658002262
13.244387827998032 -1.8754126939292095
11.176943900098275 2.1813320377334304
18.521017808963737 -0.09969488161251006
10.542797737927483 2.155244477651492
11.336612249588066 -2.0120288030625155
11.755828235239655 0.8153329103201536
14.133448949321455 -1.5289600242079835
5.498442263222818 -0.6144410859490413
14.87656746186839 -0.35555466478916686
6.494023126019552 0.36511509101859807
7.136492438134608 1.1963523740487296
6.176649952967403 0.3052773398387351
8.107550204178207 -0.06897309275366999
10.40939807022459 2.0843480603068048
12.384509269864319 2.4269184209071955
12.816774724129438 1.8499130017103684
1.870156225858227 -0.15397138089346613
6.232208821285382 0.3609433945384403
11.794907459860159 -1.9363416032028402
18.219330268010147 1.4283554268987377
16.092660151371934 -0.544750446357757
0.20184962258281847 -0.7776613527448498
13.01188806871854 -1.751037696627555
7.997931890464584 1.2431450818061058
0.49902048670350824 -0.4157213861303599
10.188484330637872 2.0846963588625584
11.040483195891516 -1.7948938951790294
5.1004672435798515 -0.43615491457327843
15.15382429177972 -1.0358272160198077
5.7205142316643265 0.3456098844390086
0.27463275797404185 0.07151052865316554
7.075444273545849 0.8700884089460904
1.8892400870261756 -0.8898106801532469
13.586559077019112 1.4230093958309387
10.650346487541636 -0.4106721321066995
6.19185345034131 0.35751590291149443
2.26208702997561 -0.44698768193790867
6.168651751072305 0.41048684581998235
0.9522627297583508 1.8047824575432294
12.615847828375001 1.7626400862272031
14.634625187670213 -0.7062426645033092
10.753956293655943 2.1955493639320216
2.484578010837687 2.056888949613357
14.537760304553426 -1.1166963766795106
17.905781083857043 -0.24120351310541113
5.7514823012858844 0.32534988877997645
2.1739947414923417 0.9241366480031455
9.343740487411585 -0.10654557463912441
13.414810973729924 -2.100935903440237
11.965113413051817 1.6526297776603474
15.411909529552727 -0.435154823992396
12.699253460793877 1.5393211842239944
11.753657928220797 -2.0045991271489134
11.810433802380691 0.7937241316237477
0.5601935758576871 -0.0595500795990709
17.354814741318073 -0.514503963704228
11.58568833180417 -1.001411426088318
10.513691698182663 2.1047996490559635
18.761951269828266 -0.12915269508094268
6.163590267658793 0.35862235893027344
9.162438267971819 -0.7383426261162273
6.003228258301935 0.3765637703858708
0.6237258300477193 -0.043842875842942546
11.658855246879725 2.162978475877295
13.422270044763138 -1.827120278142134
12.968983412232626 1.5297586461198345
14.435583586929278 -1.290277195638406
7.599680036072657 -0.6872423716819908
8.54075735323011 -0.28948735229990463
6.33397917692949 0.31957742903706754
9.30088218508574 -0.2774637976412293
12.623824289543599 1.7748985621740536
4.96484846092441 -0.827221511735286
9.02972407917197 0.3171243498985192
8.733119934483087 -0.3690896106800221
16.665446809898626 0.9802674792354236
3.1145284114629046 0.3269409347130511
5.231907930629891 -0.9640342430487208
11.697363416537401 -1.9905693191975975
14.733003980103666 0.2227996149864698
0.09440933105596028 -0.10028861808953674
12.977261925833082 1.523386892986658
17.850447582365906 0.021493601309002987
11.60160475388099 -1.7077157384390809
15.200615625134306 -0.11997330954438651
10.227549431978552 2.505244470886242
3.412759752657698 0.3492146902862501
3.391718007703043 -0.11561931636516816
5.048177272151562 0.9793832335457879
17.43314004354972 -0.5146728139796296
18.856421859886257 0.12975456663682017
7.517071785574509 -0.6817881108463519
1.9053207756796795 0.11645929686270513
5.2695794618605545 -1.1057438757200018
2.303418513532367 0.608084337033168
7.49659863257377 -0.6090163580079584
17.112776742537662 -0.02193332510571034
2.458873858208124 -0.04976589663659573
8.377769381487692 0.29202544544036846
15.02430095125138 0.2970795163920923
12.529163532280995 -1.6075011724897001
10.4357724244733 -1.1281976445857225
18.984794184987226 0.1346456813622131
14.679684828499406 0.13153675646072802
8.687603151267757 1.3163923833827196
7.506739180541529 -0.8050136033292803
15.922836480255064 -0.6689966001651928
6.191304269720055 1.0815574336316636
2.0572864026526005 -0.5204001913886556
16.552197255087957 -0.0830390824499215
6.624270683893712 -0.6010569927264487
13.844555997158274 -1.515546631254773
15.058751170873018 -1.1926562335850628
8.12502031952023 -0.8821203639217029
19.674575903368787 0.10373124259129243
8.196503352234627 -0.7932391874397485
5.003639391115283 -1.4093804140158772
10.157066913356994 1.7657864423374336
12.180370313649533 -1.9937920874260229
6.6219305514965425 -0.023826391003209005
4.96747598786611 -1.4077571451881576
18.126727753042015 0.13474047364433278
11.29770513698565 -2.0213353674913894
15.351347915321629 -0.6678717007006727
14.671607526434027 -1.4518042744662312
13.009907068521903 -1.8133322716233629
11.457583022543206 -1.9016356707222946
15.623503456132356 -0.3310695772059784
17.891705432035366 -0.1785597892640979
11.678247572933078 2.8517218852421022
12.789782250433793 -1.8856445037971936
11.73832851166908 -1.6622855891555468
11.255553231194819 -1.976554819729913
3.3910529563746983 -1.4697968711734848
11.991737904226058 -1.9785220547505649
10.313095194466568 -1.1833558397747195
18.183219421170282 -0.16062862527401028
16.49348954914571 -0.15632508114328866
8.371983693886566 -0.07800415004678904
6.424551651321769 -0.876179755905355
