16.71268370946389 -1.2676367039615037
10.183442699435417 -1.3903401399741924
18.397143233653914 -0.608405989186046
16.154894074917905 -0.4259389039551169
16.289297686672164 -1.3186796951749875
10.805494334049163 -1.3123488129314926
16.856052745979913 -1.273174189923017
9.87283585193042 -1.57241178114004
10.096605343658126 -1.2081969463274997
13.74355808043668 1.3735871733955103
12.202075210822208 2.344522069309439
10.95132650017042 2.5872075671145955
12.79992086154824 -0.40719511217784576
0.204549206777215 0.163764157763778
18.435423399363287 -0.5744616061873471
6.8888204782116755 -1.263931715732998
14.109048617123328 -1.0846557574997648
5.708455573530834 -1.0948122950891461
15.608000964898253 -1.0190356218579395
9.664535587338987 -1.5672457378588711
10.950384587479745 2.282415512466605
15.02763137018452 -2.6846657865569146
8.992031581645419 -0.7678288421847798
1.3549809115182074 0.4077909636805337
8.296572716010239 2.067221166834853
15.403842145680695 -1.9515719117305528
10.089441441129035 -1.2259718401042472
0.9791111140593783 -0.5621766478080716
13.812630525709807 -0.28371610949377524
0.4979864371991702 -0.6362645849450406
15.846704683159194 -0.9311919326469924
18.461704909775367 -1.0071457456994237
16.528308642830346 -1.2231560916816258
11.999398284842384 -1.0571037582314529
18.621022961047036 -0.7705850859868186
2.6555012964346836 -0.9038614069029236
10.917563937919294 2.3365694770030188
1.9511414676965988 -0.942160711977201
5.761698465367217 1.1583375717657403
0.5899107106516296 -0.6030701914350245
14.987415456069602 0.853072238895009
2.7212471308445236 -0.4768971015563867
13.739435676905574 1.8371724029299912
6.836435960878911 -1.24338066786124
6.447318162450076 1.4236550360385865
3.093180944581036 -0.3659882312978981
7.8541276954284065 -2.2066517918579094
0.36449306197719233 -0.6036403785806479
15.65666009531077 -0.7517141048399415
3.042781158672059 -0.6969185885585744
7.881102002610208 -0.682051231179976
3.551917109676759 -0.5730128781875629
14.019304088132303 1.463581028416721
3.9332611667425676 -0.47628658249622274
13.660850582115613 1.916339331189709
17.94817365897037 -0.8591983805465532
4.885982200728767 0.6988723517803569
3.0156770602136396 -0.6672557173609103
16.57099599565651 -1.2295011699118887
16.91344562706849 -1.7292725596320184
6.160425220011668 0.622557572972427
19.942787321306298 -0.7057815266896893
9.450778458977272 -0.8037902551705234
18.80148452045717 0.17358869342909677
14.359948649990839 1.0452125497256122
19.921907281565606 -0.5601555416263997
16.87973522684442 -0.24252789819128417
16.109645088389996 0.5471589778373125
11.049640150547466 2.351386783112823
1.8004191024843519 -0.9936169424249992
8.063988058258099 -2.1226536655220314
16.09285614008428 -1.9803005775547102
2.66212617218134 0.31232333845265225
16.660009822683946 -1.6892493170665324
7.254719465471484 -0.7571805562230403
3.581370554926867 -0.5559701789769295
6.94636565629535 1.6062340414822733
9.438934827418128 -1.2970877415694968
9.200703312745707 2.2087370819403667
15.363827862484385 1.2279343045826348
11.383666969645901 2.3851649103750594
16.95015278891617 -1.2819913915438677
11.755753973281072 -0.38575109259221374
2.7822023891953305 -0.7113148610024838
5.4193695845109335 -0.4563736494732989
16.492419255053978 -0.6425269658244643
1.7253005384143056 1.3973542614250831
15.251073330957933 -2.7446384303265234
11.00779204745288 2.275638610800008
15.293462710263583 -2.341403143027649
3.3158823606722962 0.32094599295924975
19.49283044943529 -0.8758736068978046
9.934565347348581 2.3246018223677773
5.5344152884883115 -1.0640789160092492
16.16837384111548 -1.1700020653871628
11.08596190960666 -1.231440829859724
9.5984523807332 2.272254015867138
1.663120381370496 -0.518761240855861
4.755865759474142 -0.03777665358362802
19.47224105889308 -0.7884369953534698
6.462697680655445 1.9097694353393113
7.15684594118397 -1.2494557170052938
2.408153824570685 0.09559685952868463
8.681996240969818 -1.2276359621812631
6.9270446559253855 2.0524196496850142
18.8520513124153 1.9226196295468734
8.106485955282352 1.8174188065260393
2.280244806425035 -0.8288017255813279
10.299880400455924 -1.572302827483718
13.383100127025633 -0.8034795033225013
16.406727764914713 -0.6945924688263145
0.16435740566105275 -0.5398616607521508
4.103006856435513 0.09056219027875279
19.9246596640317 0.3870185028415618
3.643391370987343 0.15788588482316135
3.6063394342192643 -0.725670341813484
17.115641788613253 -0.5531034422587525
1.7214091157040308 1.0387573380493111
4.032618125936809 -0.7409395075912514
8.033492775734812 2.3670643751995466
6.2363851384708155 -0.9397855864388395
2.7296125261471618 0.872047283345206
18.03686601323171 -0.8826607708971341
3.5186660189047476 -0.8622127756101966
11.149072120051265 2.2920256136880033
18.277039562118038 0.02007463426325215
7.514088905304509 -0.866753933069468
6.125485919046522 1.835185574742512
5.888924763181343 -1.9687414083186292
16.91540108411924 -0.5458698873983597
6.555778533057997 -1.745348106474805
15.306285338001501 -0.7576862354696018
7.066732856977811 -1.877846572229528
3.7329657235312936 -0.8408867578757806
17.491288713464662 -1.2374504502349315
10.216443958841392 -1.2947590419895285
6.0545966947743475 1.2889077451879747
5.370707854688579 -0.9783539412075933
2.356013445278466 -0.3181006442408929
16.59557948825532 -0.6097024177742175
15.771838947209618 -0.8956070045688278
13.080059839418922 -0.8089041534129271
17.21305864022784 -1.2478812962593977
16.21726420896307 -0.6715285209514644
0.3231924462150175 -1.2111234330801481
5.780498825759081 1.7429957951822126
1.7339378513653325 0.08686195497116196
13.312289978102866 -0.9067840877571669
17.418353387677076 -1.4325841194244215
4.0536704486670345 -0.5634112394453737
10.597855819984986 2.500506997062931
16.500068191310987 -2.0316235260806734
18.915158206484115 0.08856058393408864
3.9578616514272986 -0.5007545341466747
2.059262646397911 -0.03734827394818595
13.44918811446515 2.1902548283870282
19.06442182494807 -0.43709163956667585
4.248668113413974 -0.5059926118333498
12.15773578852366 -1.2638641342300487
2.956318628267929 -0.7127342402364738
4.479609132640555 -0.06438062017256117
3.163960368719498 -0.6579631651396829
5.892163612375148 -1.120298973374127
10.636487540238422 -1.1791657715702992
17.080112736922892 -0.7570350178527564
3.917463844595113 -0.6071818996553446
15.231082729152822 -2.1999118869736036
5.823506645452193 -1.078942778796611
10.16992625059325 -0.5840927030981972
4.443999743854533 -1.510454011333259
17.45718911771447 -0.4393792352640621
3.996539449290805 -0.5501529316024548
16.486284297730627 -1.354007141412965
3.168616118212184 -0.3605596429757516
19.155668027059065 -0.5758658036591926
17.23306282638932 -1.3590184384005284
8.278620851012308 -1.7449157175736159
7.4231964582391505 -1.0684358651271564
16.12366979725357 -0.765320097144786
3.773439513438516 -0.46054350760069096
15.467754596020502 0.943560058678983
5.354674939314492 -2.230020167711246
19.099434218930508 -0.27415212815931733
1.5599194442498892 -1.7337718400672926
16.62905543751891 -0.9916646740906278
5.17148747936847 -0.8003705407517452
18.513745015123163 -0.03930158306331176
16.071471643398016 -1.1970241139571032
18.149920801552923 -0.36272971331707865
10.346159278306184 -1.7638950861850387
17.58054126663768 -0.8506731839212966
1.294085156199229 0.3718680340213881
3.0534080827293972 0.14347010702227217
14.822191791503704 -3.4077189375292556
1.2243692775591604 0.8568525901621076
4.5318690672431385 -0.5352928003298973
4.695438756215862 -0.6828682695211387
3.5405178116780585 -0.5268687411816823
10.653113788532819 -1.3773706912703851
9.12191444709856 -1.0921012140902588
19.237734191881657 0.248341628754164
5.547305500701688 -0.8736029610958483
16.080827849570262 -1.3695283734560475
11.62736295020853 -1.08012472898597
0.6431059889878948 -0.3014775387693832
3.23877614571328 -0.6148615318570991
3.593385403670571 1.1158903842849954
3.638916884742521 -0.7274175485105339
9.236038312874642 -2.093003610980294
4.631604039703686 -0.7255187897528077
10.946213545178276 -1.137504133707319
4.015937605104258 -0.5481419288000863
3.396361232038431 0.3443279029203884
2.9351871716613487 1.0576946239746705
15.4866955394619 -0.8348494971785316
3.5652701888014615 1.0728605675587288
17.094094029743168 -0.6340764268869618
9.248840616333432 -1.2679339202283038
1.6461876282330026 -0.1429748202322085
7.055927221513755 2.088011242488076
13.435531454622616 -0.8750940472875253
6.1893297274158305 1.8336955041616743
16.040953500358114 -0.7626077379614241
10.832518212577167 -1.354530431782622
8.913062766513088 -1.131979164829326
18.19259745064423 -0.18427589751996576
16.77431194570506 -0.6738828997244244
9.067371115852426 -1.080731634802944
17.467973708209254 -0.45294552731369153
13.837361913600654 -0.6936219244967838
17.617181431927197 -0.46623547626110345
8.775885215166971 -1.749752636875867
15.55598097539674 -0.7332040251602623
1.0246874785511748 -0.4390478805487005
9.38590034986706 -1.7299193718594936
3.3541982267419383 1.1263091271671437
18.918666479284365 -0.5047748848268908
14.156678957807523 -0.6169335823394866
2.1960432910270824 -1.5443765703026322
19.816701780546104 0.5490693547251481
16.93603587061243 -0.5698219217978123
2.184583965321396 -0.7131883662853057
18.1212883366557 -0.2698635615403912
2.4719984270803317 -0.4111854454933662
13.083220624498816 -0.7774745163735457
1.5986138038941438 -0.39964135395368566
14.774368914980927 -0.772989081966634
2.4423199761838728 -0.8795731805351362
2.040983943277209 -1.491304085626307
2.8921201519823416 -0.8044739728060436
18.259503573837204 -0.1790946358453418
3.400640844061849 -0.46011488645597814
14.45232629272302 -0.7595952903088581
2.997032667540779 -0.7721401494904726
6.548690893809363 -1.173877027535038
4.2441096099942985 -0.6290929778573168
13.987142139336722 -0.8514686404122691
16.980748786808125 -1.6417390955179194
5.968905510880342 -2.4633726647435323
6.374912970571176 1.9668944956060141
11.229858707383727 -1.323058470197718
16.050151900792013 -2.0286828100006153
3.470570746701208 -0.47445153701058634
15.033048428944221 1.2558930012932814
11.189956574198424 -1.3565223108643918
4.667638672546003 1.4849453371520864
6.5265311511116515 -1.615086717954773
2.6725611626862 0.8591024896448451
5.047105914921458 -0.889650006439518
5.247411720564867 1.6153657129839678
5.393318735220476 -0.9691386909374567
7.402911680017555 2.18666340969273
4.468627954881783 -0.5591978228660206
5.637051425179968 -2.352254158349076
0.6942638697019922 -0.3464544683190732
1.2947044291172871 -1.770759185991101
1.4422523803438438 0.871222539560397
0.9205297577690151 0.7821351741337612
2.554659393406145 -0.9108290822075551
18.459423238526863 1.7939269588959188
4.758334129380786 1.4635146784782536
10.883856689421277 2.6466655397429886
2.982937248893078 1.046499099683468
11.280475972835267 -1.8814372817781642
16.125857578960606 -0.693540070050195
2.3403471333051016 -0.3620829457914063
0.3999287926338081 0.5367253937917228
5.417536336685841 1.6278193425897864
17.446198295492433 -1.8824564016531784
1.2338107944384769 -0.4843183948003943
4.252614039970556 -2.0738275580714367
5.275045202897103 -1.0139925304798092
1.6397015622369255 -2.1256555886081383
18.43873680708079 -0.9713879287775791
2.071562344295726 -1.8473231011445004
3.7851626329218115 0.5943355822003166
1.7052333271794078 -1.9653780291584795
19.012385171317618 -0.8194750846536777
18.32999424089029 -2.756926766325106
1.5770913262146247 -0.5748864789927646
14.937134431930806 -3.2424351360807653
4.812922492457432 1.039045258002751
5.232628751736289 -1.139012252097717
2.0539289216604733 -0.8656159223549876
5.656721978951074 -1.262467790797441
2.030681375367103 -0.5169637911665877
17.504174120009473 -4.462418502641774
3.5108657477621334 -0.8782848871566814
19.247327872374687 -4.348623681898493
5.850162678388057 -1.1040126865019966
13.113734777692617 -5.597286133793723
4.402764920061609 -0.7541364667250208
19.96564930422496 -3.550455476003447
11.411577836037713 -1.030752546402649
18.22656154795539 -4.3796458956975455
5.002404736169751 -0.9885188518022869
18.778350036121594 -2.657217368811984
2.3002069468510866 -0.4509576288419258
3.1217547503692167 -3.984169071019006
7.506072875587415 1.8301607533365245
5.43152664154745 -1.167865256254118
17.875967561151196 -0.05444911007435718
6.339932040266003 -1.307929051717028
5.937146887663581 -1.4742414668863248
1.9924898512559581 -2.0182245801474754
14.027171711410343 1.3119400462786999
2.0672925491342173 -1.113193579343591
18.401481735660933 -1.0782108426701014
3.1853299541048843 -1.8638488243721743
12.843358669313412 2.5046339347958844
2.068805279935614 -2.029323979075634
0.5900318702356766 -0.6971613602878118
2.6728468427614005 -1.7180159750709207
6.496239662490758 -1.491842125678549
2.9554994341688965 -1.738967751468472
11.248638763293712 -1.156540313344417
1.6845311132535685 -1.9401948278859338
4.269523491522896 -0.1814772009776672
3.2063889883017618 -1.799997143744334
7.191686643884168 -0.9411547209350443
0.6340433328500077 -2.0767806029435416
9.15628014787181 1.7933084015636565
3.7618723422088434 -1.7734999222792462
7.220184822870899 -0.847176816437049
3.927707858608907 -1.8536017000072607
5.755830602018801 0.6289657042570527
3.0525827763556372 -1.5548609040323793
14.979423240753798 -0.050781658590799146
1.546411416399361 -1.9545674697045516
5.372878998610078 0.1904848751475851
13.677841911645595 -1.279406460902613
6.082943444068453 0.1103313833410786
1.5647398195971307 -1.94294395402747
11.078428956934504 1.5727927471407201
5.170403183071224 -2.9888276233565705
6.983438159772988 1.04842344907913
18.723508058697668 -0.5424851417554599
6.863435420966692 1.0067611895527289
5.65990974370717 -1.8108964810386734
5.917022934470702 0.7286689436471636
3.5038030043456856 -0.8017114180182833
6.575752682745891 -0.6659844141615676
3.6106481488726194 -0.5894101665334309
5.90024797805472 0.29353725011395815
4.4556313421117695 -0.6928141047361238
6.062026378003502 0.1832709777844234
0.9039984252158197 0.717996319556536
6.1228458678969835 0.05834607904490368
1.7256504777178197 0.9149118849907355
10.911306751324082 1.1092552707273364
4.186770021287098 -0.6334708894810248
6.200992685503227 0.051227906468745234
16.64800585067487 -1.914330428803749
6.594778951430281 -1.457456528696379
10.681140748352043 -2.0830279818341224
4.855900758908567 -1.420612752806715
10.907818284252874 -1.9020540124843297
7.919534917057868 -1.8041520709436145
2.3997829101248396 -0.3828881037194191
14.000014929239843 -0.7667676904467327
10.320702463059753 -1.9955100592812491
7.531015307454046 -1.1076281389928506
9.38178710720471 -2.220951849966342
1.6320580488749645 -0.8079133283895916
5.129788968519796 -3.002539685305561
16.835388709113257 -1.4784410713111427
10.310705076658403 -1.932254233452043
5.250798886399664 -2.3639490907306535
11.092942914082927 -1.8950861542261326
0.09298290737711312 -3.780378476036003
10.61557332736641 -1.7949425352557429
15.605023227825653 -2.499509074286812
9.619243045185003 -3.124136620051429
1.7096107188911849 -1.1073837036413612
11.744620855503788 -1.614424367749178
1.637706996193822 -1.0576912867784791
2.7499004074203337 -0.45622992514660354
16.276174765391715 -1.4965411604114067
2.557959522490608 -0.48819872004937737
19.17938866330255 -0.68502047188936
2.956552145012912 -0.3842012861259465
6.334131189690406 -1.4080248107943265
2.9427215037684147 -0.39079437279051543
12.55296185536165 2.5181868721540863
2.495755636885736 -0.5906718662191647
3.0549027012266827 -0.9605347170652666
15.667104542265784 -1.488556362792999
4.554911522041446 -0.9163976809210734
2.66086309045164 -3.183295496248776
5.666478613304413 1.7568096801021769
0.6698605039440946 -0.36321449163628583
10.312358415354819 2.609069447172754
3.2582528143360956 -0.6463034413748245
3.7134390087926175 -0.9153441267537438
14.933593809121364 -1.106712750849273
16.058470641386602 -0.6287450879117964
0.7103900321164238 -0.48216682644998143
16.18162200823035 -0.6225197596690962
2.0435681185678303 -0.8436793328998219
3.003172553392704 -1.2191593316753748
0.04363725010671974 -0.5593045031759339
5.449105427107138 -1.3234722656002722
19.2666404368231 0.3644040085362994
14.811581564863186 -0.7804902612777312
17.37696960513427 -0.17306460598608148
13.27103966725525 -0.886833663162361
4.408502259299069 -0.7095545996300758
19.566769429730176 -0.2005347668833224
14.836605781298283 -2.9179882273508424
2.233649000051272 -1.4495183248041992
15.365644342877285 -2.542829383581605
10.001975868044559 2.2452276473359096
12.100072810805809 2.6071593574841936
1.965045172528066 -0.2764521872560326
5.74053093888879 -1.4895590216765693
19.448949554625298 -0.3717254068648706
13.954043171719777 1.1401592217266951
1.8786297262994085 -0.29173634315182206
14.55167277365778 -0.7809963355471462
14.67102936128632 0.8075503030500939
5.570060512147165 -1.505991966373963
2.227076870364275 -0.21350595911675213
13.476866057796109 1.5472873421310969
5.611848308541889 -0.7291866618981638
8.415561819943594 -1.5655641310550883
5.671824731224083 -0.752639807181466
0.48922163835058885 0.674223830539524
6.773488734873682 2.5338006559140434
13.620656675230059 1.4745878912065147
3.9226494089867723 0.03351149985743587
4.616461457817132 -0.7866428928390018
10.824480564423528 -0.7491109470738831
5.41888960552216 -1.09391034558154
1.0333142282003913 1.2272792582207133
16.592652466334073 -0.5289450079377562
14.51452308890377 0.9424516831960469
13.4954844455193 1.5060155166425282
15.985225493597403 0.13181505067643406
18.29863948414613 -1.2530581287773093
15.950091546810057 1.022585002335731
10.231985403378792 -1.4967142329380214
13.802187583841814 0.9442648587603155
14.110565007912069 1.0833325163912004
14.14438791386378 0.7999869061158493
19.266719913364312 0.30602609672213654
14.078213071716275 1.3983870737582873
5.169069219816301 -1.0876638746632696
10.259783928946876 -1.4021997511882287
7.884780494383333 -1.7172035857746073
5.0817329244962695 -0.17543571153589477
10.270467799923512 -1.5015446510182937
12.640738532585972 2.4992312309242544
7.373470468370152 -1.4716359252125208
13.424065283576041 -0.7862248912938223
19.90820532575711 -0.021959285223503235
8.095037110156893 -1.301855694748312
16.48313874072718 -0.6462322191012
17.360770586403593 -0.24524079152619083
8.993331911048395 -1.5976662309067298
12.625362480450791 -0.9400881315909018
3.2568560389552412 -0.7123028533181874
4.127462625985049 1.322229804590779
10.00295376043109 -1.550707612892264
15.819775803751336 1.0929013344920302
14.20649486658744 -0.8079146546836985
12.670982162175838 -0.9211869818354865
12.684688284767319 -0.9843601497566881
9.703843089717255 -1.5128771662529303
5.480298829809844 -1.4857750802460417
14.382020747958514 1.1028834978143067
16.91273555802121 -0.7968562141290604
16.08467499867979 1.06243908443338
14.863729409774857 -0.703840313491774
18.13001942497182 -0.029269107520318832
5.965683203943905 -1.494422268283569
14.369342555744012 1.1158236826948242
4.726593039959224 -1.246672035809799
16.67600351203624 1.1069268152284348
16.946718209672976 -0.9774107023629728
4.118773095734222 0.367939899161584
14.121259856471102 -0.769640712781497
10.344990151257795 -0.6925986636806382
17.462423028940076 -0.35876096388182455
5.342686058821934 2.2179817787159
4.863595702803321 -1.3084189360778342
17.253351176379212 0.383379679222311
0.2957679889861216 -0.39360326225104253
1.4895057368691909 0.9616634001390594
14.493619254214348 -0.8897753746090624
18.615341999083576 0.07480435585789555
2.0574323681560758 0.2173701917304261
9.114036798950973 2.0784109185100688
9.867070007035624 -1.5890144642235877
7.1302240648146915 1.6626236805872154
19.809966753767984 -0.4271085379963051
18.31459240646842 -0.08301229581937498
16.825961386869036 -0.9485520871373226
15.736216585347437 -0.5252548031860486
2.0912649650272126 0.21299618172740795
10.96547908681762 -1.2282614940897245
16.532996813214172 -0.6475053998768907
9.35072804468539 -1.5180904574946013
15.03813638244322 -0.9118687028842843
14.03598696939636 1.5226046480262774
14.683646521152568 -0.9181226415780105
12.078289090624859 -1.067337905327275
16.854793519708444 -0.7585069305666868
15.677608018605294 -0.5589237546869654
16.843306151174232 -0.9101789217568729
18.32791783657084 -0.07177141196347571
15.954307812355863 -0.8497479355826508
9.808905708170212 2.6087319877254393
16.695151193546884 -0.7491458723172121
7.680837170523315 2.32987723156407
16.527410350279368 -0.6631579175903599
13.716625180233043 -0.7187896862182912
15.57869839771372 -0.8714927097964841
14.817196678212975 -0.6374316699921857
15.529083878667016 -0.8837125298923428
10.546479354454647 -1.303885249368588
12.016766734073586 -1.216821123944797
14.894060733357515 -0.6282554250842454
10.877827963275486 -1.3753600172305702
16.722821547433544 -0.3806146139726165
15.637723598645008 -0.8225126524514131
12.174452565528837 -1.0322795928014015
5.620662644835111 1.0581823374603738
12.229956712961558 -1.0184181886675359
14.597961083835422 -0.9149199929162405
7.74599423105655 -1.198051586976805
16.60424549775342 -0.7836180419083542
9.882580230589637 -1.4659275416936284
6.841941562754077 -1.508935619911639
14.83447980219773 -0.5930612302736697
0.9257500060081261 -0.38232378793677557
16.762912192557714 -0.42094186496301667
16.414901267429567 -0.7866839701434569
16.585584644234498 -0.3940522585992406
15.839842350963037 -0.8899628133881673
7.570371117183401 -1.2349096817591365
19.69122582375198 -0.4077750191830632
8.145970206058422 -1.5558220903319526
9.688828221877763 -1.6823843563718124
8.299826780602881 -1.5292611153848945
19.4298219347549 -0.368579459128102
15.188923492481399 -3.0842369402269103
19.566524426625193 -0.4199448025358861
7.822003928835651 -1.5604930106635964
0.9475298951854002 -0.36564759695187643
15.154167980260587 -3.099593272566083
2.8107480770566564 -0.09752671199768566
4.707602062855343 -0.9554737135771104
16.31190562174689 -1.0354069607242864
0.4369409483348354 -0.11588141426456132
16.989327758676016 -0.9761259625343703
0.7644868312964417 0.7717019075230489
13.86582138975432 -0.9860968317287795
13.214546530927679 -0.9421761411074148
1.503237343822045 -0.22728081776420056
7.308295064899875 -1.010504550542513
1.726785323939384 -0.3547944059511004
15.994458757078453 -2.66243037661405
19.85157155707662 -0.41527470507328146
7.067668147338706 -1.2457233577335702
1.2792944106874362 -0.40078211323109564
14.305906965880952 0.8232757308986306
0.43010891949073654 -0.3720685068059507
7.879911972038687 -1.8249955188481126
11.680412177828853 -0.9872674283653842
0.7307728316206968 -0.4582504822165653
1.4472176195491235 -0.2306041872185235
19.22414458345744 -0.5295064259356737
16.932506531309723 -0.8819285637523151
5.595700703719379 1.04042681298721
1.4408953163045473 -0.3679048807479386
0.47926797432125245 -0.40775892150477033
1.5369540618554125 -0.36691177189715907
13.788905538421579 1.6474087088671683
6.248943423656802 1.9456597116356682
10.831874957700382 2.275709163107726
9.340899232191031 2.634581192262025
14.968792748111047 -0.801582788333028
4.908098229233659 -0.5363165452874085
17.952601478479046 -1.3430945368242202
1.1919585143630596 -0.40173612583431123
10.695152646950337 2.6402598847921204
1.5212633534389453 -0.36393592486129983
18.5802210169563 -3.3379770388003047
1.3985151490020344 -0.3002605632588087
11.460438640923357 2.648880653247699
6.986755334755588 -0.9416616661505847
16.073768991559938 -0.45816152047122916
16.794852834462954 -0.18833129523015169
7.518465960135449 -1.6178979604969985
4.536464936446196 -0.49480235542432716
9.578809643914344 -1.6388892596800222
2.4940233468950193 -0.030007131401338868
9.08619000685629 -1.605868194675812
11.697537962959395 -1.017940262411618
1.8902873583396942 -1.124918107523166
13.57880608722467 1.0789284475293608
0.7078380310284158 -0.9193714363504346
18.573998659553983 0.7163875291362499
3.6132925315153703 -0.9539070855639101
2.882472343806222 -0.38146125709240614
15.70063109056836 -0.04467249392673485
2.84941199757766 -0.3853410949519204
17.52241028141757 0.887426254563704
14.510731136056862 0.9400524556152242
19.282019455579455 -0.4340572086499256
5.758132274904308 1.2361255569555991
10.442483570378931 -1.4720037470103244
2.630105788922194 1.5516158481148807
11.82118585634834 -1.29899650409502
6.524869415471589 -0.8095041419856239
16.086997307377693 -1.0604167343975575
17.030293154200432 0.3543804704659934
11.822819907440019 -1.284163833092544
10.67369698738267 -1.1139635846169684
18.389262263167332 0.6369086228993031
5.376025407311705 1.152832830919947
19.175850572668327 -0.28455624980163685
17.39892365964177 0.3211235778407814
19.0766398169355 -0.3818418197483411
4.430923156903823 0.6068171299950944
16.3906631823701 -0.9378948906191336
16.693075437808226 0.2087617938271621
15.042961518288308 -0.9292360994920429
4.980144288782833 -0.6483266810343703
8.194641226605604 -1.6741280384608421
8.817564984221473 2.59817665324026
0.8516411988842619 -0.16059642475285243
13.323207037566961 1.2863796661966074
0.3491240024672881 -0.2197281091999725
5.369498481303153 1.1472167493741765
0.08926112465203462 -0.27854110316064895
5.950682231910733 1.3188396680334438
15.886417118393974 -0.8867546169211038
14.373979478550499 -0.24342933621606033
10.932403164968937 -1.4046613216667945
2.42433458725747 1.0772968706142487
19.901156144436175 -0.3488899534213403
0.7981606577150866 0.7666833242680661
8.912577271456572 -1.6092631742923325
4.811177352485449 1.5088280102502118
16.31822576698182 -0.9716119696162648
9.492787063806714 2.5740004928405136
0.03494161601453587 -0.30345724160468635
13.650025267349024 1.847164040889935
12.888781051858567 -0.9357447887887631
19.204330410994327 0.29511558270881166
5.412502116181245 -1.4814013519545326
10.252431164214231 2.616188456052653
10.40711149064755 -1.568761255277774
4.217036025601559 1.3354416239046174
12.214701255056609 -1.1614334309653618
3.311036848295138 1.1968282837071909
15.228820482174752 -0.9243452757739313
14.631583157482122 0.8441301821942516
13.97589659711551 -1.030680474057508
15.541688239175 1.0887465834767833
13.661765814843418 -0.9999981736587702
11.493725816794365 2.6089458987633085
18.802196750126342 -0.23394834005978424
15.111236772196522 1.1335369345446067
18.860247646388565 -0.23052147289361266
5.114921493284473 1.619801435790029
13.359359455104801 -0.9748489273469216
15.555316391741183 1.0555955886487007
12.991590748348594 -1.2479122678151153
9.675262759540505 2.237222371667684
15.093063966382388 -1.068036766605959
19.329985361987934 0.3419387231147598
18.652121247220016 -0.3379027195669204
15.773965107230568 0.8707823103279023
18.543174469018705 -0.3811178123046347
15.684680925130719 0.988974134871259
9.844314252034915 -1.144090692070831
4.223566591664941 0.5920898127945023
1.453109282084873 -0.2864154830862563
6.233430321529697 1.4681609966475995
13.761507003538826 -1.2497072745904156
6.320123403882671 1.4896531945295801
15.598754949660243 -1.3480986697329396
5.1245129510140455 1.3763239093828543
11.431763069476002 -1.0639837990589034
0.49005908497632633 0.6940557445601224
17.6089002524514 -1.005603274695542
14.389938632567697 1.013740373461713
18.428383582623404 0.12152786201686333
5.171764863928138 -0.213477348524589
10.988920121089075 -0.5670782453961396
5.773086116601456 1.3298833615711165
17.437078041316134 -0.18179680328612774
4.108564309293977 0.6955235453945982
7.209048274439821 -0.6406677755127627
4.5692433982763285 0.7666128696146566
15.872595270636836 -0.47991234252542425
4.109543968021445 1.0511398266208618
12.279568177620982 -0.422212347649613
3.264353695259536 0.7504530168655844
4.78539179129647 1.5289062132539093
4.013032370925214 0.7197433186173757
16.880998837213088 0.8608100665558788
2.3725005688304734 0.40407509610158554
9.749438533843193 -1.0899613588067214
7.661608403901082 -1.276738166040681
9.366239809199847 -1.0677922171320913
10.01072557582043 2.5911047114502987
17.786695309879224 1.2211416399055706
12.924151246195569 2.053754753258428
9.627552028716767 -1.2022198156840935
1.4723474858664103 0.3547587188795422
17.98319528128952 -0.025666676265437893
13.3026495117639 2.078471582122797
16.982149416820654 0.6937316062252716
8.139842296208597 -0.15044852148289425
8.45261121103678 -0.6510143302747287
7.131173258798649 -0.18599281547092172
8.757149946253575 -0.9530054010950233
14.702935342352978 -0.6575298129419791
6.749046774198799 -0.0563071912995539
13.81187253064438 1.4590294652225866
6.22760141876663 -0.3751222789507839
9.604199668393877 2.583538470161965
7.456407883274773 -0.6862669241996514
7.857500612733525 -0.07983004700083143
6.331062331493342 -0.492722179855842
14.28813146912375 -0.6962788368410825
6.244783768141826 -0.5031278834421514
8.230891464380763 -1.3112236607713106
7.404374123415549 0.46625353477809056
8.25342903763222 -1.4751414258162368
7.129309402121919 0.4973056342670313
8.427711567855935 -1.4855112016664709
7.289874261307753 0.49967529346044065
16.20661367209284 -0.5350781269686661
7.351251440485983 0.5270136486800787
7.091240691703091 -0.1628767792619089
7.059648393479131 0.4442074103769637
5.013517411625406 1.1821741854004022
7.184481069587864 0.5641745712284886
4.624988334625146 1.2024401063992733
7.259714933856692 0.45459630119031286
4.929298432369033 1.2476183990815979
7.120795770825205 -0.4203111743758312
8.187318838456331 -1.4592599928694394
7.165749143397609 0.44424496316055173
15.194572714341874 -0.5919482132224386
8.669596197207944 -0.5383181915694576
8.239135522593596 2.0352166009277095
8.608790509378641 -0.9659903521380011
14.759885619761867 -0.5809292463948148
10.252921901832593 -1.3028482885809234
7.771056660867423 -0.1219743182169486
4.933318675043943 -0.8082416061723865
14.618805732358828 -0.6516336610280729
3.1328180686186027 -0.6773958588971143
3.5566969776055943 0.3313818710570074
3.6732312541981726 -0.5247441276313232
6.0653319624975515 1.5270877672478498
3.6978709761034048 -0.769018938494657
9.120344599643719 2.160511897765198
2.825929677645271 -0.7707852383373179
17.70640443855878 -0.7768983579726132
7.004236401160923 -0.355129065850603
18.014697299102895 -0.591742145001902
10.628093212365531 -1.1946149940785873
8.284515516676521 -1.4684232230707766
3.203019978553767 -0.6443205500067049
17.799704166775065 -0.7177069091009993
2.8502794273549923 -0.7272453830264483
2.9780888004507236 0.3765895998956376
8.152452735954437 -0.534457096088593
3.366475432605657 0.46527058742765526
8.899809313597817 -0.6289925823968183
2.0858215599319605 0.35743519514950867
8.65223706216404 -0.5514542149800897
2.052930881207441 0.35209863014739834
8.019854627292373 -0.5979802063169303
8.550080150789446 -1.3962789210270619
10.537670649675624 -1.2179379213803025
4.035111821895243 0.5674370277630341
7.87890820088106 -0.5728581577230041
2.233059013014862 0.32944773159616997
16.02427344503583 0.5217080000063128
10.17113327656085 -1.402259628881524
3.3419095056681374 -0.3742966776780736
11.000348813809817 2.3697120291020166
3.8387769558261935 -0.7815512882738955
2.3263563863294796 0.3839555804111572
3.2062226483764245 -0.656410654738449
4.225468879657333 0.9475015073887324
3.3700220070227167 -0.4274103573466446
6.6364449331930615 1.6569556635945504
3.033085737845941 -0.635134375281859
3.194952225311258 0.7091265787105109
17.053443484560344 -0.22685724286846204
7.424097635712405 -0.07760033491903298
15.050762605046767 -0.5352154800000731
7.50343720303914 -0.09146332311353009
8.392378468604543 -0.44154594661285546
7.76754997771622 -0.07552681206891682
16.006423175538963 0.45851528774422357
17.495202640712815 -0.8447495530977384
16.873022711806865 1.4493587090002242
0.782935985296948 0.2651201784131149
16.748603319828344 0.7665629357850584
8.265986332521695 -1.3101464177705795
15.860661328144042 0.4574311597268287
15.945406235376925 0.9031017596932406
17.907957444676118 1.6671098328263694
14.349731801766392 0.9232236151152832
19.243843947859915 2.082704734322818
7.872983948728442 2.017484752152487
7.1184687529661 2.1780589430663597
3.3036884797480095 0.3890150477540034
19.034174894118664 2.024489357132681
15.243614642262651 0.9962721388554578
18.165802201753877 1.7039934372576766
8.603166743116304 -1.4557880855527903
4.630286427060214 1.479976703152258
6.638021140585287 1.588520519422198
16.63974321491885 0.7768534080259148
3.622911141457391 0.5747213502325811
15.43395906360034 0.30532237457206385
15.482919579415313 1.0224466138968291
13.244241087411417 1.758437432988214
3.642106172016714 0.053291564665638634
6.986871061830383 -1.2291122026913608
5.2971226762198915 1.1752903118034839
13.284387853048592 -0.8111612113669728
14.264191137171041 1.331304553885594
13.296685234475769 1.391887725378739
11.328056268938337 -1.2005718908167302
4.1907863161938215 1.07026477297569
10.689929336900128 -1.2781407439946157
13.361437694098823 -0.818634086142783
9.421850598679965 -1.4750717225572316
19.796601650483208 0.4389818784778294
3.5006501164191364 1.218226184793428
2.896511473197782 0.9245483573132578
6.017516883109728 2.400726245777237
1.7995274436824005 0.9704027406985781
17.293805208510676 -0.33616974801077515
2.5065153693147164 0.9790340164093214
8.923450537989442 -1.5113817268484693
2.5168037994587062 0.9993320290631689
7.272474467502277 -0.10524190446565101
13.945162869078032 -0.8492773774516158
5.144343916977196 1.2261569581839624
2.1538357868969547 0.991317607182754
13.108160635593022 -0.3567221353299164
11.77169579357752 -1.2832122975313662
12.820331445572387 2.4349748046028092
15.841354489527042 -0.7852293064730997
7.9252998129369265 -1.2031949560846746
12.009483183988491 -1.217571831608613
6.7939267566921115 2.0586315145205067
11.874664780680625 -1.2462306853791494
14.066606761480376 0.9517463131753198
0.18404403514866646 0.5426626450343448
17.90983322569701 0.4465429362000966
16.463594344538514 -0.672871723233258
13.279307517238529 -0.6829274905191265
17.25815875184041 -0.47992256955914436
2.3457087012084346 -0.07966285838568007
17.314019686472804 -0.4538155637218767
1.9857308089542383 -0.2810309072072104
1.3098747858396442 0.29222417869599177
14.58946504866532 -0.09063409799647734
16.660733865758782 -1.0139409060340867
2.9605786424706575 -0.13745239546595078
17.813514570069916 -0.5564660379680058
14.29639138088462 -0.8663474000345222
17.361688972204547 -0.6599078599082312
12.526043311313664 -1.0160109284030696
19.25184526518143 -0.2029322310630722
6.5755822218016755 -1.4653234346996624
1.5399088969922183 -0.13744308145300665
15.137504993351984 -0.8652944227886
19.82902977689445 -0.12665917313272243
11.843506476995163 2.634005431918733
0.18572615622350253 -0.05301327545681654
12.861560655225043 2.338830068152041
2.0893164985490893 -0.07058424449758871
12.786752497085589 2.3005627839340153
2.5555189798511107 0.28251107142209225
0.9294336142550783 -0.9261654517684905
1.0428508071928393 -0.10933397574261823
2.4989997279539233 -0.6649038500826429
1.4752885670573204 -0.12706032515000104
12.24398696443563 -1.0832967990452889
3.1183161598255276 0.038307401205956416
13.126025783493528 2.047735358346103
2.6357192988169627 -0.03934322827643176
16.37910511675082 -2.0264176271235064
3.7718618854157504 -0.21603701736295805
1.7106708368716936 -0.7895440666131797
4.6248893599150405 -0.31225587177243214
13.361439782023854 1.903577963029595
6.592910318939564 -0.9939980138641137
19.72049452839353 -0.6162040374811936
4.608269189798026 -0.4824277853444066
15.899781673549107 -2.155825892698102
4.719965308117384 -0.4316912923443873
3.113173534093638 -0.4022119051782112
4.762599630356067 -0.4672632275164773
16.01247707806403 -2.333374322898782
8.08941618973796 -0.9730499317568876
3.0522458318678423 -0.5030398717486947
11.355071371419973 -0.9044143374417722
18.14219524026064 -1.0545570754735119
11.915902696031987 -0.9465085013748142
11.063995179318818 -1.1227366887100796
11.74899719578709 -0.9695482564261451
1.9945440458561066 -0.4057287973201407
17.737159174597725 0.16107636749658116
1.9381938489323134 -3.184841601883165
17.973874796609635 0.23592314696163563
2.1350635140782046 -0.7363141594167192
0.0529425033326234 0.7560118509398819
10.333356153378457 -2.4713120429287634
3.722078207355035 -0.355234359911808
17.972417229022494 -1.521211288377768
4.726443846646083 -0.3639161606994284
19.193668040719675 -1.0715174502952995
3.532228131262761 -0.24986694559839456
8.597821527057352 -1.8811635746168986
2.8211075731852406 0.1092513612538752
10.158435532808095 -2.480185682015353
2.637249224854985 0.06336276714117439
10.16636017362736 -2.439963732548394
0.5420663704573776 -0.21243107293623775
11.472968185042705 -1.7376957388103538
1.9739708431844822 0.06075862123820998
11.89350272059228 -1.6547123510841406
15.418491212969277 -0.7952514617320303
9.985051382457295 -3.3261429731910983
8.208044762914206 -1.7191326028172793
17.537381071303816 -1.0727457312494808
13.135772451036372 -0.8922253267417513
17.261578207072585 -1.4349728434964284
7.366670241473886 -1.4802382732047583
16.540488762512453 -1.8428317861464818
7.505949152508793 -1.465091218691398
10.21194056327951 -3.387312592747328
11.389567035361708 -1.261987472708559
19.00058880919162 -0.6793248944859694
7.567929568048178 -1.6991184198563756
1.9599805839930147 -0.40033676989102585
10.99166011082289 -1.2963248782239063
17.05634948462785 -1.6992982364696585
13.701605043184893 1.3325010066542753
2.8445045801459106 -3.072654507013579
9.192758186050783 2.2636620531456737
7.005063672335121 -2.5761977187520895
6.934645542912643 1.8732049781483153
17.533613988004067 -1.4037054020373632
13.64839928580944 1.772156169829161
16.718634135249086 -1.7462699327497446
13.679497231586263 1.5094021510429714
9.646271756785955 -2.406852491949482
7.415411054711775 -1.3285013228120715
2.518197406225358 -0.9632367158132084
14.675419246265378 1.0988795014230122
7.404330601388023 -1.3325583939902717
7.223432584745213 -1.2841154268534307
15.222399123036634 -0.6476304096458957
6.325703375139207 -1.2772082242780742
3.5913092755003637 -0.370771408993278
7.901219566969875 -1.658328705883169
14.170295115840357 1.3579039343970516
7.557050585480066 -1.3147144200550005
8.863197167594324 2.572851384158397
7.352309978355678 -1.2988194410047484
14.852101663541823 -0.618788052293805
15.414247494238683 -0.6206165425710645
8.058738596204767 2.415995663259797
12.82985813289047 -0.9408456335855238
18.95507252114118 -0.46392295277907847
6.75838827531328 -1.3965909693524206
9.572360833900996 -1.6799631898940095
13.480752658002661 1.866746246377376
7.607045187258501 -1.5460033610526274
15.526370419211485 -0.6534096436450779
18.728450651014295 -0.9828846179906723
3.938107457842446 1.2550515062602166
11.964370759114864 -1.1231087349723536
6.923580312812057 -1.2594987451238284
17.771943803854775 -1.5726215291622399
10.19326656024143 -1.4563184051832796
15.096769814332019 -0.6877586696674475
4.393055035734597 -0.8288594978798969
19.498243602335503 -0.21855704151661698
9.949939534686719 -1.5704264965139008
12.594863135942523 -1.0731352885150203
7.38164361540442 -1.48739983546909
1.497095428626433 -0.8706273998447606
4.4881605807168325 -0.8261495210615131
17.404996418828947 -1.4936842403801076
13.391359961121838 1.539484558167074
15.210627632908604 -2.3583588799381046
11.090011403477513 2.5868793488099477
18.201920346813438 -3.4860141594945455
15.081737760423731 -0.6438772522385692
15.290105242669187 -3.4192009443578772
7.279210214190758 -1.418755381208906
14.314023047682092 -3.9195465985161984
18.04831516696164 -0.6670985020185197
9.099300505913634 -3.934991366650706
14.969895833649165 1.0829358789738872
11.362176171670118 -4.254286165087261
14.395700102136779 1.0591357503518364
6.599718113192422 -3.7246866297403924
7.102382634969813 -1.2218919731023696
15.281669706991362 -1.5605835638607854
6.68230212729693 -1.4185349681728552
15.499571358701035 -2.0198321714725163
6.77304423192876 -1.282293297498396
15.91073978918869 -0.709736341615271
14.338092952102425 -0.7229217248980698
19.166962457603976 -0.997736253467121
7.295453285704591 -1.178895857036452
0.8232306343932174 -0.045635051246788974
13.604164987676413 1.2911053948266644
19.25163584680789 -0.5492443165416858
8.876465572807575 -1.5395637437238499
13.923401290994097 -0.7983808830752177
11.73499002732179 2.565377336587595
11.358095429246116 -1.2693327620409303
5.68982466267351 -1.5130720236625737
12.308697543198296 -1.0913787815098315
14.303292395575685 1.0675071090862343
13.192441355918307 -0.9655211598568363
13.39706974115799 1.8109249511748637
18.023281272378 -2.67732226052279
5.988931207390927 -1.2229261123139126
0.8137169044577353 -0.4944828608194103
15.759424099715293 0.9478195458093112
0.3210748001327049 -0.6628905779909432
9.68883067096471 2.3185384423212434
15.31038965276171 -1.6094843288197458
7.837276177381796 2.0340783628107175
1.1047013423645584 -3.4893045765676742
15.969257983045164 0.9879040803581915
18.562038683788423 -0.9661927679926675
0.49959487010904363 0.3852603814509129
18.82864666160137 -0.8396693034124311
8.024563960055968 2.0836582671344264
16.419614464400382 -2.8292353148564544
14.019596141867353 1.3693858311348528
15.852941403803872 -2.186324919822236
1.2048918057946603 0.5914214940286184
15.504306150352056 -2.20666858345022
19.654828913516 0.14578552744653728
16.097535331301867 -3.4297569509808086
13.67399402916422 1.6918997250518728
4.1745171929899945 -3.3848081687894753
1.1165774052635429 0.36243410995000436
19.91640640401423 -3.6459348048153126
14.215507496514054 1.13504742272871
7.480074543219679 -2.4783481474871096
13.299273386197836 2.063949683730134
15.478845031543077 -1.9520618508060419
10.03115019492631 2.5871889568498916
1.2047856451463437 -3.4718496468140465
13.953810497505858 -0.7706643387876413
7.863431185400214 -1.7082334183553043
10.189330518784422 -1.4481955733416372
8.658643050752074 -1.5566736563130092
12.623132868221646 -0.9726262569584907
13.609176624862286 -0.8224050211236995
1.0367090941339656 0.4016808738160238
9.047930595398723 -1.599263944896494
15.802521362787791 0.915172086976292
14.41575370631142 -0.7105721381354461
16.041103517652655 -0.5750602279921623
7.653388094571061 -1.7651143538547673
9.538046837038403 -1.5450214899725474
10.927215846777536 -1.425456371519712
14.5823639042113 1.1154693039114667
19.38329649312681 -0.970628306791333
17.150683205460354 -0.43508610017190874
5.0554924351683495 -1.2461242368696275
8.222657579780755 -1.5886520312367622
10.551793978202586 -1.3806241906805685
8.320203451390336 -1.5780409809011342
8.37930363069743 -1.6165987610136372
10.059476848678523 -1.488110281863813
5.821216851059425 -1.415984871172531
7.681347859098431 -1.2877825497762645
10.449338642669446 -1.3821338026965544
8.163310752888213 -1.0716991678840313
7.794112295509113 -1.3012902672185431
7.053502112680715 -1.2849842714131277
18.055013622177206 -2.7197226416056153
6.463291782053449 -1.23861886392936
8.233870422771934 -1.6463667030616318
5.206166785111463 -1.0658087256619406
17.300399454269225 -1.8344813989493478
5.990199371682037 -1.119718302619947
19.727930814342375 -0.8816118820596252
4.908102122960449 -0.8640771120109788
10.436973153499034 -1.3948506128485405
3.91079237080719 -0.7932423676832989
9.951131292220198 -1.527352878687301
1.4847043554624784 -0.4751004075180248
4.531491318432392 -0.9326970973622724
1.2867309890235423 -0.8196207119505605
4.16216338232286 -0.8980515607389922
0.5705096670528541 -0.5933896401501462
0.7266517927072438 -0.9074265216936579
1.2896501876524369 -0.5710998309374145
5.039463715117631 -1.3534319045220093
8.470770699480584 -0.987827845098049
4.420353143626978 -0.9431313742290246
3.6240108778503517 -0.5997974871534212
7.40107582771554 -1.714194936420316
5.812406654100508 -1.092974208314938
4.445419078645329 -0.9766387402061263
11.912477454932528 2.6784049823558784
13.887796702808267 -0.9777087779196616
2.132791688404717 -0.8114269287340766
16.62348765055008 -0.906855018469889
19.193376801293752 -0.7886565116334672
16.29043337311063 -0.9651669603587
1.8502170116059387 -0.8677017345196472
16.25386442731357 -0.9204221674456127
19.044125656750584 -0.704588780044687
11.407673971888459 -1.3714660438034556
1.797753779190085 -0.8003543207831736
16.597592631851036 -0.9324342071312298
0.24043902592027663 -0.6441919586814638
3.570394667229684 -1.1440055687218622
10.524147191410778 -1.245596084319674
10.348778464659711 -1.4606784372471693
5.13574306400812 -0.920552987573811
2.8994639728726264 -0.8508957411904047
1.7891229753030222 -0.8416251653619358
4.351943140758576 -0.9639494336229872
17.559058257252943 -0.14341981538452414
12.082230683132227 -3.5592605330456633
5.884183257625831 -1.1057880181477615
13.25192721305427 -3.4937759269538393
2.5259990333162494 -0.6539451896228946
13.319468026388883 -3.4669310105187834
9.325240892383311 -1.1542043986007982
12.555606549963118 -3.5367737739511793
19.123659659535353 -0.696247779910486
11.869875900235746 -3.581145858638662
3.655483959697183 -0.8311281189736711
7.146956156116971 -1.5207548368088628
9.153862479741152 -1.1990056876422936
7.874809251865841 -1.7272528612216107
2.211965151880205 -0.9875141941772716
11.246359570142058 -3.386674957113086
3.5687996727499094 -0.799579310810784
6.774790500911941 -1.4988038899432754
4.395315996563289 -0.7109603933785646
13.393334535295672 -0.9066731788420381
9.113691615599201 -1.244357357183097
8.477785522547473 -1.6971073042527705
2.2533137435675537 -1.0107666512999145
6.22194229667874 -1.5352599990361682
0.27388633711447247 -0.7156899132392177
14.443583666064988 -0.7955662641985067
15.200332042858744 -0.49783379780338216
11.658004128428995 -1.2964469030838508
9.942357476592194 -1.3585016150568745
9.353689815469135 -1.7924883391551916
18.933833481989026 -0.8790613662543242
10.53417430381402 -1.4662088760621932
2.5616330060163697 -0.9438500308622312
8.855337027049144 -1.8291929257576618
1.0046703571118454 -0.470094792525351
8.698326864896385 -1.8311239577739002
8.468617517271849 -0.9981557974025622
1.8028465330614138 -1.1549279053370436
6.934566237964512 -1.220988886551212
9.246138766691443 -1.7520620119173098
18.07474661208426 -1.1306432225583198
13.46783877876339 -3.774266841691342
5.189943592944536 -1.064601112756962
9.355876727212046 -1.6635870307354628
5.555712765038406 -1.072133507643723
3.5944926666365653 -1.1212735157317286
1.4159002753394334 -0.8794408464837279
3.6172633600032564 -1.107720309188929
6.026576471041019 -1.1956574776525204
11.075196418297487 -1.4326574512008288
6.185818149372631 -1.247385800469045
13.092601260276812 -0.9728960441273318
5.378939016313081 -1.0731664646253116
10.395771214245922 -1.5577410262450397
5.109905908202509 -1.0251244282401266
11.409128613002583 -1.3766343207259706
8.3490806098001 -1.5693923656939082
14.393821789775213 -0.989774651772387
12.871135959966493 -0.9296920944596996
10.343389878539973 -1.6290862180738463
6.292682883492976 -1.2226160663510246
14.877360670494355 -0.9787238076784734
6.147102257468417 -1.238470704613252
12.926678968841616 -1.0666317779366494
15.13518276499253 0.9299575835655445
12.182364523054536 -1.2018622321953163
5.103118092931629 -1.075117440992209
11.915066971805212 -1.2825508575025044
14.18385016771193 -0.7274319885403522
10.30623959952591 -1.618903829178738
6.682439094733548 -1.3829455172701322
7.035708535038792 -1.980051637203561
14.185006357864502 1.083836970434311
7.388809447682713 -1.9705872225065797
3.042422120770718 0.5978663675699329
8.803786249655888 -1.8278925598164115
17.567336616215755 -0.897677356395636
7.83837057840766 -1.89524737079596
5.997220621023262 -1.2134659903905693
9.646546306831041 -1.7658900647364535
18.22014554071469 -0.5396995792049774
10.799293624621138 -1.4858318793606837
2.524510145196471 0.25723592459477607
10.261421425521153 -1.6439048174501207
0.6827803518894527 0.0010820786689732485
10.427152612717716 -1.601214487198629
11.42271712228588 2.5468975628724073
11.149828233969506 -1.4358533434537273
17.783271401655426 -0.7805940086817773
12.384179504251607 -1.174850954947626
19.397014483280373 0.0026807741938467897
14.728632106108854 -1.0010797129336377
18.93659347595826 -0.3360608923299094
14.61078900476084 -0.986685406017156
17.915265679416517 -0.7647220531602281
15.203074108605842 -0.9462993330305505
1.385245426545611 0.00045396182994449433
14.860073914965234 -0.995927796856356
0.5109685883467485 -0.24822734624722875
14.82435350809369 -1.0036489152866288
19.996770800907708 0.00893801743309797
14.217241978738093 -1.010364748195715
0.8261596438809177 -0.1910225417601266
14.980814008580527 -0.9757585049019746
19.963702301606425 0.028861321674966963
16.037154780714264 -1.0069740952320823
17.55557542744941 -0.9100468150423502
16.847399331897847 -1.034854060707572
18.619544707522085 -0.2716202594571925
16.930100289932337 -1.0326423765174433
18.956984188370317 -0.18979781046717134
17.12961631692788 -0.9494249242234339
18.414624355518466 -0.4816113618142335
13.87414383531998 -1.1683334018354308
18.695731540064443 -0.23987198389186193
13.763305231127838 -1.1327687350930766
16.888622277170292 -0.9999911846989297
16.905566923603224 -1.0340883359835253
19.760690220016247 0.17078255984326157
16.992305808151333 -1.0081996304547969
0.3092254684372933 0.14371107259339672
11.413357725248481 -1.4027468415623725
19.42814057982658 -0.1666132935998022
11.739089266935505 -1.370857671586722
19.013794463879176 -0.34064469993701785
14.448069113446678 -1.0500125264820896
19.105903949966592 -0.11996494219002525
11.194906988657522 -1.4401256957235453
15.712735226558525 -1.0245744007527517
18.988592818382404 -0.14609364839393618
15.826868638448003 -1.0043754526191802
12.305445157078426 -1.1844833917838598
15.501649292399264 -1.0389778349576775
16.492635582238805 -1.0464147056714523
19.82413415448529 -0.4515792844471083
17.178228496651165 -1.025139992057967
15.916966459057402 -0.9696017054262217
17.3765890509635 -0.9488006754020218
19.34837701331951 -0.02563919821613296
15.526109736984855 -1.0543656032482438
0.049147832136466785 -0.40169054046085884
17.339129262117954 -0.9856560496077923
18.46471556047296 -0.4610405832370279
16.745091937934415 -1.1321461748134838
16.653837628430445 -1.038595681982765
17.350048012595252 -0.9578316658484926
17.287753982447327 -0.8889912376782968
17.36212404279976 -0.974302866431246
1.502755635830926 -0.16301157704586627
16.89654505832461 -1.0537942203635904
2.0121930419427443 -0.13797968558864324
17.49452541008564 -0.9283618405885413
19.597038168455114 -0.4568679346244772
17.99938375965681 -0.6293573347612291
19.745054250842554 -0.39975186347945374
18.807765191991518 -0.21675307463067103
2.562797632568422 -0.24992292857068665
18.125824837315548 -0.5534902476257424
2.652969991930854 -0.2690151675767787
15.608948275868718 -1.050399619275785
2.6139865006338345 -0.2513657965936077
18.58579182413413 -0.30169899510464515
3.119534787217202 -0.18609677779403785
17.097541860566327 -1.033455615211965
2.829935120657125 -0.15586082008333338
17.957405239414935 -0.6529070749993253
2.6511380413841232 -0.10660657523866787
18.210815600884818 -0.5007108499307545
2.535466676118415 -0.15348172122865744
16.39257943742452 -1.1207149794986089
3.2313757987821883 -0.3375698328515525
15.99490223317328 -1.1991325897766885
3.3899564914061537 -0.326398983577797
16.101283995361825 -1.142927034752889
2.7368549574213947 -0.271223054814821
17.138794759561925 -0.9852113021380265
2.7727467541487427 -0.28670260427962974
16.065865444497764 -1.092700719804884
2.7949628164942433 -0.36612186131874636
12.962327813984501 -1.164325448494167
2.5990760727232383 -0.31232031850537223
13.82113693663073 -1.1891030283754795
1.8762321404391604 -0.369787113813019
13.38231482545501 -1.1928144556467937
1.903999813307904 -0.367957185461945
12.100190226612789 -1.2995300392013258
1.883364839734219 -0.3710821861781245
12.438498465033005 -1.1832686724575217
0.5036789826502621 -0.4897335536551808
15.585613573668653 -1.2715587117674216
0.5696326745935951 -0.47890349206560023
17.997969295634093 -0.8564116952577782
16.189022844553786 -0.3111992982046539
14.82967752571074 -1.0947407676869638
13.085187953619732 -0.7380827643518
17.08254053647958 -1.17657829007843
13.139032669663221 -0.7340651475500637
19.123386178718153 -0.3369481350465482
7.8146646201924295 -0.6707127465684616
17.472177802008037 -1.0905861089800821
1.2869141372449482 1.2744790746496821
16.18106601813476 -1.172581995451919
5.255323789068907 0.9976192023542834
19.866681325722368 -0.4796537847535506
8.212893401366186 2.0359073869687765
15.691335774699297 -1.204880908823444
8.058669991888088 2.4236153056869103
18.998554644647378 -0.6295953732824972
13.316973549128202 2.129074655734455
12.171151100437353 -1.3314342388583316
12.616206523034164 2.2446734889487407
15.886716845788609 -1.20074696961151
12.971452512318924 2.021963922212239
16.69577372356332 -1.3600787684523334
12.692589696263706 2.210719911262503
16.6785108522848 -1.1928573893160117
5.453342509242916 1.882771516913454
16.001805637112334 -1.3743875463281081
17.819089780206728 0.28704588009579163
15.813053886290229 -1.4138556675181964
13.041028585927243 -0.5373974272357513
16.97919727492964 -1.2392621725784982
19.591180548428035 0.8210846976291942
17.255182632838736 -1.0947147136532849
3.1060153176505922 1.5621370118428257
13.780208730415959 -1.2422301729532073
7.360498706040139 -0.919025201968879
15.886042636633091 -1.19253613906133
4.38550809483924 -0.1689414577467092
9.13070117289426 -2.0095339660230875
3.4892007812352963 -0.017268227303495157
18.11183770556219 -0.7448935131161467
3.977919203718031 0.5277127884299505
18.87869093790386 -0.46709971575751574
15.265833414213065 -0.2695929286443541
18.125156888159076 -1.0436740238222053
18.2988749545616 0.4667815276136913
0.11093666211798661 -0.48391802356580704
16.326310034899183 -0.0685391223556151
2.6318712952473446 -0.47876668784357035
2.9821111724840503 0.21207880782530375
0.27143602590240135 -0.5873752560955297
1.1503824749538054 -0.06767781777939776
0.9779423015949122 -0.28025729151813816
1.6559656727396395 0.1257451303707843
18.483881423044974 -0.8865555800449648
1.4261137067782783 0.16075443169544773
2.6710682752049957 -0.3694602146311794
17.91709994953966 -0.6620263590671567
17.334270444525774 -1.4948635848922327
2.9875671001672957 0.5452755917185629
17.50642563346089 -1.3768523699906883
17.65084009457452 -0.6715380249514098
2.7051090181923687 -0.35432190731571267
3.6230540416080883 0.8292313222041549
5.059043865414046 -0.7112087677313274
17.850238526894543 -0.46991484755779644
5.108309675066278 -0.7381868639194604
1.275589342651487 -0.06393749836495849
4.084428648704854 -0.44790786270454297
3.574552458681095 -0.18800828791618762
3.3461303305846273 -0.36332230280052624
0.066541715849322 0.8281363497028396
9.813052757223826 -1.0346962506918052
5.361386926927021 -0.719944277395883
19.90879416059309 -0.679025348101437
14.079762977373422 -0.5090593416016287
7.214924925116263 -1.076596922367741
17.428457686614447 0.11359331006683945
2.039715137312078 -0.34772959896283256
0.8929470671590849 0.0703427641171249
9.37318616203701 -1.042511349178144
12.852837807903333 -0.6627744541174354
7.734068345720327 -1.0314607306434938
19.22883189203716 0.02526831574908288
18.68562974798863 -0.6829652239324593
4.969531188194325 1.2275677290991893
0.41272265666318675 -0.4381155719832388
17.83664352143666 -0.705842957635427
19.67018035679604 -0.5093671178075296
19.010999550197493 -0.03391293430068197
19.029568647827322 -0.6648773351080427
19.76485269572092 0.37453649013156437
19.098908549475695 -0.6298312967403994
2.1907286620428055 0.32744288181849274
7.995116517974273 -1.0273645595222753
18.134944776756026 -0.3207245164509032
2.2151884721308015 -0.32652164294388397
18.276716472274458 -0.3420791566368736
18.576278581307445 -0.740715948060974
4.630744936785378 1.570182867270401
0.30909623707622175 -0.5888705472978358
4.5345480119084165 -0.2841946572613697
8.039935724127126 -1.017538957000674
5.037661375226105 1.2408261109968792
7.678138553835833 -1.0340360044560775
7.484036205639047 0.709481519695978
4.953438816626113 -0.6244599130789298
12.830418634038494 -0.2456532382562056
3.6015325071848054 -0.4473188104549687
6.955185215633924 0.8911652156522781
17.50832292159938 -1.3928019775873288
6.300315227047433 0.7507267600829711
12.957761330671884 -0.7878969857929592
6.205969825034645 0.6396776379518299
17.638219761699908 -1.1528663295508859
7.295174037125609 0.9456031252682265
11.917616716725638 -1.0186684780831567
6.951026067560714 0.8281204323584658
18.041287728774833 -0.896955931990838
6.54957487598422 0.549070642891168
2.9351172834395505 -0.38532767166669823
6.553180960349075 0.5402348518864408
18.776294539170564 -0.5544464648492807
6.831927094169997 0.7947973270214886
2.6623985897906297 -0.37506577666503893
6.181789564668343 -0.31220096152556387
7.232473062115129 -1.1023710982961825
6.127778729162361 0.6676683036656629
11.898495443912891 -1.008584875473862
6.126923167626165 0.6552664266476483
18.25533825429081 -0.8877840317471752
8.30601927744667 -0.7216676574498762
8.129571099678895 -1.005361792198309
10.207100076202066 -0.7308230694958403
18.483201655025137 -0.6834089390974286
6.095939843806257 -0.3953924897059557
18.022495213656264 -0.8441949313863267
11.52657589154868 -0.668284083218147
18.27126971015365 -0.8378086729235614
6.500559800400705 -0.4902318023026999
18.063369072039723 -0.9822365858623029
6.904121912863088 -0.5596944196242001
11.927663627955402 -1.0234572325517064
7.528260345363253 -0.8531020214052568
1.0802548304571642 -0.43621042577526903
6.277055633668897 -0.7842029891638019
2.0253598857445083 -0.3665748665333464
6.380005506584261 -0.5366223917733456
11.32154237281138 -1.5494546362938495
6.849101015188275 -0.7281595165487075
6.636717700634528 -1.128586943316783
8.729024700052667 -0.8323344044546354
6.432616015034197 -1.0707256114733887
4.371007998945497 -0.043242122980580916
2.85052860161655 -0.40269923175087147
16.566697819419165 0.20510725075007105
4.380373966163404 -0.4724300828749308
16.511036409189195 0.1843754505413783
6.453211649135518 -1.0875334267072434
16.565003808272095 0.20058205449111075
10.305051528724636 -0.5857103206327674
14.828473204422165 -0.14326235718778557
6.481717089854736 -1.111262756056766
17.917577092632637 0.5045495783388732
17.553251958902717 -1.0517069946671902
14.00307946857677 -0.33571452032918964
18.11846726529798 -0.8054011916499828
15.802811942830639 0.0741870597062936
0.13130388055192005 -0.6697743268680243
13.62367407706875 -0.3576320412991878
15.760133178737611 -1.4513662229706639
16.388713302721353 0.2601714250219213
6.334403488481276 -0.9488550151996755
12.919152207648999 -0.416751651199069
9.543224603628023 -0.6231498544055554
13.133034124384963 -0.3571678107071163
16.79673081709694 0.725017333664509
7.258143315046283 -0.76560875634331
15.899477578868119 -0.48785338754666074
6.522051977016601 -0.4805043077406963
10.973943827437735 -0.4838890367046249
12.40666222983035 -0.5411463617581335
6.713957813619309 -1.1081311877786193
14.670315507674939 -0.04893784400745879
5.852797761264754 -1.0586331282124821
9.478573061586197 -0.7771301353864348
9.971202677664035 -0.6295802132830803
13.869258837319338 -0.3287539252451646
5.715819070344606 -0.9980361871237451
0.3891432589700248 0.7166029642159027
9.59775965221172 -1.208264111382391
10.087268893038713 -1.010848504519579
2.6009624474432815 -0.47914406703556245
10.327887260056501 -1.13388133582481
2.3947211459146276 -0.3626101840286435
14.056812142657654 -0.5926274574880088
17.75421700490214 -1.1767529167550774
7.625134659714383 -0.7269092053587635
5.288424274309091 -0.8517602150409221
17.52656933280538 -0.964734361446647
18.03311995528233 -0.9694983779883692
7.899110626068571 -1.008418008752488
18.191038572165937 -0.8722715094018859
17.271355952570755 -1.1927521940639731
16.869947212910105 -1.6360068397220697
10.487109344948943 -1.120719913171315
17.63517770036448 -1.1638518535392894
13.015198913440964 -0.22976270599128387
16.455246105043 -1.844061053643362
2.682814844972123 1.1447809449549047
16.975605182717825 -1.5442879333423734
9.373755496054589 -0.614699318163646
19.938570765100827 -0.6597847981068999
7.870797110343175 -0.6805634891584962
17.037800357093072 -1.5080247077255151
17.12281660469956 0.6572859650716983
2.630980423208161 -0.43298509265860297
10.614429721898139 -1.1079570244513437
4.786795765651974 -0.6499670329599174
18.90415503667245 -0.678146305820519
3.548710510596628 -0.48842167886388116
19.71207878232255 -0.483420658294134
3.8739255294228037 -0.4533938846465498
0.27498282431827603 -0.4445322274583355
3.5204613902738107 -0.4295001866736356
18.809700895759146 -0.6033528032620842
17.619016432921093 -1.2783174079439201
18.192035932085577 -0.7622681238145782
5.077207660871662 -0.7844828664082685
0.17601157028304565 -0.5984113345940532
4.973348516661518 -0.7385102357490927
18.8506582749826 -0.5880278891373173
5.1117563543654665 -0.834660024186735
9.938596885758294 -1.25152427001498
5.495658015528689 -0.8761929141424991
17.51530191695458 -1.0505272521791302
4.6723309521508565 -0.5679789563848959
17.755196068234323 -0.9096986921614569
5.723049277473713 -1.0673386425912164
9.70396985565302 -1.2125648382699676
4.900416210771319 -0.7132958701807796
17.21072635870607 -1.2018019864235925
4.277656907034934 -0.6844929200222765
18.993509999809728 -0.3925879986317258
4.105590328161807 -0.7206334054099406
9.233297600304876 -1.021080611248999
4.1884328237618105 -0.701730963001445
1.1887580955954422 -0.42669015539333716
5.331638960286297 -0.9037002294256589
4.088163603634229 -0.43684099361263695
4.0300606380468444 -0.7355343708511836
9.760804458503525 -1.2350043180715113
4.236318086729828 -0.6963712070762625
16.636104126362337 -1.3518426321225345
16.420702509472424 0.6755370938221036
11.020478091821383 -1.0785437719773499
5.063564380049089 -0.8479995214458229
12.211857376355375 -0.5782598444030217
5.4047792777863535 -0.9669760139573013
9.008774169995087 -0.755537336973953
9.654229968297328 -1.0943433697423868
11.794754574148167 -0.6076582856635386
13.870594391217994 -0.6641272624872444
7.308147283843827 -0.7316786923507241
12.816825575205053 -0.8368281165762688
6.478878696052062 0.7271629543621309
13.708610628805422 -0.695218565664868
6.867430658117716 0.7631605821761296
10.957338770527032 -1.1086033967795303
7.556405002599154 -0.37581130384860445
14.079508493016418 -0.6185651453511563
15.721302561600245 -0.49352109016768864
7.4584769573086955 -1.08050625796108
7.497157303515123 -0.5342349173209284
10.448461202105147 -1.2395015440332533
6.8070443585223375 0.35100699152268033
19.681025658020467 0.5567614271485865
17.018361544467265 -0.21677977706474583
10.242613217544324 -1.2449755909195046
14.756639268141253 3.0756490117699736e-05
14.688019879091485 1.5205197302989706
8.918721856114237 -0.6604932007298103
9.976471269133883 -1.2741743295169885
9.691137338885213 -0.8110401365728218
2.227995538691532 -0.6477339991493909
10.506608202888215 -0.942403052599136
9.545014297301325 -1.2758214578616438
12.661370882353618 -0.41547164113065804
0.39699383267127286 -0.4838489464842042
6.762281880849599 -0.43325617246402665
10.42510873173989 -1.2255007004078138
6.995428306256684 -0.5803884801328444
3.950709972778996 -0.5792913781585162
6.831176647964597 0.38087298693005484
14.283350552982252 -0.5841381355600109
7.003809034685219 0.7547459534873268
6.731907749248443 -1.1615761421251423
15.68253856655648 0.22477044499470525
8.36534042584388 -0.9902503020813217
19.346155241321007 0.5997172330155289
11.288186296178935 -1.1224888408010871
12.763630435929219 -0.2684697831920523
15.447419335338722 1.2354609036586912
19.52498887029203 0.420381238862321
12.212225071754249 -0.9924895074337945
5.085151888927208 -0.36516017050557315
13.026275290253475 -0.8017665671124599
1.1988191750225323 0.8338101198750243
0.7480019409913561 0.790312371927257
7.60989039057771 -0.5590928262074442
11.928420341628705 -1.0579134211637067
14.409409822847156 0.08316592704001033
13.552037329765664 -0.7452590119089924
6.366346096108164 -0.5528759382522292
11.582237385542745 -1.101628621080931
9.730726687551142 -0.8062511606804232
0.23614078608903064 0.5170637657623957
11.718798187460472 2.6709517012894723
0.6164322975544749 0.6004264127530128
5.580500713025526 -0.8553397014938525
12.242804909332 -0.9828801408983185
14.758951316923147 -1.1121459811324266
16.044291984473247 -0.7472907908141111
16.38569713610887 0.48119482720292045
17.3466882453141 -0.48268331368250617
0.6440850129992002 -0.48717113824384994
15.699392540300083 -0.7574691374607249
6.919524451645413 -0.44528127729421313
11.38577099314806 -1.3399795587411765
15.705651860947492 0.23163572892170495
14.10111601398542 1.1493067705665498
7.524599074130509 -0.508592984013323
1.7444669049443213 0.9923730745537686
9.722734278799791 -0.8045472384242214
0.6813665725270354 -0.28820157123469753
2.314598847691809 -0.29374447709804097
17.049838308608567 -0.8406861330649468
9.840543678124673 -0.5613033191240018
18.113233660304516 -0.22965922223206525
6.797608725044517 0.44136997589310645
6.093364507191995 -0.8582961823643342
9.96939396362375 -0.6624794352599697
15.030046149495268 -2.685609313164015
13.572293844109165 -0.7253404365165979
17.16482568564312 -0.6165214411731891
6.481139271193416 -1.2308549499714643
14.462409867123391 -0.7466114798457134
19.29816407096263 0.21433684428608837
16.87558602900555 -0.9257881816470096
18.910284495291762 -0.016063063923512637
19.539600852835168 -0.041118073956005065
8.137080931412783 -0.9173913592068801
15.34302795254203 -0.7046960170810417
9.080519436067547 -0.9322172042528444
18.48289427413405 -0.10408523850156276
8.504961955988021 2.904181650735693
5.196852277395061 1.6057085158347522
16.400487600055342 0.19518565137665111
16.446335243076398 -0.7655822778188586
19.43877277593335 0.790045429293502
2.4955602792564395 0.4423774340157884
7.618431828195481 2.7017716180319846
1.277907302647103 0.8243368221184393
19.25478357398266 0.8340184829669127
4.276394883787309 1.3129696414288765
13.15226289122583 2.4170300438839623
19.00292225887941 0.0880073076892712
19.91597018657049 0.7034952416894938
14.048368182870272 -0.41476920920735333
0.04244197944416683 0.7161688273095463
8.420726696030982 -1.0155917831634187
17.427526951443852 -0.6178247648330016
8.179314555365494 -0.39508027033066384
17.811538470444276 1.2938971723106827
8.054370077616873 -0.35647168645031435
17.758343172184922 -0.7491388060456712
15.738134465742469 -0.8888346894365342
15.344416533926939 -0.31102430521227303
5.1832813648666525 -0.11275355651473368
18.745316508250433 1.9249095141714496
15.70537109856309 0.09667325664906781
8.594245437661417 -0.4779467577968732
8.95621433774286 2.167874932349909
6.243540091459503 -1.1926620320239372
8.36632600929644 -0.8506954650082923
16.117867694759898 -1.3320432438412946
10.072367722635292 -1.2707319199063474
10.10381160592783 -1.2710158983970457
6.5375029318949105 -0.11175126816417066
15.488729928889972 -0.3904869964076645
10.304632682223994 -1.0088297236745447
1.2426446573606262 0.050854802916843286
10.102803565699958 -1.2679681306276172
19.568603368935545 -0.1454666784875434
9.02338557727573 -0.7498425009481943
14.3428941275892 0.11647317374936836
12.021902135902524 2.37517186973517
16.65906909575474 -1.2314804082249948
12.849846466671934 -0.4843356852193116
16.8664073224009 -0.3689785793125444
10.335627498807789 -1.0092331774972918
2.761902686663951 1.138210052287578
0.25589203034158 -0.44004485709416813
10.600656655235602 2.267150555152987
18.171044150007287 -0.7572579246358436
18.102806902323188 -0.0370205106357622
11.769854047356471 2.4515082630410374
18.488739725224946 0.008646827382726888
14.215077087921928 -0.10861110629576279
0.5791860542050383 -0.3730513044627636
16.592083613807358 -0.2804643434996012
17.302350037520004 -0.3900266570523798
9.854795139128603 -1.2465086834779298
16.03636240110335 1.259704554243026
17.838011071259306 -0.8083833777524583
2.2810927494988693 -0.08286724378949004
12.056176861467721 2.363302792218241
14.46648520942566 -0.6032667627842527
10.155984254227613 2.3461328226289417
9.429215189113696 2.5889042823270625
16.602573193154925 -0.26361987498810663
14.72607133277303 0.9358739038478711
10.525348254651355 2.183969322369537
2.2224178129472527 -0.21553806803438774
11.65677331029582 2.4169541694973082
2.095286879857468 -0.13276245973477985
19.566138197158253 -0.1722212938259512
1.2313539488951923 -0.9879632134335101
17.232728506962257 -1.2230812679777834
17.9032650968035 -1.474633365959025
9.224061428169838 2.0858914657119967
7.753412677727029 -1.1086200681606013
18.83018911229079 -0.5118044802282554
4.66529975672118 -1.4181274446192706
5.272976367470255 0.9751845521174769
13.306200207553642 1.423385030931407
15.91691597426685 -0.8786730257905916
4.994463797347654 -2.2992285161796358
14.686263136120603 -1.0495776726237858
17.66662906538093 -1.332514093379981
1.2580418396756299 -0.21975243139346573
4.519362106132318 -0.780028084643672
0.2972347637846525 -0.43503599481003846
0.6345370542682209 -0.35086676672903827
18.136447623639818 -0.6646179761437131
4.133659451108668 -0.755383256646773
5.444591004463812 1.1701946625456856
6.107997022325096 -1.5590693389806907
8.049096288822481 -0.9942192813191238
6.500314507556879 -1.5871582358463967
15.864942406173906 0.4239420256841574
6.558961718955855 -1.240056045134043
14.66034272281618 -0.4744514762427938
1.6750096546810482 -1.0479800455240798
9.621251151115619 -1.0207228508648067
18.447753246469926 -2.9389448298053593
15.308461068170951 -1.1529542561908839
10.597138420147592 -1.3773698648252666
9.126194773239348 -1.1750228116971877
7.832061893869166 -1.8239642042834683
14.383892840995328 -1.120756745477708
12.091734365021757 2.6412451524083984
9.305459140051719 -1.41348505704488
5.513558163062327 -1.2863597128820872
12.23741644027176 -1.1925868204223142
5.657955993718547 -1.3035463728439836
11.785221749417346 -1.068077218079124
3.618382339491717 -0.9059357413107945
16.35912581791052 -1.3422800066203533
16.923933552752903 -1.7849767852708023
13.671232016541996 2.12955413761385
17.86557005572682 -1.4964273781039155
15.51673317124912 0.17631138077438174
7.989379232239649 -1.2104579602392322
7.276758097418545 0.874193561130742
1.7448781833877405 -0.14922626609162695
15.71243991045964 -1.003014130542306
12.634513199929907 -1.069111009762336
11.247592402658539 -1.4240200333339665
15.107983058464656 -1.2711417918102461
0.23449416331838982 -0.5736583538858793
8.84277189013793 -1.7619977021645388
8.571344783854343 -0.9472669958495766
15.311958016623823 -0.60716186755225
6.315106908567531 -0.46894356579104174
6.559470279826838 -1.5725906185917116
12.596456268324701 -1.1235576095323017
1.3235996614683585 -3.6034024673909784
7.698939742813844 -0.7046502960133693
8.532205315949511 -1.4977476310990592
12.321274272116353 -1.1834047384341642
7.624750592694033 -1.7037749438416372
18.306808857234486 -0.587257070288776
17.934879317173717 0.05115653133640073
16.951582053749274 -1.1844452030022992
9.439094895066097 -0.62105500763481
14.771677047609364 -1.104725954359109
11.949486185475038 -0.34369746967577824
18.425587216984592 -0.6331184850594673
19.374642196466027 -0.44297483135156346
14.750789624255384 -1.00968716985268
1.4965144134887474 0.3620503006888052
19.018534629542653 -0.48199825171562993
8.080712775029344 -1.5303000287688833
19.74683085895929 -0.46641786938005275
8.847210340705457 -1.511386022680801
0.5463041025339823 -0.04466063599841698
8.065604156780221 0.540757530403495
15.411152238211823 -0.9798933708944101
8.242379098748566 1.583929150123105
18.750219208152302 -0.34974875058987975
7.7870566415822235 1.4534033909906297
13.84016629831372 -1.0767893565638702
10.437790480554208 0.7453494835311488
16.01813366885398 -0.9859247102086597
6.405405979448227 -0.6284982199933886
15.090621354251498 0.19997771914405055
5.9779476699159755 0.3124312956104929
5.450913553619913 1.0891740738737001
5.699641216347372 0.32335236184096716
8.63119111686364 -0.7389377393273694
7.7740484550583835 1.3703190347015026
8.763752672520914 2.171177434803629
9.84929388738204 1.8902671476901631
1.8873789049332306 0.07704709527567312
5.67727185053308 0.37119454214601233
14.13227018809417 -0.9360580713802218
16.293683979691927 1.2062983791256094
17.253859726028406 -0.9536447220727339
1.1994777624303024 -0.5952004553256678
14.977699846325503 -0.7864643117121579
6.406846221053735 0.9082571433518657
0.9700180369514575 -0.2732884004161197
7.590179007988723 1.3402866388393004
13.271662941512046 -0.9912132671765399
5.834493762629596 -0.5163599767904212
16.779439757060196 -1.0589352936825516
5.211388282537252 0.3426810064424365
0.031028369649302886 0.16684594804158687
5.911813926184533 0.703356836405187
3.050003064463278 -0.7545724778102137
11.001551988609137 1.8492486929734353
11.32868229047975 -0.5217815870592786
5.638909864987651 0.3693334594890579
2.782498460346537 -0.2940264511439335
5.531757128847676 0.43572910932278647
18.175580556187246 1.7119101004870219
9.818062506035636 1.753914887551969
15.303927063839673 -0.09010585870901715
7.909106733029737 1.5051637686781039
19.251582720463503 2.0958002280220267
15.904444710240012 -0.6510215918112388
18.441720455972256 -0.6051894276543439
5.2634521265958245 0.33319925560967334
0.5879783027817446 1.1095656222737866
10.043123566181274 -0.7820657551999926
15.969114087878939 -1.3298475078741836
9.49168998241476 1.466808497606015
16.135593663062437 -0.3558012343647302
10.18676662331052 1.5974066985653073
14.193406942373917 -1.0043155953262946
10.517909893352359 0.7423475335574979
0.5057666165273808 0.04365307730991837
18.437255634293678 -0.9977132562589468
12.646468008282978 -0.3086880220979643
7.8336687836554955 1.398468735169126
19.02155882140453 -0.3627402500279243
5.606694642902837 0.3726583239344132
10.785632068815383 -1.4116817358215663
5.42542112206935 0.3942742160578708
0.5543190973353433 0.05400587975450116
8.609193308425992 1.7027075750049256
15.51751711937892 -0.9459838524424523
10.405451099162638 1.6666634241316256
16.06224149271513 -0.8470639491968244
9.035233779451273 -1.3097185132643256
9.482811144269764 -0.944814227736269
5.8507222271989185 0.3071740982538558
10.244097658858324 -0.9508000757127378
9.807651253283963 1.7661733634988195
6.265795551064256 -0.8752200870539738
9.11081770008065 -0.4041573101487525
9.825286094103499 -1.0270564828387962
15.343862916373581 1.0906572696846621
2.5701727524708455 0.3955939160966989
6.69243928105024 -1.0293905346851187
14.12702822387838 -1.0059257410176594
13.71875140861397 1.3045480292121396
0.17061915029545238 -0.05495012365614438
10.423287242462862 1.6602916709984492
18.01760002687209 -0.3346509270733818
13.664629476575454 -0.7963813248075708
15.281812554854016 0.23772886098131468
6.9823960947607535 1.8475941543415115
2.8438315766832125 0.37147364339870415
3.53689748818097 -0.12630586988308673
3.7206600838031387 0.8164493622783934
18.50551610856821 -0.9895715155977057
18.72228460588094 -0.10340872833785694
8.948967437252744 -1.3162186064138361
1.5178030104909654 0.35197765552113286
6.954784966332827 -1.2049708480864698
1.2032911247767109 0.8362064572992243
8.817150007757174 -1.2501724674936108
17.516795047636947 -0.5320604001291631
2.398129344916955 0.12107476937383731
8.39832525673816 -0.42097516304744204
14.076344988128707 1.1544876815587994
14.305170746026452 -0.5499430559701339
12.114774190005456 -1.033235415235313
18.842662054529388 -0.09302866856739336
13.791644047106049 1.2127011836234969
7.138167967792649 0.7527563818283679
9.12381919276052 -1.4282291283807378
17.2734099395758 -1.0736373236638153
4.581687551757946 1.0649245411625072
2.650490155263733 -0.31519210037177514
17.033936553744535 -0.4858152933297102
7.745340156426329 -1.0159683723717872
15.533588989871559 -0.7053992236202601
16.913412261682826 -1.2430653884361007
9.876194969401025 -1.4569867735179365
19.44553777540632 0.0533108821401946
9.824362775328419 -1.3762190061732218
7.180397592087761 -1.545919774345675
8.0199502279795 1.0240230069176728
14.52907024098939 -0.9486050131721797
6.795418060048922 -0.2400178683618125
7.147836336629853 -1.5449578448726249
18.073903457931134 -0.1826510842264742
13.819970243303931 -1.095419458055265
16.45545277105936 -0.6596427815051187
16.719931402473627 -1.269352359893988
15.076366929507476 -0.861931413624394
13.807062777933982 -0.9776835937308588
16.289776591680425 -0.3672009724403347
18.346386532889696 -0.5483707321890394
7.654836776236006 2.333444481152667
14.997401472841197 -0.9311634077955588
13.711453273548686 -0.7177919333530529
13.712918217484662 -1.0575729173825565
5.616405726455035 -1.5094460523053426
14.353360386028577 -0.9470002275152783
12.096392068467763 -1.1155456007141595
18.554341192537944 -0.48536694469996533
17.085325233442294 -0.5737851069306569
8.9561453864663 -0.756566430256589
7.940260835542833 -1.294247820069671
