8.73468979676609 -0.44468977162612955
15.870950961621396 -0.9142786513099349
9.411031841037687 -0.48147486196955214
16.004260924908497 -0.9691180537944536
8.931527660425608 -0.4982478043494265
2.0075333464393497 -1.1930190600177673
9.209750306772316 -0.5576605818977232
2.710148036348309 -1.5672011910620807
11.742952584632649 0.08343535368588365
2.252486385791591 -0.6966046408678632
2.1697347929471618 1.568981761739284
1.4062514691120918 -0.8243375303599395
15.280152061938944 1.371569593607673
2.6944440400746936 0.35334372695850513
9.356563125394217 -0.46520390371472
0.09694161311033894 -1.7097655376645415
7.900025614694072 -0.5095223541540916
15.74269450413478 -0.9351738334685046
7.809367589781426 -0.532362059724123
0.5144339307037675 -1.2950533295271933
2.5617772008676045 1.4658297541831165
16.31995697015063 -1.567242677109131
16.426107355268833 2.0489033184782817
2.6612652845836164 0.33928624144916875
2.3719698014658364 1.383205094746811
16.42385393645192 -1.6589385622251738
11.636958212950187 0.04919468292930694
16.175653026549526 -1.3209526043819924
16.738187182344102 2.336116871644888
16.19942205949949 -1.361463681072993
7.669682148552139 -0.5346341898323596
16.478852571345186 -1.6413623833137523
9.973624952711084 -1.1267127283020368
14.74776155324506 -0.22445224444676398
10.617947455907123 -0.5348358650417051
17.843765575079253 -1.948762799809548
2.4967511683723522 1.1471537614816216
17.213106647756312 -1.8291427615124423
2.110861362716153 2.005410490442655
16.15747329470996 -1.3362614466432532
1.8058387830370919 0.1554746330936198
12.299693497056762 -0.5142811409879576
0.11565053961046418 -0.8161353611285553
18.92981816237669 -1.7294212051939803
1.7478225988199094 2.2153143576717227
12.26219425947176 -0.5081635639291491
9.856487247510717 -1.232177543146354
12.413188792753616 -0.5817199672012494
3.502155091530685 -1.2032520221208565
12.664525877083369 -0.3810824468514494
15.505030675763456 1.5820224056689
13.79422213052492 -0.17392224498691775
0.3724858856439561 -0.7360498466836141
12.687418237048226 -0.379618397249288
0.15290535684244982 -0.8244842613535075
10.955113281397994 -0.8662075310609583
1.666530726957625 2.3324528037073486
12.689693891400319 -0.40005657339811823
9.983330600218512 -1.1230669636832604
12.424762758939684 -0.7980039195157494
16.443158298147047 1.5148306215568768
11.818039065634995 -0.5563853485378342
17.29355179362899 2.443082119089666
14.75897665990103 -0.1454179139939775
1.29898130319245 -0.17770172270590923
12.716992954005534 -0.6464020264335163
12.76698158825609 0.3831091463250475
16.069296212913372 -0.8275850545766686
2.1896819569161465 1.4810701369688162
17.226908410730655 -1.8359765379077844
9.126426535063263 -0.9940684407187725
11.948080650860604 -0.8827844672058872
7.278270767488957 0.29432038676241634
11.881855276560845 -0.9145105485912407
15.62339830827241 1.6442128696926186
13.719167156478056 -0.24457044035272932
2.2006220303509485 1.886631968244148
15.082879386362157 -0.4376590838018415
2.5851825090887144 1.1466745932595082
15.86854994317206 -0.762261049202711
2.680575328569976 1.3867895725306976
11.789157760089436 -1.035656018321136
16.186191129983413 -0.7263278098747585
13.380458349403613 -0.27560908199626394
0.6275582692189949 2.757202974571682
5.112190025988913 -0.5641862283323776
19.795167627323995 3.0205729552971436
16.19607625553456 -1.457162624097147
2.0278980194706393 1.8060204262309825
16.120020854552905 -1.4328117159809624
8.156058840467457 0.2134794470610961
16.811346011693065 -1.7608474410706596
2.3913456244642584 1.2929579175340233
18.03797707097465 -1.9158374601290267
8.935337198100024 -0.7075621280408484
0.804473177436213 -1.2322643540722344
2.4327558911341853 1.396307667649772
16.645071479161103 -1.7109351579772314
0.014042849753394648 2.7914810916674155
17.24747557387708 -1.990913252100493
4.387621145936358 -0.2689891160361629
19.604809351942375 -1.5167000547219451
6.768212753287298 0.6137023758040442
18.406936930136442 -1.8205059031164488
4.1229340955026546 -0.527332924314554
15.030671601821204 -0.14517497776059166
1.8989096466084288 2.028235022122771
16.550022157828167 -1.5547330990550954
5.735259603384873 -0.703696392684644
0.23195296660400735 -1.3934024891411394
5.235890010551134 -0.3549035140181092
12.761092524317013 -0.6192376911816552
0.331269899816784 2.7674060435997005
4.009396586411969 0.6677051401528695
5.7837551666855385 1.0556552616376398
14.366461253917647 -0.19832919095111143
5.45960441188539 -0.3538450252053114
14.695242688041219 -0.10630323795640959
13.179515298060487 -0.049270334662572524
4.293141362255192 -0.4293586864836802
11.732919405300478 -0.307016160953837
4.743692084287568 0.00950102069473819
10.39423466023217 -0.6476114160742997
17.74583520924733 -1.926084058130912
1.9223716863976987 1.899925810031867
14.687736612930161 -0.13078944023032188
0.41777968886753036 2.8192025261232
3.4859086541691124 -1.0425789342978395
9.387708110009482 -1.7099297111154907
3.8136867409325275 -0.9606617650856338
6.930680468100604 -0.9412703146092691
4.67267656066028 -0.614421499290006
6.204833543219004 -0.861433266246896
17.75445393841079 -1.9206831111178126
10.799300309650787 -0.7147020026827366
14.379554772544429 -0.06358108126251241
1.7754749081774184 2.2063358434752427
14.329212122302387 -0.16505261009113406
10.542656746542269 -0.06280071583574091
3.8253944843338026 -0.967307424995027
5.8685925987080205 -0.19370565017590793
14.55961322097192 -0.039580934327630324
10.318343390733475 -0.6880327950376429
3.5397820455137037 -1.1447588699923588
9.062947572670923 -1.885809625241154
3.7969805903587233 -0.8626071022970302
7.291732131143317 0.27305879587878146
4.00597767965345 -0.9345580271645229
10.915789453074783 -0.4108355478273434
13.160520304502896 -0.16972552880458736
2.881773365273228 -1.0861352146676873
12.263121696855178 -0.77071505728429
5.569940675091208 -0.28342425703167584
13.074991617246477 -0.27439520609653256
7.431308009264337 0.3275783436454066
16.27796908721958 -1.0678613961103613
10.513119484712222 -0.6206016837050373
12.604466356999177 -0.35128395110426985
9.06628209106765 -0.8959669988870995
12.546798955813424 -0.3683506758802924
0.3563708893463786 2.779697624979125
12.491989316198689 -0.3713798566115288
17.770145607804018 -1.8675687038259348
13.504060128509883 0.10639863075283355
6.3363877339046475 -0.07044582107667424
13.461417578497118 -0.19464278257067266
0.16314303078080533 -2.7292171082157606
13.447542212287297 -0.032479309410183455
13.959382340878408 0.660517633364232
9.237674282736384 -1.8119754522532407
5.81148188495635 -0.2148200542174162
13.175657226449623 -0.17442246808672168
10.007105894247083 -0.8596579029788199
11.77498149229959 -0.4797101248971961
10.472145174133734 -0.48096797045573597
10.969912369935475 -0.8097088262131047
5.383796577240326 -0.7602014434297247
12.49372555704237 -0.04610977114585083
5.237584897216361 -0.4671681526355655
11.891729565689095 -0.45209255739472665
2.064022331020273 -0.2945731206547643
9.687938511674107 -1.4692921102377876
7.207540005952298 0.2594050877737217
9.143253876474894 -1.850628443856173
6.539894607964721 -0.0015457585562655002
11.928201307942214 -0.32517793778733617
5.39281867006207 -0.3185514474218694
10.022055015563359 -1.2164075732047475
5.512669822506729 0.14101063308721618
10.153967658531915 -1.121008218509146
6.594289111343756 0.022972083890672776
2.8408686063874184 0.535812480167605
6.869277953394533 0.7063584350673707
8.825174367247117 -1.9626370819627685
4.851408720305372 -0.3774934017361104
12.041596432372193 -0.43034769904922476
12.947159854353348 -0.1409559218333014
12.476127877236031 -0.36990033728959965
4.307458814539501 -0.7441144320476533
14.131405422553346 -0.09530973761593278
5.344196010232435 -0.30451206206884746
11.909504870793695 -0.333769620357777
10.264788768775965 -0.7794590973549235
14.493973649006305 -0.10640929397353446
8.031018923592374 0.15295990128776227
12.2879772121839 -0.40364285206585754
4.714264341616066 -0.4449908866628895
14.366010423531426 -0.19982812849199968
10.287411580606067 -1.088993597764712
13.311977485768843 -0.046616720190636216
14.975699299442024 -0.36427361301649386
13.117080190186675 -0.19731542749897624
7.6789011627187485 0.3489984626446316
4.16315889464214 -0.6113771259774076
5.293829774990462 -0.35858454388027844
4.687934010196913 -0.0678045386564172
5.971012743494464 -0.1699980147886602
14.453915506273086 -0.14502095277129454
8.028381953095904 0.19346061232853695
4.33560105220101 -0.4303544149090894
3.935747722042478 -1.0812898454674884
4.347181971283824 -0.4093372945136889
5.200411156568812 -0.40732070688615934
4.638778453367714 -0.6733194298111372
18.015313276142848 -1.862478492037428
4.7038846143414625 -0.5896458875701318
5.988295149107226 -0.1942849390176788
14.238192502204836 -0.1079008424261516
5.904401873121391 -0.14252691573171625
14.491503507561221 -0.0016706382523496849
6.1026566076276705 -0.1451995233929776
4.60731352652551 -0.7069183440421495
3.6783269827482408 -1.1428806597609
11.794791462564802 -0.53391277016402
4.414263993746259 -0.7132478288114619
3.753052436848496 -0.9503643784558836
10.69698461598581 -0.6676909370575805
14.501186283875992 0.0013399853732141281
9.141501102733601 -1.8423880687928027
3.786543596237749 -0.9783167492095605
5.123055159093085 -0.3981553783104575
12.693429204058834 -0.45295343084179057
5.6052572786921395 -0.18476307573004835
12.604860239255581 -0.5054527639556189
13.627676356948935 0.1461966530978329
12.556776363361022 -0.5383079773379543
4.582486009660579 -0.6132339810712951
14.388916525117187 -0.2561360601396343
4.368987538884782 -1.2695524149686828
13.95224096779838 -0.2018977819718056
5.34660022158767 -0.3098617001354747
12.525058152390692 -0.425706097511898
3.951575554511109 -0.9722594196641181
14.21248519837418 -0.18322932288762647
13.882568875624388 -0.08008677259130736
12.805344882813294 -0.2988277765959936
4.591409926063221 -0.6198288026020785
12.368568829180068 -0.8262862637989931
9.888837706531886 -1.3127812005625128
14.83747734494989 -0.10831645346227406
4.227469253574596 -0.8123544166032511
12.146067453321383 -0.9122142882957279
11.80123907733129 -0.4686900040625478
15.68223829326228 -0.6336404331796928
4.443667128598448 -0.6505187894031399
15.647290880733951 -0.6384946298581397
6.181533618534622 -1.0078035912940142
4.73559224475019 0.008097716948998697
16.72164348478781 -1.634113491429351
3.5110430425074384 -1.0574385144201874
13.251449878522246 -0.009889126371845577
4.415244811898664 -0.29404947444123314
12.071236265593026 -0.4138177696775053
9.905092752145391 -1.3817285905801875
11.50225882909429 -0.5820386290334352
9.223946716393707 -1.8506049106654154
4.660912603495704 0.1887645450409448
4.065715311578925 -0.6444278870090787
14.118403012951465 -0.18838427358633342
14.974844648833676 -0.147516868068272
3.227866590619458 -1.1290006894871876
15.144358367897182 -0.2619332965879692
3.324431269345816 -1.1251980028955366
7.93121504392338 -2.1787075545370675
3.490007415372833 -1.1538493836245227
11.787146907771906 -0.5117431844178694
4.705196624270695 0.1801707366864309
4.4295784621692755 -0.33151270691149587
15.281027259739009 -3.093492939647122
16.87247271811286 -1.8638792905196897
14.360063651245582 -2.6324307170626273
16.090462765718925 -1.1965855545973276
17.2878662309887 -2.837655531859662
15.45746072901653 -0.9568143453715509
16.08383746689231 -2.8564272293545505
5.201330631013384 0.9323716671782074
16.113468102852433 -2.8595096095110963
13.777435996122536 -0.522296474861562
18.10504406688638 -2.5651232766557954
15.579840030818058 -0.9125675231027962
19.85283778403427 -2.0936252977212666
5.112913763972568 0.8194983791731907
0.8428241131263631 -1.595729630032978
15.660200944936031 -0.9257494942376925
1.0817713551034116 -1.4467498364806552
15.09881614505028 -0.7258054174244972
0.4704629398561589 -4.398418623238662
18.27581918963657 -1.9563040063165165
0.4456726129642483 -4.368199194531901
16.02162314101029 -1.148014099052201
19.934571760758843 -4.486782413586109
19.245211271086763 -1.7692086673897158
15.279391234248774 -1.096580048452867
10.991869200951061 0.06771990658635814
19.83382459299025 -4.284234946446932
19.02893979350515 -1.8032020501647312
16.597359942098684 -2.0063915751983754
13.965344828710512 -0.517777939793531
1.2724696644452254 -4.293911599425884
4.845953465761055 0.7320759724920717
0.9323126820575984 -1.4834269142484127
15.292866627891534 -0.39442139753141015
0.6939434421479671 -1.5136434452502392
2.088744104026315 -1.3240288859336986
17.273666753207273 -2.811626829474706
2.1369214442465876 -0.6198426476812091
0.2673229386367716 -1.8573310458317793
15.402026663002971 -0.9181955332816789
16.52190750083109 -2.7856844397999616
15.113052899664066 -0.2465272619014643
17.417082556380933 -2.7398441855037388
19.697740979274194 -1.8664427473125846
15.77956564908181 -2.7512133796140152
2.0297752468166492 -1.3056596683035218
16.344619603436236 -2.8275903926497885
15.284711712001258 -0.48479845582500203
15.546796663533835 -2.792971946930763
6.708033402792632 0.8985196183478944
16.311181021674617 -2.813951287441611
6.806089199570111 0.953160685477258
15.466193660140098 -2.828453054239899
17.948993498622876 1.8484385092676834
14.019853904959655 -2.660889042601507
17.884051406861662 2.2905959719815896
14.391034738529582 -2.662700485992502
17.642437884122884 2.1502331925175038
13.619998654724975 -2.6723049847151117
17.98491468709656 2.285928600884842
13.606039738308615 -2.7016946953954792
18.76174680831397 1.9186954227185093
9.954045549487283 -0.9138246946432241
18.6460128811827 1.9990990332535215
13.86717771780594 -2.7704398107373485
18.441321792511985 1.3770367459405837
10.738994166303526 -0.9312136896770968
17.90303829024371 2.0249145415953564
10.6349453152929 -0.733701886647449
17.911233880106128 2.0273228854961
9.301885222674018 -1.7880258741861677
18.84341835712045 1.7824306347595864
17.73732724332147 -1.9267685183921839
18.620531747377996 2.0559157690882937
14.05364280813666 -0.16220557837778843
18.297224835146253 2.0834970579824277
13.812199109317373 -0.1148473094393325
18.343003997452996 2.0892911330172894
4.475386532308985 0.3038082516685236
18.90645788791609 1.9689737949773445
4.363505197880152 0.38076469054021433
18.567184802042647 1.1577391483701476
12.917734911100423 -0.26130190722340396
18.426180014501927 2.068097078157872
12.187641155749846 -0.7848964680697537
0.7619648263369638 -1.362964175894215
7.709175634402996 -1.992157230976347
4.6247257186819075 -0.9114666603236941
7.590816134823084 -2.036237804974803
4.777955997438305 -0.7695917559319586
11.915104235491821 -0.5350543610323982
1.1997218742180373 -1.106601584748271
7.767749254348647 -2.205112523967194
19.714295907531042 -1.6461136205272064
7.3362546530710215 -2.281961656097973
14.619859006739599 -0.463749625694981
10.789321708863278 -0.9328182112728249
12.39072182931312 -1.0995740410795736
7.519719574031978 -2.2713593346457532
10.608306924046056 -1.815923270865906
7.4627670282960015 -2.0040555898042722
8.41226660911975 -2.9057458726537746
6.996934310653723 -2.340451526959082
13.95811567156845 -0.6486684102691996
8.686683359661362 -2.0949070452908165
0.03662955667057374 -1.8362931645334999
6.908277981082334 -2.3915006536558594
18.61714282450025 -1.963551881341337
12.20451507879399 -0.5236042331190457
12.321466210643191 -1.1399431834766298
12.101384773812795 -0.5392725088266906
14.114227800594003 -0.5990030669922041
12.224470492569068 -0.5160678486477731
0.48916523943434875 -1.5478034386144508
12.606331274219711 -0.43747026522540894
1.6272228847388774 -0.9009434279070445
12.594397809525955 -0.44329899677127677
1.6123518767100173 -1.6194878117972304
11.756924701134581 -1.0656269166840078
1.5491799024623747 -1.5432108873381656
11.519986295134952 -1.131170830101727
1.7271105404000378 -0.9934007399986793
12.208953951136344 -0.7005591960284296
1.7408649766913786 -0.9752339674696946
13.488247294360956 -0.24082606571746065
1.5494330882037741 -1.5800648510751774
11.598159462528125 -1.0586907037710205
1.6327932848578126 -0.9883326892044096
12.90473445025223 -0.5493907482279817
1.6739005148948933 -1.0038324205231215
14.465632239472018 -0.33175549649212177
4.569971496180635 -0.9797106817617752
12.690398370834714 -0.6418487994686961
2.2190001368408527 -1.6158987321791822
15.892496206090335 -0.8486265005048206
5.300312994494143 -0.619536868322389
14.80248750394414 -0.19042475185479749
3.927516951929155 -1.1878328704881607
15.666835151826504 -0.8809766026463295
9.629257480140284 -0.33462982205000935
15.255653179611453 -0.8713574332514747
4.548994492369793 -0.9880507692573538
15.052033495470917 -0.8389573046402553
2.9505046086893287 1.3495504751518221
2.188096099928509 -0.8323465551804103
9.296997360694096 -0.06521091010005377
1.9644878512774127 -1.321561594025554
8.746508194641985 -0.017612291265045932
1.9308165331795384 -0.38264519320445894
9.611526799826992 -0.17566767584750176
4.940828996312918 -0.6472712266050354
2.0084934039644313 0.24315729489059973
2.401647667349263 -1.5133696152751854
9.377167133302404 -0.06107953833198755
2.238686658730596 -0.7064688918238229
1.9316533530367843 2.272428460561719
0.6719662354530442 -1.3111978138770057
2.9839715958013566 1.7842645578762495
1.269934213460195 -0.8759543851182473
3.378797638980565 1.951554305862827
1.9571255025560765 -0.5638718205917377
2.93013593915059 1.730490620448265
18.521312640424647 -1.9497807412209145
2.412979608145386 1.967158875317176
0.033423575903815034 -1.7490336370332582
0.6177713714629425 2.8909430841578705
1.0725297575969623 -1.0206925291943998
1.8471363958731524 0.13479701480914313
1.9455039783741674 -0.5638767571343186
17.700233920097997 2.619152794413864
17.72310980951678 -2.0597913219294166
1.4048925290200256 -0.24296924789037255
2.782691951816571 -1.5557360667512192
2.3884065869974433 0.5595795077455303
2.08747088980064 -0.5776974919951849
2.202025923026731 0.3546380996935682
1.2449145121333034 -0.8932679192579573
0.8089079926050238 -0.6084323069159223
19.418730127629974 -1.7120964750504823
19.112273224343042 -1.4061338334587117
2.6509324745235556 -1.5949290571250705
3.493960934602347 1.5963509850351505
4.177663274124517 -1.0287408754263763
0.9267071257741373 -0.76663746712856
2.2306260435625127 -1.3655485382975692
19.050561017211887 -1.354317268204043
7.0443538094845355 0.09472171914747733
18.552629717232218 -1.5618477449246508
5.164658601624119 -0.5454956819112754
18.086308826082217 -1.4623536345653247
2.713355428648545 -1.5816115462986255
19.44639852889324 -1.3669958937436504
19.898496754693152 -1.7751018527757345
19.05093018006039 -1.1528939554697348
2.7913120719275164 -1.5602023965003666
1.3487045418335684 -0.5155443958953156
4.941566354621738 -0.6511730034377651
19.442445996148404 -1.368542908245057
2.854160777417891 -1.5404074986972838
18.63384305058184 -1.4627556799270098
2.05575422208712 -1.3366828480570097
0.9752595236820528 -0.553759200378927
6.469340551364776 -0.13783931157366347
1.3749249412543367 -0.25524672993895653
3.453196570187958 -1.3701747619779863
18.015779027130616 -1.4718318003676116
2.5830579773999847 -1.6114090674255692
0.9289942412189707 -0.5585084151624408
2.450857444934585 -1.6123195050199621
1.0928626321692907 -0.44038180488018996
6.6805741125968705 -0.06546085784656461
3.415456131020528 1.5577665479650633
3.659624410830077 -1.279413607744122
15.934002876525017 1.8400442938229604
3.0704499770878027 -1.4973071247333096
1.2305502676401963 2.73002680697828
2.4564090960858724 -1.5976837795883803
1.2854380415089062 2.668638157087881
8.96386141373611 0.0023845629118708356
0.4164933243453741 -1.0292500472303716
6.128751239670191 -0.3795981370399793
18.948608117099425 -1.2090752738652253
6.855035908161719 0.0013430611246326163
3.0515840163605104 1.36647474395543
2.769302124771699 -1.566875717745654
3.0878601836483033 1.4669740787989913
8.928601171016007 -0.006714364524919136
19.64242181050597 -1.2190608756331633
6.678673800725883 -0.10746216518852049
18.38130031620666 -1.3974266544794751
6.862010178277764 0.005435842477075459
18.920954557951447 -1.402515342343792
5.808999508537607 -0.29914689391322247
19.345446978639462 -1.3881542798908484
6.4299902589963125 -0.31509046883603437
19.365186909490554 -0.9747593066346223
6.364401654093945 -0.33136618545584934
19.02859369728232 -1.376011262057916
6.531693545780383 -0.16911617565972964
19.37457407443869 -1.3128581346747303
6.565706874001299 -0.15045623497662447
19.663963441635783 -1.2191788836314388
6.523940327844821 -0.24101175587713114
19.479242454123607 -1.0851570846963163
6.5125381637568465 -0.17542105688998866
19.47872624561721 -1.1248361363891797
5.8214923047372205 -0.2970276691311867
17.229244261144313 -1.4936320877989566
6.0192056326667815 -0.25041475321312545
18.792639801815184 -1.3558548394599488
6.077795125266417 -0.2257659748247905
18.638757209946743 -1.4538663525740452
4.934811518089287 -0.6698091932977438
19.141199862746397 -1.3105767129779446
4.899072919569533 -0.6845139030988622
18.354924292786876 -1.3863517576884103
5.269741269465995 -0.49771999446289555
17.229348794564576 -1.5048343299895028
2.1917483938340654 1.99212880536797
17.231754587939655 -1.5036978512629584
6.44415581802661 -0.36896614665373856
18.907312197642344 -1.5480961642463427
6.5672278723627935 -0.19135769070568193
17.23501816513142 -1.521938502107546
4.4860508645017205 -0.905468919587465
17.21804494220416 -1.4775196499917842
9.932378330713746 -0.04675418614746961
19.386015344112632 -1.2982172537511958
6.533983364304967 -0.22616556873388638
18.57384756804982 -1.362946736204609
6.50091646493406 -0.23426926259767528
18.931752348747814 -1.528557978918019
9.005482602092489 -0.021769543438167088
18.797633982180947 -1.4893299823217805
4.856971000202109 -0.7139749402823398
18.715531343618142 -1.5025803307141643
8.808491583536668 -0.006431656873860422
18.934072032911498 -2.201765597840051
8.832758119953192 0.0012399597798868206
0.9515458310177732 -1.3180086862886584
9.931007077991138 -0.05149726537591402
18.97421343430758 -2.2079426096041312
9.35137584438403 -0.017337480069722536
1.9437645769617933 -1.6661353695614118
6.982430217794689 -0.21560542531839577
9.266230363478066 -0.33262388457712677
7.047502810503407 -0.22386460515993178
19.03175399842847 -1.1841143869874096
6.362525718946421 -0.3961506054868969
5.6436029831617915 -0.553527241495025
10.264766595924993 -0.22257576035134852
10.871506002330133 -0.06892132897432228
9.872458937577802 -0.0569903883816381
1.591268123775611 -1.7226036783422085
8.958144572182295 -0.0030235200398248674
0.308176723766988 -1.6961171229926808
10.198981801617997 -0.05545367880240523
2.172948513493665 0.3440712458214831
8.984552323993146 0.002899915921954488
4.969096174424036 -0.7619632076500925
11.026477912187772 0.056119946192132064
10.654253336322594 -0.14863362437262922
10.182947551002545 -0.21471329617844798
9.438893652510933 -0.17242644665361032
6.8040324509505075 -0.1942859792314035
2.2520073656498387 1.9242283535747515
9.84171601234808 -0.0683380237695465
10.402013245035075 -0.2407109202673145
9.864781220668137 -0.06525220614500392
0.7326850713471956 -0.6619210709332409
13.228784328644121 0.5616956600431429
2.8851551632099057 1.2771657067087983
13.241427184829629 0.5656248404395554
5.469956154083188 -0.5861773070807851
10.703893809687006 -0.040209455908222766
18.272184966707346 -2.3760567560250654
10.19459272463135 -0.06290860849152954
17.877405949334637 -1.3554649935336573
9.859234340061384 -0.04326986460216006
17.50012279487566 -2.212988232703824
10.393962818363944 -0.17541892831988215
19.766864894708775 -1.0569500525370938
1.6634155281542369 2.453527600247322
17.706857018051874 -1.5872049455372599
12.548447268592167 0.3498725490671529
3.1105263357879487 -1.6508527964577004
10.695036980217445 -0.04571897075439134
3.1052566227145695 -1.6107421078527422
10.174329164205375 -0.23399697057315105
3.14915343553059 -1.630397871180914
11.799345858954807 0.18447080140874436
1.7654408948747118 -1.7034857122606515
2.507923274175146 0.7131453651379844
1.7313917516870152 -1.7065865292290376
18.967671099036895 2.9614166403777884
1.8777434918420848 -1.672146784461003
10.624103906194158 -0.0644087051353283
3.144161779649224 1.797017659093087
10.624056295635638 -0.06631726440377704
14.083397302216834 0.9395679041620629
1.8739121868329032 0.10848760836434691
9.353953896149912 -0.17791296210360574
3.31936784418309 1.4484554740978344
5.122739741263299 -0.7007509935760111
3.7419711919676724 1.758058230355229
6.130634824802959 -0.5031146763524188
3.5004476328034433 1.627722191541647
7.641791929223584 -0.39716070777510065
18.455632095646614 2.818515193534538
5.959713867348236 -0.5242372953172737
11.825637646299565 0.17206243905256516
1.4364658762888858 2.6225723274250443
3.1893886642023643 1.4724843808996029
9.153040729918061 -0.38565759475514183
3.6532463190824087 1.6907839983618793
9.738306401672387 -0.40683327755644294
3.448662173968131 1.5155629016980967
6.967214787772234 -0.2817306405204133
3.1357205216950086 1.8114467019293494
6.64224640932645 -0.3128396013782192
10.717944998204894 -0.04256690319261179
4.062773740752015 -1.2355358033002333
0.38490975851682885 -0.9444535753237054
8.261319592542332 -0.05306863825778471
2.6309244985166 0.7733519021463099
8.28165059562371 -0.10651769667527324
3.181215965921077 1.4814419515613244
8.463987723211337 -0.10595895245620844
2.56263394853 1.6546749224227826
6.662496482267777 -0.29793189329441905
1.6431736973748967 2.4851255652427797
5.216088610511392 -0.6666397347060316
0.14866270062767734 -1.0987758098501568
8.499762453720853 -0.09704999650255777
19.634086529705698 -1.1709671477595476
3.2362131387020425 -1.6459879500886252
0.23297526546565311 -1.0055757222008532
7.127755783997987 -0.3496458921948878
0.4702796919625284 -0.9002516512553017
8.450300570079055 -0.10465396659025071
0.8262091683375655 -0.6830258183310155
3.4080044824860893 -1.574814846843472
19.797832805971147 -1.1547731108930561
2.967852773603084 -1.7404919585737177
0.6048860364986521 -0.8804301206884206
6.2509024715132675 -0.5527570287420076
19.840774737459547 -1.1057673075270065
5.431499237801566 -0.6640277452145539
19.761990587794635 -1.1287927501054518
7.628738480494596 -0.6397934205641848
2.0492599961886797 0.24530487240225202
7.234789395659777 -0.6735350748249616
1.202679216317907 -0.5768667465297675
6.790242602037126 -0.5075968622991164
0.7815865677062196 -0.8410185892423497
8.183854009625502 -0.44177913562636467
1.1355368724774364 -0.5688012353639658
8.165750444338862 -0.45128707986399014
19.895315500217773 -1.0892974898274763
6.752427937751723 -0.47702957583868233
1.4400762044085689 -0.4515562921425238
9.707872484549263 -0.8558661678251894
3.624232554932616 1.1234556308100863
9.496516678368076 -0.7752325820044876
0.5350384651452187 -1.000542764684386
8.844756693546337 -0.593231938743747
1.7644509602889127 -0.16223537125021553
8.771889951450683 -0.5860963689480456
1.6341036972421756 -0.24113279581555497
12.418621697519262 0.1278408845180181
5.330116108608595 1.0103937278699535
10.823922031229946 -0.25510938479341366
4.648012269953593 0.9658315207950428
9.690662126746398 -0.8580533498548507
4.684162454781865 0.9614117127501633
9.870060722016458 -0.8448478676291028
3.0112135957169652 0.8356521984387061
12.580764750677893 0.1873493475657162
0.5267477824952832 -1.0079811517658859
10.164144238073039 -0.6323664572521231
1.9581118407581402 -0.04098446141198223
13.331484901264371 0.46284044738241653
5.951889891803835 1.165743500318361
14.91064510740386 1.2438348254299132
4.5503114273281176 0.9921437850905288
13.405342939000207 0.42015722210478706
5.1892634948182135 0.9476972640656263
14.850416989178148 1.220542849993307
5.285880381990388 0.9819125844138343
13.293846690599361 0.35780037682534677
2.486992668366565 0.3593704094311813
13.994691988003014 0.7262567185024882
2.5920987046906543 0.46349662066620567
13.538069854075287 0.45596661582949566
5.135149067616791 0.8979606853214928
13.688541870413973 0.5249924941293531
3.0796754728896145 0.8068932171841477
12.868071186863588 0.10801098209824783
19.182439575058343 -1.5078539745007689
12.756229467490007 0.06333993195645927
0.8967203185032366 -0.8489127869457668
13.720275593807214 0.5467966937323883
2.174129151656646 0.04003522028854645
12.90693558343918 0.12712664975150512
3.133944755388708 0.8519196643511485
13.622013484491161 0.3797785906069087
1.0209969197459734 -0.7077348843670958
14.292473480587441 0.7394810875392274
16.584180124501213 -0.5327414760920849
15.047289231756526 1.17879037408046
16.358478766232555 -0.19433752282992656
13.089297506208844 0.07643928094340699
19.651251498172314 -1.3568759549506908
14.901683846258075 0.9761455569227244
1.1848328660372214 -0.6450694884866548
15.316716322397195 1.107560981428139
0.8246450743678588 -0.8857552179288856
14.688945360443233 0.8680697999191702
16.4686174862128 -0.44924957629584
15.312418201207004 1.111954073303797
0.36949882348111046 -1.1992962582539284
15.54841394781435 1.1582758458308038
17.754390694501904 -1.6823278617269932
15.204497845926403 0.8751628097501114
17.301141248989566 -1.5684389101448697
15.155828168642298 0.8598723217025983
17.73064209360423 -1.6663997309685388
15.190098003583543 0.8044481335227495
0.4637837450327529 -1.1214012719398483
15.12078852627578 0.8186622798613024
16.37434698826148 -0.21948655620938362
15.312706098985071 0.8221960939406253
5.101790173223413 0.7379230426043584
15.272237895613612 0.7804163129430745
3.42036659366666 0.9405688548438956
15.37035129180792 0.8018961837938435
4.232458961833775 0.8328232566067204
15.095211457028112 0.6182828880798191
17.801053258378357 -1.6871360204422365
15.361362055255999 0.8005256525280603
0.2964185670470782 -1.2336799349750598
14.84837896421338 0.2880214711969493
4.051054081236195 0.939611184560454
13.742748903226156 -0.04110990821364503
17.78202714244152 -1.6210103986237305
13.931067703701265 0.009120145467853676
16.37259575139973 -0.39772245324952304
13.576051253920063 -0.08959992641882215
19.65690423299835 -1.3649035525694313
13.179920010903425 -0.2766790588639216
6.340784893927651 0.9098042669998593
13.348970308881192 -0.21432576830548225
3.738662568913798 0.983239439481824
13.541986985704526 -0.11128477887432263
3.8735787060843614 0.9644571580372772
13.17232357551837 -0.2895043697680752
4.7324483458100985 0.6144783505597499
15.368585844809665 0.4067618477030229
4.706401702382808 0.6261547685382062
14.215399396938308 0.0012380566066642427
17.292035621062887 -1.577793973658748
13.111548071064814 -0.3198452698836115
4.6692149256338125 0.6304946537717847
13.099291436204059 -0.356695850766217
5.552498824657685 0.7970320849981666
15.098258651561807 0.2580623945711106
5.918461496841327 0.8021904503472053
15.149748326402277 0.41066889643951493
2.5340869970998106 0.3701794675228786
15.273891095550528 0.2051581903809121
2.598814922421434 0.42660781818507654
15.324050773581838 0.3303979593438334
17.752583597824096 -1.7267725828440015
14.239082944760982 -0.00926136830892939
6.328729297192977 0.8986071207558436
15.221517228287293 0.22898912746339514
3.5552972535147966 0.9621811032564139
14.539061545835441 0.11057158614067095
17.399893463456692 -1.5709135109976275
12.891764593357385 -0.469478423060998
2.1766045039738695 0.019880159052990176
13.674404795356981 -0.08712324367124596
3.2572598989908297 0.8631121782245142
13.322023077496338 -0.23584716593817381
5.064692447667222 0.7213267594582196
12.91487286013823 -0.4570855482059288
4.937113950360781 0.6586897398524003
12.92121944548905 -0.4264868501304812
3.2528783736435414 0.8757262090773641
14.454153047142428 0.07120806903078218
16.425841773782523 -0.31641294124950015
14.395496764940718 0.04168397866085085
16.45044618458489 -0.3593865237842053
15.191341863961327 0.04607055744315301
16.56134623958924 -0.4411927316802444
15.056434320185177 -0.1056797203544712
4.784529549791654 0.5715718886533759
15.116290214484838 -0.18681468570775062
4.386621192640376 0.7515226864944858
15.312899892989067 -0.2637038429590386
17.867162076965894 -1.7240816501051086
15.863246459899454 -0.7104560928395558
1.8082406739330565 -0.26323309632505604
15.510010260669288 -0.4804713747351792
2.2522238019386758 0.12010652314726594
15.56495710468482 -0.5002751958126234
2.493082015813024 0.31912481797483655
15.372570794109315 -0.41503382689166046
6.096486327134342 0.8536495135942033
15.407850679231995 -0.39172367235748284
1.7066586047938228 -0.3481314125335635
15.245868621649322 -0.27279571083388277
17.85999862255251 -1.6888958424510896
15.280334438356098 -0.3574958658512457
4.159340819522824 1.1207213158482132
15.422529159111049 -0.36862349542719974
5.533363173902847 0.828461679030289
16.051337609505104 -0.8108108864087599
1.6136720510805784 -0.42306349188345527
2.2476804216445716 0.04506337719391698
5.514107554694709 1.0934024148932302
19.07526724721609 -1.681621764182942
4.924743294504245 0.879718113767097
0.33836063435342584 -1.3281675090323268
1.221229495553038 -0.6242155058374048
2.24461548979338 0.0403914624099573
19.53679508295168 -1.3896661818761171
2.8757069966486872 0.572635898274707
19.713425554157222 -1.3991837021792664
0.29755471873447703 -1.3497253881830613
18.2263243241876 -1.65174546127469
4.639025194847796 0.3031959869143275
0.06662948156463777 -1.0983190792466995
4.811675235168667 -0.04623584684244902
0.9384270170313966 2.834857189062049
4.740024960942995 -0.14965834542722556
19.796119461799346 -1.3221670728567128
4.721724239204662 -0.17688930150599957
19.547811398809912 -1.4041253021614912
4.719438816205424 -0.17760799242829095
16.38905823793523 -0.2778990058047609
4.293397910588689 -0.6598410507110685
4.802061197325409 0.8389073717563488
4.7433570260972795 -0.17966068323794349
16.37967961327394 2.137968890658424
4.272697225508476 -0.6659067537657472
0.9468760319444366 -0.7534355676732446
4.415703345231566 -0.58469035282389
18.440349636043386 -1.6584785027261009
4.281082956388661 -0.6685942905625494
19.796959334098744 -1.1005606007134292
4.28634377135091 -0.6668178522147313
2.0778239525350504 0.09660021314147788
5.386308788167428 -0.1918759709496305
3.575425632349832 1.7167508086239913
5.140717536497157 -0.30687656835792304
11.204929300338511 0.10656157153217106
5.135398887008983 -0.315992073846046
10.158572559777626 -0.2661641157871834
5.081043814895266 -0.32974150013063763
9.244009515066361 -0.044833730465910895
6.466108631587437 0.09342126640632196
16.596894308481705 2.2743070832027
6.391930060254432 0.07258777683536555
9.500621631008459 -0.02779422512929096
6.210005205298365 0.028949619560173237
5.772794807408827 -0.426793304720158
6.140438784656051 0.00998382467205898
1.067839286513002 -1.157533320023269
7.017209696358455 0.31323117757209556
1.7741374065728324 -1.5107030966512607
7.335605734128593 0.40062670139326795
5.874967569066471 -0.3977681826643006
7.127511035981632 0.3302080335249051
2.0160632868902377 -1.063722047407916
7.114616846585743 0.3292230734851939
2.088655527830308 -0.9687277238631751
7.440215201574264 0.38691816622345415
2.061548035853086 -0.6739274359003535
7.233986963953517 0.3053481669595818
19.733395529419084 -1.8250024459703391
7.3429245625647415 0.3435888328859267
14.692350786201075 -0.4216381207629605
7.401569369224229 0.3624307955820335
1.0769355112987686 -1.1554354066538166
8.134231914582212 0.29879456621018585
2.030126507115932 -0.6291943540212901
8.091549033920819 0.2686430892978062
13.266602576860299 -0.7623007532135746
8.274515396205443 0.3248627356111691
14.404069165904898 -0.42611732108333833
8.319639998018932 0.3437400934395461
1.9109774309824097 -0.6116510392164387
9.176076485487105 0.45220555606287216
13.24079401781152 -0.5710588980878527
9.5894116187448 0.3572856342563663
12.458248018098006 -0.9147114732826426
9.52185890661872 0.36846523840016343
13.521497461401749 -0.35646812037842085
9.622836099473355 0.35710324810778615
13.93722219233418 -0.6229631910478813
9.885315895647915 0.36803192907299564
13.598015510786585 -0.32230297828884463
10.052829659841985 0.39662302042738634
12.638802947518466 -0.7222071795184922
10.147549091496941 0.4053577705821743
14.93704527539025 -0.34550207029778573
10.125559464489118 0.4051397516237752
13.069905184382117 -0.5203196246012205
10.415398832061632 0.4846158600890174
11.325500090719567 -1.2395049144641905
10.438163486506777 0.48656098829313293
13.424501876561378 -0.4061686647896268
10.615330601712534 0.5678522084914743
7.337514852427518 -1.7385890618834818
9.703848970311206 0.2611626555367983
5.897005819502284 -1.1880244673567384
9.069547304192307 0.23540131450551496
5.923450602690048 -1.1814226851320384
8.613448979718674 0.2555864620177598
7.595636692990589 -1.065556556810625
8.377747045149343 0.1802645063254124
7.321497385624398 -1.7291957547852979
8.321644165410865 0.18139062956741347
7.28089787640693 -1.704450298790232
7.8422999238452435 0.056996756683223765
7.095189694516427 -2.0568447764299083
7.6495821753865645 0.15499528781916727
7.095334304754153 -2.0402132653422673
5.10576043517071 -0.5501249184958755
7.3020246378182705 -1.6274251726403357
4.663683683452003 -0.7754995943892846
12.002307513159076 -1.0282869904039824
2.339776865900787 -1.366393689572738
11.953238421618332 -0.7937453248023171
2.4809779405634482 -1.5312247344521521
11.91836374497713 -0.8453223178494883
2.089027007914072 -1.2821390934192074
7.321923126823684 -1.6148475554486657
2.1616237513411436 -1.25335153255332
11.597350588877873 -0.625570489573791
2.0524533538832754 -1.2545226509794274
13.168249668133416 -0.5177513918326674
2.0743240791800432 -1.2183948503146587
12.78996286557525 -0.7125477075730072
2.304996279421047 -0.6320622027497951
11.427434680657157 -1.3723099019987444
2.2448085961901274 -0.5326403898880632
12.037105702095335 -1.145552233920435
2.239747533684706 -0.5385791421619672
13.610292822477927 -0.6278968512527245
1.594700583121265 -0.7923703381138304
12.658085938948084 -0.8873531681250764
1.6327392126569604 -0.778141660355889
9.335224364136042 -2.4077643338095256
0.6589937470424041 -1.373587487452374
19.321975813174785 -1.816888607787385
2.0638378845464644 -0.48073972301163426
0.8361607197969301 -1.3326863739002897
0.4798885212183882 -1.498236070808235
3.01433324270552 -1.539667718433321
0.1419027348459229 -1.7404797130415142
10.761664399985985 -0.10552685216735673
0.8147944721197713 -1.2883201764077405
0.9126583612507068 -0.5851809232833779
0.34928027779431176 -1.569021932120631
0.2735796067013946 -0.9632233856864096
0.43832505655794873 -1.5161683120024532
18.31373905566803 -1.441191054138235
1.1908068831285967 -1.0691494131865598
0.6194476838503804 -0.8981317235659834
1.0656160066519247 -1.1489781845255551
9.863372632076167 -0.43204126276823196
0.3210748238309903 -1.6137622032772174
3.6839472483528812 -1.337081617319928
1.591191182941763 -0.8090614436002881
1.6667576304268283 -1.187103380094106
1.387911026776892 -0.9474865823772308
18.31643809305064 -2.3578369706278637
1.4751002152831902 -0.8888522021465431
1.0905502062795338 -1.2316531756239337
0.14191689332247537 -1.7206771338607736
19.922359674169225 -1.9036168032136105
0.8204757035178212 -1.2421373809528324
3.384147286979178 -1.496636475538965
0.011384975063776032 -1.7784274162668225
9.379228626310171 -0.2523720726152423
2.730827399694066 -1.5522026894850254
6.275760587974461 -0.46429932016658987
2.535917261341967 -1.5457595105892634
15.734624295175342 -0.9887278241850493
0.04053232480689922 -1.7795021343144926
17.632108016891195 -2.164178746448968
2.166019297844675 -0.49657884203447294
17.317640089315276 -2.0844576551238574
1.51008996189539 -0.8655748781321626
5.710464840392331 -3.757379956985466
2.812199184895624 -1.5273987554915909
3.5926949230154634 -4.026903015058571
2.4785728614220153 -1.5400055472787308
3.589096548311716 -4.0325677626909355
7.704861399144038 -0.006892157844418947
2.4250243347895313 -4.084373298682093
2.1749902195955517 -0.5758757686742075
2.5083335959547886 -4.047224356381416
2.1925935587998624 -0.5618724325508173
2.1744262265061236 -4.108228163452676
0.2012945068394413 -1.7031191389149216
15.834486200177608 -1.297039770003587
0.5045742476647351 -1.4925485819138637
14.862051970207931 -0.8448567563921984
0.16852685168681047 -1.7309463044489932
3.2125156247615463 -1.5218044658752703
2.806526557646981 -1.5322352661426906
1.609725175312744 -1.7159765948755414
0.2082306582627879 -1.6833568893241393
9.19445526230387 -0.3302650650655464
2.1748410029037175 -0.1611916055944629
9.965945123890528 -0.3888442236735638
0.7435939749991756 -1.2809905693191672
3.436353100251588 -1.5203680892937121
2.232676605983319 -0.7988433118952383
3.196092444464077 -1.6088259932254274
2.355353821197527 -1.4734973694870963
3.183079935269121 -1.5988416770420288
1.8583774344376345 -0.48816299909065536
6.200239791102102 -0.4847535495608562
1.922146610892471 -0.5857092451979656
17.748182204048593 -2.4419099921416754
0.13180291875331868 -1.7522025741791059
17.874270358203244 -2.202854822670588
2.052190077788772 -0.325539144979483
17.932464634451026 -2.226714248606297
2.2945446686832023 -0.050929540337130166
17.77515988915009 -2.2799294926683418
2.3519657943038386 -0.028371611878606137
15.135089782805233 -1.0421458183810626
2.0169695611985023 -0.3479844992371589
17.792274822551878 -2.2171157558329524
2.906810271553756 0.5123869528413287
14.694450467964922 -0.6501391869806682
2.3875298295738685 -0.005206456626099518
3.681355768856867 -4.0453845456749855
1.4648812623983887 -0.6981550007365012
13.609017045917973 -0.7913496811454711
3.0128681773514012 0.4761275553518531
13.526892756113243 -0.8190247538649821
3.1706622507161533 0.5431975594943931
4.466616736579754 -3.9232689228546014
1.426949325833489 -0.7262178533995547
8.827121593341944 -2.7604888781465324
3.1649644010465368 0.5556317846225726
6.231267733535702 -3.6399775196842548
1.508408231822883 -0.6774046639473612
6.622501846730835 -3.5091738403918473
1.3654373738560963 -0.759782142872338
16.047729237836062 -1.4089785677159559
1.280353171360074 -0.8133087507570962
17.624334670426396 -2.234612550481093
0.7433272907616335 -1.143979912677767
1.5782986701985333 -1.1795483978858763
0.43276289060270257 -1.3368626638310757
1.5313525724087367 -1.1733512510592443
0.628440995358296 -1.2058892970146602
3.160470176695122 -1.5924610339764627
2.9727212931706686 0.5429103086775092
3.0459268987452144 -1.6111108396404317
1.9623316840639502 -0.2587803464695568
3.0761362319726855 -1.5682343810975048
0.8310895056395998 -1.0748720699415655
3.7660394630470435 -1.3824039943488091
0.15014911269304498 -1.4995811759896178
5.909112556175891 -0.5206108584595401
1.5733360235964888 -0.6201306335781499
1.437967844777482 -1.728001193158675
0.9360196150857996 -1.011224806936636
2.3507702048843906 -1.6799555777857267
0.07462683587910299 -1.5342464273722725
3.05269550654086 -1.580502441681557
0.0878352521376369 -1.5311709785263556
3.71916118011608 -1.4024115303880786
0.40878341463064954 -1.3515383972194048
1.4842045513291586 -1.4513662341256948
19.98709905968771 -1.5231244399137271
1.0753337878751172 -1.2618928750837048
19.582385782998113 -1.592705895649739
0.9405559635713275 -1.3399036830709334
19.844560474445476 -1.5424569437042093
17.880171178296692 -2.4539031517288064
19.34202019985893 -1.6813526266149075
1.523225811079869 -1.1804265330797685
18.989716634895544 -1.7953694271811855
19.93234834815754 -1.9217702786056732
18.169896568471792 -1.8967954681950614
19.224042934088107 -2.14391379859061
18.215818627812208 -1.9181171074344725
1.444185805589361 -1.1660308961327401
18.005069557822694 -1.9437383246852689
1.0766290411997168 -1.2663592915481592
16.49687183962669 -1.627280668566352
1.981976011458247 -1.679519030779805
17.604872289103458 -1.9770764669954541
1.9574823859223727 -1.6823883422727692
17.438292320315465 -2.0175684774182314
1.3627053663349518 -1.6944812716279363
17.04886255903495 -1.8353159636516958
2.675558812614005 -1.6804103219355366
15.360123230314395 -0.6206463113434129
2.411701357266065 -1.8616795264179768
15.246512107784254 -0.5970337335688626
4.1457148518580444 -1.2149490820527904
15.536909783765264 -0.7616966513875418
2.667486163697907 -1.806831573629288
16.025885525123513 -0.9042114897700321
6.394824111291925 -0.4299969517057762
14.503498736326451 -0.34910787867494875
6.83199003402406 -0.26198038543794205
13.987056507602937 -0.5541420008854309
7.0172048199930135 -0.3304958540864739
14.443655125343984 -0.3734887824674584
7.162240086204262 -0.3814582702305222
13.872734388579392 -0.5773764642150853
6.204243159207537 -0.5006128974618378
14.251224842272693 -0.4440439742890402
6.836271433311411 -0.2705282488012492
14.005799918423435 -0.5458374947794765
4.465124802040004 -1.0684206892472676
15.683420809569599 -0.8200374048882705
3.3528036945852913 -1.5980830525841576
14.598641302588424 -0.29486655881328494
2.397125747382224 -1.916764999759763
14.304735275807273 -0.41602424200671595
2.621379872326243 -1.8521978562756076
15.866035489799655 -0.844058383386014
1.4196972410992625 -2.2475444734066277
15.559799501802289 -0.7905845290957427
1.0826864306782114 -2.401937788821897
14.510056704185503 -0.3300688138755972
1.218850283797595 -2.4014518657791215
15.4273902551169 -0.6533159065565776
1.329404644146927 -2.3284826590513457
13.869855112522467 -0.5630221318623766
1.588240370758969 -2.174394421665514
14.58323855329868 -0.2992058578137443
3.711546735244489 -1.4353515006519988
15.677117187684543 -0.8349677255640543
3.6525522630886047 -1.4700745909537065
15.5478185209905 -0.7933462044499322
2.171741589095599 -2.041698232920925
15.43334576587493 -0.7148235209496755
3.8037507233054555 -1.3988446666195529
15.436789218475406 -0.7117736202805319
5.597844394263091 -0.6415333361280222
15.351169342910637 -0.5863708958922678
5.210412491039284 -0.7449851521713893
15.10680319042421 -0.5464699416138007
4.172039508811645 -1.2403540278706062
17.138171492655744 -1.8763541077836263
5.569257952223023 -0.6598816268609276
14.989772102917186 -0.28140436444178957
5.449239175071557 -0.6807974128441207
14.722938444713785 -0.26670577636041176
5.880582101388984 -0.6117796022834143
16.409227889945672 -1.578912288938249
5.401042547441588 -0.6949802375690387
17.789494007639885 -1.9534354957082614
6.129248520535944 -0.5924861563207787
16.28572914191227 -1.4860763393158771
6.024910375017951 -0.6074267422740766
18.34691101549573 -1.8794902388451733
2.4482310133894387 -1.9688374343350339
18.376482583013324 -1.864398296378832
5.336381869039841 -0.7226707638542508
16.53574428362909 -1.6922477035722023
2.386436080582735 -1.9610451615876867
18.865019915222522 -1.8622664562526414
3.552363401423984 -1.5471250552591664
18.765907115214322 -1.8690768461881189
4.737947268351813 -0.946214203776414
16.874981603088667 -1.7630769210121515
4.737469036707309 -0.946967705960225
19.42361894551036 -1.6903646495630853
6.5390987964530805 -0.540149542145914
19.382038782947074 -1.687270553594435
6.560439004147989 -0.5267411932106428
19.24448366784128 -1.7170651018397471
5.935513084891817 -0.6287335766147204
18.27570840582881 -1.926503586477307
6.41652825734577 -0.5232424992155202
0.10130103169409832 -1.533099459216854
7.643972913575533 -0.6653731817442649
0.7309123835109105 -1.1524534047078567
7.085416741094852 -0.7276467134826661
18.66628952686687 -1.8774645288784153
7.743494375761522 -0.6421590077956858
19.393375889966325 -1.686225596930718
7.559518897564658 -0.6924586038712793
2.06399207671561 -0.25341816572059556
6.863256327449584 -0.6537589987098161
19.010872971202524 -1.7998158255525563
6.937066198011735 -0.683050316836149
0.9725897122918858 -1.1301460604240794
6.675320343197949 -0.6275475653129251
0.23148722021919865 -1.639641562961381
6.380786629624509 -0.6743300983695351
1.8040483274448704 -0.5017801381421744
6.443432331409786 -0.6551218991088791
6.689918545383216 -0.00500079676911433
6.555284518286242 -0.6543402280056935
7.855323936348356 -0.10071764953293709
6.524458348131109 -0.6809771266262146
0.08915213280304007 -1.73133672055242
6.619494583724906 -0.6576039987303238
7.698437047589736 -0.02635938117409059
7.235803463650463 -0.766493278484331
7.706933676277271 0.09969344425427945
6.952019409871838 -0.745582546461657
8.016298491007346 -0.10966369366728893
7.169309147578097 -0.7761389833723298
2.1988990695719908 -0.8487561101044894
7.167718466223859 -0.7815991021978097
7.883621339643007 -0.10572717486247633
7.666024005215137 -0.7122243534778491
7.981140644179604 -0.1313217478961783
7.87602123769137 -0.6351151035109459
7.987407125366472 -0.11123867666769297
7.831450990473944 -0.6503940621347453
7.973719178652203 -0.13831294333932923
7.973121919757072 -0.6012201274732426
8.088294795923149 -0.10897795449179834
7.963626757938136 -0.6165188336080033
8.184996257704645 -0.04560640891712961
7.963855099641029 -0.6174678949386824
7.853282542811575 -0.2530937368724987
7.875007740989689 -0.6705589674045331
8.249588670035548 0.040184694874803153
7.9649277070132865 -0.6237204449286592
7.934391880255317 -0.21619525386184638
8.119398698928357 -0.5756442066851593
8.003636385340636 -0.16464510975553834
8.174688478811657 -0.5643897950772858
7.592847185502935 -0.33480038711353294
8.278157525685783 -0.5682753132132303
7.63884980637608 -0.3395135146519281
8.305056564115576 -0.572928579034786
7.952271712415577 -0.19898716655575324
8.137946641055642 -0.5997643058813895
7.609285549970821 -0.33565750167005687
7.930895636434182 -0.6860348696319876
7.508960285394414 -0.3453500982870183
8.29994659755227 -0.585960537252195
7.943347169793304 -0.20878111769725302
8.270312823930407 -0.5827314738847769
7.908444123472831 -0.2424557929709287
7.501213220120402 -0.8442102513220567
8.0797046713649 -0.1620030884442681
7.7917279321372135 -0.7456983330788662
8.073741319310335 -0.1646793427645298
8.171408808117407 -0.6021360867273353
7.683391532779049 -0.34672247792106653
7.524495411693429 -0.8505781285940811
7.532393406972159 -0.3812613537921496
8.678359343590238 -0.5972682196835237
7.455445341020704 -0.37487687266017483
7.651407166899128 -0.8282489042757709
7.524464167111592 -0.3842391034447427
8.252100651010144 -0.6114442307408072
8.505252869728606 0.09434563442466426
8.432555264854606 -0.6081816879398785
7.431250407314401 -0.38145586720362673
8.421371179714182 -0.6066220335923489
8.044390793365446 -0.17608702359951214
8.224093349764317 -0.6203566967005893
8.466877976815491 0.08937358097947543
8.798406565465518 -0.63916165757349
7.963717454081775 -0.20840377383766262
8.368623514533196 -0.6105466907368444
7.231867187801423 -0.3009090605732364
8.457820871725184 -0.6047289567448988
7.230617733446022 -0.28231681354205296
8.935366895044806 -0.6629758698402259
8.755250396557976 0.0659804435818993
8.385923423887581 -0.6168495590473815
8.91725720424098 0.028051124537692013
9.098053713655883 -0.6905988819306321
8.735822066488309 0.060983525632014535
9.080546335210002 -0.6896139016200371
8.672875584425732 0.062127194930412036
9.08704835029157 -0.6832364281358625
9.8898926687077 0.047085430540786635
8.794332276753135 -0.6517516333572
9.864318539703008 0.06720405301921635
8.257666278781462 -0.6372254752919937
9.792548422805428 0.06045052432378667
8.591119002407714 -0.6274734384315043
9.425706684399302 0.015762701052833547
9.177802395784873 -0.7394124751667097
9.344499975063432 0.005223589360690048
8.597865835836954 -0.626345783584776
9.275921530909425 -0.002325089772559838
9.068331856911723 -0.688570603331476
9.213318601127208 0.008848008161370033
9.273024919136775 -0.8196668865529955
10.289070664754409 0.08276615666728844
9.243547790187675 -0.8121443866164608
10.288971240205951 0.08712686679243077
9.251424045104303 -0.8278817679610873
10.180316259180653 0.046851331892655945
9.225110203249493 -0.778173805330143
10.093251310842772 0.05620362321924366
9.285972281034576 -0.8653989814040821
10.400441612445645 -0.004037752961171245
9.41645929032348 -0.9311373835193342
10.395078197332804 -0.006921985160118549
9.561904981480383 -1.0049575116930354
10.459041421744116 -0.0883713595542126
9.577727355865191 -1.0097166271539795
10.42945393072235 -0.08474609219527923
9.504748323511157 -0.9997604677705041
10.44333632433088 -0.08576626650492009
9.434219212065681 -0.9915649861958742
10.320426964863968 -0.1454308765734092
9.917917457331242 -0.8790826052368406
10.382422509953475 -0.10232468144491853
10.224365653818746 -0.6420660580059481
12.228604541001062 0.3090043934847112
9.799394795495106 -0.9326473682273256
11.910350761255014 0.2157120830777163
10.011801577527581 -0.8135960871629279
11.918876062558548 0.22251114907801475
10.25123652627709 -0.6278792030642024
14.715681390557982 1.2468825259499632
10.209654240978558 -0.6549011099764692
3.203133796228301 1.8533125743778929
9.711284920482557 -1.008713002720785
3.277866354584825 1.5060467773911985
10.4568516692853 -0.4652842728628151
3.026140399148507 1.1805089114764349
9.808533192430744 -0.9743054759317101
0.5213816378489494 -0.9044825234256751
10.425444635768622 -0.500514551116418
0.6489912941071594 -0.8179005644362205
9.863958535671593 -0.9400817794419242
2.6433216170792573 0.5787771075158593
9.726519997871067 -1.0303572708171946
2.6447213133937106 0.5863513120966138
10.139556353991992 -0.7227372374271711
2.564763384865483 0.5199458574240378
9.75899626823802 -1.0187765288656325
7.466952009382206 1.548615778168171
9.983468073867966 -0.8606538226766852
6.786078850182896 1.317696478531396
9.982965488078307 -0.8610659198453546
6.464529955705629 1.183763537579018
10.155418695780158 -0.7146173002236899
6.9350819317952155 1.2841087980552892
10.053577459151962 -0.7994951673867808
7.024680764425375 1.3000835210953015
9.848869930759713 -0.9615754102000246
6.489358895468216 1.089091007868933
9.73496768266027 -1.0366482491618747
6.393498423433636 1.020520565381347
9.619134484628612 -1.1063105982557673
6.321083568410114 0.9840529742691663
10.254245416182844 -0.6497380679936415
6.100649471233719 0.9519274945902534
10.270290769265396 -0.6288440944012648
6.995132871115428 1.131198646854675
10.814612240355316 -0.33282646559839085
7.182737177507662 1.1584855937506378
10.902261665622545 -0.3198561419032801
7.332709137046211 1.0454665479823713
11.145879997188917 -0.33636036218387055
6.877234127713708 0.6677139779917799
10.954449769351086 -0.3153888644689751
6.8468559694673 0.5544061868859412
10.927171975341322 -0.32242435112444084
6.516630039524471 0.41327001044086326
10.956840801296392 -0.36096395603843084
6.379421448482518 0.33314581969889095
11.248083224724063 -0.3687924327422431
5.949410649811652 0.23590243520854878
10.906270698109786 -0.3748813935413898
6.272354179518666 0.28649506588202395
10.890947114021087 -0.37673372191083315
5.90037333748431 0.1711968399192255
11.257160792429442 -0.36948554508349235
6.1545358162008235 0.23541157744890429
11.417673409453668 -0.3214851407519333
5.6192654738938135 0.0832581047300856
11.422356314456298 -0.32039111947763305
6.919601080803931 0.5439524710684666
11.370544631965071 -0.34358527391280774
7.292178884744107 0.6418601449477492
11.331142926767136 -0.3552443506768174
9.428093070168343 0.9485493635527
11.783109415333548 -0.16600505800156637
7.515548005029163 0.6661107580249981
11.215373296914182 -0.4138163672857363
8.228030190316582 0.7575383364486264
11.617044381312214 -0.22988301170287714
8.504737406969458 0.8382848665497804
11.27543045493916 -0.4114340781523835
6.5211216641470235 0.34709902106541685
11.976226286169355 -0.08891574373117359
8.087036075553813 0.7299527627724812
11.696522756992204 -0.19188159355861326
5.242163207989156 0.44282394084956
10.849957992457881 -0.5772535565704005
5.594011500384328 0.41474912135243486
11.174841979081762 -0.45536035845236694
5.226044868712306 0.4323057896120537
11.16609649961991 -0.4611835330094945
4.81136552042155 0.4353927364170406
11.162758820376292 -0.46272458576678327
4.371260066337882 0.5177313171101743
11.170924682839049 -0.46431776166882305
3.6860754258650363 0.8665808404195678
12.285063966155667 -0.017105714044472045
5.3762344635099 0.10118978636444378
11.350764566352117 -0.4173910719500043
5.737771332420758 0.11179719901570384
10.887347468222202 -0.5632746971444923
10.160302750784712 0.9330677634765155
11.279940176848983 -0.44241792599177104
7.436644272791286 0.6401306626878427
12.257647360047782 -0.03180900956350179
5.511937910818255 0.47039097099902616
12.116842057754464 -0.07874384842004341
15.635008383786042 0.5059805874960989
11.485443915669018 -0.3462544612531456
16.35242007219123 -0.8274671046674589
11.426238261557902 -0.37379481585874313
16.141090261727562 1.1505758960793633
11.182987501233281 -0.4833975973242542
16.67271866813581 1.4923102204809313
13.028079123500218 0.21337530492430637
16.446486341081513 1.5145769343154905
10.588461969153578 -0.6775403573553842
15.876307795299809 0.9295013440319854
12.91864215877918 0.18064457247175986
15.91076824603474 0.9988771201299705
10.560548660484878 -0.6781255672358257
16.383711066277424 1.5647264692553493
11.400579223773626 -0.3932221409905819
16.377026880621035 1.5605940941667378
10.639203912003287 -0.6704472894743441
16.048848094136147 1.0843562752107372
11.38947994170167 -0.4000487857702744
15.709248656855275 1.3820204174246606
12.08200788759392 -0.10090307032323517
16.593015539719126 1.4871102263233966
12.921212887002822 0.18268274981620009
16.39442600854271 1.4914849010093336
11.036694984716966 -0.532417369701321
16.10282720516533 1.832726700803613
12.418350920026183 -0.004491427183180255
17.392307520648526 2.43353041077395
10.843325507832457 -0.698040993579232
15.815403959045275 1.6314725263748666
10.638021198599546 -0.7718619561806581
18.242580063538597 2.626444062584563
11.016046284566883 -0.6043115983436658
15.15600304495371 1.1300926424905706
11.081273058332723 -0.5804917875647704
15.862044158720359 1.6615351090744905
13.112440072518144 0.1847704447328419
18.886466427237597 2.7821606814719115
11.411451256216013 -0.4416988505205128
19.202261867273858 2.8385597285733293
11.430992969469427 -0.43853637053102007
15.617069275280134 1.4989478039874073
10.48219451296676 -0.8479210577461666
17.30184610174175 2.421029704307002
12.309027082967031 -0.09888238437316071
19.35174842807077 2.8704407962852927
11.902025916190263 -0.24782873142637393
0.08300901283059758 2.7899721448358985
11.485734564646787 -0.41350153404091244
19.205882513956 2.923874460100112
11.545256595454893 -0.3763020489102384
18.9216313876582 2.893766441119474
11.921207958601034 -0.24373792476698217
19.19000236995252 2.9206089140479317
14.02684583996499 0.6991505380269744
18.02770327424459 2.657104491636986
12.090451197286704 -0.17841064878395904
19.27272419712285 2.9535483116756827
10.635862654401054 -0.7792545085470126
18.39740118481259 2.7687032896339967
10.657599715651747 -0.7728975460589653
17.657570094009284 2.6033014004169357
11.395217580486472 -0.4546040700849991
18.387500695476362 2.761313356011583
10.568459597843031 -0.8113327390501675
17.33353164852228 2.517363957164748
11.73464819455402 -0.3035260061502535
16.55912589527197 2.221539222033103
13.99176326878292 0.6767023664113995
16.837155316669577 2.369706613203436
13.82004448866946 0.5708491507459063
15.706827231679842 1.6608690307622003
13.466494592517902 0.3442741621830446
14.778605754610956 1.2095044612353811
14.007811105107338 0.6926704135291734
16.233662729851474 2.0362699481218147
12.238899504999836 -0.1276771493569193
14.933262310832099 1.2980420776598154
12.658908376813201 -0.07517254416344123
15.964351113756214 1.841879123432102
14.034536063761886 0.684511604142109
18.38131858888543 2.764040526030684
12.753396409606022 -0.04028913271711969
13.254341200341054 0.5067141778410025
13.028141470756976 0.140436946551351
11.065641755373502 -0.07285620100392981
11.64427721330413 -0.453097733199461
11.575983021527739 -0.010342155886614496
11.601216545760138 -0.4680044402775585
12.517624115132522 0.26542083587152027
11.326188486791983 -0.6206535230820087
15.690550760027588 1.6599925552681183
11.97346021689484 -0.3150631142619673
9.90656744899293 -0.7603437409693184
11.272582829929155 -0.6497846849551228
10.994579303056774 -0.08317115339123232
11.255221566383304 -0.6573940293485574
10.091753666328806 -0.630995924708088
11.20574278079509 -0.6876188641598975
11.310875091825078 -0.005997967914395608
11.192642177267226 -0.6734771739376968
13.683065872153437 0.6707793010610892
11.08585553265704 -0.7495706049527138
13.297820814258555 0.5101689308979201
11.117840379309273 -0.7289188574428813
13.831670444391225 0.7532678745663591
11.544302308758173 -0.5360811658955749
15.52088707330743 1.5629593955226957
11.109614968034991 -0.7294222295603068
15.06295293340508 1.3659370364738743
11.712599007899184 -0.48161845664466263
11.509053094335734 0.02315585180450566
12.537687551026842 -0.2521223771685224
10.280172688842786 -0.48622063862537623
11.81073871183981 -0.4576575201282167
10.49874578782003 -0.3377744627571356
11.833160400734773 -0.44585085232239186
10.550525521583062 -0.29518082212491187
11.77257125235332 -0.4672438948342129
10.23352627601177 -0.5252677980843644
11.390244892762725 -0.6031245239476379
10.130218703138352 -0.6003316335128758
12.337659166073838 -0.3026860416299819
10.727360215931359 -0.20068539618619752
12.607537795916754 -0.23616613155977179
10.226748720972394 -0.523342928472395
12.594957672622915 -0.22669489131011472
12.135855386808156 0.147341036364397
12.081996691973332 -0.35548199746124265
9.801689530876546 -0.6797384341759792
12.443568702167559 -0.28973040066009825
9.975154570695976 -0.6887704199600249
13.18958704048939 0.014266825463924979
12.025759392490773 0.1243947010297187
12.592836939036971 -0.23984043361167412
10.023459302985582 -0.6939212818663144
13.040961217733233 -0.06829114077097795
10.150926506072215 -0.5943442227095691
13.10016253328851 -0.04041128918992562
11.021285877190223 -0.09039796849269395
13.04192221026682 -0.05665424745799982
10.79228990887417 -0.18277147960529283
12.727045096254102 -0.20112138752669523
10.878373509792405 -0.14921691766393996
13.105923980380513 -0.0458638001907635
12.113934744095435 0.1304592855238314
13.087779249302562 -0.0511513759250912
9.873699533981389 -0.7712150121461429
13.994962425612599 0.4210349261656262
12.448266248852603 0.18890779074813385
13.180104820854094 -0.010528466464248445
16.17518278861746 1.9669784131895303
13.202119161218953 -0.0016064101856988443
16.001963957958147 1.852634841697959
13.25253883275968 0.05180145621316906
16.13891601396138 1.8898767486947166
13.540501472052856 0.15565819946098067
14.863643245060231 1.198332637804461
13.56648519731103 0.1664375715897897
16.110037868934945 1.2469921281277883
13.586308356262656 0.1837557739210834
16.137352865357684 1.264608585906665
13.431200862960997 0.11457985825603655
15.550115045413593 -0.012700422556640709
13.59251554737482 0.19313244413474684
14.318185214684087 0.09867259255599505
13.278596552212447 0.025069647344782234
15.825118630944301 -0.07778965403250032
13.585605924839065 0.08658511892117583
15.940619162882175 1.4058966284581365
13.89337226372127 0.3080053857014488
14.364233724429077 0.0977976717363976
13.555693439002603 0.061752493866308725
14.216147486769586 0.7366827354056328
13.964060786137287 0.3761018651470286
14.487562998763925 0.8968720839039238
13.548777387999873 0.05773586731302867
17.199862466927964 2.430525848100993
12.905274028761047 -0.4903675559508484
11.386759871439883 -0.16186766393623436
14.264533257449882 -0.05491632830579624
14.377665313784322 0.9580451492518399
12.484509115256223 -0.6575365057009661
14.747933243260844 1.163582879885261
13.598727201679356 0.06905301470906115
15.943286730261358 1.6924849961615087
13.466046204362096 -0.19423596247142913
15.613857119399324 1.0543072509319116
14.423822486536602 0.010206672789943375
16.030553821626476 1.2078005020496891
13.856276612712485 -0.06739835106943604
14.187500408812143 0.7353461548199921
13.89670960087888 -0.06306884218961795
9.970809759212026 0.7239971491761273
14.562525324856392 -0.14869458337479277
15.53877907755426 -0.35738846301697746
14.552027571579304 0.06917058041114045
4.914953161952309 -0.24613982295890502
14.556060283109366 -0.10289181095670905
7.651549042404601 0.5900984390014928
14.580902040698271 -0.11220466572264656
5.211519949249547 -0.15975019685619324
14.622070772381983 -0.09231386609469908
15.562335074352767 0.044677341400093634
14.581417266419576 -0.12479545684851615
16.104186125750143 -0.7701946056599402
14.53499153525324 -0.012939550979567772
15.909047196032043 1.6806078183057593
14.37042932204264 -0.013120832113256225
17.104059350617057 2.4216775569161944
4.818979690245164 0.1515169132343615
13.675363319342967 0.42479436249771696
4.91524748021053 0.17856512608929942
10.979212542404248 -0.14954804644530323
14.549011978067256 -0.10148174140833541
9.796026909508555 -0.8220692431551727
4.0461479776413185 -0.7975318652642195
13.988210900746392 0.8004909240907676
5.703761231749264 -0.20952223885926147
10.817099620703358 -0.20499405583323982
4.011242392889502 -0.809074631796991
14.725794471040679 1.1061965955174593
4.562347614377563 -0.634346765753688
14.005212763485687 0.8131274049596973
1.7596612413577206 -0.49391124465919206
15.521977585226875 0.05549592000352685
3.970239284781058 -0.8195431928817147
16.38155608852518 2.0852545375357665
8.075228841024309 0.19350632392019204
10.83545270889516 -0.20093177038693444
6.392579579971407 -0.05707316610245758
15.583360362772131 -0.29644337604019055
4.665435807720384 -0.5672134115005335
15.742453349234843 1.0956966514658275
8.553903733354908 0.3986876257269926
14.983284127611105 0.503760313939572
16.53339519695122 -1.7149239419204103
14.241368555269334 0.098515296103334
6.096321550937839 -0.10890002249055336
19.139072489426002 -1.6847170040036126
3.7085237923863783 -1.1922202832366946
4.778526922358862 0.3183863110154363
6.793185789671547 -0.17926085669830638
4.7891494807262305 0.3378034519024206
7.090391345095482 0.1911084749579498
8.078414796595542 0.536000035612484
3.5791948502484385 -1.191791750993681
9.506775499487 0.4725227554035998
5.384844885783066 -0.021580017080546382
4.443696898124555 2.1065224134716796
2.9328487907452647 -1.1958223352657023
17.895004405787446 2.697775282235706
6.520198990675586 -0.31216150944977733
5.540737131574003 1.6577277799756587
3.4637188423623284 0.8511477447537602
4.0487669402523645 2.0852748257131397
4.265829336534808 0.3746291301635824
2.6718723993034073 1.9882347781771956
2.9326053286648115 -1.2017207667430971
11.617625689778327 0.8434712219789043
5.402608307754448 0.013927618554012804
10.956471858438904 0.512108664559212
6.780266285302579 1.1035031367120633
11.365668897152073 0.5788409717595436
18.98891405089438 -1.668675250107351
5.990807567014472 0.014613607146538615
15.800181642719602 -0.36378709014139854
12.213751063010495 0.9206835106216554
15.822529680203463 -0.3458373371296987
6.254573871444348 0.16271123212104083
6.543912976646021 -0.3015890790741634
10.056748518014603 0.49957093452750706
0.5864667608788929 2.737124022999979
13.756173776492098 0.47884295723128484
17.59897297793934 2.445017553570273
14.805638445365505 0.2441585498808456
2.2880768061496846 1.3830195370702918
16.619988500206276 -1.556427646741383
0.06079198642193617 2.8812266095514887
9.712132124986034 -0.7425475361720767
12.457046705711399 0.17430204886988393
12.545869030892803 0.1713484509655649
15.217319421349902 1.080537925291014
13.442677570308362 0.25383619933952145
11.996015010510327 0.017735721161282914
8.833478615382834 -0.29394162942802216
12.47924425138453 0.17495280467625812
8.940497470140238 -0.3412545120699073
15.994126787726042 1.8508409094534901
16.916346227887807 -1.0131567711236786
2.403694097861938 1.5120625308839761
9.026684669416218 -0.6032123424750775
18.437870636879403 2.7552681834000894
19.029100014280658 -1.2738439316510826
11.980756752754703 0.014903828066372901
19.15381372192595 -1.1802189797166562
10.54567367193612 -0.28188313200149456
2.867082946301643 1.2373626681131205
9.896615273898853 -0.5306834759183107
18.38981635070658 -1.3603679400187352
2.3781710122494886 1.4538513426743216
19.16442898198323 -1.2106894539031017
14.239276064166882 0.9497884775583983
10.37557927395698 -0.2329886773801786
12.983381771500294 0.3958205266199788
0.3088258045478181 -1.086633713418117
11.971031652596505 0.14231888936268364
17.150380475771676 -1.258381135375256
9.073527477970188 -0.4871420287062067
9.740476397566749 -0.2702197317915739
2.3804730152593367 1.5174006634677966
18.296799037095717 -1.4651872928720668
2.197983261947303 1.422460985029196
19.254079194466353 -1.110117452225118
12.9737698995656 0.38935043241428957
1.7897555614756957 0.09055165191326865
2.311459739657071 1.651795177535647
9.55231102093904 -0.1435087248885393
2.376883196415492 1.5247544403196835
9.12889874488291 -0.041753010037710286
9.85171050509849 -0.46678533132998135
19.128593928895636 -1.9561497052359345
10.004339644688896 -0.6138340291425703
18.786801232349745 -2.1556392668495428
2.5853071341098515 1.5594156859979298
19.701420049076933 -1.6364422891499044
9.869172314811653 -0.4481792856391995
4.421331697755829 -1.0456481975272716
2.9408469629820173 1.6175214389324228
2.0999830854596113 0.04684785531350866
7.2448870974028665 -0.5441603218479847
10.584328969065897 -1.8249740796899123
7.907897846414129 -0.5031446481373653
17.29866917738586 -2.0438296122470523
10.242569402466774 -0.38735273374016527
18.78494743262018 -1.8973353820921357
10.4840778337689 -0.28031551594450194
10.315504208015227 -0.26464154131080325
9.0814398821397 -0.4790770145336858
18.381675055933545 -1.9525249812504826
2.9409552359267734 1.5508687397397454
4.636089568330034 -0.903134622639669
10.930569954538324 -0.06492106370959384
4.632040806450664 -0.8927386672425881
15.720661621659689 -0.5884742670765033
19.76854426200246 -1.6736460620222635
12.504653510584834 0.2698908050858993
18.416811569175167 -1.9714705669613675
11.555384133939452 -0.16669398082701037
16.326412441032428 -1.7306218241859062
9.752745291682457 -0.8227114295681878
3.655038172082958 -1.3243849187091814
16.521261717181886 -1.4825652353812409
4.812662464830869 -0.7685927640163207
9.561389275163823 -0.7483813178981735
1.7301063428442454 -0.9484149171728647
16.39768439243134 -1.3054013400424826
1.8603758562765427 -1.5986825290144968
7.204856781739262 -0.7098261198626774
1.60764994236262 -1.5185719370970185
14.146371155528495 0.049741344333348134
19.61333489070186 -1.7326822115865015
8.74825751064833 -0.45148393779156804
15.404460600889879 -0.9443214110906591
14.34229628993214 0.1627598418182653
18.867903926388077 -2.1616854566132826
14.003079444682168 0.7506849478024256
18.559285826921577 -1.6100614239527071
15.727486994221639 0.987988935419315
9.655254102126435 -0.24481558369819606
7.890627789609504 -0.5554443031998273
6.332129434032774 -0.43862514091720156
7.107929786430837 -0.6920431102353874
15.345678450797202 -1.0394617788625127
10.81470642683974 -0.22216551881340318
4.900588480614433 -0.7272139546513302
11.348706499215238 -0.16385132107645162
1.4254750051332703 -0.9693140406072708
14.880712923180301 1.1439902171946092
4.729051332784986 -0.8860145431476996
7.464901429806373 -0.685686694705773
8.49975972964092 -2.8781874446612687
15.43178819911209 1.179930898406937
18.87743467925722 -1.4740915594133475
7.477659118084837 -0.6888639115658607
1.7763744830370423 -1.1658925183536324
9.457439138932983 -0.5289599275377406
12.998221800418408 0.4717891100144582
8.270432668257225 -0.36685140795108745
13.753907471457087 0.7784161022889486
9.62275570089613 -0.7904526631502456
16.797048317720606 -0.8946570734702572
10.152993655301668 -0.6003210705125829
9.866039897183649 -0.37050459923579104
7.849215487987383 -0.5724365871866712
3.111941420871506 0.8620899704712945
10.09686943827018 -0.49614947473654786
19.025806323795944 -1.473369054272402
10.266408041389084 -0.4665285169154186
19.401146520018745 -1.4056036858092575
9.698300828665294 -0.505553477017949
16.779349910919667 -0.021385635748936413
7.809152344241721 -0.5469227613665231
17.80502846187949 1.995928845209408
9.29161305538785 -0.506158158042642
19.017967488651927 1.628104019203539
7.1070115560625515 -0.5454514756194098
18.37798565126221 0.9618438445482698
7.948581099539751 -0.5026859585698921
18.75943602955051 2.0303958569466203
15.82037914748682 -0.6205772686572554
18.217707145804656 2.0977491811603017
2.128672549262594 1.9901647493466454
17.953555057366017 2.1269912007548153
15.9436236250941 1.7962451615725648
17.77508849888268 2.0368290655933983
2.6583628930994307 1.011131318982528
18.704951353222324 1.6417665999075322
8.47938732897673 -0.28447730970898794
17.751928995175984 2.1820470664340714
6.4553476151508535 -0.44636989434932456
1.001097967709487 -0.4993250831858196
7.99751225836889 -0.4542918487084876
18.81023438157411 -2.128976548128078
5.413767731598769 -0.6508015735939318
18.78640351169441 1.771930451537147
10.740705391269495 -0.269260226057472
18.753785336096183 1.7307324566367226
7.25867403353442 -0.7211471001984879
17.83351881123973 2.2841173160333326
7.9830685987924594 -0.49915332757092834
18.214636008735088 2.026666779402803
8.164644591662906 -0.3962344793523635
17.934834115974958 2.0594394839510555
17.127327181368784 -1.7927051205985431
18.6765372484058 1.5127280306652295
14.446708972657314 0.993612679802499
17.76478200270649 2.181898547575536
10.760055516836454 -0.13669625002559838
17.123216136265295 1.9239292057486777
13.665902306153466 0.5038837541172614
17.72504155041172 1.6695685110728113
0.2571083163205721 2.9003145365973007
18.68916710618696 1.7335009530036387
16.301224096656888 -1.0188981123455638
1.4984404281151575 -0.9433151780411994
9.48636299165373 -0.4973807173256707
18.21356238520448 2.0304031565247915
0.6663094358627542 2.8776989537689883
18.320725973027304 2.4616885522990497
8.95614288953279 -0.5192819814687915
16.771309962610978 1.0986789310797653
12.600043849206683 0.32251326561038945
17.285385521729964 1.3244905441651107
7.380879515519773 -0.631318498114806
18.40622281195001 0.9645855676519294
6.669363777098896 0.19981247038649189
16.50940539257727 -1.6742402550658375
15.616067075709473 -0.410061168741369
17.765440155011817 2.0286964093728614
9.507551470700665 -0.4980570063480887
17.630908373245592 2.223887964835991
5.391831759290457 -0.6612871545823412
17.277950437233937 2.0969633980664986
6.664740424948349 0.19896577302629395
17.97833425117793 1.9134885177002539
7.2851216146772035 -0.5791839358119883
17.62123612239814 1.5103132723529387
7.60257289169519 -0.6063731409038692
16.994740238966763 -1.6445382780105644
8.551641994496196 0.5104481858279641
18.27456280107424 2.0713757311097027
8.852493689908021 0.5637525086261864
17.859640346090536 1.6965041828764083
8.260293240542161 0.44650693666814917
16.372492286167844 -0.6463929982613883
11.497477894499214 -0.15624133388180017
1.495855390147012 -0.5550478527899797
6.520918163975232 0.16930591062724243
10.7060568516549 -0.017110998829205026
6.918964034914711 -0.45018938596001923
2.073601708880494 -0.1003133225772425
6.905750730230092 0.33896874983662845
17.65232136073694 1.5195607639161965
5.454971096679761 -0.05159889886517057
0.39826650449949763 -1.2266285583302046
15.399737504239278 -0.28732861596788073
2.4413793621677593 0.24319113752916835
7.120102131564043 0.39629463489289934
6.884416868437339 0.8116280785466962
6.427206833340561 0.21480353450003536
16.698624173364806 -1.7880502864452308
4.970071463735785 0.2894228470584607
17.244750205202795 -1.6816233453052833
3.807515439797215 0.7979315351602547
17.581377145119482 -1.8217310966863591
5.230963737125106 -0.16922800297642487
17.360220281991005 -1.725811584878177
5.668740840612108 0.029793571391372925
6.050128735488896 0.7416249631143288
15.460402467954507 -0.18827716264650118
2.1110478932911563 -0.5824699690061825
14.212245925954921 0.1210743532237638
15.100015024240669 -0.3375410707027908
5.117050453212004 0.30626464289249455
2.06506624013847 -0.09905281104657164
15.648690524378527 1.01783286403897
16.60535524346646 -1.4068233629677986
9.547644653549819 -0.6392531223066164
5.100665693728081 0.6908939939421856
10.867260988906914 -0.21438692114053737
1.266558742918317 -0.8910835633008127
11.236237581029927 -0.17777084214823197
3.3891963103321094 -1.394156542703498
9.549989585038125 -0.6337019892093526
16.13579521047212 -1.0949992519452023
8.069667678087436 -0.4182815035496221
15.782648826112647 -0.9024206580605778
3.943736572111156 -1.329882140527344
16.03364458747349 0.47570865588786515
6.879554103038149 -0.47098932225460854
15.848871499277093 0.11007433978287912
4.009565861176452 -1.2953914979534675
0.7972633519591653 -0.9738439246968295
7.1310373199644435 -0.5334373905212295
5.0580471527876565 -0.5935314769132931
8.777093876559944 -0.4622453254332841
5.485499054744234 -0.3866056049804863
6.474203129319256 -0.45900572106276766
15.372659061984995 -0.46854742521299575
9.196262219063644 -0.5105117095923364
15.214760375245303 -0.30746962705120584
6.815006456355768 -0.46119012530279285
15.50924672368683 -0.5907286630305943
7.310563943298863 -0.7084621614643652
2.0208383131818493 -1.3318715035636242
6.706049602744961 -0.44159195341558044
0.989524066460487 -1.2022122806958346
9.488416982166418 -0.5229684293798784
5.571056707771254 -0.3608956942938176
16.031805295796225 1.8720358761296096
0.058685470725545724 -1.5627817132699293
